imageid,productid,left_border,right_border,top_border,bottom_border,real_width,real_height
1099449703,1374208473,0,499,109,389,499,280
1262368519,3906641574,0,499,0,499,499,499
1119406047,1998118683,47,445,125,369,398,244
958568149,228489676,117,379,161,343,262,182
918176269,7024270,60,438,0,499,378,499
1250963870,3836819774,95,466,161,341,371,180
1035366596,685394556,68,431,0,499,363,499
1075711263,1351973164,165,339,7,446,174,439
1297548747,4135713648,0,499,62,436,499,374
1020180937,520654104,36,463,10,489,427,479
996083499,304796064,56,441,11,481,385,470
1193286557,3140780337,4,495,72,427,491,355
1306908044,4167096010,106,388,51,463,282,412
987546922,294400184,48,406,52,463,358,411
1311957580,4188997825,0,499,0,499,499,499
1302249709,4153278741,21,486,48,467,465,419
1313553411,4199252808,23,479,108,404,456,296
1008647940,439082536,73,425,0,499,352,499
1298539925,4139339679,107,408,136,329,301,193
1258497138,3885602307,8,494,164,455,486,291
1045460597,867035696,162,335,13,461,173,448
949320924,212253909,19,452,93,429,433,336
1201854406,3249440007,161,348,88,417,187,329
1262964313,3910958591,0,499,62,436,499,374
1255980682,3872875890,31,469,108,373,438,265
1189935462,3084360721,122,365,115,381,243,266
1220135374,3531134323,62,436,0,499,374,499
1263996928,3918736217,0,499,64,435,499,371
1174591492,2940640107,174,311,143,360,137,217
1079975268,1435015861,62,436,0,499,374,499
1181068665,2999922891,13,499,0,499,486,499
1204459140,3290544478,62,436,0,499,374,499
672416683,7665837,64,438,1,499,374,498
1222747689,1705771902,175,323,141,358,148,217
1134649554,2288639478,2,497,16,484,495,468
875615357,71303328,68,430,0,499,362,499
1234822681,3691244753,41,457,42,458,416,416
1277776075,4026079490,33,474,49,464,441,415
1201827479,3249398724,42,442,94,415,400,321
1314568001,4202304967,0,499,0,499,499,499
1247402552,3809429963,162,336,106,393,174,287
1243659375,3775275361,0,499,157,436,499,279
1144107477,236811683,118,390,5,494,272,489
1317937380,4215696444,11,488,27,442,477,415
1135956846,2309242793,120,378,0,499,258,499
1197762715,3209560974,151,347,100,399,196,299
1308895289,4177866962,214,275,30,439,61,409
1250254874,3831235744,64,443,54,426,379,372
1289408822,4084137430,200,299,149,352,99,203
986817227,280156394,149,337,32,466,188,434
1255708822,2089576227,83,415,0,499,332,499
1257599509,3881714380,0,251,176,499,251,323
969933145,258077692,146,346,92,391,200,299
1260381772,3893245010,0,499,0,499,499,499
1231018781,3643911002,141,360,50,387,219,337
971026501,260839979,0,499,75,423,499,348
1275080194,4003843863,40,456,47,457,416,410
1066398329,889280954,42,448,113,383,406,270
1283645199,4061595861,57,452,157,432,395,275
1325226110,4240793788,0,460,0,478,460,478
1279146088,4037581364,16,472,92,404,456,312
1301533560,4150997052,6,492,69,488,486,419
1188538904,3067204217,130,369,130,369,239,239
1314144199,4186151297,108,451,56,425,343,369
1218797028,3518678082,62,436,0,499,374,499
1208359214,3354210416,56,446,13,479,390,466
1075760504,1352146019,12,493,107,391,481,284
978906571,280635866,84,415,12,499,331,487
1223024848,1706096915,199,288,275,441,89,166
1176898982,2964292933,0,499,0,483,499,483
1276736560,4015993870,41,481,16,469,440,453
1262368422,3906641561,85,421,25,420,336,395
1315073675,4187103218,87,390,48,466,303,418
1074164004,1331365254,123,376,29,487,253,458
1211101013,3337950603,0,499,109,389,499,280
1310109363,4182218778,1,498,1,498,497,497
1258428352,3883435524,72,431,71,436,359,365
1308731891,4177821854,53,443,63,437,390,374
1308870600,669435628,100,399,4,495,299,491
1074924262,1339958617,57,471,63,439,414,376
1289879873,4090297974,0,499,0,499,499,499
1253404161,3856341334,0,499,0,499,499,499
1317403038,4212780769,26,429,213,305,403,92
1065104332,1146460907,26,452,83,426,426,343
1282168698,4055588302,0,499,0,499,499,499
1283788300,4061614066,0,499,0,499,499,499
941642508,207170094,148,344,191,321,196,130
1203549543,3278400790,33,444,61,473,411,412
1156925896,2678802081,74,328,80,485,254,405
1191974429,3119858180,227,271,0,499,44,499
997323780,86788227,190,309,161,338,119,177
1295714126,4127634496,15,483,97,392,468,295
1241918777,3761153790,62,436,0,499,374,499
1242377626,1940871807,96,402,0,499,306,499
1306862799,4168957944,0,499,0,499,499,499
1310296496,4182232502,0,499,0,499,499,499
1280703883,4046438586,27,487,16,493,460,477
1033368774,649859028,73,426,0,499,353,499
1254950559,3867138557,0,499,76,499,499,423
1245174234,3789529184,144,348,92,443,204,351
26349630,1089348,183,316,165,334,133,169
1145068951,2491686206,0,499,80,419,499,339
1104836840,1843977785,186,312,150,349,126,199
1111238768,1909701858,137,361,100,380,224,280
1240248980,3745290391,226,286,206,286,60,80
1247850390,3813556964,146,442,11,442,296,431
1260706640,3895301087,38,479,53,456,441,403
1316908650,4201013137,236,364,0,499,128,499
1241777898,3760779089,22,487,10,470,465,460
1038810062,766510970,0,499,0,499,499,499
1308591311,4177046907,62,437,0,499,375,499
1261242685,3898715012,40,450,52,475,410,423
1261363307,3898715436,0,499,0,499,499,499
1308865973,834895030,103,394,32,479,291,447
1074404360,1335647251,193,321,123,380,128,257
1285935684,4071453892,68,430,0,499,362,499
1316981385,4211261203,0,499,0,499,499,499
1273922954,3995624503,35,447,8,499,412,491
1248271892,1988146419,0,499,0,499,499,499
882251378,68372906,62,436,0,499,374,499
1301185797,4150963433,0,331,71,433,331,362
1053340329,1030147918,0,499,0,499,499,499
1195285015,3163637962,0,499,62,436,499,374
862564288,102721141,0,499,55,443,499,388
1129244176,2164736351,0,499,62,436,499,374
1225222114,2961629784,18,473,157,330,455,173
1131269671,2200057843,110,389,46,452,279,406
1292353402,1558490402,96,403,54,445,307,391
1267998353,3945013809,0,499,0,499,499,499
966222707,252128046,0,499,62,436,499,374
1317266039,4210988558,20,483,53,471,463,418
152931730,3298548,145,354,101,397,209,296
1260996259,3896895617,68,431,6,494,363,488
228983730,6539258,198,300,175,324,102,149
1264217953,3924749001,86,236,165,349,150,184
1253971050,3859456118,67,440,77,446,373,369
854001380,85235805,200,304,200,296,104,96
1161303174,2736731122,6,493,6,492,487,486
1027376908,570736742,100,399,61,437,299,376
1027216954,570613331,102,396,58,449,294,391
1120614166,2015760452,45,452,24,478,407,454
1262970504,3910715927,155,343,111,361,188,250
1209715771,3382584268,125,361,25,499,236,474
845817640,74894958,77,421,0,499,344,499
1026983694,569748421,101,397,50,449,296,399
1296949900,3155075604,5,495,110,389,490,279
1227361528,3609615119,0,499,0,499,499,499
1100068708,1711736635,110,389,52,447,279,395
1101786925,1783738989,0,499,71,427,499,356
1119523731,2000192049,110,389,54,445,279,391
1240241306,3745176222,100,410,16,491,310,475
1311001240,4182114207,56,439,92,428,383,336
1312591191,4195542807,0,499,24,499,499,475
1279086616,4037578218,52,444,17,411,392,394
970751900,260155544,55,443,0,499,388,499
934207623,191760680,52,446,0,499,394,499
883863126,128976693,130,365,196,349,235,153
1249533254,3819977563,0,499,0,499,499,499
1267306297,3942511945,139,362,176,339,223,163
862580905,102706999,56,443,108,399,387,291
1140413606,2412170956,0,499,0,499,499,499
1287255019,4077173787,54,447,66,410,393,344
1286504294,4075180648,74,428,85,385,354,300
1248861705,3817906297,57,441,0,498,384,498
1204203688,3287132525,0,499,62,436,499,374
1146981136,2527236610,110,389,89,446,279,357
1061736258,144561035,94,409,136,373,315,237
971430352,262168587,80,412,14,485,332,471
964625242,247668246,0,499,0,499,499,499
1040953139,820899556,75,423,0,499,348,499
1041682278,831980344,0,499,35,499,499,464
1159838466,2720289759,0,499,109,389,499,280
1112217018,279940631,168,338,121,399,170,278
1285855642,4070703050,95,433,82,420,338,338
1256796108,3875046886,0,499,0,499,499,499
893599139,141552868,0,499,62,436,499,374
1307775360,4172824019,140,407,177,359,267,182
1251223117,3838166662,3,493,133,361,490,228
1007578731,435064136,100,399,54,444,299,390
1231548560,3652337089,82,418,12,486,336,474
1121211342,2033309235,122,379,55,441,257,386
1320362751,4224247275,68,433,72,432,365,360
1313040982,4197486788,88,458,102,420,370,318
1243660170,3775276273,0,499,62,436,499,374
1255744420,3871039069,48,470,148,379,422,231
931906421,109386828,210,289,195,303,79,108
1129476183,2167484351,83,415,0,499,332,499
555231785,53571452,84,427,147,368,343,221
1253353061,3856416853,8,491,109,334,483,225
1008110511,435934990,114,384,50,449,270,399
1294300723,4122629451,0,499,0,499,499,499
1211365875,265021062,84,414,0,499,330,499
1299164017,4141881187,110,392,24,484,282,460
1145871472,2506069522,6,499,62,423,493,361
885986817,131727301,89,410,0,499,321,499
1301061670,4150468017,21,474,151,365,453,214
1027311214,570721236,105,393,50,449,288,399
1278212779,4030676925,42,467,141,323,425,182
1308391907,4176108298,0,499,0,499,499,499
848493970,79418179,117,382,50,449,265,399
1192038389,3120558317,68,432,22,488,364,466
1243430690,3773723285,19,480,95,403,461,308
922170809,170808081,228,253,381,389,25,8
1100065256,1711736794,110,389,51,447,279,396
1232140309,3657410568,0,499,109,389,499,280
965176430,249806307,8,485,108,384,477,276
1311248154,4186265145,0,499,0,499,499,499
1250279240,3831652823,31,468,104,395,437,291
1199834142,3236687278,109,389,0,499,280,499
1115610365,1947847610,75,432,179,316,357,137
1264892186,3927844649,0,499,62,435,499,373
1240233958,3745142771,100,399,17,481,299,464
1008055003,435922736,102,396,50,449,294,399
1143218488,2462594126,38,469,24,469,431,445
288333283,3099845,60,438,1,499,378,498
1211052874,3382865061,62,436,0,499,374,499
1042806088,844807090,0,499,109,389,499,280
1283698939,4061599082,0,499,0,499,499,499
1232788558,3669129286,66,433,44,387,367,343
1249534646,3819979615,198,319,200,366,121,166
1131253014,2199079797,62,436,0,499,374,499
1117990421,1978505191,91,408,179,334,317,155
1185798563,3022762652,2,416,122,341,414,219
846231554,51660270,219,280,207,291,61,84
1281708194,4052932265,0,498,0,499,498,499
1118587094,1968807436,159,350,176,328,191,152
1130104148,2176449987,66,435,33,476,369,443
1215354595,3470026376,248,317,225,308,69,83
1276321740,4012664262,50,443,150,397,393,247
1095646708,1638136076,125,374,89,409,249,320
1129954723,1859604387,0,499,54,445,499,391
1308857331,278395544,116,329,156,317,213,161
1267317211,3942396930,0,499,0,499,499,499
1126347198,2102765426,122,376,69,429,254,360
1236318280,3707217485,44,450,96,365,406,269
1254400351,3861820677,92,420,41,470,328,429
1227156008,3607249260,25,477,48,475,452,427
851416443,71425914,196,302,177,324,106,147
1283862810,4061620374,146,350,161,363,204,202
1202499987,3255495088,99,390,34,404,291,370
1275724163,4006541369,31,470,107,431,439,324
1215805777,3473988164,30,467,59,388,437,329
1301862649,4153657017,1,498,0,499,497,499
946272484,57158581,151,353,113,391,202,278
1291291438,4101477399,43,460,99,397,417,298
1169545491,1161967678,73,433,5,494,360,489
1253508207,3856532289,0,499,0,499,499,499
1283582215,4061585903,0,499,0,499,499,499
1323323611,4231757250,90,384,111,373,294,262
1312712898,4190022101,62,436,0,499,374,499
1238325506,3727749092,186,313,165,334,127,169
1132971613,2236453058,83,396,16,490,313,474
973608034,269653773,0,499,82,416,499,334
1242393906,3764612706,162,384,20,425,222,405
1070591328,1269698149,62,436,0,499,374,499
1054763994,1048262467,0,499,62,436,499,374
1316116252,4200871126,15,480,18,475,465,457
1286906564,4074700949,0,460,202,499,460,297
1104741112,1842321402,123,375,32,391,252,359
1008151462,436086838,150,349,100,398,199,298
1017625288,253333004,190,309,170,328,119,158
1026823677,569577451,106,392,50,449,286,399
854951431,87887586,131,368,91,407,237,316
1213865693,3454896862,0,499,62,436,499,374
1241195686,3753672796,106,406,43,423,300,380
1030859441,604695811,0,499,109,389,499,280
1043865038,509741879,62,436,0,499,374,499
1309688029,4179732091,116,392,48,464,276,416
1289492013,4088731560,97,421,21,476,324,455
1202966577,1898222001,145,353,100,399,208,299
915744593,160527192,0,499,62,436,499,374
983130584,286972595,62,436,0,499,374,499
1265222680,3929899379,36,461,158,343,425,185
930124671,181474879,71,427,0,499,356,499
1323693415,4234264483,0,499,0,499,499,499
1104812743,1843326484,0,499,0,499,499,499
1313577439,4183494607,43,461,156,347,418,191
1174587977,2940639009,3,497,28,479,494,451
869179809,112990059,62,436,0,499,374,499
1317243627,4210986939,73,436,134,351,363,217
854231581,49390095,80,419,0,499,339,499
1097910338,1669269044,0,499,0,499,499,499
971051557,261235527,50,436,110,389,386,279
1253632041,2063231964,83,415,0,499,332,499
1311803845,4188954092,1,499,1,499,498,498
1174119805,2928809429,199,299,180,328,100,148
1196142973,3182053327,0,499,0,499,499,499
1283716249,4061605899,67,450,35,448,383,413
1323289960,4231691921,154,440,96,367,286,271
1026338150,562058384,0,499,62,436,499,374
836169371,70643228,71,427,0,499,356,499
1063834129,1132089715,110,396,27,485,286,458
1037158582,256399732,72,428,139,360,356,221
1139427013,1892606206,97,400,182,321,303,139
1296193943,4128244668,39,460,0,499,421,499
1224722542,3513758542,163,339,5,495,176,490
1215528350,3470070033,10,489,90,409,479,319
1283040071,4060154743,90,356,0,499,266,499
1237180785,3716580569,2,499,0,499,497,499
1278120472,4029710905,125,381,29,481,256,452
1316110014,4200870153,42,443,2,364,401,362
1275115299,4004084742,33,458,61,464,425,403
1241681162,3759513810,23,476,81,418,453,337
1253159957,3855208660,36,458,41,460,422,419
1045535580,868090744,145,354,100,399,209,299
1283585055,4061586083,0,434,191,322,434,131
1225886751,532978837,145,356,166,360,211,194
921947802,170165542,176,314,120,308,138,188
1304164075,4160985105,106,388,51,463,282,412
1260285585,3893195980,5,499,0,473,494,473
949384953,212342781,110,272,167,364,162,197
1218265372,3503584178,0,487,2,358,487,356
1220533345,3547769456,100,399,137,361,299,224
1320567349,1892782241,0,499,0,499,499,499
1274895124,4001824273,8,490,164,265,482,101
1100070811,1711736367,110,389,50,448,279,398
1251049903,3837313643,16,457,44,490,441,446
1276005005,4010222088,189,322,135,483,133,348
1261424100,3898727688,0,447,0,499,447,499
1168014999,2849849933,60,439,128,387,379,259
1225887245,2937746212,177,322,140,360,145,220
1168402071,2859172114,72,426,0,489,354,489
1119405885,1998118654,145,197,203,306,52,103
1255904938,3872341778,34,485,114,418,451,304
845046577,73730927,64,418,0,484,354,484
1101420397,1767720291,62,436,0,499,374,499
1308878753,278548516,100,399,5,493,299,488
1274880467,4001419918,7,490,34,432,483,398
1313680132,4199418406,0,499,109,389,499,280
1164743087,2792219515,115,384,150,350,269,200
1301788016,4149465660,130,369,90,409,239,319
1316262476,4200881265,92,407,12,486,315,474
1027290688,570649778,106,393,50,449,287,399
1307800359,4172826014,15,445,0,496,430,496
906561790,151058712,57,441,0,499,384,499
1215033703,3465904858,0,499,62,436,499,374
1274732075,479812,74,424,0,499,350,499
1027047959,569755139,101,397,50,449,296,399
1100068995,3716248973,110,389,56,443,279,387
1027840198,574979591,68,430,0,499,362,499
1188538823,3067204188,130,369,130,369,239,239
1225410273,3589914266,14,485,56,456,471,400
1154869896,2644383789,0,499,62,436,499,374
1070234877,1266710545,71,446,100,374,375,274
874730819,75810952,71,427,0,499,356,499
1240179532,3744107387,0,499,109,389,499,280
1010763665,448511217,0,499,62,436,499,374
1313029255,4197486338,80,499,0,406,419,406
1323286686,4231691409,30,477,36,444,447,408
1239003402,3731582677,0,499,0,499,499,499
1187572120,3051279598,0,499,62,436,499,374
927606435,180670253,0,499,196,376,499,180
1317213973,4212342727,0,499,0,499,499,499
1244541239,3785187887,0,499,120,436,499,316
1251709796,456606198,83,415,0,499,332,499
1186685325,3027444088,2,495,2,497,493,495
1273096059,3992972568,93,406,113,415,313,302
1120299443,2012220751,115,381,51,389,266,338
1179591623,2992578592,0,499,82,415,499,333
1294213851,4122561560,0,499,25,499,499,474
988509635,295660188,229,357,145,296,128,151
1316315456,4200883875,0,499,0,499,499,499
1316162059,4208885953,36,450,100,411,414,311
1225886803,2846924727,125,374,125,374,249,249
1127113922,2116372612,52,419,123,372,367,249
1026842776,569564018,100,399,51,447,299,396
1297882342,4137579265,43,456,46,459,413,413
835806978,70035823,156,343,100,399,187,299
996697036,316066156,0,499,62,436,499,374
1316163516,4200875760,143,322,45,406,179,361
1299195151,4141564285,44,476,30,451,432,421
1167816319,471530147,75,425,0,497,350,497
1192013388,3120284886,24,476,66,389,452,323
870836626,74118577,56,461,93,371,405,278
1069908176,285851897,157,342,121,399,185,278
1280920814,4047734568,0,499,62,436,499,374
1051759425,981229282,322,472,374,486,150,112
1303700751,4159373943,106,388,51,463,282,412
1299215787,4139571691,12,490,29,480,478,451
1275238980,4003944137,70,438,72,440,368,368
1300139755,4145102171,10,486,18,498,476,480
1174590008,2940639575,135,363,175,345,228,170
1304165044,4160985266,106,388,51,463,282,412
1314474062,4202303317,31,451,80,491,420,411
483151768,49897366,125,374,72,426,249,354
1071334771,1287609225,109,389,0,499,280,499
1275044549,4004066437,35,477,36,469,442,433
1025929284,556485691,18,489,33,462,471,429
1207172947,3334754477,14,485,0,499,471,499
1310647898,4182265088,8,481,36,461,473,425
988974889,296115679,49,496,209,283,447,74
1260617372,3894591828,72,420,109,398,348,289
1027723406,542470230,27,469,125,372,442,247
1295220634,4125633507,149,351,42,460,202,418
1276130615,4011236355,137,362,29,470,225,441
980545496,283728357,73,426,0,499,353,499
958068641,226300045,68,430,0,499,362,499
1274515130,659502,89,410,0,499,321,499
1303122683,4157460507,0,499,0,499,499,499
1075762443,1352162231,66,432,0,499,366,499
1067605666,1182328606,28,496,37,469,468,432
1245643076,3793570839,43,452,87,379,409,292
1236526057,3708926335,0,499,42,499,499,457
1256826890,3875048414,0,499,0,499,499,499
1192183843,3123019049,71,431,236,486,360,250
1014677288,473941902,114,385,50,449,271,399
1226420302,3598480400,4,498,115,387,494,272
1178471957,2895000204,40,495,0,491,455,491
1124191122,1556884649,88,411,0,499,323,499
1310029604,4182713260,96,403,0,499,307,499
1253519645,3857173157,10,489,150,357,479,207
1249758782,3821565997,0,499,62,436,499,374
1158121434,2695198612,12,489,46,439,477,393
1181073928,2999984619,88,499,92,493,411,401
1314017078,4201307270,158,345,8,486,187,478
1323784542,4235246932,103,389,17,479,286,462
1282549410,4057545819,216,373,240,260,157,20
986689911,292962973,73,426,0,499,353,499
1240837929,3749894094,31,473,154,377,442,223
1202405869,3254908852,95,404,12,486,309,474
1306829461,4168956679,69,436,142,356,367,214
1190254247,2833039405,27,478,147,367,451,220
1263770707,3921350051,34,460,5,493,426,488
1227163050,3607250774,0,499,0,499,499,499
1314580083,4202305310,24,448,127,425,424,298
954359524,218392203,101,399,201,297,298,96
1282287764,4055998758,107,394,85,415,287,330
1075975859,299166489,163,336,100,399,173,299
1275411187,4004189047,0,499,0,499,499,499
1102491292,1800958773,106,393,0,458,287,458
1198122133,2314757626,154,344,100,399,190,299
1278705755,4036971468,78,430,75,429,352,354
1297437909,237373351,88,418,7,489,330,482
1145233570,2488675666,62,436,0,499,374,499
1038928768,764886954,62,436,0,499,374,499
1237460517,1194981178,138,368,176,324,230,148
1276807906,4017072415,137,363,60,450,226,390
1289580037,4088659364,125,397,116,429,272,313
933236972,190093348,73,426,0,499,353,499
1248835649,3817894207,0,497,0,311,497,311
1058640663,1089152235,103,421,85,404,318,319
1276307369,4012701840,52,470,39,453,418,414
1050176285,957823946,81,418,0,499,337,499
1264911785,3928174324,0,499,56,442,499,386
922143861,170273074,63,436,0,499,373,499
1323199809,4231841988,80,424,92,423,344,331
55661230,1994870,63,436,0,499,373,499
868861541,112590386,62,436,0,499,374,499
977100208,276679676,0,499,62,436,499,374
1301498196,4151262164,212,292,0,499,80,499
1255766327,3871291150,8,491,131,349,483,218
1015039579,477406456,0,499,72,427,499,355
1257224817,3879888898,51,352,102,375,301,273
1174587170,2940638845,51,462,39,458,411,419
924578416,175591975,38,460,0,499,422,499
1258861033,3887563516,0,499,0,499,499,499
1141171967,2414352422,0,499,62,436,499,374
1268741130,3936362847,0,499,0,499,499,499
1248865141,3817907174,30,465,66,441,435,375
1307885727,4172855140,0,499,0,477,499,477
1274179786,3998116302,126,367,133,378,241,245
1173594233,2928965029,0,499,62,436,499,374
1280466223,4045003647,0,499,0,499,499,499
1310785710,4182276643,0,499,20,499,499,479
1316991606,4210982304,93,401,92,383,308,291
1323320356,4231696840,0,499,63,499,499,436
1313880093,4200628806,114,485,23,483,371,460
1292405915,4108910253,0,387,145,369,387,224
1323027022,4231802827,0,499,0,499,499,499
1083229408,1475389847,165,333,137,361,168,224
986561271,292680771,53,415,194,245,362,51
1311058220,4182118119,12,499,0,499,487,499
438358441,50100143,0,499,62,437,499,375
1010254431,445052655,0,499,62,436,499,374
1276043281,4010225077,49,475,41,494,426,453
1300854176,4149306551,0,499,100,399,499,299
1321851155,4229060104,24,468,110,369,444,259
898039121,142614834,71,427,0,499,356,499
1310339492,4182236278,0,499,0,499,499,499
1026898613,569667246,103,395,50,449,292,399
865821396,108317943,0,499,114,385,499,271
956769608,222771015,78,408,97,425,330,328
1262519728,3908850893,50,452,18,485,402,467
931490223,185767335,0,499,62,436,499,374
1284108841,4063219135,40,446,110,412,406,302
1257458923,3881467942,37,499,84,441,462,357
1306016535,4167105157,34,464,24,456,430,432
863896862,104587687,100,399,33,465,299,432
1199393467,3229213645,165,348,122,404,183,282
1192147353,3122611114,71,431,261,486,360,225
1248852078,3817904293,42,482,116,383,440,267
987919141,294826856,74,428,20,477,354,457
1262357052,2807584097,69,423,83,407,354,324
1023454214,536648336,25,464,41,437,439,396
1269586300,3433370392,100,399,17,482,299,465
1109696250,1893065913,106,397,132,364,291,232
888589834,47950036,92,407,25,474,315,449
1232556320,3665608680,108,415,120,399,307,279
1265079393,3929342736,14,474,91,397,460,306
1316909581,4211076487,0,499,0,499,499,499
1123932643,2063602532,155,343,100,399,188,299
1100064723,1711735957,110,389,54,445,279,391
1308917360,4177868134,194,304,82,483,110,401
1092330154,1581379375,0,498,81,417,498,336
1306607548,4168614785,0,499,12,486,499,474
1207621111,3343203147,50,482,13,480,432,467
1190012359,3795819519,20,477,122,385,457,263
1278215540,3673696244,100,399,4,494,299,490
957021304,223575259,68,431,0,499,363,499
1178445104,2772685053,84,450,17,483,366,466
1207680510,3344218821,0,499,62,436,499,374
1053578687,1035063039,81,418,0,499,337,499
1269494610,3959361512,0,499,0,437,499,437
1153312254,2625167488,83,416,13,483,333,470
930775052,184846995,90,409,130,369,319,239
1257240345,3879893642,0,499,0,499,499,499
1150734200,2538277388,0,499,62,436,499,374
1300212893,4145413463,0,499,62,436,499,374
1215227123,3155074459,5,494,4,495,489,491
1257586051,3881713113,0,499,1,499,499,498
1314459426,4202303128,0,499,0,499,499,499
1282865248,4057530251,26,474,170,393,448,223
987661208,294485373,144,361,15,487,217,472
1282522034,4057540467,6,428,128,369,422,241
1090821451,1563794080,0,499,42,456,499,414
1086217242,1510340386,0,499,62,436,499,374
1143085856,2455769580,0,499,62,436,499,374
946269195,57233146,154,350,113,391,196,278
1190257951,1876686929,24,473,146,385,449,239
1241390890,3756522342,185,314,175,323,129,148
1041682120,831980324,50,449,50,449,399,399
301845721,3808792,185,314,158,341,129,183
1305402560,4165070699,140,363,0,499,223,499
1276667423,4014864078,75,423,0,499,348,499
1281717038,4052947382,0,499,0,499,499,499
1223231945,3579654475,85,395,183,321,310,138
1188396792,3064238319,0,499,0,499,499,499
1017422516,239406964,190,309,175,324,119,149
1089482925,1553200085,67,499,132,364,432,232
1301548512,4150998683,62,431,18,490,369,472
1211778186,3410088417,119,410,0,499,291,499
1283636339,4061595351,126,415,56,304,289,248
1237005727,3709075139,55,443,0,499,388,499
1311274619,1898548785,100,399,25,474,299,449
1117991833,1978506117,168,328,127,374,160,247
857883871,86002858,190,309,160,339,119,179
1314368024,4200676874,0,499,0,499,499,499
1282008871,4050754276,36,461,54,468,425,414
1253211840,3854772259,90,311,72,429,221,357
1266486761,3938615234,6,473,168,488,467,320
1308930908,4177868616,54,459,146,375,405,229
1163023011,1952783462,132,359,76,420,227,344
1242870217,1100406511,102,396,0,499,294,499
1137787849,2343852018,0,499,79,419,499,340
1279270732,4037116069,80,412,90,436,332,346
1294061562,4121363818,83,415,0,499,332,499
1308849716,278404137,158,337,45,402,179,357
1008633917,439040846,73,425,0,499,352,499
1249797266,3822891540,0,499,62,436,499,374
1261422533,3898727022,130,389,10,480,259,470
1079155908,1414869620,128,367,93,405,239,312
1269952164,3964948825,0,499,0,499,499,499
1301208751,4150966081,0,484,31,476,484,445
1007657493,435047793,74,424,0,499,350,499
1276438985,4013274434,0,499,0,499,499,499
1201854087,2352403124,51,465,44,445,414,401
1204264835,3219904004,25,470,35,461,445,426
1119611859,2000119310,70,429,0,499,359,499
1007641507,435065683,100,399,18,481,299,463
933513845,190707414,62,436,0,499,374,499
958035761,226222944,0,499,109,389,499,280
1215216784,3469567684,0,499,69,430,499,361
1027116179,569882454,108,391,50,449,283,399
1209098122,3368768552,0,499,111,395,499,284
539067330,53291144,83,414,0,498,331,498
1042990725,846366959,155,367,8,454,212,446
1065871365,1155465733,74,424,0,499,350,499
1150215647,2570313613,62,436,0,499,374,499
1268878858,1133158756,106,392,0,499,286,499
934652297,193185343,38,374,102,416,336,314
1075431714,1345124589,170,330,67,430,160,363
1284073977,4063403643,0,499,81,499,499,418
1158120629,2695197183,0,498,100,400,498,300
1322425061,4230466131,81,419,16,483,338,467
1280703318,4046438562,69,421,134,453,352,319
1188462884,3065095707,0,499,62,436,499,374
1026902103,569595053,110,389,50,449,279,399
1112295840,1922746155,51,452,17,471,401,454
1252626963,3850327092,159,336,83,424,177,341
1102527010,1802331155,7,494,49,449,487,400
1158796630,2703667347,114,385,160,339,271,179
1307483570,4171080520,83,482,12,479,399,467
1289405118,4086541333,62,436,0,499,374,499
1000634976,354622903,62,436,0,499,374,499
1164643427,2789002515,22,480,48,450,458,402
1088639322,1541082847,95,403,0,499,308,499
1131801916,2211760653,0,499,83,415,499,332
1195469399,3170638494,76,425,79,421,349,342
1273534587,3992748289,56,475,46,458,419,412
137574630,3928919,155,344,124,375,189,251
1202883454,3265357441,0,415,162,373,415,211
1310302961,4182232770,70,406,155,391,336,236
941839136,207542568,4,494,104,394,490,290
1304124635,4149003954,80,421,130,364,341,234
921249954,168344981,1,496,97,402,495,305
1255749049,3871090854,0,499,0,499,499,499
993167653,300983558,82,417,27,471,335,444
1275705008,4006536216,173,412,128,458,239,330
874727636,47411201,75,423,0,499,348,499
1174586413,2940638701,174,307,216,307,133,91
1275621877,4006501657,105,419,57,451,314,394
1158192786,2682815781,100,384,65,446,284,381
1324191014,4236297451,174,330,158,416,156,258
1135474209,2309273634,32,470,10,487,438,477
1263216038,3915404150,138,357,5,492,219,487
1008002207,435849480,133,365,100,399,232,299
1255263105,3869230287,0,499,0,499,499,499
1009324822,440662798,175,323,142,356,148,214
1273877841,3995297424,0,499,0,499,499,499
1279998683,4042587826,21,474,19,447,453,428
1111669652,1118849509,181,320,11,130,139,119
1232193116,3654617668,68,369,36,452,301,416
1309691651,4179732419,16,451,28,476,435,448
1115642238,1948803444,0,499,0,499,499,499
1166965098,2827770749,13,482,11,490,469,479
1025433499,550820791,71,428,0,499,357,499
1282362057,4056051171,136,372,125,468,236,343
1204635212,3294453709,4,492,83,415,488,332
1301273500,4151248549,84,404,127,385,320,258
1225886793,1936221326,133,365,185,315,232,130
1252253815,3847299999,62,436,0,499,374,499
1270439144,3971953114,3,496,8,497,493,489
1276325309,4012664918,98,403,103,458,305,355
923984409,163927988,90,411,71,463,321,392
1310784826,4182276611,30,469,106,424,439,318
1307457910,4168852230,50,443,78,456,393,378
1017531634,506418481,0,475,69,420,475,351
1224173231,3585628151,0,499,56,433,499,377
1277530839,4019812866,47,447,166,373,400,207
987610811,294456341,100,399,129,370,299,241
964041708,226903486,62,436,0,499,374,499
1190938369,2790688159,167,352,135,366,185,231
1117966751,1978250116,107,401,413,451,294,38
1253519525,3857173086,36,461,158,343,425,185
1257268712,3879903153,0,499,0,499,499,499
1008019871,435857562,150,349,115,384,199,269
922623604,171707188,150,349,107,392,199,285
1295960478,4128438391,124,319,126,384,195,258
923242745,173533551,130,349,182,356,219,174
1190253444,1876684331,30,468,200,342,438,142
1321362356,4227129917,137,349,119,350,212,231
1321055137,4221731486,133,370,184,327,237,143
1174586424,2940638705,174,307,216,307,133,91
1323273953,4231688843,86,424,138,263,338,125
1249534428,3819979215,170,340,223,286,170,63
1292744178,4113481166,8,491,77,318,483,241
889998439,136138844,233,288,79,327,55,248
1257577192,3881235944,107,373,77,421,266,344
1133439512,2080218921,7,482,152,419,475,267
1211834030,3410829514,0,488,34,493,488,459
1313298653,4197663671,17,475,44,449,458,405
1304113481,4148204719,117,395,187,315,278,128
1252930830,3853593000,62,436,0,499,374,499
874959041,120830468,165,232,242,370,67,128
1110089245,1893048509,32,467,0,499,435,499
1273565574,3992761037,0,499,0,499,499,499
1053576852,1035053603,80,419,0,499,339,499
1177151425,2970593483,62,445,105,351,383,246
1075165330,1344441076,0,499,109,389,499,280
1077351818,1223771227,119,374,55,435,255,380
1218980340,1867107781,180,316,150,347,136,197
1198653740,3218773920,133,365,100,399,232,299
1135895852,2314360230,62,436,0,499,374,499
1019351680,516412717,0,499,49,449,499,400
1273152619,3993170852,256,298,158,283,42,125
1276038100,4009166846,0,499,62,436,499,374
1279229620,4037102103,45,454,56,436,409,380
1249534224,3819978857,139,363,175,311,224,136
1310037659,4181950713,0,499,0,499,499,499
1201836413,3249409579,116,399,126,356,283,230
907888063,152230040,199,306,191,305,107,114
1209099162,3368762078,22,485,152,363,463,211
1054511721,1044746816,62,436,0,499,374,499
1292470370,4108923594,3,488,154,391,485,237
895799868,142558837,124,374,50,448,250,398
1064660810,1140204574,103,179,190,333,76,143
1121531274,2037270003,62,436,0,499,374,499
1243660180,3775276363,0,499,148,436,499,288
1265215924,3929900585,42,489,66,418,447,352
1254374970,3861660920,154,341,91,406,187,315
1169261343,2869563425,0,497,80,414,497,334
975430774,273747083,0,499,70,429,499,359
941621782,207151464,153,352,175,327,199,152
1262363456,3906641158,0,499,0,499,499,499
1158121438,2695198614,12,489,46,439,477,393
1282962702,4057770595,61,447,95,396,386,301
1248304743,3814338919,38,478,117,314,440,197
1233880392,3682531490,0,499,0,499,499,499
1318660395,4216251685,30,470,113,381,440,268
1248362630,3814847455,123,376,0,499,253,499
940527316,138755906,55,446,144,337,391,193
1040815643,818323115,115,384,115,384,269,269
1282517931,4057540146,45,454,107,433,409,326
1026892029,569668155,100,398,50,449,298,399
1249764714,3821773118,224,279,203,321,55,118
1007514552,435011373,100,399,50,449,299,399
1306552690,4167078651,106,388,51,463,282,412
1136642774,2288640157,198,299,87,372,101,285
1070873328,1280575726,0,499,67,431,499,364
1323693227,4233744649,14,481,10,477,467,467
1077879555,1386130703,161,344,113,386,183,273
1304028415,4160809146,0,499,0,499,499,499
1016873849,503729589,0,499,62,436,499,374
933255691,190107677,86,414,4,494,328,490
1127347928,2121747389,147,359,149,349,212,200
1222138676,3569040402,56,428,120,379,372,259
972538907,264886545,0,499,62,436,499,374
1165031977,2797982933,99,401,2,494,302,492
1242401513,3613210227,100,399,25,474,299,449
1252628175,3850328881,0,499,62,436,499,374
1052450301,985044460,158,341,100,399,183,299
1279125263,4037094244,57,448,72,446,391,374
983743640,287678784,83,415,0,499,332,499
1196212648,3182722351,37,450,112,376,413,264
1136646651,2333597550,0,499,0,499,499,499
1254498401,3861828167,138,424,75,437,286,362
1176505061,2958501307,72,427,72,426,355,354
1195655275,3174269807,57,440,81,418,383,337
1328275206,4250678387,0,499,0,499,499,499
1231005059,3586352535,0,499,62,436,499,374
1319412630,4214354262,41,462,45,464,421,419
939502593,202479045,0,499,109,389,499,280
1245407209,3792213993,0,499,62,436,499,374
1304376841,4144645923,41,468,137,433,427,296
1316263485,4200881311,0,499,0,499,499,499
1302494634,4155466870,0,499,0,499,499,499
1277061258,4014146459,0,499,1,499,499,498
1268424662,3951006171,0,499,0,499,499,499
947941545,210426837,173,329,155,386,156,231
729383070,59922559,74,424,0,499,350,499
1028950325,589969869,64,440,77,464,376,387
1253118066,3854906862,30,468,93,397,438,304
1153450395,2628124012,0,499,62,436,499,374
1215647177,674838887,184,314,162,349,130,187
1254657428,3863638938,1,499,0,482,498,482
1306571251,4167081382,106,388,51,463,282,412
1203205165,3269125067,0,499,109,389,499,280
1143238804,2462955906,129,368,173,321,239,148
904472642,149037321,62,436,0,499,374,499
1278887910,4037566100,19,450,181,451,431,270
1126048658,2097554992,147,352,127,371,205,244
941621852,207151476,98,403,149,354,305,205
1018331656,510400952,36,463,10,489,427,479
1301503009,4150990396,0,499,0,499,499,499
933251828,190104126,74,424,0,499,350,499
1276008974,4010222439,67,491,14,489,424,475
1287458363,4077203298,0,499,0,499,499,499
1273113644,3992563395,48,467,82,451,419,369
1273161265,3993175244,39,461,186,356,422,170
1313063271,4197487634,128,385,170,386,257,216
853658811,84807165,143,379,139,362,236,223
1255742270,3871089974,0,499,0,499,499,499
1283646539,4061595939,0,499,0,499,499,499
1148436564,97238859,60,439,0,499,379,499
1241427879,3756676484,200,298,192,314,98,122
1175702616,2950063828,0,499,62,436,499,374
1262536400,3908875493,7,499,0,330,492,330
1064076246,1133829932,130,376,78,420,246,342
351777619,48590138,179,320,149,350,141,201
1307468694,4170894608,67,234,351,448,167,97
1249758749,3821565971,0,499,62,436,499,374
1248841512,3817899809,9,492,0,499,483,499
956811980,223160101,83,415,0,499,332,499
1306305688,4167770110,109,389,0,499,280,499
1207903324,3341638591,62,436,0,499,374,499
1294212327,4122560026,5,490,1,499,485,498
1277565205,4023546278,50,451,143,327,401,184
1051758953,981230223,101,313,73,366,212,293
1174585635,2940638513,10,489,9,447,479,438
1264424231,3925554493,0,438,0,477,438,477
940465286,204078224,61,443,109,387,382,278
1324025821,4235889253,34,466,43,475,432,432
1313801047,4200120654,0,499,0,499,499,499
963706622,244348705,0,499,62,436,499,374
1308351681,4175953001,16,458,15,488,442,473
1026977230,570005473,100,399,56,442,299,386
962035371,239430324,0,499,62,436,499,374
1255339888,3810740135,47,475,83,427,428,344
1297504629,4110761987,48,461,155,360,413,205
1253495994,3856999365,195,302,68,431,107,363
1118990248,1989480691,109,389,0,499,280,499
1313729368,4200224109,0,499,0,499,499,499
339168185,48068538,55,443,0,499,388,499
1204567907,3288556850,150,349,100,399,199,299
1309102976,4179633625,205,293,182,305,88,123
1066701255,1170478740,0,499,109,389,499,280
1270473363,3972034474,80,418,28,486,338,458
857520661,5457987,73,424,35,462,351,427
1314016994,4201306793,85,409,35,461,324,426
1259289255,3887623893,23,478,37,459,455,422
1121682853,2041195098,0,499,0,499,499,499
1279054687,4037576532,0,499,0,499,499,499
1324016278,4235887987,0,499,0,499,499,499
1295075614,4125278417,61,453,151,390,392,239
1202971248,278577234,153,346,106,399,193,293
1324219609,4236298491,145,401,63,453,256,390
891736149,138463963,111,399,113,385,288,272
1283324758,4061153211,72,438,135,403,366,268
1192028661,3120529549,68,432,22,488,364,466
1287975044,4079553801,0,499,0,499,499,499
1317985200,4215703626,0,499,0,499,499,499
1174589768,2940639525,7,491,7,481,484,474
1274216291,3997822364,0,499,72,427,499,355
1275480675,4006488245,30,469,140,370,439,230
1275667962,4006518826,122,369,124,484,247,360
1225663277,3460743966,125,347,125,367,222,242
1216950895,3487471814,0,499,52,447,499,395
946702481,208697564,0,499,72,426,499,354
1252627465,3850328431,0,499,62,436,499,374
1015523397,484961899,138,362,88,429,224,341
1067296195,1179980384,146,356,16,476,210,460
1026803743,569546291,112,387,50,449,275,399
1230197998,3633546982,120,379,135,363,259,228
1194437013,3102405807,28,469,20,476,441,456
1304010543,4160805680,26,380,170,326,354,156
1313456580,4197523321,57,431,73,415,374,342
922170222,170808089,216,257,383,389,41,6
1193629571,3147884868,29,436,72,445,407,373
1266791936,3939951607,176,309,18,487,133,469
1323202106,4229443166,54,456,54,429,402,375
1310754799,4182274902,58,453,30,359,395,329
1146390905,301743944,0,499,0,499,499,499
1186609789,3034800204,71,427,0,499,356,499
1258457359,3885380076,62,436,0,499,374,499
1265864282,3935339072,0,499,0,499,499,499
1024710933,151378497,0,499,83,415,499,332
906205474,150629148,80,359,120,421,279,301
1115624869,1948346505,0,499,74,424,499,350
1176729318,2961252502,203,285,12,489,82,477
1324058231,4236041545,33,466,41,469,433,428
1173504234,2928367101,96,402,0,499,306,499
1255905852,3872341998,16,485,101,405,469,304
1261368362,3898715910,102,395,35,476,293,441
1167477869,2777249593,130,411,30,481,281,451
1111006513,1902786553,11,488,0,499,477,499
1091783711,1569230852,4,495,0,499,491,499
1102793737,1807235136,0,499,112,387,499,275
1281148321,4050260568,74,443,86,446,369,360
1311008220,4184402893,0,499,0,499,499,499
1275620537,4007155462,0,499,0,499,499,499
1213815755,3445684153,110,389,0,499,279,499
1283498198,4061479155,0,499,0,499,499,499
1211642843,3716248982,110,389,54,445,279,391
1204200588,3287127266,81,417,10,486,336,476
863983525,61515025,62,436,0,499,374,499
1082476723,159603824,0,499,0,499,499,499
1204223390,3287235014,93,407,13,498,314,485
986297576,292267873,367,484,226,271,117,45
1040431029,811868587,109,389,0,499,280,499
1323319604,4231696813,17,495,64,465,478,401
1276225661,4012179212,40,362,115,437,322,322
1255959988,3872848267,0,499,0,499,499,499
1139064758,2373878446,0,499,0,499,499,499
1198908436,1122541308,188,295,134,378,107,244
1244018727,3777961669,0,499,83,415,499,332
1321310890,4223367410,19,480,0,499,461,499
830768172,63197945,130,361,82,415,231,333
1153341683,2625937486,160,339,100,399,179,299
1145871885,2459037015,64,435,0,499,371,499
1244541235,3785187885,0,499,120,436,499,316
987661832,294485932,110,385,38,471,275,433
1240241973,3745176750,170,329,190,309,159,119
1265602701,3931890225,0,499,0,499,499,499
625866,184388,5,493,0,499,488,499
1028463479,584035450,0,499,62,436,499,374
1248742031,3816800670,75,412,92,428,337,336
1135160189,2299079243,62,436,0,499,374,499
1300818260,4149009935,48,487,25,453,439,428
1194093139,3154722490,71,429,59,428,358,369
1324011903,4232366537,40,423,0,499,383,499
1077540083,1374123668,80,418,1,499,338,498
1316255461,4200880999,70,463,71,458,393,387
891722840,138457239,141,358,100,399,217,299
1281548595,4051687343,127,192,157,341,65,184
958663837,229002437,106,376,152,350,270,198
1307332538,4171232643,0,499,0,499,499,499
1273880419,3995588862,60,427,81,463,367,382
1009317157,315541627,100,399,56,443,299,387
1282577348,4057554154,56,458,136,361,402,225
1310349436,4182157209,148,410,243,350,262,107
1311238082,4182065328,50,439,70,442,389,372
1004995350,144537560,66,433,4,495,367,491
1281988326,4050747686,9,490,25,490,481,465
976157876,275511550,62,436,0,499,374,499
1292436253,4108913708,13,485,109,408,472,299
1323883141,4234091228,0,499,0,499,499,499
1282985718,4057771647,51,390,122,427,339,305
1324040964,4235889952,54,428,39,499,374,460
1190258924,1876687632,0,499,62,436,499,374
1120306334,2012305201,41,458,118,409,417,291
1285056336,4063744704,62,423,110,435,361,325
879338005,98121571,0,499,62,436,499,374
1166098693,793013603,0,499,1,497,499,496
1083216544,1475377160,68,430,0,499,362,499
1283474449,4061580051,150,312,118,366,162,248
1129421076,1409595708,158,324,118,399,166,281
865256012,107564806,56,443,0,499,387,499
1164498618,2786150085,21,478,117,443,457,326
101978130,3190286,167,332,146,352,165,206
469149130,50571245,100,399,68,430,299,362
1282516038,4057540013,0,499,0,499,499,499
1250126281,3830058659,38,475,115,416,437,301
1302666859,4155751649,101,398,10,489,297,479
1033604864,652052050,56,443,0,499,387,499
1136326438,2327554595,97,427,154,341,330,187
1243460024,3773926770,62,436,0,499,374,499
1055272754,1056948884,62,437,62,436,375,374
1236525742,3708926273,20,467,98,374,447,276
1102674759,1805032437,92,423,168,330,331,162
949320905,212253890,97,394,114,365,297,251
1277902872,4023215090,55,448,67,410,393,343
1276354973,4012750057,40,444,73,461,404,388
1302685339,3849894610,16,484,17,483,468,466
1045888898,872758951,8,485,32,460,477,428
958943923,229724067,85,413,0,499,328,499
1311054691,4182118049,114,480,39,499,366,460
1176504438,2958500412,48,445,74,427,397,353
1258851323,3887561269,51,435,85,448,384,363
1109434921,1884242553,69,429,0,499,360,499
1191424169,3107233825,0,499,0,499,499,499
1277609639,4022994073,58,448,74,409,390,335
915883921,138768554,173,326,182,321,153,139
1003036081,388467753,8,491,0,499,483,499
1301489336,4150987219,129,397,113,410,268,297
1271766405,3980363791,6,494,99,399,488,300
1017459970,67331416,190,309,151,347,119,196
1251239415,3789059386,185,292,240,335,107,95
1078868780,1410624388,28,475,84,419,447,335
1264137908,3923955111,85,433,86,412,348,326
995098587,303051692,175,348,25,384,173,359
1176602218,2959431606,142,358,16,492,216,476
1268388708,3950239784,62,436,0,499,374,499
1109258893,1886369698,0,499,109,389,499,280
1265223892,3929899686,135,479,180,342,344,162
1066647257,1170003665,175,347,25,384,172,359
1248725347,3816718924,0,499,6,492,499,486
991207238,298602455,113,352,63,427,239,364
1287836446,4079436578,0,499,0,499,499,499
1299160119,4139568883,16,486,0,479,470,479
1317192222,4210982894,88,419,26,487,331,461
1263864912,3921315390,125,378,10,499,253,489
834206522,66663721,0,499,62,436,499,374
1223591280,3578192928,62,436,0,499,374,499
941621747,207151286,109,382,140,349,273,209
1235498241,3694369226,31,474,59,460,443,401
1115170890,1940494911,293,328,249,289,35,40
1316204352,4200877590,97,409,16,485,312,469
1262368767,3906641604,0,482,0,499,482,499
940467220,204075730,70,428,0,499,358,499
1124369820,2076183124,14,477,55,415,463,360
907076744,86240611,195,306,178,319,111,141
1275404423,4004171900,101,422,95,478,321,383
1008657542,439061049,73,425,0,499,352,499
1178465152,2316638834,44,486,0,493,442,493
1328542144,4250688292,0,499,0,499,499,499
1276849701,4017259017,71,428,0,499,357,499
922170767,170807120,215,267,112,391,52,279
1070872120,1264819563,90,408,0,499,318,499
1318929082,4213792773,129,377,36,465,248,429
1026859130,569583117,103,396,50,449,293,399
1270347358,3967572434,179,319,150,349,140,199
1303828372,4159426543,106,388,51,463,282,412
1312336980,4194019482,137,382,99,423,245,324
1323390099,4231832948,72,420,81,426,348,345
1100080620,1711735665,110,389,53,446,279,393
1156664617,2675199519,89,315,26,467,226,441
1253961370,3859438107,44,464,46,459,420,413
926867239,179252215,106,391,80,427,285,347
1086134436,1500566518,96,402,4,492,306,488
720979430,1053086,100,399,137,361,299,224
1038159053,746623521,71,428,0,499,357,499
1249535740,3819983492,130,369,125,374,239,249
1276722002,17057726,5,494,159,340,489,181
1242115669,3762611587,52,446,0,499,394,499
1282882472,4057530636,78,451,33,476,373,443
1303265715,4157386547,106,388,51,463,282,412
1301164554,4150978827,0,499,0,499,499,499
1295936872,4127722893,39,467,33,459,428,426
1253519523,3857173085,21,478,153,386,457,233
1292523319,4108940743,118,399,139,365,281,226
1309012083,4178965852,124,374,125,381,250,256
1147026470,2527716029,46,442,146,378,396,232
1086171173,1509563593,137,361,100,391,224,291
1181407171,3002752934,185,320,155,344,135,189
1026242440,560484723,78,422,0,499,344,499
1275289236,4004133114,51,437,103,458,386,355
1218169029,2786666589,160,339,100,399,179,299
1310160788,4182223348,131,353,129,351,222,222
1181652994,3003889625,79,419,28,477,340,449
1264114432,3923835078,76,425,13,485,349,472
1248650878,3817055759,75,421,6,491,346,485
972732515,266413296,0,499,62,436,499,374
1223394451,3580768594,30,473,23,484,443,461
1232788574,3669129397,169,317,41,448,148,407
1312862460,4195573560,146,345,132,461,199,329
1316257912,4200881155,26,487,50,459,461,409
887251703,133370800,17,485,144,364,468,220
977652123,208300275,136,360,108,395,224,287
1029511492,591830006,88,430,82,427,342,345
970505847,259581141,84,388,61,426,304,365
1237100782,1613216248,50,429,149,343,379,194
1178081183,2980671635,65,433,0,499,368,499
1191051041,3101166445,40,468,73,419,428,346
996086125,304801236,1,497,2,497,496,495
1169931020,2887779502,15,488,81,428,473,347
1152544385,2608008472,125,368,164,341,243,177
1307839256,4172829355,0,499,79,499,499,420
1079219798,1416945642,229,272,81,446,43,365
1275560546,4006495108,37,475,192,327,438,135
1007766327,435272370,160,339,126,372,179,246
1244999348,3787995385,15,499,0,471,484,471
548172286,53444776,185,315,126,376,130,250
1301026375,4105632760,32,467,102,421,435,319
1289657433,4086150123,0,499,0,499,499,499
999433208,343162078,63,436,1,499,373,498
1161714556,2148001242,62,436,0,499,374,499
1271703172,3979579918,0,499,0,499,499,499
1281294092,3212848528,100,399,18,480,299,462
1261408459,3898721854,51,439,26,479,388,453
1294225715,4120729411,62,436,0,499,374,499
941906257,207704542,178,320,138,359,142,221
1029531169,592032627,194,304,165,334,110,169
1282317709,4056047897,17,485,160,454,468,294
1126047453,2096713329,62,436,0,499,374,499
1243383745,3773725928,19,480,44,449,461,405
845172415,73887617,103,396,165,333,293,168
1318667316,4216251961,0,499,0,499,499,499
1042481963,841265257,47,453,103,420,406,317
1249535263,3819982118,8,492,74,417,484,343
1005660270,412138116,135,365,90,407,230,317
1317876482,4215561375,8,497,29,432,489,403
1314569208,4202305014,8,483,20,450,475,430
1307872716,4173007691,45,454,104,383,409,279
847347415,76794601,80,418,0,499,338,499
1298651622,4111994400,128,351,84,422,223,338
1289866747,4089738656,61,429,32,499,368,467
1218192334,3118126908,122,365,30,463,243,433
1236003366,3703069534,33,473,60,460,440,400
1258591262,3885517291,79,410,91,436,331,345
1270854017,3974251511,40,476,29,386,436,357
1112557446,1495626687,125,374,62,436,249,374
1268483687,3951721670,0,457,217,499,457,282
1257859224,3883201235,61,445,73,446,384,373
1008134369,436068122,150,349,115,383,199,268
933257060,190108342,74,425,0,499,351,499
1282285068,4055996939,60,467,41,469,407,428
1027358195,570722802,112,387,50,449,275,399
8403630,1359254,78,420,0,499,342,499
1292147013,4107181219,2,487,86,491,485,405
1170057521,2889935100,62,436,0,499,374,499
1107659786,1869200831,152,353,12,487,201,475
1126206410,2101168675,169,329,141,358,160,217
1283472929,4061787485,110,389,51,447,279,396
1285143825,4066272197,0,499,0,499,499,499
1267355903,3942400635,51,486,152,368,435,216
1282713726,4057511688,35,473,155,364,438,209
1142641658,2449459158,0,499,0,499,499,499
1008098637,435928336,131,368,50,449,237,399
865340398,107705743,62,436,0,499,374,499
1162391001,2753437975,70,429,145,354,359,209
1260344404,3893243337,167,449,59,309,282,250
1270497397,3971919639,30,471,91,422,441,331
1245967165,3795862107,0,499,79,436,499,357
954802803,219383618,0,499,109,389,499,280
1232897683,3670965732,15,492,93,396,477,303
1289596329,4086143316,6,493,55,444,487,389
1321504341,4223011733,80,429,34,468,349,434
1260387382,3893245783,118,395,103,336,277,233
1218926514,3521363153,184,298,42,424,114,382
1008134223,436068396,150,349,115,383,199,268
1275665492,4006518442,55,384,163,385,329,222
1250744977,3835452503,48,453,139,380,405,241
1105448633,1849786116,62,436,0,499,374,499
1027124211,569690822,101,398,50,449,297,399
1244483272,3784694205,0,499,109,389,499,280
1299889206,4143944175,32,466,0,499,434,499
1104267714,1829539818,74,456,91,420,382,329
1169263604,2874090127,57,471,90,388,414,298
1252799530,3851807917,104,396,2,497,292,495
1105811573,1856197927,90,423,173,327,333,154
1267273828,3942394407,0,499,0,499,499,499
1305519071,4165971463,71,435,1,429,364,428
1282472103,4056890018,148,375,85,418,227,333
1244540742,3785187520,0,499,122,436,499,314
1157520690,2686220930,0,499,62,436,499,374
1176504444,2958500433,48,445,74,427,397,353
1260359973,3893203514,44,463,3,484,419,481
1154645198,1182276613,43,447,214,374,404,160
1165169517,2799885338,146,354,21,447,208,426
1254985376,3867144715,0,499,74,469,499,395
1261660640,3900362594,0,499,10,488,499,478
1237149191,3717172115,70,410,28,481,340,453
850844376,82420590,196,302,175,324,106,149
1027343285,570672491,120,379,50,449,259,399
1045350945,869283688,132,364,90,383,232,293
1210727817,3388341402,218,324,113,385,106,272
1304151741,4160953732,106,388,51,463,282,412
1323071560,4231410839,10,490,187,369,480,182
1133998205,2271400239,79,419,0,499,340,499
1226544018,3598299226,109,390,0,499,281,499
949110757,211959637,10,452,37,451,442,414
1280447863,4045066416,65,432,91,442,367,351
1307847162,4172911439,40,465,114,386,425,272
1276225357,4012179138,46,454,101,400,408,299
1156653241,2675086939,54,421,164,372,367,208
1252841594,3852207105,0,499,62,436,499,374
1111946399,1917834953,73,426,0,499,353,499
872548605,117812232,76,423,0,499,347,499
957088409,223736558,176,329,267,425,153,158
1309987181,4181946223,73,352,97,359,279,262
1027259156,570715581,112,387,50,449,275,399
925520268,176838125,63,436,0,499,373,499
865054194,107279882,0,499,62,436,499,374
1281291869,4050813284,210,277,316,401,67,85
1304123223,4160951355,106,388,51,463,282,412
1007768121,435118407,68,431,0,499,363,499
892703217,139801674,65,434,0,499,369,499
1241746258,3760316936,32,465,185,296,433,111
1026178692,559913830,0,499,68,431,499,363
931579412,186217776,184,316,169,334,132,165
1244326122,3782771547,0,499,126,436,499,310
1309573229,2108352410,100,399,25,474,299,449
1273875442,3995345812,0,499,0,499,499,499
935794967,195508545,21,363,80,412,342,332
1255892826,3872108576,62,437,0,499,375,499
1139401234,2376477619,137,361,180,319,224,139
1273210069,3992412358,11,477,93,352,466,259
1097314760,294737591,154,345,115,399,191,284
1241402688,3756588902,185,312,175,325,127,150
1089471729,1553188943,57,399,163,345,342,182
1232193640,3657930162,29,479,43,468,450,425
1053592700,1035134145,79,419,0,499,340,499
1138907668,1892606343,180,321,144,350,141,206
1316305786,4200883208,0,492,83,490,492,407
1152495479,2607273651,84,415,59,439,331,380
1323737007,4234271089,0,499,0,499,499,499
1148758939,2537251435,62,436,0,499,374,499
1253449156,3856809572,0,499,0,499,499,499
1027273274,570628158,100,399,61,438,299,377
971110189,261166083,0,499,62,436,499,374
1241855040,3537870961,118,390,59,462,272,403
973161669,268056272,166,338,175,360,172,185
1328640637,4250695267,20,481,47,470,461,423
878074672,75209086,79,419,0,499,340,499
977716292,278527466,91,425,0,499,334,499
941643043,207170098,153,352,175,327,199,152
1287080187,4075133776,166,329,133,363,163,230
1027117391,569964317,100,399,56,443,299,387
1291998960,4105526268,0,499,0,499,499,499
1243845022,3776688771,8,478,118,373,470,255
1027293990,570744575,112,387,50,449,275,399
1153180453,2001538500,155,344,100,399,189,299
1243403451,3773717973,19,480,75,420,461,345
1026818075,569575256,100,399,62,437,299,375
1174749296,2942695452,0,499,85,413,499,328
1215527652,3470066055,19,487,107,414,468,307
1163739759,2768606618,17,483,128,362,466,234
956386271,138732327,5,469,100,373,464,273
1185796201,3022761807,2,416,122,341,414,219
1311904490,4188974084,141,361,23,469,220,446
1293347211,4104734692,160,340,32,471,180,439
488932323,1251774,97,402,0,499,305,499
1274098078,3997565180,164,341,165,371,177,206
1300214500,4145197013,25,473,106,385,448,279
1305402811,4165070786,0,499,232,266,499,34
1248850459,3817903865,30,484,103,380,454,277
1324143107,4233774991,0,499,0,499,499,499
1192112809,3121334967,175,333,164,337,158,173
1234768233,3690228639,18,462,47,425,444,378
1040694655,815957239,22,476,0,499,454,499
1131229367,2193294625,104,399,170,324,295,154
866682929,109546816,85,413,25,474,328,449
1116558847,1962188300,215,289,158,365,74,207
904807223,149238762,62,436,0,499,374,499
1277263602,4020966903,178,320,137,361,142,224
1293306264,4116742428,0,499,0,499,499,499
1223243568,3579783790,18,493,90,415,475,325
1307270483,4171074479,40,455,68,456,415,388
1242760388,3765672424,100,339,60,439,239,379
1114488632,1933687371,167,376,128,204,209,76
890425155,136574221,79,419,0,499,340,499
1170709093,2899059377,38,460,87,412,422,325
1267996713,3944792818,1,437,5,469,436,464
938129753,199623098,62,436,0,499,374,499
973006055,267408919,0,499,109,389,499,280
1261186936,3898711494,82,445,97,417,363,320
905608225,150171728,91,408,0,499,317,499
1319412781,4214352717,20,480,106,411,460,305
1202709188,3259216032,112,387,0,499,275,499
884871880,104017025,0,499,62,436,499,374
1204250624,3287291099,0,499,62,436,499,374
1043841106,853456174,40,480,52,444,440,392
1169935381,2888059483,98,400,108,391,302,283
1062117484,1111054003,0,499,83,416,499,333
1261430429,3898729866,54,440,80,435,386,355
1129304057,2074018321,174,334,16,485,160,469
1213927032,3455950856,93,417,135,344,324,209
1249535598,3819982822,143,358,161,316,215,155
1318315098,4218489577,0,499,0,499,499,499
1131573937,2206123322,118,381,0,499,263,499
1020306523,522711664,64,475,230,270,411,40
1140309733,2406557907,0,499,62,436,499,374
1283576223,4061482030,110,419,77,444,309,367
1073485638,1318921854,62,436,0,499,374,499
651715606,55567925,62,436,0,499,374,499
1191237701,3104670523,35,462,6,494,427,488
1111721320,1914393321,0,499,0,499,499,499
1124955397,2086223175,159,340,110,399,181,289
1319530572,4214461529,138,400,85,414,262,329
1031574654,612055404,90,409,10,489,319,479
1211887608,3312222530,0,498,21,478,498,457
1269778131,3962605797,0,499,0,499,499,499
1258670393,3886232261,0,499,62,436,499,374
1275404191,4003973531,0,449,82,499,449,417
1272652572,3989834745,0,499,0,499,499,499
1235490471,3694301352,0,499,62,436,499,374
934822632,193261000,0,499,62,436,499,374
1283621866,4061593376,0,499,0,499,499,499
1281991806,4050748037,0,499,0,499,499,499
1302487465,4155419634,0,499,0,499,499,499
1017329326,505658875,61,430,124,371,369,247
1297447404,4135506904,62,436,0,499,374,499
1144416590,2474465539,62,436,0,499,374,499
868639588,93341220,115,384,149,350,269,201
961549799,237885291,100,384,201,298,284,97
1098547602,1685335929,39,463,11,484,424,473
1043906908,854214043,92,400,66,441,308,375
1324034829,4235889615,111,374,0,435,263,435
1123643177,1433620701,154,344,100,399,190,299
1226563490,3601179608,69,429,0,499,360,499
1277537953,4019816586,63,499,84,457,436,373
1230792543,3641714563,139,323,176,399,184,223
1270219945,3969948831,135,479,180,342,344,162
1086122212,1508937348,9,442,53,450,433,397
1296211099,4109316361,48,451,105,417,403,312
1178164464,2981141439,0,499,54,444,499,390
986555678,292577158,86,413,0,499,327,499
1310074036,4182216981,32,467,0,499,435,499
1313301755,4197507047,41,458,128,358,417,230
1311478632,4187456453,126,361,16,474,235,458
1027759097,575938074,41,453,6,493,412,487
1265214121,3929900495,224,297,3,491,73,488
1304077070,4160932953,106,388,51,463,282,412
1137612948,2335413364,0,499,63,436,499,373
1301435190,4060921054,0,499,0,499,499,499
287994246,13939507,63,436,0,499,373,499
972193853,264546065,107,394,176,321,287,145
1271575582,3976972208,56,459,115,356,403,241
1314636030,4203225362,0,499,0,499,499,499
1313778987,4184071144,22,474,108,399,452,291
1261305739,3898726576,81,415,41,438,334,397
1167001771,2825961493,127,317,36,476,190,440
1240831246,3747860141,0,499,83,415,499,332
949320909,212253903,2,443,41,459,441,418
1276430235,4013272577,35,499,3,499,464,496
1171815422,11620982,58,441,0,499,383,499
1043841395,853456117,4,495,76,414,491,338
1127347922,2121747386,147,359,149,349,212,200
957060014,187230724,150,348,123,376,198,253
1201838781,3249410219,170,329,191,292,159,101
1319991462,4223000620,30,479,45,472,449,427
1008087152,435928297,103,395,50,449,292,399
1320130396,4215411025,26,471,121,396,445,275
1077063134,143769681,83,415,0,499,332,499
1258839222,3887586025,148,365,161,343,217,182
1030543287,598181025,109,389,0,413,280,413
1308782171,4177940490,55,444,51,479,389,428
1269845804,3962833099,0,499,12,479,499,467
1238292398,3727585049,27,468,141,363,441,222
1245932518,3795616286,62,436,0,499,374,499
973906072,270070175,0,499,82,415,499,333
1283678501,4061597711,0,499,0,499,499,499
1152267992,2603096767,117,382,50,449,265,399
1133844344,2266973553,79,422,1,495,343,494
1047817780,825402291,73,426,0,499,353,499
1306489786,4168612583,0,499,0,491,499,491
1205731206,546584281,12,487,11,442,475,431
926397163,178545571,134,363,132,366,229,234
1008635854,439029466,73,425,0,499,352,499
36968930,1743376,149,349,112,386,200,274
968868125,254429388,83,415,0,499,332,499
1252620853,3850030442,61,452,69,454,391,385
1316998396,4211505904,45,436,36,487,391,451
1168888351,2866762007,84,418,33,453,334,420
1270607735,3972427474,40,463,103,389,423,286
1116862524,1922103720,152,346,100,399,194,299
1289399217,4087644397,0,499,0,499,499,499
1174584514,2940638378,5,494,162,354,489,192
1262930329,3910537279,0,499,29,469,499,440
1059434428,1936961912,16,499,100,399,483,299
1068095221,1189061726,0,499,0,499,499,499
1265205981,3929890025,63,436,80,499,373,419
1270238621,3970213498,41,457,93,405,416,312
1008735154,439120553,73,425,0,499,352,499
1130380429,2183600272,175,356,147,349,181,202
1249758770,3821565987,0,499,62,436,499,374
1292505786,4108937662,99,413,48,430,314,382
1048487552,942412717,71,427,0,499,356,499
1267155340,3941810170,0,499,0,499,499,499
1324075067,4236041803,45,451,86,418,406,332
1165759930,2806659897,62,436,0,499,374,499
628803255,55180385,74,425,0,499,351,499
1269446386,3957808647,0,498,94,383,498,289
1315244585,4187693183,12,490,13,456,478,443
1282283382,4055995877,14,486,97,396,472,299
1251592667,3844081418,102,359,146,375,257,229
1243559417,3299003353,100,399,20,478,299,458
1306622637,4168967652,17,481,44,464,464,420
928329988,181665429,76,412,128,366,336,238
1163150870,2763664535,64,450,104,415,386,311
1125044988,2088365483,113,436,16,483,323,467
1283493953,4061478981,38,474,127,461,436,334
1026800009,569547139,106,392,50,449,286,399
1007576771,435091424,102,396,50,449,294,399
1289891679,4090388578,29,466,54,460,437,406
1268059895,3944546551,0,499,0,499,499,499
989140364,294363397,83,415,0,499,332,499
1009331201,440689810,160,339,124,374,179,250
1001525067,368963896,0,499,115,311,499,196
1257950737,3883413120,81,378,123,381,297,258
1266052526,3930178166,85,414,0,499,329,499
1258428543,3883446063,22,477,22,473,455,451
994015681,302074161,62,436,0,499,374,499
1245237373,3789610242,25,463,62,414,438,352
1312211885,4193789870,136,371,85,442,235,357
1233878905,3682742911,0,499,0,499,499,499
1310525837,4182251063,0,499,0,498,499,498
1079794237,1428746234,0,499,109,389,499,280
1154624543,2641533863,114,385,0,499,271,499
1303085794,4157459240,158,440,122,348,282,226
1324282705,4236748177,154,346,141,384,192,243
1057461756,1075772021,62,436,0,499,374,499
1260369919,3893204344,0,499,0,499,499,499
887360888,132498752,158,370,159,341,212,182
1039826092,803385975,15,481,34,478,466,444
1296530084,4128571916,92,406,0,499,314,499
940505632,204035013,62,436,0,499,374,499
1057424087,1078796742,0,499,0,499,499,499
1198702750,1088308453,130,369,100,399,239,299
1213708442,3452242025,102,396,50,449,294,399
1295960050,4128274500,160,340,142,382,180,240
1179612054,2992578602,0,499,82,415,499,333
696432730,57695452,140,359,96,403,219,307
1100728965,1738592323,135,363,100,399,228,299
982947823,286814711,151,347,122,376,196,254
1260348202,3893243877,31,467,57,452,436,395
1281930767,4049042977,0,499,109,389,499,280
1087423614,1520746797,62,436,0,499,374,499
1312400033,4194758798,86,405,84,397,319,313
1216969211,3487829430,154,377,202,267,223,65
1235722754,3698703653,0,499,172,326,499,154
1245879748,3795106823,0,499,1,499,499,498
1077845840,1380911315,63,436,0,499,373,499
1311623997,4188795706,147,342,157,341,195,184
929810469,183529232,86,412,0,499,326,499
1301012093,4105604062,62,437,114,353,375,239
1042894678,845432454,3,497,35,465,494,430
871723901,116630255,51,448,0,499,397,499
930124772,181868908,71,412,44,449,341,405
1319385389,4214348416,27,467,27,471,440,444
1305526598,4165984737,0,499,0,499,499,499
1261715971,3900967031,76,469,61,462,393,401
1196212700,3182722362,38,466,112,425,428,313
1163940025,2772164096,62,436,0,499,374,499
1058160524,1083830861,0,499,62,436,499,374
442751530,50204910,150,349,180,319,199,139
1218269921,3503642018,105,393,8,489,288,481
1052365041,984641193,82,417,0,499,335,499
1235567099,3695440891,0,499,109,389,499,280
1100447082,1721061044,79,419,0,499,340,499
1298961368,4141380585,0,499,0,499,499,499
979403355,281791781,172,326,114,383,154,269
1283602391,4061587457,111,399,35,471,288,436
1018393677,510784756,95,438,131,371,343,240
1155891522,2661365833,133,368,83,420,235,337
1188512444,3066841764,101,409,22,446,308,424
1256825571,3875048380,151,346,104,448,195,344
997746788,86265418,190,309,160,339,119,179
503809800,52148944,68,430,0,499,362,499
1255697704,3870963880,100,399,100,399,299,299
1281985937,4050747480,0,463,6,499,463,493
1299537140,4141674935,36,464,42,455,428,413
1132972844,305385116,6,492,97,408,486,311
1275997161,4010221327,21,499,0,499,478,499
921947911,170165605,182,318,120,292,136,172
1286458350,4074830932,196,320,16,474,124,458
1225862656,2016188390,138,207,142,265,69,123
1315038325,4187070726,66,446,28,482,380,454
560353523,53775505,82,417,0,499,335,499
1269457645,4089731002,0,499,0,499,499,499
1100794762,1738640592,65,433,0,499,368,499
1183130350,3012046300,73,426,0,499,353,499
1174592302,2940640296,34,470,20,490,436,470
1022389778,529948391,151,316,232,268,165,36
1034427235,675976375,19,481,140,358,462,218
1225887116,1154697610,125,374,125,363,249,238
925228836,176734807,41,457,0,499,416,499
1323949784,4232042474,0,499,0,499,499,499
1246037792,3796890545,26,466,21,465,440,444
1279215306,4037104724,30,448,64,464,418,400
1262728669,3910821279,48,449,22,448,401,426
1234768197,3690228621,29,473,175,433,444,258
1308838276,548253266,162,335,60,346,173,286
1269436214,3957797038,0,499,0,499,499,499
1252575310,3847851249,173,328,143,358,155,215
984270576,288908867,0,499,82,415,499,333
1318163414,2442384089,191,311,58,459,120,401
1308884766,1924241810,100,399,11,487,299,476
1188462854,3065095688,0,499,62,436,499,374
1158121150,2695197986,184,330,46,442,146,396
1143927038,2471876452,73,426,22,499,353,477
993414362,301408634,186,312,9,492,126,483
975154620,272561459,58,435,3,496,377,493
1324222218,4236298550,55,439,117,410,384,293
1234797633,3683748744,0,499,62,436,499,374
1275545532,4006494259,71,443,97,486,372,389
1239355543,3737242155,0,499,0,499,499,499
1275144865,4003924715,0,499,0,499,499,499
1204205603,3287145389,30,438,11,490,408,479
1294197029,4122557338,125,374,32,458,249,426
1323324493,4231757276,65,471,1,499,406,498
1321666844,4227456708,39,441,51,453,402,402
1244326373,3782771620,0,499,126,436,499,310
1020710410,525079777,231,269,0,499,38,499
1314355060,4186266652,30,442,126,361,412,235
980304601,283332876,32,465,114,380,433,266
1043113488,847601908,141,481,48,416,340,368
1306672640,4167300182,0,499,62,436,499,374
1313917358,4200885457,32,499,66,447,467,381
1014036448,471531219,190,309,181,318,119,137
959718342,233363125,62,436,0,499,374,499
1251066089,3837505071,73,494,147,358,421,211
1322678057,4230268629,21,474,18,484,453,466
1195469683,3170639687,79,425,76,436,346,360
1289496917,4087650093,39,360,217,286,321,69
1319429963,4214364240,76,419,97,406,343,309
1277706721,4023021636,0,499,0,499,499,499
1067418633,1180915009,146,321,11,260,175,249
949216210,212100383,125,374,62,436,249,374
1135788578,2313282545,90,408,146,449,318,303
1245923611,3795448139,128,372,42,456,244,414
1027234245,570647012,100,399,59,440,299,381
1147086032,2522770041,0,499,86,412,499,326
1078671774,1404406346,4,494,14,495,490,481
1283470189,4061476481,9,490,10,477,481,467
1186356852,3028006763,78,411,48,464,333,416
1032928263,632776980,62,436,0,499,374,499
1239692583,3734409801,101,397,0,499,296,499
1195468788,3170636785,139,368,197,351,229,154
1042989375,819642304,139,358,86,413,219,327
1149957152,2567641147,5,492,9,494,487,485
879015050,124338320,0,499,62,436,499,374
1068327817,1192448111,0,499,0,499,499,499
1232936069,3665142632,109,389,0,499,280,499
1270532976,3971732151,45,444,20,425,399,405
1273448054,3992728297,21,473,29,468,452,439
1190252233,2746553090,0,499,62,436,499,374
1195469471,3170638786,80,430,79,421,350,342
1275494026,4006825856,81,456,85,387,375,302
949386868,212343036,166,346,139,357,180,218
1027047127,569677330,122,376,50,449,254,399
1212482321,3426889804,50,449,50,449,399,399
1243996908,3777589911,0,499,102,396,499,294
1283416467,4061577517,0,499,0,499,499,499
955336179,62387153,62,436,0,499,374,499
929117645,182660459,219,280,210,289,61,79
1069013921,1194877250,82,374,204,326,292,122
1293367707,4104750227,61,447,53,441,386,388
1243659392,3775275371,0,499,157,436,499,279
1301563342,4150999620,34,463,107,419,429,312
1294193461,4122556694,49,426,184,315,377,131
1107660241,1869200802,184,328,136,363,144,227
1328577156,4250645341,0,499,0,499,499,499
1131316218,2198350033,137,361,137,361,224,224
1166138149,2805278467,0,499,0,499,499,499
1144550156,2484179231,62,436,49,499,374,450
1218896589,3506084158,95,404,21,478,309,457
1246126303,3797082263,0,499,0,499,499,499
1236304231,3705872478,0,499,62,436,499,374
914530973,158982888,92,499,98,436,407,338
1305322950,4165063939,187,394,101,376,207,275
985058979,289719341,0,499,62,436,499,374
1260320583,3893280926,100,420,40,470,320,430
995597340,303846511,105,392,39,447,287,408
1192487150,3128713297,139,367,35,460,228,425
1293331069,4104740907,87,400,67,453,313,386
1138020228,2358080127,29,472,82,421,443,339
1212356865,3423326416,0,499,62,436,499,374
248988630,7123269,68,428,0,498,360,498
1241836101,3755318568,62,436,0,499,374,499
1223576131,3582299531,22,417,155,324,395,169
1317019623,4211633282,0,499,115,384,499,269
1007214662,433303020,73,425,0,499,352,499
1145511080,2497392881,47,485,91,352,438,261
1324230542,4236298735,0,499,0,499,499,499
1270227517,3969432897,102,396,134,365,294,231
1035416187,686142764,0,499,62,436,499,374
977264670,277787605,201,305,212,329,104,117
1168516020,2861077070,110,389,52,447,279,395
773681677,61749342,220,279,210,289,59,79
1236577413,3709762038,41,427,69,427,386,358
1279459466,4039865100,20,470,258,499,450,241
1194118189,3144923862,9,478,91,383,469,292
1275717613,4006540356,12,493,20,492,481,472
1311479139,4187527687,0,499,0,499,499,499
1178129731,2981089056,79,487,48,398,408,350
987527999,294380564,79,422,70,455,343,385
1316833722,4210905487,100,399,100,381,299,281
1319840250,4222579153,0,499,63,436,499,373
437003593,50057081,78,421,0,499,343,499
870690622,115075409,190,309,170,329,119,159
1279136340,4037580596,0,499,0,499,499,499
1282449984,4056669990,40,458,0,499,418,499
1242098912,3762504178,16,484,153,316,468,163
987902100,221003680,77,425,30,459,348,429
1303697477,4159373346,106,389,51,463,283,412
1308828793,804890761,100,399,31,468,299,437
1205835027,2761056878,42,482,31,464,440,433
1237274568,3716305033,38,474,103,387,436,284
1133577577,2256784567,41,470,95,335,429,240
1277783029,4026105910,23,431,27,493,408,466
1310383350,4182239240,0,499,0,499,499,499
1255757435,3871285648,9,490,55,446,481,391
1136423596,2330532082,0,499,62,436,499,374
1028582959,585066786,0,499,62,436,499,374
1027082417,569936701,111,388,50,449,277,399
1232448882,292663191,28,471,0,499,443,499
1267459264,3943122319,72,427,1,499,355,498
1145810702,2504781305,353,492,225,270,139,45
1225886317,284150571,125,374,186,312,249,126
1321561730,4223032493,54,445,0,499,391,499
1296285238,4130122007,62,470,156,367,408,211
1121420156,2035478929,103,380,23,476,277,453
1102154760,1791681469,37,466,233,269,429,36
1302731030,4156058403,0,499,62,436,499,374
1278810484,4037443731,68,425,110,428,357,318
456317965,50415626,0,499,62,436,499,374
1267233812,3942391028,7,492,147,387,485,240
1257544044,3875291089,82,346,15,490,264,475
1262293861,3906636303,87,425,58,441,338,383
1072895204,1310298176,62,436,0,499,374,499
1257461811,3881645796,144,358,37,458,214,421
987494099,294334323,73,411,128,369,338,241
1043949624,852674482,70,429,0,499,359,499
1276322501,4012664361,44,408,38,464,364,426
1236943353,3715829397,0,499,65,434,499,369
1275607855,4006500316,52,435,48,432,383,384
1237273843,3716304891,19,499,9,444,480,435
1033181662,644014285,0,499,109,389,499,280
1196143148,3162732384,220,285,226,324,65,98
1223486152,3580784137,129,386,64,454,257,390
1158979642,2705934746,23,475,69,414,452,345
1297915551,4137648406,179,329,105,380,150,275
1265209380,3929890125,2,492,160,363,490,203
1026915906,569742453,103,396,50,449,293,399
1073722647,1322040059,113,499,62,436,386,374
1244374494,3783381214,0,499,83,416,499,333
1321338605,4222580917,0,499,109,389,499,280
1026914834,569667839,101,397,50,449,296,399
1074289868,1329740714,62,436,0,499,374,499
1301493723,4150987819,16,483,72,465,467,393
1309651321,4179726972,0,499,88,461,499,373
1014031501,413160078,190,309,160,339,119,179
1123358996,2052440250,231,262,0,499,31,499
915702951,160400924,0,499,62,436,499,374
1253658575,3858328162,112,388,159,358,276,199
1203218398,3271518042,62,436,0,499,374,499
988927609,296076185,107,391,101,399,284,298
989042631,294408137,253,408,52,489,155,437
1282869457,4057530351,0,499,0,499,499,499
985785034,291340773,94,405,27,471,311,444
1077534537,1374148388,0,499,62,436,499,374
1100621729,1729723292,112,386,0,499,274,499
1198622255,3218519213,124,360,30,460,236,430
1328513704,4250687412,75,411,73,406,336,333
1189261474,3080119978,13,485,0,499,472,499
1277065289,4017326204,70,429,0,499,359,499
1038856827,767596972,0,499,0,499,499,499
1007986432,435851745,100,399,55,444,299,389
1239356628,3737246727,200,299,22,449,99,427
1254827981,3866444371,69,436,120,356,367,236
868161920,111480902,109,389,0,499,280,499
1317447744,4213177035,125,377,13,486,252,473
1251486489,3842786666,110,354,83,445,244,362
1188538956,3067204242,130,369,130,369,239,239
980427078,283492237,67,431,0,499,364,499
1249870268,3825576176,0,499,62,436,499,374
1317203215,4211530101,14,489,10,463,475,453
1156267015,2667722605,17,475,20,481,458,461
1319774259,4214981247,116,391,136,404,275,268
1283943093,4061634011,0,499,0,394,499,394
1321745536,4223030831,42,456,38,473,414,435
1301329871,4150977265,34,464,26,429,430,403
1102674555,1805032305,28,471,119,379,443,260
1056582654,1071723373,0,499,62,436,499,374
1094847024,1629867516,147,352,157,364,205,207
915401087,80420152,23,476,0,499,453,499
1254854419,3866814873,105,326,34,464,221,430
987663140,294485611,126,360,99,428,234,329
1314562791,4202304871,42,443,32,382,401,350
1245674508,3793736420,19,480,39,455,461,416
928185761,181505921,51,499,116,493,448,377
977165802,277497720,68,431,0,499,363,499
1007515333,435034243,83,415,0,499,332,499
1165226509,2800552398,103,403,38,430,300,392
1080930002,1451335199,62,436,0,499,374,499
1252627775,3850328586,0,499,154,436,499,282
864880842,106800572,0,499,62,436,499,374
922170548,170807778,215,251,0,499,36,499
1150660385,2578210350,95,404,0,499,309,499
900475909,146146610,130,369,77,421,239,344
1310702539,4182269946,0,499,0,499,499,499
1280636719,4046034318,89,407,5,446,318,441
1144778286,2488675675,0,498,0,499,498,499
1275183012,4003931770,28,488,46,449,460,403
1106605935,1862206247,0,499,83,415,499,332
1274843583,2552645923,72,426,15,499,354,484
1282980148,4057771444,62,417,59,444,355,385
1273137702,3993154796,40,461,114,376,421,262
1192175609,3120179899,52,484,149,435,432,286
863255963,103878556,147,435,150,416,288,266
1317965961,4215701513,0,499,0,499,499,499
1313695524,4199860524,97,400,100,399,303,299
1089461994,1553193432,35,409,173,300,374,127
1276046746,4010225142,45,489,8,489,444,481
941622041,207151319,185,315,191,303,130,112
938716298,185253300,64,434,0,499,370,499
1276819913,4017210503,18,487,97,415,469,318
770044385,113073066,62,436,0,499,374,499
1243439391,3773723728,19,480,95,403,461,308
1100079820,1711735890,110,389,58,441,279,383
1265222338,3929898848,0,499,0,499,499,499
1316319137,4200885089,0,499,0,499,499,499
1260315434,3893242104,9,486,14,456,477,442
1009093246,439902578,72,424,9,489,352,480
721698784,59585695,188,311,186,313,123,127
988479584,295540963,85,414,0,499,329,499
1104617180,1048107068,75,423,0,499,348,499
869860726,113623223,69,430,0,499,361,499
962608504,81819331,64,407,0,472,343,472
1065436168,1151400883,6,493,6,492,487,486
1052220801,983473676,100,399,49,450,299,401
971123945,261487197,196,453,228,271,257,43
971359580,261728323,69,429,0,499,360,499
1271512574,3976930736,0,483,93,497,483,404
1171847966,2912962648,60,415,27,480,355,453
1190250792,2041884718,0,409,62,436,409,374
1146384780,1858701630,0,499,0,499,499,499
1207793539,2806785273,129,368,153,343,239,190
1026468733,565097878,113,385,0,499,272,499
1298275520,4133399458,62,436,0,499,374,499
1265216316,3929900608,162,371,124,399,209,275
1190250796,2041884719,0,499,91,436,499,345
1252627714,3850328561,0,499,154,436,499,282
1023901925,538801254,99,328,180,357,229,177
1318687068,4215335546,22,463,182,342,441,160
1026887261,569596991,109,390,50,449,281,399
1118259280,1980965225,183,318,132,371,135,239
1029511551,591830023,11,485,125,373,474,248
1317155793,4211520324,0,499,0,499,499,499
1023350661,536317265,75,424,51,447,349,396
1225887534,1305607742,137,359,140,362,222,222
949498382,212509001,117,381,65,434,264,369
1113061600,1926714923,23,482,19,479,459,460
1095803424,1641720025,15,488,30,485,473,455
1288419446,3803177289,79,419,0,499,340,499
987456564,294315311,49,449,0,498,400,498
1196796217,3198678780,62,436,0,499,374,499
1042991049,819713548,133,395,114,394,262,280
1128401996,2143736819,0,499,63,436,499,373
987644456,294463655,57,442,0,490,385,490
698759856,57801264,185,314,158,341,129,183
872221280,117278757,0,499,130,368,499,238
1207898390,3341290423,56,442,0,499,386,499
1328630117,4250693920,55,445,64,448,390,384
1252948056,3854258849,2,494,5,433,492,428
906194286,150634773,154,344,119,381,190,262
1313482921,4197527139,0,499,2,499,499,497
926660515,176558728,186,313,127,385,127,258
1280428997,4045060525,13,487,141,473,474,332
1301391003,4150985052,68,431,20,473,363,453
1316222663,4200878689,54,440,126,354,386,228
1240542032,3748039435,44,470,66,460,426,394
1251019654,3837275155,0,499,0,499,499,499
859227241,94362265,149,340,111,391,191,280
1038115255,745327961,172,303,37,473,131,436
857893995,86338388,190,309,160,339,119,179
1196882901,3198737521,73,425,0,499,352,499
1100065045,1711731588,70,429,145,354,359,209
1275520267,4006491564,36,462,110,398,426,288
934228716,192097575,93,406,50,448,313,398
1275631366,4007155838,0,499,0,499,499,499
1069680149,1253935401,166,343,72,430,177,358
1137555534,1548292648,0,499,0,499,499,499
1298652715,4140188834,4,482,28,477,478,449
1293019538,4115846269,145,360,17,482,215,465
1191054162,3101167860,31,471,132,435,440,303
866473939,109334088,62,436,0,499,374,499
1026532649,566163499,0,499,240,277,499,37
1007209606,433303553,73,425,0,499,352,499
1275124824,4004555330,202,287,88,426,85,338
1255377480,3868422815,0,499,0,417,499,417
1262180425,3905788325,86,394,31,481,308,450
1171380993,2907831975,75,423,0,499,348,499
986589408,292716609,99,399,0,499,300,499
1275455041,4006484825,46,404,109,364,358,255
1279754897,4041455984,122,378,75,454,256,379
987344667,294180926,170,314,16,480,144,464
1084657034,1500098014,77,421,0,499,344,499
1316988815,4210982172,77,405,103,412,328,309
985269805,290207831,68,431,11,499,363,488
1309374025,4180435553,231,269,91,483,38,392
1157031046,2680843875,77,417,198,355,340,157
1243382563,3773714453,55,446,20,479,391,459
971431659,262169773,17,483,18,482,466,464
1313113194,4182538696,131,353,88,406,222,318
1066930461,1173353236,29,458,89,402,429,313
1245645917,3793574214,35,471,69,439,436,370
1318301508,1802451023,13,467,38,464,454,426
1278959354,4037569962,0,499,0,499,499,499
1156971807,2679537641,203,308,122,438,105,316
1178210521,2974260319,83,420,84,423,337,339
1244541194,3785187875,0,499,145,436,499,291
1276329358,4012665478,22,469,137,378,447,241
1088220821,1531891561,49,448,52,458,399,406
1266344786,3938140443,11,489,60,440,478,380
1282786801,4058576881,0,499,0,499,499,499
873073102,118583982,88,411,0,499,323,499
1309703398,4179733358,33,469,40,480,436,440
1283262079,4058388247,62,436,0,499,374,499
1184944188,3016037932,150,349,150,349,199,199
1229179758,3623529060,37,456,61,407,419,346
1029511539,591830022,45,386,140,365,341,225
1324128998,4236042532,0,499,0,499,499,499
1266675632,3939552038,167,330,21,485,163,464
1310254338,4182227927,16,499,16,443,483,427
1245919257,3795389356,125,374,142,356,249,214
1156925923,2678802113,183,319,149,404,136,255
977264716,277787650,90,409,130,369,319,239
1009289165,440647254,117,382,72,427,265,355
1258964118,3887592154,66,409,106,457,343,351
875899810,93256068,97,402,0,499,305,499
1245050848,3788458943,59,440,43,405,381,362
883092718,128031540,136,362,0,499,226,499
1100250752,892730995,80,419,125,383,339,258
1123359060,2052442227,113,397,141,305,284,164
1181001361,2990586041,22,464,77,412,442,335
874537003,94933853,71,427,14,499,356,485
1023325242,535993293,127,396,159,362,269,203
1136962377,2336081900,65,435,71,439,370,368
1249535624,3819982835,143,351,183,312,208,129
1083889234,1483642635,62,436,0,499,374,499
1318142221,131477543,1,474,114,397,473,283
1274663635,1079323,97,401,0,499,304,499
1035716172,690054114,0,499,0,499,499,499
987639431,294482116,0,499,62,436,499,374
885121105,130646810,75,434,12,487,359,475
1273962319,3995260044,136,363,82,416,227,334
979601331,282169690,84,406,15,487,322,472
1279698791,4041067890,32,483,60,431,451,371
1316205445,4200877620,131,371,66,445,240,379
1238290119,3727584348,17,486,110,464,469,354
1256856976,3874922461,0,499,0,499,499,499
1250919205,3836734650,0,499,0,499,499,499
1249535508,3819982784,137,361,155,339,224,184
1310680527,4184543351,0,499,0,499,499,499
1192370999,3127257805,207,293,60,227,86,167
921683049,169080842,62,436,0,499,374,499
848955810,80233736,62,436,0,499,374,499
1313344307,4183090278,32,440,71,435,408,364
1207680552,3344390499,118,369,140,358,251,218
1102133249,1581679699,55,451,141,330,396,189
1243380560,3773712399,138,387,31,452,249,421
1187038352,3040506404,0,499,0,499,499,499
1306790248,4167084815,106,388,51,463,282,412
1307782078,4172824633,46,449,142,367,403,225
1244541460,3785188042,0,499,122,436,499,314
1252507232,3849802355,135,364,159,324,229,165
1243785521,3775998190,91,406,64,420,315,356
1312693122,4195559942,48,495,63,489,447,426
1275636155,4007156020,122,380,121,465,258,344
1301844359,4151009580,140,349,22,499,209,477
1313526039,4197530225,0,499,0,499,499,499
1278118412,4029703738,22,474,23,483,452,460
1097487894,1671790999,47,445,114,386,398,272
973572950,269570162,135,364,182,316,229,134
1254967232,3866926232,0,499,0,499,499,499
1192192204,3123116467,68,432,22,488,364,466
1249535633,3819982839,155,342,162,346,187,184
1041190636,824466034,73,411,231,268,338,37
940888001,205313815,107,392,138,350,285,212
1040738535,818221812,156,347,159,332,191,173
1275491771,4006430446,0,499,0,494,499,494
1204516047,150963666,172,327,150,349,155,199
1115583687,1947498701,8,485,63,428,477,365
1304172308,4160987013,106,388,51,463,282,412
1058947340,1089635042,84,415,0,499,331,499
1237178984,3716579585,94,399,73,452,305,379
104274230,3296479,72,426,0,499,354,499
1276340917,4009739494,62,436,0,499,374,499
1174586270,2940638659,139,356,171,356,217,185
1280178821,4043913551,142,364,228,365,222,137
1015553417,485556387,157,339,59,452,182,393
1250268198,3831364144,0,499,167,436,499,269
472091285,46877408,70,417,0,499,347,499
1248451385,3814949915,64,424,22,474,360,452
1265216296,3929900607,31,472,43,473,441,430
1148155349,2536577016,0,499,62,436,499,374
1311873121,4188958276,0,499,65,415,499,350
1283927344,4063334158,53,478,31,463,425,432
1128042338,2135745262,62,436,0,499,374,499
1257256295,3879893138,0,499,0,499,499,499
1310048455,4181952985,147,319,103,408,172,305
1237107260,2801014083,40,460,131,376,420,245
1276309276,4012721164,21,472,166,371,451,205
1279010155,4037573992,57,462,67,311,405,244
925347670,176161409,70,429,0,499,359,499
963658718,244127347,33,466,93,402,433,309
941596078,206857787,0,499,3,496,499,493
1143050473,1831817558,92,406,0,499,314,499
1057051779,1074841709,80,446,130,368,366,238
1293788678,4114266447,62,436,0,499,374,499
1269848853,3962832791,176,314,30,224,138,194
1123660158,2059868712,64,434,68,440,370,372
1325996396,4234845093,62,436,0,499,374,499
1281927140,4048730102,0,499,62,436,499,374
1131291723,2195859643,141,359,136,361,218,225
1161118082,2732797014,110,389,54,445,279,391
1107660215,1869200726,5,490,51,419,485,368
1323278256,4233426387,164,341,165,370,177,205
1323122305,4231823431,17,473,63,468,456,405
1128045647,2135816201,0,499,62,436,499,374
1291723109,4103256472,149,374,125,336,225,211
1319412062,4214354235,32,484,55,435,452,380
1116431203,1960674950,63,450,84,430,387,346
1026952471,570003628,100,399,52,446,299,394
1088773444,1543824318,74,425,0,499,351,499
1265223414,3929899572,18,426,71,412,408,341
1323327113,4231757363,86,474,64,494,388,430
835544796,69685965,62,436,0,499,374,499
1062486500,1115319334,77,422,0,499,345,499
1296477017,4130806610,120,369,135,350,249,215
1239790539,3739282002,71,428,0,499,357,499
864724416,106321795,145,354,100,399,209,299
1265319632,3930247427,0,499,0,499,499,499
1220248995,3535535265,109,389,0,499,280,499
1043048581,846655198,0,499,238,259,499,21
1328538380,4250644687,48,446,62,432,398,370
1223365603,3580739972,120,379,7,476,259,469
1249535541,3819982801,138,361,157,352,223,195
1288789701,4085728072,0,499,0,499,499,499
1241910212,3761145976,50,449,28,471,399,443
998609044,335717210,175,324,153,346,149,193
1197057214,3205092509,52,444,77,442,392,365
1007519976,435014982,100,399,50,449,299,399
1295220673,4125633519,125,374,21,486,249,465
1190253797,1876684341,0,499,67,432,499,365
1007758019,435251575,170,328,127,372,158,245
1141957774,2441515052,0,499,0,499,499,499
1128911446,1968131812,6,492,33,465,486,432
1309297357,4180055799,46,446,68,437,400,369
1230548597,3632912342,0,499,59,439,499,380
941653250,207208979,127,357,11,446,230,435
1248866905,3817907790,42,465,70,427,423,357
1159888809,2718147356,0,499,38,460,499,422
1157119167,2681708671,64,440,17,437,376,420
1109443255,1884945977,0,499,62,436,499,374
1123828954,2063144366,128,370,156,343,242,187
1247570445,3811392036,0,499,0,499,499,499
1250268258,3831364232,0,499,100,436,499,336
1215140966,3463591175,61,437,14,499,376,485
988989326,296127253,193,409,227,272,216,45
1031548963,612506334,68,426,66,438,358,372
1104543625,1836461807,62,436,0,499,374,499
1316399454,4209061411,46,453,26,413,407,387
1117415570,1971645289,144,354,100,398,210,298
964956658,248816002,62,436,0,499,374,499
1109547224,1891372583,156,343,100,399,187,299
1255752961,3871041269,66,425,109,454,359,345
1282286519,4055998069,11,487,10,489,476,479
1305784804,4166724386,0,499,0,499,499,499
941622019,207151533,154,346,189,298,192,109
853995114,85245775,197,302,175,324,105,149
1028460550,584795359,66,441,223,277,375,54
1177147700,2970573617,76,423,112,387,347,275
1250917983,2062773759,0,499,109,389,499,280
1227163864,3607250943,101,422,44,410,321,366
1113100649,1832988195,125,394,16,473,269,457
1190251607,2793834112,111,391,157,325,280,168
1249535067,3819980441,219,290,300,340,71,40
989021720,296199633,139,433,26,455,294,429
1121304395,2033868296,6,493,106,390,487,284
1252628138,3850328871,0,499,62,436,499,374
1053577200,1035047749,81,418,0,499,337,499
1245223757,3789608242,16,487,47,443,471,396
1176503586,2958499415,0,499,165,337,499,172
1118043009,1978685853,126,382,18,476,256,458
1174592924,2940640401,49,458,17,480,409,463
1292835343,4114103373,74,425,0,499,351,499
1275053690,4004069285,35,477,36,469,442,433
1271542457,3976939286,45,439,124,423,394,299
1156654347,2675087246,137,349,132,366,212,234
1141798072,2442169652,116,379,24,480,263,456
1246603860,3801103986,210,289,222,276,79,54
1206526623,3329903459,0,499,0,486,499,486
1242565694,3765118374,100,399,48,450,299,402
1323077579,4232650540,0,499,0,499,499,499
1220422270,3544981020,0,499,84,415,499,331
1213045619,3439356505,163,349,65,403,186,338
1102718508,278404007,159,339,105,399,180,294
1322028455,4229639712,67,428,86,431,361,345
1217409695,3494041230,0,499,230,266,499,36
893309397,141190626,184,316,207,299,132,92
969937858,258075235,71,429,122,359,358,237
1126962595,278563054,156,342,100,399,186,299
1205953637,3314962791,133,368,98,403,235,305
1318284534,3894962247,139,365,174,346,226,172
1178133059,2981151732,229,268,33,225,39,192
1306539624,4167075883,106,388,51,463,282,412
1324188961,4236297288,44,460,40,442,416,402
1027312507,570696239,110,389,50,449,279,399
1107916759,1869938678,70,429,145,354,359,209
1240723236,3748204569,45,451,60,449,406,389
1274212093,3997827645,62,438,0,499,376,499
1261247458,3898889747,55,456,129,351,401,222
1265166914,3925039023,86,417,119,378,331,259
1262441872,3908157653,23,476,15,486,453,471
1148904035,2549434571,115,384,24,476,269,452
1261421652,3898726963,127,499,57,499,372,442
1176684938,2960731951,0,499,62,436,499,374
1239087132,3732773919,110,389,54,445,279,391
1288988537,4086033275,46,442,28,477,396,449
1283663373,4061597079,45,423,117,431,378,314
923677770,174431490,109,419,98,431,310,333
1297079558,4133417953,0,499,109,389,499,280
1127347866,2121747370,0,499,0,499,499,499
1174585763,2940638546,3,491,159,353,488,194
1218050368,3496250736,62,436,0,499,374,499
1254614984,3863252101,83,416,47,499,333,452
1191236791,3101210104,122,365,115,381,243,266
862097135,101506600,196,303,175,324,107,149
1291289866,4101477045,142,357,88,427,215,339
1232950004,3671585526,62,436,0,499,374,499
987653416,294481365,63,434,0,498,371,498
1314017150,4201307338,9,490,48,446,481,398
1274214318,3995536291,124,374,38,458,250,420
868119943,111436610,65,433,0,499,368,499
1292499756,4108936568,99,413,48,430,314,382
987510023,294334462,4,499,92,406,495,314
1308999954,4178827704,18,476,56,415,458,359
1324194381,4236297652,80,419,114,447,339,333
1251018136,3837275042,0,499,0,490,499,490
1303834238,4159427563,106,388,51,463,282,412
1269002235,3955074319,0,499,0,499,499,499
1317371546,4212779811,28,448,168,323,420,155
1116785313,1965125493,174,304,35,476,130,441
1305533458,4165988752,38,111,245,305,73,60
1294787265,2500437513,100,399,50,449,299,399
1083358110,1480177017,8,493,73,436,485,363
1244598899,3785385981,51,447,104,404,396,300
1289676849,4086151526,0,499,0,499,499,499
971026471,260751345,96,402,0,499,306,499
1213629719,3451202032,103,396,50,449,293,399
1306783402,4167084194,106,388,51,463,282,412
1204193371,3287116159,55,443,0,499,388,499
941621862,207151294,164,335,189,290,171,101
1255725685,3871034583,33,480,30,456,447,426
1243393591,3773730026,19,480,34,465,461,431
1283665227,4061597136,71,427,133,382,356,249
1111840156,1915835870,126,368,179,399,242,220
1190252784,2887023741,99,393,204,304,294,100
1294065452,4121736187,0,499,78,421,499,343
1198616517,3218450487,88,405,52,489,317,437
1130547610,2185384962,33,466,45,450,433,405
1192461247,3128637091,29,474,149,356,445,207
1278815854,4037086626,91,425,95,426,334,331
1211427874,3398859671,143,302,26,389,159,363
1004656305,405264544,36,463,10,489,427,479
1095905647,1643723472,3,494,97,404,491,307
1311474801,4187456275,122,363,19,480,241,461
893146955,140091212,50,449,100,399,399,299
1176505068,2958501313,72,427,72,426,355,354
1267979049,3944991668,143,350,19,478,207,459
891732046,138461421,163,336,100,399,173,299
1314245542,4186218997,60,456,76,371,396,295
1048357190,939818767,83,415,0,499,332,499
1255796740,3871120198,36,462,219,417,426,198
1321408220,3963247953,127,371,79,420,244,341
1254832042,3866445997,96,388,26,482,292,456
1190252063,2610184533,11,485,118,379,474,261
1108739572,1878103725,180,319,153,346,139,193
1012323848,458464307,94,404,26,473,310,447
927606573,180670737,117,369,123,385,252,262
1164090371,2776446706,62,436,0,499,374,499
1033503052,653792957,95,404,12,486,309,474
1146414200,1951738830,28,458,137,354,430,217
1031544563,611870874,62,436,0,499,374,499
1289702524,4086153704,85,429,52,489,344,437
1240849397,3750097714,2,497,114,388,495,274
1069101252,1223771253,28,475,162,338,447,176
1225877279,3593548036,96,402,58,482,306,424
1256818607,3875048212,0,499,0,499,499,499
1166268681,2812132834,120,379,82,417,259,335
1288047559,4079554695,0,499,0,499,499,499
1255182649,3868888014,36,451,158,384,415,226
1319057159,4220470402,73,423,73,476,350,403
1280076672,4042479605,12,493,6,498,481,492
1252799476,3851807905,4,495,106,395,491,289
1007360962,416640549,100,398,50,449,298,399
1079268829,1418129877,98,401,0,499,303,499
1123781406,278409171,196,333,109,299,137,190
1115460638,1945266557,174,334,207,312,160,105
1116549292,1962056054,154,354,209,290,200,81
886626877,132596786,0,499,73,425,499,352
970874347,260658670,0,499,62,436,499,374
965512012,250544339,106,395,7,477,289,470
1009313216,440700379,171,328,133,365,157,232
1200616728,532978690,50,456,41,465,406,424
1101393024,122992582,0,499,63,436,499,373
1075332620,1342442713,0,499,114,384,499,270
1071685460,1291558916,62,436,0,499,374,499
1288980897,4085932880,0,499,33,499,499,466
859609154,93575721,176,322,156,342,146,186
1268740956,3936362837,13,492,154,352,479,198
1261376023,3898716778,0,499,0,499,499,499
1140309881,2406558031,70,484,95,417,414,322
1174590084,2940639592,136,365,174,363,229,189
1008101568,435926326,107,391,50,449,284,399
1240731484,3748208020,78,474,55,329,396,274
1237572664,3720173293,80,419,0,499,339,499
1221464066,3563525473,6,467,9,495,461,486
1317981467,4215703363,0,499,0,499,499,499
1308842879,1883097359,100,399,25,474,299,449
1089483820,1553255293,3,478,37,463,475,426
1314355628,4186266670,48,486,42,380,438,338
835255697,69252990,0,499,62,436,499,374
957880212,225822062,4,495,10,489,491,479
1018396782,510791247,116,382,50,449,266,399
1279023382,4037801791,0,499,0,499,499,499
1130404451,2183677836,68,430,0,499,362,499
1252594966,3850028965,0,499,0,499,499,499
1271290925,3976563661,0,499,62,436,499,374
1197702936,2934821827,130,396,24,470,266,446
1325231613,4240794067,0,499,0,499,499,499
1275241665,4003946336,56,448,69,446,392,377
1237105747,2080210658,8,494,147,335,486,188
1248487370,3815103538,68,434,84,410,366,326
1282935528,4057769008,110,400,163,364,290,201
1243392648,3773730254,19,480,35,468,461,433
1164406533,2783854621,17,231,129,362,214,233
1261426793,3898728628,156,358,2,484,202,482
1282861347,4057529925,180,307,80,438,127,358
1277528601,4019812328,31,448,110,377,417,267
1156076932,2664721770,220,279,13,473,59,460
1075760296,1352146064,12,483,125,369,471,244
1307819066,4172826990,5,494,22,461,489,439
1256031829,3873074271,142,373,134,362,231,228
1250741177,3835044309,109,389,0,499,280,499
1301244276,4151242045,46,453,4,480,407,476
1118231713,1980435815,49,450,18,475,401,457
1256896474,3874579502,34,454,112,398,420,286
1319429432,4214364221,29,484,28,454,455,426
1225887232,3002436314,138,362,168,334,224,166
1246037754,3796890543,18,480,24,483,462,459
1314017162,4201307531,56,384,44,446,328,402
1174586192,2940638642,130,369,170,329,239,159
981043020,284148360,8,493,67,426,485,359
861861095,99140233,41,399,14,481,358,467
284532563,16266390,62,436,0,499,374,499
334030966,47861081,55,443,0,499,388,499
1320694587,4221595586,91,399,20,399,308,379
1188546425,3067343910,32,477,51,480,445,429
1121436497,2035783683,34,467,96,413,433,317
1301558637,4150999320,0,499,0,499,499,499
1311793245,433760371,94,405,0,499,311,499
1229603226,3619366802,0,499,82,403,499,321
1232537408,3665378060,49,418,118,388,369,270
66992430,1153314,108,391,46,450,283,404
866210380,108937861,9,491,48,452,482,404
1007370004,416627116,71,427,0,499,356,499
1287879722,4079551089,60,428,73,406,368,333
1287779766,4078786648,0,499,75,423,499,348
1217193250,3490979734,34,470,131,339,436,208
508930863,1172388,0,499,5,493,499,488
869863782,114026207,109,394,11,498,285,487
940879899,203067427,71,427,0,499,356,499
1278930858,4037524510,0,499,62,436,499,374
1275509483,4006491199,133,393,162,333,260,171
1226399510,3594221890,53,445,0,499,392,499
1161489742,2739506859,141,363,99,431,222,332
1260210401,3892253795,1,498,83,413,497,330
1275375521,4004154058,32,466,123,366,434,243
1257395755,3881250434,150,391,150,413,241,263
1310880431,4184608905,0,499,0,499,499,499
1019005317,85739398,190,309,154,345,119,191
1261411693,3898722959,0,499,0,499,499,499
1203669742,3281945103,0,499,109,389,499,280
1007837092,435306114,150,349,108,390,199,282
1096609145,1657064459,54,450,38,457,396,419
862581826,102343567,209,218,239,267,9,28
1140190625,2405189195,127,405,55,379,278,324
1299306766,4141676772,0,499,0,498,499,498
1236511555,3708919640,10,493,63,470,483,407
1303120668,4157460393,61,438,70,426,377,356
917848322,163467399,0,499,62,436,499,374
1283400648,4061576891,1,499,0,499,498,499
1133633276,2252123309,36,462,0,499,426,499
1278157425,1232681376,199,299,154,425,100,271
964989945,248906042,0,432,62,423,432,361
1201832499,3249405864,14,481,44,449,467,405
1213817844,3453619864,115,384,50,449,269,399
1234768185,3690228615,220,442,83,402,222,319
1152465424,2600565114,75,424,2,497,349,495
1245645066,3793573524,19,480,47,317,461,270
1289047026,4085962721,68,467,37,478,399,441
967569043,254417689,121,377,70,429,256,359
1301545580,4150998502,117,324,161,368,207,207
941180717,206029111,137,261,183,301,124,118
1031548915,612506494,51,448,51,448,397,397
1317996366,1951685679,0,499,40,499,499,459
980535832,283682781,81,422,80,419,341,339
1308851793,3343292230,100,399,4,495,299,491
977082071,197621539,71,427,0,499,356,499
1186394412,3028261963,26,439,157,355,413,198
1211887387,2788070800,0,499,1,498,499,497
1316288110,4200882513,29,467,130,369,438,239
1062216141,94680437,0,499,62,436,499,374
1190252599,2832752199,313,315,236,295,2,59
987352820,294184748,151,359,39,485,208,446
1307795327,4172825559,51,448,41,479,397,438
1252627366,3850328389,0,499,62,436,499,374
985841511,291327137,55,443,128,363,388,235
1313298280,4197506928,263,289,0,499,26,499
1192052849,3120607084,68,432,22,488,364,466
1102674391,1805032692,119,381,115,384,262,269
1234458406,3684622664,151,408,45,469,257,424
1108090547,1869307202,62,436,0,499,374,499
1270607449,3972427466,101,412,67,448,311,381
988440760,295300562,66,429,0,494,363,494
986809452,293147794,146,366,147,372,220,225
1283554610,4061584313,0,499,0,499,499,499
996554104,222563844,77,421,0,499,344,499
1298038010,4137782770,134,367,20,485,233,465
1261423989,3898727679,0,412,0,498,412,498
1284153186,4063427049,37,425,59,462,388,403
1072837650,1098726608,73,425,0,499,352,499
1130175068,2129703429,26,478,84,403,452,319
1236322511,3707218184,51,448,24,476,397,452
1233220113,3675575481,0,499,62,436,499,374
1277053840,4014925327,0,499,63,436,499,373
1299215334,4141566248,57,457,57,454,400,397
1192043520,3120575844,68,432,22,488,364,466
1192028585,3120529526,68,432,22,488,364,466
1209715131,3382583586,148,346,102,465,198,363
1316139404,4200873195,0,499,1,349,499,348
1152761742,2610853546,83,415,0,499,332,499
933447360,190543439,85,414,6,494,329,488
1198930832,3222293334,0,499,0,499,499,499
1204226801,3287241801,0,499,0,499,499,499
1063279724,1124462533,58,441,0,499,383,499
702833140,58511854,105,393,0,499,288,499
1181445355,3002935743,84,415,0,499,331,499
1276031046,4010533236,80,415,22,463,335,441
1264900054,3928053943,9,490,25,221,481,196
1215141011,3463091146,52,446,0,499,394,499
1186350370,3022677747,75,424,129,370,349,241
1295596418,4126963186,44,455,195,304,411,109
1292782279,4113854455,61,440,101,424,379,323
1283024319,4057773023,0,499,0,499,499,499
1193413173,3143925133,133,362,40,460,229,420
1295972363,4127727169,61,439,75,431,378,356
1177148758,2970575943,128,432,161,316,304,155
1323300879,4231695960,0,499,0,499,499,499
1255757593,3871285703,19,468,91,444,449,353
1323355158,4231413943,9,488,9,487,479,478
1309566636,4179940014,0,499,0,499,499,499
1254429893,3859878153,0,499,0,499,499,499
920254696,166113570,88,410,0,499,322,499
1010952565,449014252,75,424,1,498,349,497
1252799439,3851807896,17,465,4,496,448,492
1156149778,2655493977,0,499,62,436,499,374
906768743,150189652,71,427,0,499,356,499
1305856307,4166954814,106,388,51,463,282,412
1263593184,3804612855,182,284,184,344,102,160
1301501244,4150990091,66,433,99,389,367,290
1007492151,435010974,100,399,50,449,299,399
1324050024,4236041321,0,499,0,499,499,499
893238047,16600927,78,421,0,499,343,499
1093219193,1596157862,27,471,27,471,444,444
1089475720,1553195360,157,408,210,298,251,88
977996268,278573318,63,436,0,499,373,499
987573237,294415044,50,446,50,449,396,399
1141762229,2426133097,49,452,29,464,403,435
845710208,74729189,0,499,22,476,499,454
872752882,48370651,68,430,0,499,362,499
1323870248,4234090574,16,415,48,459,399,411
1194439424,3159155955,0,499,80,419,499,339
1195746047,1534815669,8,495,29,484,487,455
1220246637,3533718964,0,499,62,436,499,374
1292893293,4113732781,39,409,80,403,370,323
1072690983,1308612258,82,417,26,473,335,447
1027342715,570664862,101,397,50,449,296,399
1163049353,3952104129,121,377,83,419,256,336
1241698915,3759626450,184,378,121,302,194,181
1007979608,435845043,100,399,34,465,299,431
859879565,46649791,0,499,62,436,499,374
1146012353,2503913577,93,421,14,499,328,485
1123110486,2047593450,15,483,122,398,468,276
1269480438,3957842806,0,499,0,499,499,499
1148752356,2546349420,20,481,53,438,461,385
868373334,111781279,189,302,175,320,113,145
1273174941,3993179039,38,451,130,361,413,231
921098497,167810928,97,406,14,486,309,472
1299051709,4139370222,56,499,11,406,443,395
1276875489,4017676858,33,475,112,318,442,206
1009309879,440689157,160,339,124,375,179,251
1010512030,447609178,82,417,3,497,335,494
1043089210,124251237,103,395,0,499,292,499
1316305197,4209325339,100,392,134,399,292,265
845569906,74394333,88,410,0,497,322,497
1254461814,3861760888,0,499,0,499,499,499
1276010394,4010222611,43,471,15,499,428,484
1277938461,4023224444,0,499,0,499,499,499
1164350505,2665120068,83,438,6,491,355,485
830619289,62972732,62,436,0,499,374,499
1065795463,278678526,203,291,129,355,88,226
1280139155,4019920004,0,499,0,499,499,499
1127818159,2131535951,137,361,100,399,224,299
1062479603,1115111848,24,472,122,376,448,254
1188538863,3067204204,130,369,130,369,239,239
875601109,67957063,61,438,0,499,377,499
1313436601,4197676017,10,499,8,465,489,457
1306888636,4168958890,185,290,85,417,105,332
1169768331,2883118115,25,459,94,379,434,285
1209710388,3382580745,90,411,153,367,321,214
1307843896,4172829995,50,467,78,430,417,352
1306737278,1940510707,154,327,52,491,173,439
1077250850,1355046972,63,436,0,499,373,499
1159480506,182123404,116,355,188,358,239,170
1224371936,3586041857,62,436,0,499,374,499
1041763304,832974563,130,361,151,358,231,207
1053574910,1035044290,80,418,0,499,338,499
1323259789,4231789552,0,499,0,499,499,499
1260302873,2590366093,83,415,0,499,332,499
1318763263,4217954882,171,405,162,401,234,239
1250685162,3834851534,57,442,0,499,385,499
966010509,251455058,203,295,138,367,92,229
1279217494,4037105387,19,459,60,466,440,406
1243360010,3773558612,31,442,173,385,411,212
1309989143,4181946330,56,489,13,477,433,464
1015534809,485094322,130,371,115,385,241,270
1306911462,4168962292,0,499,0,485,499,485
1260346136,3893243557,28,467,71,431,439,360
833512080,64291855,208,284,197,298,76,101
979111119,281359302,0,499,63,435,499,372
1262760513,278565723,100,399,30,468,299,438
1176954741,2965041514,71,427,44,454,356,410
1283666693,4061597195,176,334,118,346,158,228
1075700791,1351876830,124,374,173,325,250,152
1208885862,3365464317,78,399,109,390,321,281
1315067906,4187102318,32,471,23,469,439,446
1158120509,2695196853,13,485,123,367,472,244
1015852557,490054211,175,324,143,356,149,213
1253396302,3856588905,37,440,141,386,403,245
1316124827,4200871896,17,484,41,464,467,423
1102187840,1789637301,80,420,116,375,340,259
1032482450,623831604,62,436,0,499,374,499
1221748959,3566343786,0,499,38,461,499,423
962457692,240798591,52,447,3,499,395,496
1287836654,4079436590,0,430,91,499,430,408
872131546,565790,73,425,0,499,352,499
1253449492,3856809590,0,499,0,499,499,499
958568180,228489678,117,379,161,343,262,182
1328251028,4250626799,19,449,137,468,430,331
1281962374,4050741939,0,499,48,450,499,402
1100081620,1711733318,110,389,54,445,279,391
1117394663,1972067119,0,499,62,436,499,374
1023057763,532388177,172,319,150,344,147,194
1314400054,4202302035,0,499,0,499,499,499
1275144115,4003924538,32,476,110,400,444,290
1301554757,4150999054,33,465,59,475,432,416
1008206572,436103005,165,334,132,367,169,235
1262276269,3906572985,0,496,2,481,496,479
1215344687,3470016876,76,407,95,398,331,303
885195133,122676890,63,436,56,449,373,393
1133618540,1107469735,0,499,62,436,499,374
1310790524,4182276909,48,487,25,453,439,428
925851285,177587150,0,499,62,436,499,374
1311290743,4182067124,51,437,115,432,386,317
1009269342,440566963,161,339,119,379,178,260
1316179107,4200876316,42,473,95,437,431,342
1174590236,2940639642,148,356,160,348,208,188
1307325690,4171232230,132,365,146,430,233,284
870131359,114429454,190,309,150,349,119,199
1178126653,2981068329,33,465,64,433,432,369
1257960481,2590483305,83,415,0,499,332,499
903980917,148596422,142,345,93,402,203,309
1239245407,3735701105,0,499,15,484,499,469
1190252755,1876684326,113,382,145,432,269,287
1319411963,4214354230,37,431,103,375,394,272
1292841611,4113911320,0,499,62,436,499,374
1294540292,444517470,94,405,0,499,311,499
1195004734,2662688563,194,263,212,279,69,67
1239155943,3734252650,46,432,12,485,386,473
1226986492,3605600711,34,455,15,486,421,471
1203627043,3280503597,0,499,83,415,499,332
1306595714,4168874197,0,499,170,499,499,329
1190251025,2041885658,0,499,62,437,499,375
1315445298,4205919874,1,498,0,499,497,499
294531654,17690099,75,423,0,499,348,499
1311831341,4188955078,103,382,21,463,279,442
1251224667,3838152595,82,403,164,339,321,175
1275658441,4006517694,0,499,0,499,499,499
1304027584,4160808829,89,376,128,412,287,284
1037685755,736880132,155,343,100,399,188,299
1258409208,3883434343,0,496,39,499,496,460
1124474695,2077941556,62,436,0,499,374,499
1196212618,3182722344,38,466,112,415,428,303
1005832188,418189914,102,392,183,311,290,128
1264047407,3923103943,50,449,96,422,399,326
1316211519,4200877819,114,433,26,481,319,455
902379622,147568090,190,343,195,311,153,116
1258912618,3887576551,22,483,48,472,461,424
1295994723,4127730975,40,456,47,457,416,410
1135559515,2310115229,137,361,100,399,224,299
1318010353,122458755,0,499,40,499,499,459
1309319545,1898222059,100,399,34,464,299,430
1323672850,4234141331,0,483,74,426,483,352
1319428504,4214364194,66,439,39,453,373,414
1159890896,2715531001,93,406,24,472,313,448
1284187397,4063437611,15,477,39,475,462,436
1294210197,4122559666,25,482,38,459,457,421
1281328112,4047027151,0,499,0,499,499,499
1305402590,4165070709,140,355,96,420,215,324
1149807712,2565040579,136,360,53,251,224,198
1325970741,4240154304,62,436,0,499,374,499
894756514,110437508,38,460,0,499,422,499
1248835386,3817893886,101,453,0,468,352,468
867996143,111332644,69,430,0,499,361,499
1289490614,4088730914,35,464,2,498,429,496
1307078268,3287130157,70,429,0,499,359,499
1302471138,4153931908,0,499,62,436,499,374
1233819498,3682501502,0,485,0,498,485,498
449706030,50279628,152,347,120,379,195,259
1161441890,2729416576,145,354,182,316,209,134
1174593752,2940640517,77,432,66,460,355,394
1277532814,4019813472,0,499,27,499,499,472
1264159791,3923190693,0,499,0,499,499,499
1154820233,2621052334,0,498,62,435,498,373
997335324,85446554,190,309,160,338,119,178
1262556769,3908182562,23,473,25,496,450,471
1136320177,2327464664,62,436,0,499,374,499
1206036436,3316913333,0,499,62,436,499,374
1108910647,1877076919,0,499,0,499,499,499
971431812,262168249,8,482,107,399,474,292
1191226178,3104462450,4,490,3,398,486,395
1023934396,539047480,56,443,56,442,387,386
1027041645,569919367,100,399,56,443,299,387
1316316567,4209328281,0,499,49,449,499,400
1064530991,1138402620,0,499,62,436,499,374
1205939420,3307260420,74,424,0,499,350,499
941609057,207115618,0,499,83,415,499,332
1244535049,3785057605,23,486,56,435,463,379
1313533318,4199252532,0,499,0,499,499,499
1008085047,435928280,150,349,115,383,199,268
1147272783,2530353734,124,376,155,343,252,188
1066672242,289753317,62,436,0,499,374,499
1252586530,3850028725,0,469,12,499,469,487
1255199992,3868888740,0,499,0,499,499,499
981056719,284152685,157,319,104,423,162,319
1195807862,3177051715,4,474,130,356,470,226
976179457,275426250,3,499,72,426,496,354
1265222793,3929899388,10,489,150,357,479,207
964146862,246026679,195,292,195,306,97,111
1301707082,4151270728,45,326,154,390,281,236
1048489654,942426488,71,427,0,499,356,499
1308728528,4177821157,73,446,82,457,373,375
1229682780,3626223449,0,499,62,436,499,374
1289161039,4086220872,0,499,0,499,499,499
1288112991,4079556755,0,499,0,499,499,499
834668738,67693053,114,384,64,434,270,370
1275090300,4003845032,79,414,78,407,335,329
1018395303,510784728,0,499,207,291,499,84
1308725786,4177785049,80,490,67,475,410,408
1240730047,3748207396,11,490,10,412,479,402
1322845551,4231925301,7,490,127,336,483,209
1319218388,4218317897,0,499,0,499,499,499
1190256254,1876686128,52,452,194,364,400,170
1005836516,418185203,0,499,77,422,499,345
287318029,5559885,185,314,167,337,129,170
1245644269,3793572256,28,474,86,393,446,307
1310617146,4184531319,119,392,172,311,273,139
1118665977,1983979556,178,323,200,298,145,98
297726469,18526015,0,499,62,436,499,374
969827104,257796856,117,381,65,434,264,369
933236825,190093972,71,428,0,499,357,499
998554083,335713272,0,499,83,415,499,332
1102704631,278549961,170,327,113,354,157,241
1294204513,4122558739,36,499,49,454,463,405
876616639,121964502,123,375,34,465,252,431
1302785419,4156529962,43,485,13,414,442,401
1129579933,2168595196,171,331,12,492,160,480
1282545401,4057545282,138,377,60,466,239,406
1077913666,1386929231,62,451,101,399,389,298
1263285301,3915994120,211,283,185,330,72,145
1190253805,1876684342,0,499,67,432,499,365
921250048,168344824,9,487,109,410,478,301
1192401448,3127174720,0,499,62,436,499,374
1196262938,3183959350,95,403,0,499,308,499
1275395232,4003969239,41,448,67,444,407,377
1123152155,278583290,219,294,154,350,75,196
1235535051,3695058085,125,371,43,444,246,401
1282915071,4057768068,0,499,0,499,499,499
1309289025,4180055625,26,453,0,473,427,473
1083104231,1468615067,150,348,100,399,198,299
1161463030,1548293504,6,491,205,306,485,101
1310538888,4182519625,15,481,137,374,466,237
1223527810,3581933321,59,445,89,477,386,388
1219773754,3530321331,128,380,39,472,252,433
1254100198,3860072551,64,433,115,352,369,237
1289799390,4089925785,9,496,0,492,487,492
865473805,107858585,62,436,0,499,374,499
971423466,262158471,0,499,244,256,499,12
1252790338,3851702026,197,297,196,348,100,152
1071868057,476383013,153,345,100,399,192,299
1295960178,4128274531,5,497,109,394,492,285
1295959567,4128274475,63,428,110,394,365,284
1026374011,562801930,0,499,52,447,499,395
1009344211,440675117,100,399,41,457,299,416
1078972004,1413003883,0,499,209,499,499,290
1322099174,4229651280,22,479,29,468,457,439
1178361360,2985057277,17,478,7,496,461,489
1282908355,4057767415,57,453,86,414,396,328
915767809,160562703,193,319,152,352,126,200
1271015366,3974951251,48,478,77,472,430,395
924760355,176005612,135,363,140,364,228,224
1306585399,4168873746,0,499,0,499,499,499
895551701,96270178,68,431,42,486,363,444
1253161669,3855209123,40,499,30,499,459,469
875907341,99727385,87,412,0,499,325,499
1174587185,2940638847,171,329,184,321,158,137
1243658987,3775275036,0,499,169,436,499,267
883654812,128592159,0,499,62,436,499,374
1252628009,3850328795,0,499,62,436,499,374
1174749308,2942695458,0,499,55,444,499,389
1247385231,3808841749,62,436,0,499,374,499
1269836836,3962805317,25,459,14,475,434,461
1310763887,4182106974,47,418,92,444,371,352
1231815289,3654466186,110,389,54,445,279,391
1212125973,3416851247,0,499,62,436,499,374
958601746,228684411,186,309,201,280,123,79
1294958475,4124868663,0,499,109,389,499,280
1252374945,3848654756,110,389,54,445,279,391
1314549075,4202304600,0,499,0,485,499,485
1313524129,4199252425,90,437,66,474,347,408
1292301064,4105473551,0,499,0,499,499,499
1244779409,3786615733,131,368,229,318,237,89
874730772,73277706,72,426,14,499,354,485
1155627673,2657269357,110,389,52,446,279,394
1196820569,3198853676,0,499,80,418,499,338
252807344,2632850,64,434,0,499,370,499
687738699,57435249,179,339,145,360,160,215
896633242,72472506,81,417,12,486,336,474
1008021376,435876916,150,349,106,392,199,286
1073632862,278684293,152,347,118,399,195,281
893310761,141192267,205,294,230,299,89,69
1316186520,4208887548,0,499,54,499,499,445
1275317824,4004141602,65,437,69,440,372,371
1258323785,3883424010,99,424,101,459,325,358
1269617970,3960068340,0,499,16,499,499,483
1120455111,2013520272,90,412,26,467,322,441
1041528066,826599135,74,425,0,499,351,499
1244540606,3785187508,0,499,122,436,499,314
1305095014,4163177999,54,444,0,499,390,499
1274880365,4001419678,10,493,82,163,483,81
1309123715,4179725772,0,499,0,499,499,499
836311622,7584170,51,447,0,499,396,499
984512772,289129007,84,381,107,361,297,254
1261413671,3898723660,9,489,58,436,480,378
927077551,179685361,62,436,0,499,374,499
1316651375,4200950876,49,464,43,430,415,387
1190252406,1898638088,42,464,162,323,422,161
973050365,266990080,0,499,62,436,499,374
1299062841,4139370203,62,437,0,499,375,499
1032195557,619745452,159,340,8,492,181,484
848210035,77911507,90,409,156,342,319,186
1016839347,501351773,70,429,0,499,359,499
1272178176,3986443720,0,499,0,499,499,499
1281864138,4053456034,125,374,125,361,249,236
1308950962,4172550604,72,426,117,382,354,265
1113805423,1928648638,174,331,196,367,157,171
941632465,207159785,145,328,128,365,183,237
1248831753,3817888137,80,417,35,463,337,428
1077182832,143939941,83,415,0,499,332,499
1316224332,4208962488,102,390,0,471,288,471
1292426116,4108912155,12,485,109,408,473,299
323724407,4334165,175,324,158,341,149,183
1063040490,1122440870,0,499,238,261,499,23
1248830881,3817887330,0,499,14,484,499,470
949538847,212564253,0,499,109,390,499,281
1278119640,4029714558,22,479,36,472,457,436
983728333,287674136,0,499,62,436,499,374
1221364849,52989717,185,313,150,349,128,199
1240226450,3745006359,124,382,135,483,258,348
1047564249,918880973,167,342,165,384,175,219
1100077415,1711735231,110,389,53,446,279,393
940839276,205231143,40,466,7,494,426,487
960042561,234910960,125,374,62,436,249,374
1238295838,3727586987,33,451,126,403,418,277
1265224467,3929899866,0,499,0,499,499,499
502390501,46810628,68,431,0,499,363,499
1302249463,4153278731,88,406,47,462,318,415
1252573320,3850138205,84,442,82,451,358,369
1251412578,3842551300,87,455,97,460,368,363
1234401059,3680530984,109,389,0,499,280,499
1238290614,3727584503,18,496,32,496,478,464
1136922056,2336205491,46,454,74,440,408,366
1266108503,3936826003,62,436,0,499,374,499
815791565,61470307,80,418,0,499,338,499
1260355317,3893199351,56,443,33,493,387,460
1257245992,3879894079,131,361,105,342,230,237
1103073464,1814027129,137,361,100,399,224,299
1223600913,3582314248,14,484,126,389,470,263
893311602,141191180,184,323,211,291,139,80
1181442064,3002932829,90,471,32,315,381,283
1253519539,3857173097,35,396,107,382,361,275
1323230736,4231851330,67,434,70,438,367,368
1283323437,4061150476,0,499,180,290,499,110
1280018271,4042478112,103,425,79,440,322,361
1271174939,3975975101,0,499,175,436,499,261
1251438969,3842663120,111,391,87,352,280,265
1302253081,4153278935,88,412,160,339,324,179
1220257945,2977729871,78,423,134,367,345,233
1298939709,4139510586,39,416,120,400,377,280
1233107912,3672150071,109,389,0,499,280,499
1277887977,4027058182,20,479,77,421,459,344
1189501474,3082611491,51,488,157,425,437,268
1193094692,2658827950,33,465,20,498,432,478
1235368511,3693294073,31,468,117,379,437,262
1317000425,4211506317,46,452,93,391,406,298
1119785865,278540836,181,317,121,361,136,240
1246406854,3798830873,158,364,62,469,206,407
976853474,276863633,50,449,0,499,399,499
1050288910,944004318,58,441,0,499,383,499
1174589509,2940639492,4,491,85,481,487,396
1029511584,591830035,42,457,47,450,415,403
870314806,114680502,134,364,92,409,230,317
1317902568,4215692773,48,436,98,419,388,321
1193441738,3144099948,0,499,47,451,499,404
933257591,190108911,73,425,5,490,352,485
1215725824,3460743976,130,347,165,367,217,202
1124125846,2071642000,40,406,25,469,366,444
1289265803,4087637494,0,499,62,499,499,437
1182192298,3005803509,92,439,130,360,347,230
1311873129,4188958278,0,499,65,415,499,350
987650169,294480997,46,444,41,460,398,419
1133352790,2248381528,155,344,117,382,189,265
876317443,80886536,91,408,0,499,317,499
1236516721,3708921112,53,471,21,469,418,448
1256856882,3875172909,40,457,160,357,417,197
1317371133,4212779801,21,462,216,320,441,104
985493442,290912064,0,475,93,395,475,302
1269455589,3958959515,9,485,82,393,476,311
1257073107,3877878396,172,328,88,454,156,366
1105211892,1845688601,0,499,0,499,499,499
1309682600,4179729437,0,447,21,486,447,465
1226405826,3591581830,0,499,142,436,499,294
1156653222,2675086930,54,421,164,372,367,208
1263870412,3921315518,125,378,10,499,253,489
934233897,192091329,122,318,114,397,196,283
941874108,207639264,142,310,84,419,168,335
1256939749,3875030101,43,460,27,468,417,441
1294995405,278578494,100,399,19,480,299,461
868964482,105681613,74,425,0,499,351,499
1317469090,4211721877,0,499,62,436,499,374
1254299357,3861170755,39,468,43,466,429,423
973606628,269653445,15,457,112,326,442,214
1202972755,2658347129,151,347,100,399,196,299
1250250570,3831234525,30,472,143,390,442,247
1152086227,1892606332,29,459,66,433,430,367
1313353283,4197666728,233,245,0,499,12,499
1201880699,3249725468,33,467,85,451,434,366
1268000904,3626367916,0,499,109,389,499,280
1089235359,1550829953,82,415,20,467,333,447
868448183,111932497,0,499,62,436,499,374
1122143325,2045877478,0,499,62,436,499,374
1306910031,4168962117,48,457,103,409,409,306
1255255898,3869226742,72,436,85,433,364,348
1253262190,3855780445,0,499,0,499,499,499
1256967827,3876188161,0,499,0,499,499,499
1132071797,2219513047,137,361,100,399,224,299
1275532976,4006492239,19,482,22,490,463,468
1026944495,569626703,106,393,50,449,287,399
1067290116,1179863444,158,345,119,391,187,272
1176065547,2953356173,193,306,170,341,113,171
1323696875,4234147795,0,499,57,499,499,442
884166054,129514716,70,429,0,499,359,499
1088219961,1135842641,81,418,0,499,337,499
676265271,53880215,100,399,91,458,299,367
1243659277,3775275192,0,499,62,436,499,374
1316134175,4200872713,9,493,38,438,484,400
1307670046,4172580319,126,358,96,439,232,343
1311501163,4187459319,180,315,57,474,135,417
1269631316,3960071836,79,430,109,386,351,277
1324117459,4236042295,0,499,0,499,499,499
969290249,256589818,0,498,69,429,498,360
1030676749,601668049,0,499,109,389,499,280
1182182057,3005787452,75,423,0,499,348,499
1168449367,2859817366,62,436,0,499,374,499
1240249997,3744991298,0,499,109,389,499,280
1305527247,4165985626,51,429,129,370,378,241
1266373437,3934327135,0,499,109,389,499,280
1017620421,504174079,0,499,83,415,499,332
1239940313,3742551023,7,489,22,454,482,432
1109301703,1887258022,0,499,62,436,499,374
1304111693,4160950327,106,388,51,463,282,412
1018394060,510786771,0,499,240,265,499,25
1066592656,1169305217,102,403,1,498,301,497
1306771915,4169545713,81,418,0,499,337,499
1301513875,4150994216,16,456,43,483,440,440
1167413081,2641967968,46,452,0,499,406,499
1178130492,2981089595,165,462,101,380,297,279
1314570629,4202305064,0,499,0,490,499,490
949384537,212341850,90,409,130,369,319,239
933447173,190543353,73,426,0,499,353,499
1111482623,1911582140,122,477,206,346,355,140
1267722163,803643620,56,453,60,431,397,371
907001461,151970051,83,415,70,499,332,429
1190258971,1949598456,147,346,139,384,199,245
1282518335,4057540177,23,473,98,409,450,311
1243244361,3772076474,44,475,140,373,431,233
1318542493,4215222809,0,499,0,499,499,499
1077614852,1376271948,156,343,100,399,187,299
1190259109,1876687706,111,393,80,422,282,342
949216969,212091332,0,499,64,435,499,371
1288413363,75582715,69,430,0,499,361,499
1319411869,4214354226,80,459,51,442,379,391
1208900450,3365699657,20,491,35,455,471,420
696443930,57695629,140,359,96,403,219,307
1256203340,3873819932,57,456,142,396,399,254
1123311905,2051093750,23,476,77,425,453,348
1199982180,3207172269,188,311,150,344,123,194
1043067023,846849075,70,428,0,499,358,499
1190252974,2832752231,0,499,67,432,499,365
1174853269,2944181961,83,427,91,408,344,317
1250253632,3831235500,0,499,0,499,499,499
1054262065,1041034731,74,424,0,499,350,499
1315207253,4204293686,66,473,182,373,407,191
1283402442,4061490597,0,499,110,389,499,279
1083047940,1475406348,0,499,62,436,499,374
912220146,156159672,71,415,2,473,344,471
847260853,76697184,79,409,21,471,330,450
939967258,202966662,0,499,62,437,499,375
1198711800,3219985148,138,363,58,475,225,417
1261418485,3898724741,81,424,83,437,343,354
1237248633,3716910971,199,300,178,321,101,143
986744932,292675230,68,431,0,499,363,499
1016398189,493922135,88,410,0,499,322,499
1176503888,2958499788,33,473,104,391,440,287
1178349954,2984786216,173,322,195,385,149,190
1265216570,3929900621,112,443,123,370,331,247
1311359196,4152961229,57,438,25,465,381,440
1238294247,3727586145,39,419,129,423,380,294
1301259562,4151275409,90,412,19,486,322,467
964620685,247659201,0,499,62,436,499,374
1274731844,118175727,77,421,0,499,344,499
1322869715,4231778895,34,457,31,442,423,411
1300256862,4038703193,93,405,13,486,312,473
1190256240,1876686125,52,452,194,364,400,170
1133112546,2243314531,128,359,28,477,231,449
969935434,258076100,78,323,80,414,245,334
1242030705,3750578260,61,468,103,395,407,292
1256083656,3873129091,0,499,0,499,499,499
1130798814,2188323329,48,452,59,442,404,383
1309515679,4180968296,104,367,75,453,263,378
987349724,294182788,159,365,11,496,206,485
1283612253,4061483756,0,499,0,499,499,499
935383789,194180964,150,349,107,391,199,284
960721220,130509004,66,432,0,499,366,499
1015391173,480885165,200,299,173,325,99,152
858269666,92286100,190,309,234,313,119,79
1273429246,3992641194,38,477,30,471,439,441
1273141786,3993164358,19,485,159,366,466,207
1031257454,610805324,95,404,0,499,309,499
1008764248,439168182,73,425,0,499,352,499
1120274386,2011953632,65,486,37,479,421,442
1216491528,3481983774,0,499,0,464,499,464
1146384116,1097343654,0,499,122,354,499,232
149204130,1461793,29,468,93,403,439,310
1316212900,4200877836,46,467,95,407,421,312
1258279241,3883968219,0,499,0,499,499,499
1264546469,3925556174,13,494,29,495,481,466
946714003,208715282,163,336,180,332,173,152
1159603375,2716601792,33,468,79,403,435,324
1007809846,435263228,100,399,51,447,299,396
1146383350,1490035858,75,424,31,480,349,449
1279271236,4037116365,68,420,84,438,352,354
1277200582,4013271400,71,427,0,499,356,499
1240833616,3749873127,109,389,0,499,280,499
1116764404,1960306991,197,299,125,417,102,292
1269776847,3962605582,0,499,204,499,499,295
1303095384,4157570688,0,499,0,499,499,499
969935529,258076470,79,418,85,410,339,325
1318121612,1493196878,79,443,44,454,364,410
1281954600,4050741161,92,399,132,405,307,273
1105681754,1854719187,0,499,109,389,499,280
1322678095,4230268635,8,495,116,412,487,296
1265183285,3929867574,30,461,57,461,431,404
1283802004,4063198025,0,499,0,499,499,499
1117984453,1978501426,139,362,109,396,223,287
1177415761,2973470270,28,469,34,474,441,440
1024783102,545186850,0,499,25,473,499,448
1273280286,3992603883,52,461,74,471,409,397
1253151136,3855161582,0,499,0,499,499,499
1250139372,3813572964,59,431,126,356,372,230
1243659967,3775275624,0,499,134,436,499,302
1064921949,1143572584,156,343,100,399,187,299
940072222,203147635,99,399,0,499,300,499
1264003106,3923304867,74,422,107,372,348,265
1265504659,3931447055,103,404,8,491,301,483
1323081312,4232651009,10,491,29,362,481,333
1307337518,4171232891,94,499,0,409,405,409
1248609238,3816684894,0,499,0,499,499,499
1215367015,3470034827,81,420,75,423,339,348
1217245540,3492245985,17,484,108,407,467,299
1008116980,435933386,149,350,100,399,201,299
845288198,72625280,221,278,201,298,57,97
976628736,276231071,231,300,174,322,69,148
1262171116,3905723669,240,499,52,435,259,383
1140599718,2416206000,72,427,1,499,355,498
1079833692,1435923568,73,426,0,499,353,499
1156754233,2676463175,0,499,109,389,499,280
957862974,225643216,68,430,1,497,362,496
1282287904,4055998859,13,487,11,485,474,474
1121420237,2035478951,7,491,3,451,484,448
1025863207,544804140,68,431,0,499,363,499
1244541347,3785188015,0,499,62,436,499,374
935813765,61460033,86,413,0,499,327,499
1283706573,4061599320,0,499,0,499,499,499
1219677312,3525548652,0,499,62,436,499,374
1193639476,3148097785,50,450,136,450,400,314
1169863876,2877979184,0,499,62,436,499,374
1268085991,3944554131,81,383,238,417,302,179
1309177612,4178480230,143,358,32,463,215,431
940532220,138768173,198,301,152,346,103,194
1108739131,1878218220,110,389,36,463,279,427
1207787753,2891052214,91,405,46,449,314,403
1063357944,1125643569,0,499,68,431,499,363
1319412429,4214354253,87,472,18,486,385,468
987350466,294183141,142,359,11,487,217,476
1101803037,1409597729,156,342,100,399,186,299
1158121363,2695198420,26,493,71,434,467,363
1292715301,4113189830,136,370,22,479,234,457
1189522761,3082693478,8,499,23,436,491,413
867005757,75562986,180,319,151,348,139,197
1273907992,3995598893,94,446,129,382,352,253
1323287236,4231691431,25,478,29,478,453,449
1027191972,569834943,100,399,59,439,299,380
984270773,288908878,52,375,180,319,323,139
1062486210,1115318779,72,427,0,499,355,499
1027177311,569977974,100,399,57,442,299,385
1309034657,3220307564,108,399,25,474,291,449
1258936823,3887584969,41,447,47,469,406,422
1209717640,3382587312,65,451,78,418,386,340
1237165196,3716568231,61,428,67,455,367,388
1123348757,2051509501,0,499,84,415,499,331
1318477777,289970681,22,454,42,470,432,428
1248831293,3817887742,46,454,0,499,408,499
1276404285,4013138141,135,401,122,398,266,276
1291640521,4102661899,0,499,62,436,499,374
1280701865,4046438496,52,457,104,390,405,286
965014344,249154511,0,499,62,436,499,374
1237125409,3716827705,179,320,46,453,141,407
1027358711,570686548,102,397,50,449,295,399
1277223774,4020963508,67,432,0,499,365,499
1303073838,4157458277,0,499,0,499,499,499
1283591132,4061586497,23,479,77,416,456,339
1258860628,3887563437,25,499,52,347,474,295
1298544750,4139984955,6,492,143,368,486,225
1186394465,3028261974,92,369,148,334,277,186
1239446539,2956594444,41,458,113,361,417,248
1291848488,4068445089,182,321,93,372,139,279
868174207,111514281,47,394,0,483,347,483
1244767351,3786436457,68,430,0,499,362,499
1312238052,4193881794,26,469,19,487,443,468
1253335895,3856414950,24,456,143,333,432,190
1116559375,1962189101,197,301,157,342,104,185
1040565624,815648593,181,319,16,412,138,396
1267982575,3944992934,107,324,135,353,217,218
1004010072,401115820,70,429,0,499,359,499
956350270,97380866,79,420,0,499,341,499
1116105996,1953062772,22,475,24,480,453,456
1318265334,1509966737,20,413,62,418,393,356
1039134892,790594330,24,482,122,377,458,255
1068123481,1189422483,71,430,59,483,359,424
1086094554,269653752,21,478,95,403,457,308
1176785743,2961190630,68,439,38,477,371,439
1319296432,4220809970,71,421,54,486,350,432
1252895954,3852885028,67,432,0,499,365,499
1237279672,3716308188,0,499,110,499,499,389
1094722023,297464071,150,349,100,399,199,299
1232749189,3668712517,100,399,37,461,299,424
933238974,190095080,21,499,25,474,478,449
1267347624,3942400860,23,482,120,370,459,250
1168039731,2850585256,99,406,117,381,307,264
1147299129,1892606192,111,381,161,338,270,177
696463130,57695921,140,359,96,403,219,307
883394532,128341053,158,312,156,334,154,178
1124769130,278511936,159,342,152,390,183,238
1317373762,4212779899,0,499,0,499,499,499
939757247,202840090,0,499,62,436,499,374
1261409060,3898721915,0,499,0,499,499,499
1202897207,3255671629,62,436,0,499,374,499
1287548978,4071378192,0,499,0,499,499,499
1083051815,278552877,155,344,100,399,189,299
1298080937,4138192583,161,361,36,478,200,442
1156926302,2678801465,0,499,83,415,499,332
891909187,112636642,62,436,0,499,374,499
1158120668,2695197211,174,321,56,441,147,385
1027273548,570627848,124,374,50,449,250,399
1217183262,3490749573,0,499,62,436,499,374
1109953514,1887967918,97,394,114,375,297,261
1038410355,749305715,68,430,0,499,362,499
1267981397,3944992777,30,455,158,343,425,185
1317956649,4215700985,25,474,136,359,449,223
992946242,298311980,62,436,0,499,374,499
1293351630,4104760886,0,458,61,441,458,380
1253519665,3857173167,15,485,146,351,470,205
996783983,319201291,0,499,81,417,499,336
1261421371,3898726342,138,499,62,499,361,437
1058236995,1087877903,0,499,0,499,499,499
700795539,58388866,62,436,0,499,374,499
1245644310,3793572375,28,474,86,393,446,307
1027193364,569996856,100,399,59,439,299,380
1166798995,2824967922,225,276,230,311,51,81
1294818224,4124216076,54,444,5,499,390,494
1303683671,4159315947,106,388,51,463,282,412
1023905207,538829706,101,426,130,362,325,232
1274150339,3997813557,0,499,0,499,499,499
1225888175,3593774957,203,293,203,295,90,92
1223172971,3578986934,95,411,14,434,316,420
956082201,220969559,102,397,0,480,295,480
934656820,97306730,71,427,1,497,356,496
717853644,59229799,100,399,28,470,299,442
906099813,149145060,71,427,0,499,356,499
1151522961,2584887299,162,336,112,386,174,274
1008077169,435890903,100,399,51,448,299,397
1275545654,4006889528,0,499,0,499,499,499
1281739288,4052948347,0,499,0,499,499,499
963448404,243634443,148,356,101,388,208,287
1117425253,1973384839,216,301,173,332,85,159
1257718919,3881729019,45,441,137,403,396,266
1275183326,4003931805,13,486,90,407,473,317
1304082542,4160934379,106,388,51,463,282,412
833440450,47759201,70,429,0,497,359,497
585544731,54319160,87,412,0,499,325,499
1116516458,1960510221,0,499,62,436,499,374
1225683213,3586643608,62,436,0,499,374,499
1257454246,3881467675,94,421,55,433,327,378
1146837533,2517856034,70,428,0,499,358,499
1274485144,76484187,73,425,0,499,352,499
1310048883,4181953018,0,499,7,499,499,492
1178459666,1859936746,39,486,37,460,447,423
1226917927,3605383761,0,499,62,436,499,374
1178128567,2981088279,174,314,78,414,140,336
939425435,201522821,78,421,0,499,343,499
922170651,170807818,226,259,108,392,33,284
1008196819,436081198,167,331,145,353,164,208
1306048779,4167023231,0,499,0,499,499,499
1307913975,2470040631,90,487,44,373,397,329
1125494645,452072724,141,357,100,399,216,299
1008650715,439097128,119,371,113,437,252,324
1234743682,3689693897,162,331,73,424,169,351
1100077612,1711730474,110,389,52,446,279,394
1191491226,3109429120,0,499,0,499,499,499
914686002,159177817,97,423,2,499,326,497
1298080601,4138132600,110,389,73,425,279,352
731418215,60021374,52,446,0,499,394,499
1117992176,1978506600,73,445,199,362,372,163
1118437970,1984350052,13,449,108,448,436,340
1031546463,611578434,0,499,62,436,499,374
1314847391,4186792575,170,329,68,466,159,398
1311409416,4187117944,8,484,69,448,476,379
1072760957,1309769947,74,425,0,499,351,499
1313520737,4199252375,124,367,124,360,243,236
1244541399,3785188026,0,499,62,436,499,374
1315183232,4187516858,44,466,44,471,422,427
1260248752,3893011619,138,363,180,315,225,135
933233076,190091634,118,380,40,470,262,430
1206219572,3310350557,63,435,0,499,372,499
1161303160,2736731087,6,493,6,492,487,486
1215526504,3470062725,120,396,7,493,276,486
1252748612,3851271358,81,441,210,295,360,85
1242019834,3761594746,52,442,104,372,390,268
905285474,149878726,190,301,201,308,111,107
1289356814,4086094075,48,457,68,437,409,369
1136005143,2317203960,125,373,26,478,248,452
1260361091,3893244506,62,484,84,499,422,415
1107038078,1866826915,95,408,11,492,313,481
1316118443,4200871311,58,479,104,433,421,329
1282818236,4057763721,49,451,144,411,402,267
1121357971,2034801892,0,499,187,304,499,117
1241297000,3755139210,0,499,62,436,499,374
1078098444,1393142590,62,436,0,499,374,499
1164348714,2782964671,43,303,61,418,260,357
1166978680,2827954610,12,483,142,353,471,211
1298484111,4139802467,21,474,152,338,453,186
1235685217,3697780839,32,474,58,460,442,402
861626132,90316314,74,426,0,499,352,499
852928275,83790684,150,349,107,391,199,284
941026050,205568851,111,371,45,450,260,405
1314017131,4201307322,10,489,69,390,479,321
1119048218,1991504604,177,342,139,308,165,169
1309004041,2288669294,146,348,31,465,202,434
1016990998,500542324,0,499,62,436,499,374
1121420153,2035478928,12,494,4,486,482,482
1275068896,4003839671,69,442,68,443,373,375
1063252560,1124222156,0,499,109,389,499,280
1310003257,4181948180,90,436,96,499,346,403
1324632021,4237810153,0,499,83,417,499,334
1234863875,97372807,88,410,12,486,322,474
928186574,181507578,62,436,0,499,374,499
1313214122,4197658671,122,469,195,348,347,153
1262282925,3906573220,4,496,36,472,492,436
1282938703,4057769199,0,499,0,499,499,499
1321967048,4229884384,111,393,10,475,282,465
1313625812,4183688098,134,355,26,468,221,442
1316114633,4200870848,15,481,16,493,466,477
1177653285,2977765173,17,488,159,337,471,178
1163604189,2765929035,0,499,109,389,499,280
1290818277,4096845271,67,431,0,499,364,499
1319368163,4214334416,103,476,102,353,373,251
1306806490,4168955896,14,484,20,483,470,463
1070625279,1261609431,62,436,0,499,374,499
1142064233,2446326492,34,474,159,363,440,204
1077172638,1370209253,0,499,0,499,499,499
1243385117,3773726411,19,480,20,479,461,459
1091960446,1548294619,50,436,7,482,386,475
1265061322,3929381986,217,251,16,481,34,465
1241419557,3756669470,83,416,0,499,333,499
1313706517,4197612261,35,463,103,396,428,293
1260285389,3893195958,30,462,163,393,432,230
1242826458,3764081277,71,427,0,499,356,499
1239038943,3731993905,110,389,50,449,279,399
249348241,1153943,93,406,53,446,313,393
1317993924,4215705146,147,368,22,486,221,464
861632281,96843788,82,417,26,473,335,447
1250268156,3831364123,0,499,167,436,499,269
1254864609,3866817346,0,484,31,476,484,445
995102814,303051788,73,440,3,495,367,492
1261173491,3898707822,10,483,178,348,473,170
1073303613,1317636191,0,499,109,389,499,280
1261978655,3902216518,0,499,67,431,499,364
1310807485,4184546097,57,499,14,499,442,485
1118214791,1978692537,21,467,194,364,446,170
1218255673,3507957883,44,454,31,462,410,431
1244540957,3785187799,0,499,62,436,499,374
941658827,206671196,0,499,94,405,499,311
1169254894,2871337314,62,436,0,499,374,499
1109862208,49890726,65,433,12,486,368,474
1309034182,611670957,100,399,6,492,299,486
874728128,50068029,81,423,91,408,342,317
1257762412,3882885564,0,499,0,490,499,490
1309829687,4182100224,115,460,15,493,345,478
1121508506,1618250079,11,295,200,310,284,110
941622274,207151289,109,382,140,349,273,209
1225410242,3589914258,193,306,170,341,113,171
1212558304,3422999716,11,447,58,476,436,418
879662734,125124393,2,496,0,499,494,499
1317928141,4215695857,22,477,9,485,455,476
1009774129,146931538,62,436,0,499,374,499
664807826,56084681,218,278,226,306,60,80
872552238,117812391,76,423,0,499,347,499
996144165,304747254,84,415,0,499,331,499
849908462,75031392,68,431,0,499,363,499
972614333,266068250,0,499,62,436,499,374
1204635844,3294454208,116,293,129,370,177,241
1253161219,3855208979,128,499,0,369,371,369
1038466879,751104985,8,491,0,499,483,499
1283473921,4061476656,22,495,10,496,473,486
1273009930,3992399790,162,230,237,323,68,86
1067926256,1141479409,191,309,165,334,118,169
1307530838,4171910973,92,406,0,499,314,499
1053586513,1035122306,79,420,0,499,341,499
1282519118,4057540245,0,499,216,253,499,37
1283711011,4061600193,0,499,0,499,499,499
961869426,238329733,144,374,125,352,230,227
933734622,190645829,75,423,12,499,348,487
1232274516,3658924116,110,389,145,354,279,209
1162960195,446880593,154,345,116,399,191,283
1283025701,248753,23,477,0,497,454,497
1316222970,4200878696,15,486,61,466,471,405
1237422096,3719703430,46,450,22,412,404,390
1074338986,1334201937,55,435,0,495,380,495
1278443184,4035292656,41,471,93,415,430,322
1292398114,4108783032,0,499,62,436,499,374
1308929040,4177868547,99,433,155,328,334,173
981731943,285051283,17,482,101,401,465,300
1313656458,4197544098,45,460,80,444,415,364
1204636790,3294454809,206,288,178,322,82,144
1123812519,2062698020,152,346,100,399,194,299
1258320945,3881732965,36,496,37,468,460,431
1190258459,2832758085,6,493,79,420,487,341
1232787057,3669121695,130,368,39,445,238,406
244095630,6984559,62,437,0,499,375,499
1008210802,436079744,150,349,118,380,199,262
1102060539,272991723,101,405,20,472,304,452
1133833044,2263950353,0,499,62,436,499,374
1193608303,3147255271,43,461,107,391,418,284
970955207,261002873,164,448,60,448,284,388
1028247666,580252303,86,412,0,499,326,499
1039577224,798819712,129,392,99,410,263,311
1165754524,2767771943,64,435,35,429,371,394
1274821768,656502,92,407,0,499,315,499
1237306260,3716333485,0,499,0,499,499,499
1027067504,569922978,100,399,53,445,299,392
557603708,53660216,142,357,125,374,215,249
1305073234,4164661678,106,388,51,463,282,412
1211983108,3414348276,178,324,183,314,146,131
1209341481,3375816553,165,334,133,365,169,232
1230498832,3638923904,104,396,17,483,292,466
1145841383,2506221512,8,489,94,409,481,315
1303779726,4159407668,44,478,63,475,434,412
1242870211,3219625580,100,399,37,461,299,424
858803178,93548223,161,333,132,375,172,243
1283253449,4060770982,8,484,35,471,476,436
870350265,113623558,21,477,24,426,456,402
1010250368,291308361,75,424,0,499,349,499
1196638378,3195348863,73,432,24,418,359,394
1211526259,1888115461,62,436,0,499,374,499
1031309833,608069605,88,436,14,499,348,485
1301301020,4151000775,0,499,62,436,499,374
1215461019,3470166367,21,435,62,451,414,389
1265501219,3931446424,30,460,225,360,430,135
1166968437,2827810848,83,392,83,418,309,335
900579652,146169851,78,421,0,499,343,499
971644015,262873344,0,499,43,456,499,413
1159712385,2718729033,47,499,0,499,452,499
1282904926,1502286,36,463,0,499,427,499
728836775,59886158,74,425,0,499,351,499
1039719662,798869438,0,499,62,436,499,374
1283941957,4061633980,10,498,5,487,488,482
1323335780,4231757790,47,454,75,416,407,341
1074368540,1334422816,0,499,87,412,499,325
1146383348,1316638605,139,356,49,479,217,430
1190867021,1876684307,0,499,0,499,499,499
849082691,80377996,66,432,0,499,366,499
1253464910,3856809951,61,431,146,365,370,219
1262609450,3908524083,9,486,35,482,477,447
1136544243,2332095815,0,499,152,392,499,240
1303699365,4159373878,106,389,51,463,283,412
1278809236,4037443601,45,455,44,442,410,398
1312822685,4195572652,37,460,108,378,423,270
1092847387,1590990079,157,342,100,399,185,299
1245076738,3788586782,91,333,21,372,242,351
1315324993,4205111295,40,439,45,494,399,449
1275046145,4004067067,0,495,62,499,495,437
1067619838,1182418168,80,380,68,428,300,360
1109239052,1886035157,0,499,31,455,499,424
1179858350,2986623898,0,499,27,472,499,445
1273128137,3992404005,47,445,77,437,398,360
1015832357,490561552,87,388,81,409,301,328
1041179701,824466507,50,496,216,276,446,60
980706966,283760658,0,499,55,443,499,388
1323178244,4231835381,34,475,37,463,441,426
1276362678,4012870444,60,427,81,463,367,382
1209432790,3377122198,100,398,0,499,298,499
1299317747,3987638817,0,499,109,389,499,280
1130696166,2186863121,96,415,137,357,319,220
1177185121,2970965477,18,471,96,406,453,310
1027167279,570436195,0,499,62,436,499,374
1088058032,1531934425,72,427,0,499,355,499
1310340768,4182236367,25,461,133,362,436,229
979588920,282226384,138,360,95,404,222,309
1114696123,1936187755,19,475,2,499,456,497
1220738064,3552315119,19,481,72,471,462,399
1257244350,3879898487,35,445,98,438,410,340
1282714823,4057512062,0,499,0,499,499,499
1059246222,1089382697,0,499,62,436,499,374
1056521745,868300796,89,410,0,499,321,499
1103755993,30514450,182,316,160,339,134,179
1123813437,2062699769,152,346,100,399,194,299
1265573688,3931853990,118,397,74,425,279,351
227105730,6384780,71,428,0,499,357,499
1220591133,3549456258,172,311,155,472,139,317
866252684,108835456,0,499,62,436,499,374
1044079688,856252911,58,440,0,499,382,499
1092499175,1584177083,161,339,80,416,178,336
1324021478,4235888318,0,499,0,499,499,499
1285832398,4017664693,101,403,46,462,302,416
885748653,131514666,120,386,114,377,266,263
1101366576,1767720306,73,426,0,499,353,499
958568141,228489648,111,393,189,269,282,80
981955286,284904303,49,449,0,498,400,498
1087432720,1522098660,63,436,0,499,373,499
1308863648,1866642580,100,399,5,493,299,488
1279063101,4038280284,0,499,109,389,499,280
1307090500,4170579021,127,373,122,361,246,239
1053395997,516347421,13,488,69,432,475,363
1176065556,2953356176,193,306,170,341,113,171
1297625187,4131266794,83,415,0,499,332,499
860139614,97185101,126,372,85,423,246,338
882079278,126713719,62,436,0,499,374,499
1149011794,2546447483,0,499,0,499,499,499
1138020223,2358080120,29,470,84,421,441,337
1118988632,1989584399,62,436,0,499,374,499
1221500392,3564368264,62,436,0,499,374,499
958168160,226952849,71,427,0,499,356,499
1321998351,4229797314,72,477,15,452,405,437
987445606,294330209,49,457,150,464,408,314
1286446087,4074730239,111,387,8,491,276,483
1301843440,4151009557,15,488,37,442,473,405
1196212705,3182722363,43,451,133,425,408,292
1069799014,1256651759,56,459,128,390,403,262
1163736363,196014734,164,311,74,324,147,250
1128649537,2152081862,0,499,0,499,499,499
1110375114,1879187639,95,351,105,343,256,238
1276026870,4010224459,18,376,110,499,358,389
977775445,278812056,107,343,185,310,236,125
849966199,59703362,100,399,42,456,299,414
1174586895,2940638802,194,304,169,328,110,159
1144257426,2468937359,0,499,62,436,499,374
1009240797,440559420,100,399,62,437,299,375
1262140847,3904765599,62,436,0,499,374,499
1266478181,3938364687,0,499,109,389,499,280
1192192178,3123116454,71,431,261,486,360,225
1288880686,4085912764,100,417,32,481,317,449
1167052394,2826258399,0,499,92,406,499,314
1173818974,2932153931,45,483,24,452,438,428
1295282447,4125529253,4,492,63,436,488,373
1312146356,4193585163,88,439,107,422,351,315
1284473614,3969948910,164,258,158,395,94,237
1215110378,3467540166,110,389,54,445,279,391
982682739,286618678,177,318,193,359,141,166
1079155895,1414869588,70,422,174,343,352,169
1240523648,3748198322,27,471,60,435,444,375
1310466086,4182320802,60,442,21,482,382,461
1013972119,471204124,0,499,46,452,499,406
934558148,192617937,0,499,83,415,499,332
847083149,76454890,81,418,0,498,337,498
846953282,67361603,172,327,150,349,155,199
1110094264,1893886258,114,389,25,429,275,404
1269591658,3959993125,0,499,0,499,499,499
1040750728,818423342,10,487,63,435,477,372
1163972316,2777633977,182,321,146,352,139,206
1133775620,2265506417,88,404,94,447,316,353
1026095957,559883461,73,426,0,499,353,499
1283469909,4061578840,0,499,0,499,499,499
1258370843,3883429876,45,464,21,449,419,428
1019822469,512887771,62,436,0,499,374,499
1250268148,3831364119,0,499,62,436,499,374
1100587800,1733167371,0,499,100,398,499,298
1242741504,3765240226,72,439,175,344,367,169
1260616206,3894589099,0,499,0,499,499,499
1253459709,3856675855,0,499,0,499,499,499
1242098837,3762504152,13,487,32,460,474,428
1178273518,2983704805,0,499,239,256,499,17
1205280985,3303139153,80,418,27,484,338,457
1004347619,404130692,73,426,0,499,353,499
1048964999,943938764,0,499,6,493,499,487
861398123,99642325,0,499,62,436,499,374
1138683941,2365314034,62,436,0,499,374,499
1156300723,2667811812,12,479,140,362,467,222
1314175285,4201394157,0,499,0,499,499,499
1193178725,3138622385,169,387,217,296,218,79
1287773289,4071521784,236,307,185,326,71,141
1275773375,4008563396,50,113,146,306,63,160
1260348713,3893197739,31,474,136,368,443,232
1041114401,823774495,0,499,63,436,499,373
1192478115,3128687647,66,438,25,485,372,460
1022030320,515974765,190,309,165,334,119,169
1289320425,4087998091,54,444,5,499,390,494
1154395775,2635455875,0,499,62,436,499,374
1300255097,85740226,83,415,50,499,332,449
1270731332,3973779770,23,477,31,466,454,435
1253151076,3855161578,0,499,0,499,499,499
1217946530,2982531053,12,490,138,365,478,227
1133728431,2258789447,62,436,0,499,374,499
1287829975,4079407024,174,314,134,369,140,235
1115641994,1948803039,0,499,0,499,499,499
1198153091,840513155,154,344,100,399,190,299
1166773755,2602862339,60,62,373,389,2,16
1252186323,3847768331,0,499,50,486,499,436
1311831861,4189051763,50,449,50,449,399,399
1259190568,3887610817,22,458,61,465,436,404
862539372,102360908,174,321,63,432,147,369
1062986487,1115446070,211,287,204,322,76,118
925367696,176983730,125,374,62,436,249,374
1245059029,3787129759,13,486,0,499,473,499
1138432253,2359122251,83,415,0,499,332,499
859861383,95773499,62,436,0,499,374,499
1276321215,4012663085,50,489,108,362,439,254
861700661,100344188,94,405,27,471,311,444
1083732736,1481180792,85,413,0,499,328,499
915114133,126770618,71,427,0,499,356,499
1092117637,1563619999,71,428,118,380,357,262
1277634941,278514675,100,399,2,496,299,494
1249894551,3817828251,90,409,36,462,319,426
1282565941,4057548059,66,499,51,473,433,422
1276321830,4012664275,54,457,131,371,403,240
1104869186,1844542625,83,415,0,499,332,499
1015667370,487616259,0,499,62,436,499,374
1312561822,4195379338,17,485,102,424,468,322
1235981141,17084243,107,391,51,448,284,397
1298329511,4135924117,62,436,0,499,374,499
1311380455,4187374743,10,488,90,409,478,319
933253563,190106334,35,464,0,499,429,499
1195807871,3177051765,130,385,21,493,255,472
915389832,159946083,81,423,4,486,342,482
1262433764,3907804596,0,499,0,499,499,499
1278969929,4037571168,0,499,0,499,499,499
696468730,57695981,140,359,96,403,219,307
1303628855,4159071250,106,388,51,463,282,412
1276327856,4012665268,0,499,0,482,499,482
1292715493,4113189868,10,490,101,290,480,189
1269535291,1099447651,100,399,26,473,299,447
1100079965,1711732962,70,429,145,354,359,209
1203519334,1137261139,183,316,150,349,133,199
1267080297,3941727251,106,375,148,374,269,226
1313218722,4182812170,54,441,46,463,387,417
1007577791,435042499,56,442,0,499,386,499
1007493270,435016648,61,438,0,499,377,499
1100064632,1711732692,180,319,154,344,139,190
1287510491,4076850400,40,444,73,461,404,388
1303153017,4157721753,72,427,1,499,355,498
1230386491,1298288914,181,317,150,349,136,199
1132263033,2223090865,40,457,35,458,417,423
1318331836,4213600680,201,326,223,409,125,186
1156191844,2666372395,165,338,237,264,173,27
1312859965,4196505217,69,430,31,468,361,437
1061882215,1108707005,27,467,80,444,440,364
1273964863,3995365427,191,325,11,404,134,393
1279763725,4041457295,109,337,14,464,228,450
1082904942,1460479061,62,436,0,499,374,499
927606599,180670684,61,439,153,337,378,184
1313514389,4197530027,0,499,0,499,499,499
1188538796,3067204179,130,369,130,369,239,239
1073193314,1318381665,41,457,70,409,416,339
1307798056,4172825856,54,455,108,389,401,281
1310269149,4183346577,58,440,0,499,382,499
834936239,60933450,63,436,10,489,373,479
1253519552,3857173108,162,371,124,399,209,275
1227686836,3612904159,0,499,65,433,499,368
1307787540,4172824950,0,496,11,499,496,488
1250160321,3830391468,0,499,0,499,499,499
1307382139,4171236565,148,354,33,464,206,431
9456930,992281,63,436,0,499,373,499
1215210460,3469563816,91,481,108,390,390,282
1026797084,569550629,110,389,50,449,279,399
1211983060,3414348131,21,475,54,457,454,403
1311274567,278587095,100,399,38,460,299,422
1046406212,875237232,49,447,0,489,398,489
991262044,298706344,67,428,16,482,361,466
1247489143,3804044727,66,432,0,499,366,499
1166765404,2824410420,20,480,175,475,460,300
1265599481,3931889437,38,464,23,467,426,444
317180326,46691277,144,355,104,395,211,291
1043227056,849040392,87,419,32,464,332,432
1166680314,2823437069,160,321,143,359,161,216
1243409908,3773720376,31,469,30,468,438,438
867857907,111037329,91,405,10,482,314,472
1076988964,1370595738,73,425,0,499,352,499
1042872325,845210443,44,457,16,476,413,460
933254093,190108359,73,426,5,490,353,485
1278241747,4031030493,0,499,0,499,499,499
1253335501,3856414882,55,443,28,479,388,451
1198903020,3221619944,0,447,35,371,447,336
1248499900,3815324930,167,334,91,401,167,310
1323227571,4231851107,0,499,0,499,499,499
1324159837,4236042972,45,476,27,473,431,446
1315141107,4187432778,40,458,135,354,418,219
1252569212,3850010886,53,441,200,381,388,181
1223580476,3582301748,29,473,176,371,444,195
939849535,176174112,89,409,1,499,320,498
1089837379,1548295046,33,462,0,483,429,483
1275249067,4005356128,11,494,142,396,483,254
1319271412,4218753201,31,420,144,347,389,203
1008809143,439178790,73,425,0,499,352,499
1260465047,3887751498,46,452,0,499,406,499
1147089402,2522254892,86,413,24,491,327,467
1249535164,3819981987,183,323,219,284,140,65
1100064334,1711730043,70,429,145,354,359,209
1237267879,3716301616,0,499,0,499,499,499
1255121709,3868324438,0,499,0,499,499,499
1175733719,2950191294,0,499,109,389,499,280
870889184,115573761,178,320,151,348,142,197
1323698554,4233745979,16,482,0,499,466,499
455184928,50369352,120,382,159,343,262,184
1084753647,1082479176,97,402,0,499,305,499
1245017008,3788233817,238,262,0,499,24,499
854179095,85757083,70,429,0,499,359,499
1248395850,3814885472,115,359,137,387,244,250
1095201346,1631097072,137,361,100,399,224,299
1287321604,4074470255,86,416,51,427,330,376
914278308,158742826,51,448,51,365,397,314
884001345,47912434,69,429,0,499,360,499
1257449642,3881467486,125,351,84,415,226,331
1007490503,435019085,77,421,0,499,344,499
856119124,89102555,109,391,52,446,282,394
1283917567,4061631679,0,499,0,499,499,499
1230796702,3641715740,0,499,0,499,499,499
1140250195,2405971548,31,468,104,395,437,291
1178443477,2801468002,61,448,11,490,387,479
1323839899,4231421562,0,499,0,499,499,499
1288944268,4082114668,23,462,44,476,439,432
1225664257,3077836858,125,374,125,374,249,249
1068767750,1199873647,192,307,36,461,115,425
1075759331,1352145676,62,437,62,436,375,374
1325110167,4240397804,16,471,11,499,455,488
1312162423,4193612464,148,361,126,308,213,182
1144458649,2482252097,138,360,0,499,222,499
966923949,253816312,169,329,130,369,160,239
1121210354,2033308503,110,399,8,495,289,487
1269771895,3962600604,0,499,0,499,499,499
1129733271,2170454555,72,427,0,499,355,499
1282832404,4058579830,0,499,0,499,499,499
1307620809,3801662201,93,405,0,489,312,489
1174590205,2940639631,176,320,214,294,144,80
1225886729,532978828,161,349,160,339,188,179
1181476257,3003165958,62,436,0,499,374,499
865713627,108154310,10,481,29,473,471,444
1127692227,2129065455,0,499,109,389,499,280
1195073818,3155441694,0,499,63,436,499,373
1252606989,3850029380,95,382,51,454,287,403
1146885638,2525784151,0,499,83,415,499,332
1256931443,3874797407,85,368,82,412,283,330
1282816066,4057763199,41,402,64,433,361,369
1177593553,2976911783,0,499,99,401,499,302
1193286900,1967365997,112,373,92,479,261,387
1289515971,4086137070,22,455,151,400,433,249
1174592571,2940640348,68,426,45,472,358,427
1291766862,3421354384,91,407,0,499,316,499
845935829,56002470,167,331,129,370,164,241
1200758201,3243546569,111,381,26,478,270,452
911806201,155832154,74,425,0,499,351,499
1270445106,3971907969,63,427,53,435,364,382
1311634697,4188896069,0,499,44,455,499,411
1112934613,1925956024,44,480,182,399,436,217
1275420123,4004202856,84,429,87,428,345,341
1302929313,4155408652,29,460,21,487,431,466
1193876350,3149507266,180,318,31,467,138,436
1254745062,3864929051,0,499,0,499,499,499
1035421103,686157482,0,499,15,499,499,484
1183050532,3011755350,82,416,15,484,334,469
1297535350,4110808387,18,482,24,476,464,452
1188953805,3075343406,131,373,110,375,242,265
1203462492,3277806628,138,339,38,433,201,395
1133088245,2242526666,92,227,195,304,135,109
938308518,103575774,62,437,0,499,375,499
1115167415,1940491455,2,499,82,417,497,335
1132599810,2229415650,154,434,144,332,280,188
946314613,208306711,6,491,6,493,485,487
1004009210,401111386,70,429,0,499,359,499
1062174753,1111965652,73,426,0,499,353,499
979861276,282743140,80,422,76,423,342,347
250150556,4193543,66,432,0,499,366,499
1295960287,4128438357,39,430,53,446,391,393
1319623305,4214635651,49,401,175,425,352,250
1109379774,1888181618,107,390,131,365,283,234
675150507,1472811,79,420,81,418,341,337
1192190514,3123068122,68,432,22,488,364,466
1200799408,390019234,168,328,112,399,160,287
1055350512,1055959823,80,418,0,499,338,499
1248212757,3814580555,89,400,116,428,311,312
1251807667,3844584231,34,474,156,352,440,196
1189944073,3087696247,171,325,27,468,154,441
1320724929,4224640448,186,276,196,442,90,246
1259203704,3887612517,12,476,38,438,464,400
1323806766,4234277708,85,431,99,454,346,355
1174593655,2940640509,5,495,88,481,490,393
1252628118,3850328867,0,499,62,436,499,374
893020182,140394256,54,445,128,371,391,243
892413493,139251192,186,311,184,316,125,132
1006439939,412897749,239,251,339,357,12,18
1262172218,3905724046,0,499,276,280,499,4
1178452701,2647899660,18,485,12,485,467,473
1296019813,4127736876,10,489,9,487,479,478
1292918796,4113739983,0,499,0,499,499,499
1321860670,4229497117,79,391,97,414,312,317
1274663836,382634,96,403,0,499,307,499
1160944517,2728299405,69,428,0,484,359,484
1258309763,3883968891,65,429,99,410,364,311
949436594,212435049,105,399,19,468,294,449
959082638,230889566,73,425,0,499,352,499
912693362,156644942,164,332,165,362,168,197
1025679380,552318645,80,418,0,499,338,499
1300296894,4145581726,38,462,202,298,424,96
1311703129,4189154878,0,499,109,389,499,280
1190250818,2041884724,0,499,104,436,499,332
1266491379,3938616533,146,472,161,324,326,163
1216081032,3477292932,0,499,0,499,499,499
884900003,130415475,108,390,50,449,282,399
1283031819,215641,143,338,11,468,195,457
1124023040,2033310520,22,471,24,473,449,449
1157296507,2683678637,231,276,2,496,45,494
1236934815,3716121231,180,319,153,346,139,193
1283797482,4063197754,75,424,75,417,349,342
1262725677,3910820921,105,388,17,413,283,396
989117620,294379499,61,428,156,351,367,195
198160230,5924849,2,496,0,499,494,499
1174594136,2940640675,141,330,145,363,189,218
1269605821,3960064410,0,499,0,499,499,499
897865225,143913512,41,457,0,499,416,499
1261380851,3898717170,77,416,42,465,339,423
1137013377,2336126408,29,461,46,474,432,428
505794685,52239237,60,439,0,499,379,499
1283692233,4061598770,233,448,56,246,215,190
1292397989,4108945842,15,499,0,499,484,499
245223330,7041851,13,411,27,469,398,442
1173612979,2929591186,0,499,0,499,499,499
1275714132,4006539951,24,450,24,459,426,435
1298552852,4139988131,41,455,106,391,414,285
1178128451,2981081463,108,383,11,498,275,487
1269906336,3212831992,130,369,52,445,239,393
1202916262,543485121,186,313,150,349,127,199
1280267190,4044464207,0,499,0,499,499,499
1254624843,3863490910,64,440,74,422,376,348
1119407975,1998121866,32,455,113,377,423,264
1009613266,442965720,72,426,0,499,354,499
1241400562,3756588712,192,305,192,308,113,116
1305330290,4165106341,62,436,0,499,374,499
900425507,146067897,161,338,126,373,177,247
1305333660,4165344040,101,454,26,456,353,430
1308876637,4177866382,91,369,118,359,278,241
1026996529,569907206,100,399,79,419,299,340
1270219333,3969948684,31,472,43,473,441,430
896542165,66436065,98,401,12,486,303,474
1261173630,3898707834,28,476,158,370,448,212
1098750496,1694486195,0,499,13,485,499,472
994037839,297226717,116,379,145,349,263,204
1192147261,3122611073,68,432,22,488,364,466
1069204532,1228777340,76,423,0,499,347,499
924868395,176108971,0,499,194,305,499,111
854581042,83519357,77,421,0,499,344,499
1099342310,1698391952,217,290,207,336,73,129
891742028,138468599,144,354,100,399,210,299
1301028450,4105632950,16,485,115,370,469,255
1227741190,3613000609,0,498,96,405,498,309
1302900788,4156934362,20,475,45,474,455,429
1258380491,3883432132,69,413,121,409,344,288
933249373,190105489,32,466,0,499,434,499
1055489851,1046333403,0,474,109,389,474,280
1133076305,2242374905,0,499,0,499,499,499
1026817246,569553311,100,399,59,440,299,381
933830317,5124008,73,426,0,499,353,499
1115450129,1938881581,0,499,62,437,499,375
1287837286,4079436630,49,428,6,482,379,476
1320634924,4224637919,136,389,59,426,253,367
1277415697,4023535046,0,499,62,436,499,374
1008462642,438303852,106,459,41,461,353,420
1040716620,259581551,28,466,71,450,438,379
985256292,289495342,75,424,0,499,349,499
895143985,85952083,89,408,0,498,319,498
1269519055,3959414455,0,499,0,499,499,499
1026874576,569596630,112,386,50,449,274,399
1276017304,4010223026,58,466,72,452,408,380
1275657607,4006517673,1,499,0,499,498,499
987338937,294176545,0,499,51,429,499,378
1051133605,973626407,165,334,202,297,169,95
1253519603,3857173134,23,469,176,370,446,194
1234768137,3690228573,0,499,147,352,499,205
1252627568,3850328467,0,499,62,436,499,374
1278873405,4034032057,62,436,0,499,374,499
1323725045,4233749331,0,499,0,499,499,499
990426143,297464459,0,499,62,436,499,374
1232193046,3657010765,80,418,0,499,338,499
1007832118,435305896,100,399,56,442,299,386
974825335,272157592,0,499,62,436,499,374
1273910373,3995599065,70,407,63,441,337,378
1027363803,570732700,112,387,50,449,275,399
1273147639,3993166810,7,489,104,370,482,266
1310970226,4184552019,0,499,51,448,499,397
1193994032,3152448407,0,499,62,436,499,374
1283901235,4063203072,76,472,111,499,396,388
1043088743,841166782,0,499,62,436,499,374
1262142082,3904942485,62,436,0,499,374,499
1301427953,4060916835,0,499,0,499,499,499
1018013263,508622373,190,309,165,333,119,168
1204253078,3287293425,1,489,1,496,488,495
1283710324,4061600162,155,342,101,467,187,366
1268890144,3953951915,0,499,33,499,499,466
973253400,267498176,0,499,62,436,499,374
1265204715,3929889980,12,487,72,411,475,339
1167669221,2843164877,65,436,156,311,371,155
1195264200,3166490280,123,372,35,434,249,399
1284890306,4066224250,0,443,111,499,443,388
1155772180,2659812178,89,411,3,493,322,490
1057636353,1078573920,135,365,90,407,230,317
1199592680,3230623383,71,428,0,499,357,499
1307800739,4172826041,13,494,29,495,481,466
1190257730,1876686879,81,417,109,432,336,323
1290024092,460339051,100,399,83,415,299,332
1244541411,3785188029,0,499,62,436,499,374
1222044874,3555559647,0,499,83,415,499,332
1100250764,247653336,160,366,141,373,206,232
1171993172,2914717188,135,350,127,330,215,203
1317318281,4211720695,0,499,0,499,499,499
1255423740,3844496730,196,298,186,313,102,127
1323677428,4234147000,0,499,0,499,499,499
1072565202,938453364,34,465,88,407,431,319
1324006248,4235887441,0,499,0,499,499,499
1050962792,972054457,0,499,84,415,499,331
1204595876,3288002199,0,499,62,436,499,374
1236392208,3707735103,15,489,78,412,474,334
1213622539,3451187659,100,399,46,453,299,407
1290423579,4093216346,14,483,125,386,469,261
1221444460,3563518904,31,492,58,402,461,344
1257495433,3881231173,0,499,0,499,499,499
1137602435,2348775474,6,493,64,406,487,342
979352429,124690876,0,499,27,472,499,445
1079155976,1414869558,77,418,156,371,341,215
1278864055,4037565972,0,499,0,499,499,499
1277906063,4027336086,33,466,116,365,433,249
1063752566,1131326660,62,436,0,499,374,499
1233295502,209464082,55,442,0,498,387,498
1322675382,4230267916,25,477,52,457,452,405
1240236857,3745169196,169,335,17,481,166,464
1294106805,4122227725,48,452,45,464,404,419
1117500788,1974800131,68,430,0,499,362,499
1261378499,3898717065,0,499,94,404,499,310
1040249697,536076481,2,496,70,450,494,380
1027302486,570695683,108,391,50,449,283,399
1279321235,4037441480,2,499,73,495,497,422
1274238066,3997823775,56,448,66,410,392,344
916175864,160722944,0,499,62,436,499,374
1174592481,2940640329,0,466,36,457,466,421
1294438913,4122742778,35,495,0,499,460,499
1323310858,4231696244,136,441,94,364,305,270
440192430,50153240,100,399,52,447,299,395
1295959867,4128274486,62,437,145,353,375,208
1218894866,3520937453,83,416,0,499,333,499
1250023435,3825108485,62,436,0,499,374,499
1261715939,3900967025,134,375,110,444,241,334
1255173589,3868887550,0,499,0,499,499,499
1285869987,4017682742,31,463,84,442,432,358
989135394,294339275,162,337,0,499,175,499
1285853840,4017675985,19,459,72,387,440,315
1239048662,3732394235,0,499,113,436,499,323
1243660199,3775276382,0,499,148,436,499,288
1288903611,4085872522,73,425,0,499,352,499
1273036559,3992490571,65,426,132,445,361,313
1096608852,1657064417,37,466,167,334,429,167
1316313020,4200883503,27,461,116,455,434,339
1010794377,448508757,71,428,3,498,357,495
1317551298,4213492865,0,499,0,499,499,499
1187026898,3039339755,109,389,0,499,280,499
1192163382,3122717019,68,432,22,488,364,466
1278974088,4037530747,62,436,0,499,374,499
1150288994,2572664424,14,481,4,496,467,492
1292531312,4108942785,63,395,184,391,332,207
1307813171,1892782142,0,499,0,499,499,499
900334088,122807122,62,436,0,499,374,499
1317916831,4215693865,243,258,0,499,15,499
1241431537,3756680246,193,307,199,302,114,103
855675535,75858218,73,425,0,499,352,499
858190256,92378146,0,499,62,436,499,374
1316277632,4200881963,11,448,14,351,437,337
1047350989,902680985,0,499,62,436,499,374
1125592048,278571381,141,357,100,399,216,299
1186394430,3028261968,12,474,98,370,462,272
1306853021,4167092213,0,499,0,499,499,499
1115409455,1944066986,0,499,82,416,499,334
1018393726,510785081,90,431,88,421,341,333
1066666786,1161336368,74,425,5,494,351,489
1268772457,3924558661,10,461,126,433,451,307
938253260,150152391,157,341,165,324,184,159
1255866689,3872010793,0,499,185,436,499,251
1207055126,3332045353,39,463,111,388,424,277
1232369526,3660534495,0,499,62,436,499,374
1253682798,3858284717,0,499,161,338,499,177
1205825717,3312189750,9,468,281,354,459,73
1310032993,4181950151,17,311,139,368,294,229
1177230795,2971177652,135,430,163,315,295,152
1124820714,2075486392,0,499,0,499,499,499
1247715146,3795926052,113,370,71,449,257,378
1278807884,4037086215,71,435,83,434,364,351
1100067793,1711732715,70,429,145,354,359,209
1311167007,4185723382,56,442,0,499,386,499
1118440712,1984419236,154,346,22,462,192,440
1267249341,3942389879,0,499,67,433,499,366
1026207170,561189460,128,378,25,483,250,458
1262494571,3908515482,69,421,134,453,352,319
879250078,124671891,65,433,0,499,368,499
1146980406,2527234899,110,389,52,446,279,394
922081824,170411347,0,499,71,428,499,357
923241970,173533554,131,348,190,357,217,167
1193213758,94852844,35,472,73,459,437,386
1257693886,3881724907,29,475,33,499,446,466
1298941291,4139510654,0,499,0,499,499,499
1143263784,1548240483,14,484,88,400,470,312
1246095865,3797081055,11,433,12,485,422,473
1003703129,397017640,160,337,171,442,177,271
856851760,90629001,170,329,130,369,159,239
1244867286,3787191993,97,403,123,347,306,224
1051050718,875466091,107,391,49,450,284,401
719869756,59473027,62,436,0,499,374,499
1170011053,2890013961,25,473,0,499,448,499
1303273121,4157387260,106,388,51,463,282,412
1279180029,4037099344,74,422,157,357,348,200
1308834614,1819698712,100,399,25,474,299,449
1163773295,2769449793,83,415,0,499,332,499
1251336744,3454955564,100,399,11,487,299,476
1273940595,3995257357,24,473,28,478,449,450
1287193277,4077166354,0,499,0,499,499,499
1281999187,4050750458,0,499,27,499,499,472
1253447500,3856809419,74,497,116,470,423,354
593950791,5287136,68,431,0,499,363,499
1008086684,435929456,160,339,125,373,179,248
1299283057,4141675770,48,422,12,421,374,409
1254511669,3861225763,95,415,53,458,320,405
1253144572,3855151468,16,495,44,448,479,404
1269503451,3959371810,24,465,109,464,441,355
1196328114,3185583890,77,428,84,435,351,351
1309591220,4180200466,78,413,37,447,335,410
1275518378,4006491415,39,475,21,473,436,452
1035694928,689120567,21,467,160,342,446,182
1271557029,3976952920,30,476,69,441,446,372
1272471250,3978655340,0,499,11,488,499,477
1161989673,2743364472,0,499,62,436,499,374
1322455529,4229979632,57,432,68,470,375,402
1323082583,4232662760,163,331,106,401,168,295
1270157679,3969434687,0,499,0,499,499,499
1264276811,3925134061,30,442,45,499,412,454
1105797584,1856420022,78,421,0,499,343,499
899795731,145526150,0,499,62,436,499,374
1002976355,388573448,125,374,125,374,249,249
1221450415,3563520713,0,499,0,499,499,499
1165107961,2798891757,77,421,0,499,344,499
940822279,205194292,0,499,62,436,499,374
1108365821,1875756842,110,389,51,447,279,396
876450334,121552026,176,321,23,484,145,461
1294484903,4122564621,31,480,160,362,449,202
1276014737,4010222888,49,446,62,454,397,392
1015196476,474903303,0,499,62,436,499,374
1243238437,3766436528,62,436,0,499,374,499
1190252068,2610184536,29,452,164,339,423,175
1263880197,3921317072,125,378,10,499,253,489
1009309116,440700321,150,349,108,390,199,282
1065795221,278788997,133,366,108,399,233,291
1253256748,3855562334,73,428,91,398,355,307
1146369034,2510003836,62,436,0,499,374,499
1277539447,4019816845,13,483,107,413,470,306
977987088,278570833,259,398,154,283,139,129
1292778810,4113786709,0,499,0,499,499,499
1276368268,4012754961,39,452,120,354,413,234
905285821,149878724,188,301,197,307,113,110
1221478407,3541174300,80,438,120,460,358,340
987455644,294326272,100,399,100,399,299,299
1131301681,2199323922,86,412,0,499,326,499
1317695160,4214659136,0,499,0,499,499,499
1267520975,3943043238,62,436,0,499,374,499
1234768211,3690228628,0,499,14,484,499,470
973161220,268056280,188,304,154,349,116,195
1063033351,1117362515,34,478,150,369,444,219
1300144662,4145102402,90,411,76,478,321,402
1246586686,3798736167,62,436,0,499,374,499
1254318139,3861223359,0,499,0,499,499,499
1295220650,4125633514,108,391,25,483,283,458
1174591971,2940640221,167,321,176,318,154,142
1294200465,4120300509,61,437,0,499,376,499
1026888813,569624428,100,399,52,447,299,395
1328532169,4250644616,83,439,92,412,356,320
946714020,208715300,162,328,195,320,166,125
1174593911,2940640653,138,359,147,345,221,198
1317483998,4213277520,0,499,0,499,499,499
1067226599,1179272164,73,426,0,499,353,499
1204232232,3287254683,106,397,82,428,291,346
1120299316,2012220534,150,369,79,452,219,373
1190251947,2647272650,0,499,89,406,499,317
863822690,49609312,40,458,0,499,418,499
1276306852,4012720867,53,437,72,408,384,336
1253373349,3853518605,0,499,62,436,499,374
969984491,258153525,117,381,65,434,264,369
1167695986,2844061703,162,337,109,390,175,281
1066564240,1159619245,109,389,0,499,280,499
1215347064,3470018458,6,494,47,450,488,403
1285934740,4070725640,0,499,0,499,499,499
1076314565,1359041634,0,499,62,436,499,374
1248473176,3814969291,56,462,55,461,406,406
1265222172,3929898828,13,488,118,403,475,285
1276131182,4010546935,0,499,0,499,499,499
1280489482,4045073332,46,479,30,441,433,411
1002973507,388574944,168,353,133,372,185,239
1100085192,1711736715,110,389,51,448,279,397
1216074142,3477170569,52,450,89,330,398,241
1190251873,2887023667,144,348,138,361,204,223
1255920680,3872577144,0,499,0,499,499,499
1224201140,3585701799,0,499,80,420,499,340
1053012585,1013581307,15,484,15,484,469,469
1253935649,3859344245,0,499,0,499,499,499
1107969177,1870251566,55,446,15,449,391,434
1107660284,1869200462,152,356,114,366,204,252
987351836,294182686,101,400,96,484,299,388
1235220253,3692474972,33,474,59,460,441,401
1262367094,3906641382,0,499,0,499,499,499
1047916152,934107469,125,374,125,374,249,249
1002215933,113713522,62,436,0,499,374,499
1262454218,3904887004,62,436,0,499,374,499
1013440994,465230954,107,427,103,404,320,301
1191062101,3096535037,28,442,128,379,414,251
1277588806,4023548278,75,460,47,445,385,398
853955050,85236484,143,356,100,399,213,299
1053460790,302947493,168,331,1,498,163,497
1263284577,3916154570,130,367,157,343,237,186
1266344752,3938140428,61,455,63,480,394,417
1008003266,435849448,100,399,32,466,299,434
1306837556,4167090507,0,499,0,499,499,499
1103807006,1395205769,225,281,183,333,56,150
1265232643,3929868187,70,417,123,371,347,248
1123419320,473238019,156,342,100,399,186,299
1191424619,1876687576,146,373,115,398,227,283
885203240,122680457,78,362,116,380,284,264
1026011936,558486607,48,445,49,455,397,406
1076180705,1359568342,0,499,113,385,499,272
1270403776,3971835855,20,477,60,441,457,381
1256750244,3874333839,80,363,163,361,283,198
1118967348,1990035947,100,415,137,358,315,221
1287897044,4079552438,0,499,0,499,499,499
869016301,112828256,130,369,80,419,239,339
1250212703,3548957515,3,490,78,420,487,342
1258683407,3883457335,0,499,0,499,499,499
874728041,97517850,71,427,0,499,356,499
971491935,262251852,210,288,210,289,78,79
1043841359,853455941,15,491,36,454,476,418
1249535585,3819982819,137,361,155,339,224,184
1319429175,4214364212,43,421,59,413,378,354
1191773279,3115398090,71,427,0,499,356,499
1158120611,2695197165,147,363,142,361,216,219
955829802,220445973,125,374,62,436,249,374
1285408142,4069016230,248,257,128,198,9,70
1324065985,4236041665,31,484,35,465,453,430
1252575299,3847851198,189,327,207,312,138,105
1241820893,3757781844,0,499,87,458,499,371
1021631432,527294175,0,499,62,436,499,374
883252588,128190333,33,448,56,424,415,368
933864916,147366233,188,311,150,349,123,199
1190258116,1876686950,42,464,162,323,422,161
1283724389,4061606829,29,476,98,412,447,314
956395108,138758108,14,493,65,438,479,373
257281403,9858770,0,499,62,436,499,374
1248835956,3817895150,9,492,0,499,483,499
1099543083,1702859654,29,445,108,394,416,286
1063160223,1117825259,62,436,0,499,374,499
1306864871,4167093620,106,388,51,463,282,412
1262880478,3910517425,0,499,29,469,499,440
954454914,218463740,68,457,123,398,389,275
978628964,279896303,0,499,109,389,499,280
941621734,207151566,246,263,244,263,17,19
1087007161,1518741325,28,456,74,441,428,367
1273969513,3995260826,0,499,0,499,499,499
1251999475,3846609812,0,499,0,499,499,499
1246513084,3799716623,0,499,55,443,499,388
1167719696,2823853927,53,442,182,312,389,130
977760190,278811970,145,350,164,338,205,174
1253163820,3855209759,36,477,106,422,441,316
1295978174,4127727915,55,472,59,446,417,387
1322852586,4231938710,15,484,109,361,469,252
849939943,18220079,96,403,21,479,307,458
1013901674,470743168,36,463,10,489,427,479
1127834253,2126859897,174,329,176,340,155,164
1158852815,2679235607,0,499,62,436,499,374
1282760647,4058943252,0,499,24,499,499,475
1246433338,3794183896,0,499,102,397,499,295
1004341813,402748292,62,436,0,499,374,499
1309313740,4180297865,62,436,0,499,374,499
1179708103,2993124303,110,389,54,445,279,391
1079155958,1414869589,70,422,174,343,352,169
1146980584,2527234923,110,389,56,446,279,390
1113112248,1832993987,0,499,125,125,499,500
1249512867,3819874706,0,499,0,499,499,499
1252149251,3845586193,74,434,94,396,360,302
1310866695,4184607886,20,476,19,431,456,412
649890674,55541592,123,375,76,424,252,348
1276007639,4010222243,48,492,1,499,444,498
1313714743,4183950541,26,473,161,336,447,175
1257595313,3881713923,10,499,1,499,489,498
153446130,1445327,71,427,0,499,356,499
1316103726,4200869240,124,375,12,488,251,476
917931186,163464910,96,403,0,499,307,499
1008888362,439641810,73,425,0,499,352,499
1076292136,1361358683,41,441,36,472,400,436
1310587685,4182261174,0,499,0,499,499,499
976143705,275283668,160,339,120,380,179,260
1146383366,399408366,181,324,10,491,143,481
1272761440,3990164512,0,499,0,499,499,499
921249923,168344620,40,481,46,432,441,386
892084583,138771871,17,484,99,422,467,323
1301401283,4150986102,20,476,52,451,456,399
958647812,228762830,0,499,129,369,499,240
1211164323,1092992420,179,319,150,349,140,199
1314496096,4202303620,0,499,0,499,499,499
1148427461,1418192832,68,430,0,499,362,499
1195073426,3164193647,72,426,0,499,354,499
1146981104,2527236605,70,429,145,354,359,209
1066929148,1173352216,126,366,29,470,240,441
1255288611,3869238199,0,499,0,499,499,499
1053589712,1035127240,79,420,0,499,341,499
1307786906,4105632659,87,339,129,329,252,200
1241392153,3756524052,210,289,194,312,79,118
1318662019,4215327053,0,499,0,499,499,499
1174594634,2940640967,172,328,198,302,156,104
1101451897,1771706258,0,499,0,499,499,499
979101424,281078633,81,418,0,498,337,498
1321422052,4227436813,0,499,0,499,499,499
1146211166,2506513756,0,499,62,436,499,374
1008752750,439089949,73,425,0,499,352,499
1252551043,3850010472,109,370,75,414,261,339
862579408,102706727,106,408,188,299,302,111
1103093426,1813629173,10,467,62,472,457,410
1237139657,3716556447,0,499,51,455,499,404
1245644903,3793573356,19,480,47,317,461,270
981948792,284904045,42,487,181,326,445,145
1133338398,2248158203,90,411,153,367,321,214
1242250192,3763699045,5,493,17,479,488,462
1306894674,4167095511,106,388,51,463,282,412
1093125988,1597802391,150,349,100,399,199,299
1255745682,3871039275,28,470,53,466,442,413
1243659286,3775275197,0,499,62,436,499,374
1097547591,1672814122,144,355,95,404,211,309
1299701416,4143421313,166,333,100,399,167,299
1136544271,2332095825,0,450,130,399,450,269
1301252277,4150969238,0,499,0,499,499,499
1249536594,3819984712,176,321,162,339,145,177
1276531422,4014022961,143,329,35,481,186,446
899296069,145084930,70,428,0,497,358,497
1280559054,4044754523,0,499,62,436,499,374
1245219998,3789607345,18,498,14,499,480,485
1267261610,3942393576,10,491,29,469,481,440
849068582,46748471,72,426,0,499,354,499
1253945732,3859351952,0,499,0,499,499,499
1031494644,609913312,68,429,0,499,361,499
1278766414,4037079074,25,461,48,457,436,409
979542446,282129668,10,489,10,489,479,479
1322037360,4229642138,94,431,92,419,337,327
1257238080,3879897920,160,311,292,417,151,125
1273476337,3992736455,64,442,69,440,378,371
908484120,150570561,50,449,50,449,399,399
1301508293,4151262745,0,499,0,499,499,499
1249535352,3819982556,109,427,58,435,318,377
1254401086,3861758050,0,499,0,499,499,499
862038679,101284852,62,436,0,499,374,499
978059072,279209187,28,405,22,465,377,443
1293341179,4104726281,45,185,199,347,140,148
1092313576,1548294457,77,423,78,420,346,342
1276345167,4012861715,36,445,49,452,409,403
1137039583,2288076067,0,499,0,499,499,499
964949194,154305232,75,424,0,499,349,499
966436325,252902552,157,253,237,330,96,93
1069707294,1254464957,148,360,70,449,212,379
1283684834,4061597992,0,499,0,499,499,499
844641164,48582189,122,376,74,424,254,350
1204742327,3297101352,2,498,40,463,496,423
1302259286,4153279223,0,499,0,499,499,499
1092741630,1585992206,165,334,186,313,169,127
957022383,223575875,132,369,132,387,237,255
1253466341,3856402637,60,499,16,499,439,483
1231530418,3648212371,88,411,0,499,323,499
1293851036,1970428079,107,392,23,475,285,452
1275691344,4006535251,78,435,63,419,357,356
1163025072,2762497574,66,433,11,488,367,477
1271276736,3976900405,22,476,60,451,454,391
1265195113,3929896196,11,486,42,459,475,417
1262476644,3908165724,0,499,0,499,499,499
1217159348,3490364954,44,467,26,463,423,437
1208183785,3352113028,68,431,0,499,363,499
1231796355,3654500008,89,397,141,386,308,245
1265606110,3931891035,105,387,18,413,282,395
1222406757,3570262167,0,499,62,439,499,377
1055185596,1055332292,60,431,0,497,371,497
1316131263,4200872476,21,483,159,416,462,257
1255555600,3868450307,0,499,0,499,499,499
900312305,145882710,130,369,77,421,239,344
1176097500,2954028581,115,399,140,365,284,225
1186557830,3032960250,0,499,83,415,499,332
1306072004,4167127967,46,452,146,401,406,255
934310909,191983544,150,349,107,391,199,284
1027222910,570620374,110,389,50,449,279,399
1211802063,3410062520,0,499,0,499,499,499
833459849,63689545,80,419,0,499,339,499
1239926928,3740666535,0,499,109,389,499,280
1107660339,1869200395,103,376,77,408,273,331
1273107551,3992401121,60,451,85,462,391,377
874754947,120272887,70,427,0,499,357,499
1238728975,3729468616,0,499,0,499,499,499
922170744,170807829,226,259,108,392,33,284
912171683,156252023,56,426,120,395,370,275
1313536154,4199252568,83,499,0,499,416,499
1311531892,4187466243,68,431,0,499,363,499
1027066586,569876888,100,399,54,444,299,390
1299723862,4143441728,93,407,137,361,314,224
879535699,84199006,0,447,68,396,447,328
1155682272,2657906789,0,499,109,389,499,280
1278207379,4030640039,0,499,86,404,499,318
911397274,155611634,89,409,1,499,320,498
1319530550,4214461526,138,400,85,414,262,329
1310860367,4184606846,68,328,283,448,260,165
1260300244,3893300428,166,330,168,337,164,169
1169935377,2888059480,98,400,108,391,302,283
1239086221,3732686415,0,499,0,499,499,499
1316812223,1894155553,0,499,0,499,499,499
1015874529,133276975,76,423,0,499,347,499
1270155763,3969250196,2,499,0,499,497,499
1047562289,918736994,128,371,19,487,243,468
1323332123,4231813534,33,477,120,380,444,260
1249534147,3819978659,89,364,48,477,275,429
1260364641,3893203855,170,499,0,499,329,499
922062365,170428879,40,459,0,499,419,499
1292426322,4108912187,12,485,109,408,473,299
930398525,184109671,62,436,0,499,374,499
1249535468,3819982763,149,354,141,359,205,218
1282755113,4057515781,73,364,173,422,291,249
870796253,84539132,0,499,62,436,499,374
1244541223,3785187882,0,499,145,436,499,291
1271403541,3976911327,28,499,59,499,471,440
1294488890,4122565049,0,499,0,489,499,489
1276051858,4010225249,65,431,9,491,366,482
1275516826,4006491373,28,469,52,432,441,380
932126497,187570383,25,474,81,417,449,336
1076590907,1365490407,142,356,117,399,214,282
1256005704,3872873914,106,398,130,426,292,296
1257251647,3879892910,0,499,0,499,499,499
1106302603,1864047691,128,365,29,456,237,427
1099089973,1923133087,0,499,0,499,499,499
1108728802,1875763259,67,435,71,451,368,380
1270219615,3969948714,152,377,73,436,225,363
1318058509,1310133897,3,485,76,428,482,352
1124783080,2083233146,0,499,62,436,499,374
1275385902,4003967258,22,459,60,468,437,408
1007798021,435259770,100,399,54,444,299,390
1147466074,2526974552,0,499,62,436,499,374
1313047886,4197486947,0,499,83,416,499,333
1323344096,4231413717,66,467,94,417,401,323
1273162491,3992573996,22,481,48,472,459,424
836484684,71309192,76,423,0,499,347,499
1240723857,3748204816,0,499,58,441,499,383
892787555,140466768,63,436,0,499,373,499
687397410,47675095,161,338,126,373,177,247
1301063758,4150468071,31,464,105,443,433,338
1269738072,3962161295,108,397,38,473,289,435
1252575325,3848456466,36,463,121,377,427,256
1271243169,3976677037,16,485,36,476,469,440
1282295679,4056002612,129,370,16,481,241,465
1311707545,4189038531,0,499,0,499,499,499
1314396586,4202302011,42,408,7,445,366,438
1095855146,1161960028,90,412,9,486,322,477
1201698581,3248627409,0,499,62,436,499,374
1248846574,3817903030,22,483,104,376,461,272
1176437029,2957493894,0,499,109,389,499,280
974812755,272024776,75,424,0,499,349,499
1316262543,4200881269,2,496,0,499,494,499
1268416088,3951005370,67,455,184,375,388,191
922826716,108350407,63,436,0,499,373,499
1248845636,3817902354,46,449,78,421,403,343
860169223,97583186,62,436,0,499,374,499
1224581683,3586568661,62,436,0,499,374,499
283812671,15511645,173,325,140,359,152,219
934474169,192728580,117,381,65,434,264,369
1131795049,2211402097,54,433,120,372,379,252
1279132848,4037094819,79,410,91,436,331,345
1318166506,109417906,10,492,137,373,482,236
1095768730,1637630579,0,499,62,436,499,374
1311444861,4187125222,206,295,299,395,89,96
1250268094,3831364092,0,499,62,436,499,374
1250268102,3831364096,0,499,62,436,499,374
1283500676,4061581189,52,484,0,499,432,499
1213642247,3451414613,100,399,65,433,299,368
1313994294,4201218273,0,499,109,389,499,280
1271334810,3976905414,217,321,210,371,104,161
877647455,122847587,150,344,169,311,194,142
1208615078,3359783981,0,499,100,399,499,299
1274327251,4455112,102,396,0,499,294,499
1026844832,569611555,104,394,50,449,290,399
1287341861,4077189784,0,499,0,499,499,499
1154767699,2643902088,0,486,84,426,486,342
1307663686,4172334465,0,499,0,499,499,499
1131066824,2192173045,27,460,52,399,433,347
1158120537,2695196875,191,317,23,471,126,448
1322915809,4231782783,16,484,91,405,468,314
1309650136,4179726936,37,414,174,456,377,282
848476689,79401300,62,436,0,499,374,499
1109955999,1890909359,150,350,12,496,200,484
1008171129,436088335,160,339,137,361,179,224
1036175025,553075002,221,484,191,282,263,91
1261430283,3898729854,74,499,49,499,425,450
1243392925,3773730326,19,480,55,436,461,381
966185761,250550943,0,499,62,436,499,374
859297972,94475312,152,340,114,388,188,274
1292013883,4105723057,9,493,36,476,484,440
1165934499,2808507544,93,409,3,494,316,491
1053586799,1035122412,79,419,0,499,340,499
927603941,180671225,57,441,61,444,384,383
1316259910,4200881189,101,375,40,463,274,423
1166560481,2820109061,70,470,232,267,400,35
1213602762,3450933975,8,493,93,404,485,311
1192166866,3122735597,71,431,238,486,360,248
1287437965,4078565121,68,438,41,471,370,430
940533678,204386006,140,339,221,334,199,113
1017815581,507801938,137,363,59,441,226,382
1256329855,3873649639,0,499,0,499,499,499
1260345021,3893243372,150,479,60,447,329,387
1007481416,434923602,134,412,13,490,278,477
836447113,71189419,62,436,0,499,374,499
1198106182,278522879,150,349,100,399,199,299
1237300755,3716332861,30,470,98,428,440,330
1005844160,418201908,0,499,0,499,499,499
1287416413,4076845502,0,499,0,499,499,499
1226405758,3591581814,0,499,142,436,499,294
1065563189,903529198,137,362,100,399,225,299
1045350932,869283691,103,398,80,384,295,304
1241424842,3756673350,204,296,184,323,92,139
1266508590,3938618851,40,473,162,337,433,175
1320757268,4224769147,14,471,11,391,457,380
889936189,136091558,0,499,62,436,499,374
1192168356,3122780884,71,431,244,486,360,242
1189030434,3076798409,0,499,62,436,499,374
875925518,64513970,187,311,153,349,124,196
1323601723,4234242352,0,499,0,499,499,499
1011005817,447930404,0,499,62,436,499,374
1249535189,3819982002,175,318,198,306,143,108
1026850702,569708130,100,399,70,429,299,359
881926499,114586786,73,425,0,499,352,499
1287907092,4079552522,0,499,0,499,499,499
1027020133,569653544,100,399,74,424,299,350
1323111597,4232769889,0,499,0,499,499,499
1273694438,3992775779,35,477,36,469,442,433
1075760177,1352145700,51,455,145,350,404,205
1283513749,4061479422,0,499,124,499,499,375
987920204,294828423,71,428,0,499,357,499
1265901857,3935516600,0,499,0,499,499,499
1272625706,3989831515,28,451,174,365,423,191
1213026226,3439087587,72,393,168,367,321,199
557079609,4319577,150,349,110,383,199,273
1316200452,4200877311,6,493,14,486,487,472
1298289162,4131404600,62,436,0,499,374,499
1131564465,2207460764,0,499,63,456,499,393
1153390151,2625566399,14,473,147,333,459,186
1311005698,4184402671,0,499,0,499,499,499
1209472995,1888340803,39,462,9,449,423,440
1277040113,4019303464,97,402,0,499,305,499
1097000988,1660178620,0,499,62,436,499,374
1177147892,2970573145,170,330,0,499,160,499
1092497750,1584176537,37,464,186,309,427,123
1282977246,4057771272,89,317,147,370,228,223
1243996607,3777589541,0,499,102,396,499,294
1262755907,3906737161,100,399,137,361,299,224
1075759144,1352145673,46,441,140,350,395,210
1298551125,4139987685,15,471,102,404,456,302
1226855165,3604510017,0,499,0,499,499,499
1263628582,3918837978,0,499,62,436,499,374
1008142478,307297129,73,425,0,499,352,499
867975590,111195729,0,499,62,436,499,374
1147325006,2531016447,1,497,74,425,496,351
1264088634,3923534048,0,499,0,499,499,499
1119407809,1998122332,12,474,78,431,462,353
1023901857,538801230,137,285,210,337,148,127
1293195701,4116849146,129,390,65,453,261,388
1274894481,4001821097,15,489,144,353,474,209
1129786651,2171834850,127,364,8,482,237,474
1204471445,3290854964,76,422,180,318,346,138
1309400698,4180506401,79,420,0,499,341,499
1246302229,3798145321,0,499,62,436,499,374
1018395392,510785141,196,447,224,275,251,51
1324076479,4236041827,0,496,0,499,496,499
1270415878,3971927560,8,490,10,491,482,481
1275713398,4006539624,0,499,35,499,499,464
862579275,102706001,117,390,70,437,273,367
921293616,168243513,100,399,137,361,299,224
1259183593,3887610529,15,459,59,468,444,409
1307765521,4172823183,16,444,8,393,428,385
1292765400,4113697011,0,499,73,499,499,426
1313598702,4197534158,0,499,0,499,499,499
937374997,197623781,155,345,118,379,190,261
1319224634,4214078492,51,389,39,470,338,431
1310609838,4182262527,45,454,41,469,409,428
1220756293,3551754511,83,415,125,374,332,249
1215419072,3469889805,0,499,39,459,499,420
1269512375,3959384295,129,382,67,430,253,363
1231955394,3656218201,0,499,17,482,499,465
1250268242,3831364226,0,499,99,436,499,337
1176492606,2958406034,97,443,121,377,346,256
986179547,292024132,0,499,9,489,499,480
1249535544,3819982802,138,361,157,352,223,195
1320033240,4223080787,1,494,4,499,493,495
1241403521,3756589370,185,314,180,318,129,138
1108247491,1871354197,0,499,109,389,499,280
892832736,140640529,0,499,79,420,499,341
1257401340,3881319168,138,383,263,459,245,196
1289485641,4088648409,0,499,0,499,499,499
1008189902,436099202,109,390,50,449,281,399
1071007323,1283529845,22,477,143,354,455,211
1314017127,4201307318,10,489,69,390,479,321
1146392628,525109893,98,375,133,365,277,232
1028823379,588489125,164,336,127,373,172,246
1319535727,4214509139,47,466,118,450,419,332
154891730,5011283,62,436,0,499,374,499
1310067151,4181960179,10,499,26,495,489,469
1317193147,4210982932,21,499,2,469,478,467
1235997473,3703032334,32,474,57,460,442,403
1255073298,3867304964,29,489,20,487,460,467
1302879843,4156931660,0,499,0,499,499,499
1260223437,3894912637,0,499,0,499,499,499
1285135631,4063778819,0,499,0,499,499,499
1243658968,3775275030,0,499,169,436,499,267
894172682,60447138,119,380,12,486,261,474
499646012,51171550,72,426,0,499,354,499
1313252563,4197498385,61,433,89,423,372,334
1275419165,4004201458,66,432,80,428,366,348
1283681123,4061597816,0,499,0,499,499,499
1262917867,3910536199,0,499,29,469,499,440
1213819272,3453642993,100,399,33,466,299,433
1275678565,4006528706,0,499,31,499,499,468
1285447263,4069210324,0,499,85,419,499,334
1025004764,541874294,86,295,159,439,209,280
1151298204,2134907761,15,475,20,477,460,457
1026801966,569550173,109,390,50,449,281,399
1077736034,1381344739,151,358,125,424,207,299
894275436,141780047,10,452,37,451,442,414
1244540755,3785187523,0,499,122,436,499,314
1257866501,3883203459,0,499,0,499,499,499
1283613873,4061592772,76,405,88,411,329,323
1092993789,1589081740,51,447,0,499,396,499
1282761731,4058943365,65,433,0,499,368,499
947620247,209806809,74,424,0,499,350,499
941678852,207258076,253,309,183,310,56,127
1130837625,2188446979,0,499,0,487,499,487
1188953870,3075343432,121,387,118,374,266,256
1324191943,4236297510,74,438,144,383,364,239
1301016116,4105613779,82,411,99,388,329,289
1091794189,1569485059,62,436,0,499,374,499
1281733373,4053026481,0,499,0,499,499,499
1302460944,4155416627,97,392,138,440,295,302
1320555507,4224633324,89,425,130,418,336,288
1309874929,278413450,100,399,26,488,299,462
1225199136,3588114015,0,499,62,436,499,374
1028950320,589969866,139,351,8,456,212,448
1232858978,3659961578,71,427,0,499,356,499
1225886432,532978676,125,374,148,350,249,202
1250929821,3836829624,0,499,0,499,499,499
935148277,193774919,62,436,0,499,374,499
1307645357,4170435303,62,436,0,499,374,499
955904191,220585187,62,437,10,489,375,479
1307374277,4171078271,93,428,89,439,335,350
1020778444,525079947,0,499,62,436,499,374
1310080212,4181962214,27,463,51,454,436,403
1200124223,428876891,150,349,100,399,199,299
1190257882,1876686895,33,459,135,383,426,248
165067830,5290419,4,496,3,495,492,492
978019881,278767132,0,499,62,436,499,374
986166040,192924809,36,463,10,489,427,479
1158121274,2695198167,19,477,0,409,458,409
1215444724,3470259175,0,499,48,499,499,451
1254897117,3866912396,0,499,0,499,499,499
1061078073,1100198157,0,499,52,447,499,395
1299053833,4141586395,130,377,30,466,247,436
1310877483,4182109966,0,499,131,491,499,360
931972441,186218260,66,432,0,499,366,499
1013178556,464603130,3,496,124,373,493,249
1076346919,1361851258,67,359,25,468,292,443
1324091148,4236042025,0,499,0,499,499,499
1116794676,1965395310,88,412,62,442,324,380
1254517263,3861225948,18,465,39,475,447,436
1282008025,4050753919,0,499,0,495,499,495
958654539,228237608,189,309,165,334,120,169
1239242262,3735687817,0,499,0,499,499,499
1248209347,3814580381,0,496,2,481,496,479
1282750648,4058939344,0,499,32,499,499,467
885888766,131641431,71,453,3,486,382,483
1028630855,582189683,0,499,109,389,499,280
1161463063,1548293481,57,474,92,417,417,325
1163574720,2765221632,180,319,150,349,139,199
1311494467,4182395615,20,480,19,474,460,455
337902159,47924013,47,451,0,499,404,499
1305895663,4167018514,44,455,57,459,411,402
1242117637,3762613203,28,469,15,482,441,467
1124233648,2073961943,0,499,0,499,499,499
1320188302,4215473823,165,409,129,414,244,285
1311775463,4189046961,0,499,0,499,499,499
1260218228,3894911108,15,458,59,463,443,404
1114927081,1181153316,8,495,63,428,487,365
1223124819,3569342783,65,434,0,499,369,499
987475949,294300726,13,491,143,378,478,235
1280387906,4044816992,15,487,13,406,472,393
1119407231,1998121627,125,382,125,371,257,246
1088676373,1538713907,0,499,0,498,499,498
1305349218,4165405780,136,317,183,382,181,199
941693684,207287165,140,359,140,359,219,219
1129800410,2172797742,152,346,100,399,194,299
1023845388,538195362,80,423,120,383,343,263
1262369295,3906641641,0,499,0,499,499,499
307523195,44638650,124,375,83,416,251,333
1024696915,546408772,73,426,0,499,353,499
1275479951,4006488228,114,414,87,430,300,343
1278861300,4037563915,48,477,76,378,429,302
996671964,315566227,46,459,20,474,413,454
1283690756,4061598704,92,428,85,386,336,301
1264561999,3925556338,19,471,70,434,452,364
1257042281,3877706791,0,499,0,499,499,499
1261427037,3898728642,31,471,26,472,440,446
1321811089,4228367065,0,499,62,436,499,374
1137545513,2345940039,0,499,0,499,499,499
1265237386,3930022944,17,462,95,395,445,300
1267345547,3942386468,4,494,31,466,490,435
1218588240,3508791599,80,418,0,499,338,499
987416377,294295299,48,454,101,428,406,327
1304092745,4160936276,106,388,51,463,282,412
1301637897,4151001428,12,499,0,488,487,488
1279516797,4039939006,109,403,28,499,294,471
1236480297,3708823340,129,404,112,388,275,276
1296170277,4128367697,109,389,0,499,280,499
959218573,231451737,83,416,83,416,333,333
1099156473,1699857213,0,499,83,415,499,332
1146004974,2501765346,53,445,0,499,392,499
1154403940,2635994997,45,485,109,397,440,288
1297805732,3689260481,100,399,28,471,299,443
1282810967,4057524631,40,452,88,409,412,321
696458430,57695853,140,359,96,403,219,307
892282669,139079447,52,446,0,499,394,499
922472171,171496472,117,381,65,434,264,369
1007950104,435296060,0,499,0,499,499,499
1026928867,570003870,118,380,50,449,262,399
1275655454,4006517501,0,471,19,499,471,480
1316254273,4200880971,17,471,157,366,454,209
1297667817,4110999417,49,478,61,453,429,392
1265522315,3931663604,50,499,0,427,449,427
1285108003,4063764041,0,499,0,499,499,499
1317827401,4213274773,0,499,0,499,499,499
1152208720,2589467317,192,328,196,309,136,113
1273175490,3992407800,32,464,30,464,432,434
1154363046,2634662450,0,499,62,436,499,374
1265216249,3929900605,124,402,8,493,278,485
1314825559,4186726878,48,478,145,383,430,238
1257533455,3881471667,116,499,125,382,383,257
979530220,282123977,118,380,102,447,262,345
1283882142,4061621455,115,384,44,456,269,412
1249534105,3819978147,18,476,102,476,458,374
1234816294,3691062002,39,458,42,428,419,386
1277910100,4027630169,100,399,0,499,299,499
1243217871,2746553087,19,480,98,395,461,297
1159669346,2714812720,57,442,0,499,385,499
1304092974,4160936284,106,388,51,463,282,412
1291975040,4105520940,0,499,0,481,499,481
1316259282,4200881178,55,480,19,454,425,435
1077054057,143674403,99,399,12,489,300,477
996751864,316778737,215,284,200,298,69,98
986922166,293306473,22,53,299,329,31,30
1192598082,3129992242,220,300,198,328,80,130
1273049302,3992497909,29,467,60,472,438,412
1134708281,2290835076,0,499,0,499,499,499
1289667078,4088676982,0,499,0,499,499,499
1323868755,4234284651,59,423,42,465,364,423
1179877760,1891426005,73,426,0,499,353,499
1244541177,3785187872,0,499,145,436,499,291
1104037719,1826268471,0,499,0,499,499,499
1138609386,2371664779,169,316,13,481,147,468
1250268302,3831364241,0,499,100,436,499,336
1318826633,4217858685,113,408,75,408,295,333
1255499701,1101433398,100,399,34,465,299,431
1065181176,1147806954,78,421,6,492,343,486
1251220820,3838164874,197,300,16,476,103,460
357129045,48911765,74,425,0,475,351,475
1245644940,3793573447,19,480,47,317,461,270
1219905635,3532975611,0,499,62,436,499,374
1284001763,4063343453,62,436,68,440,374,372
1279031803,4037575346,0,499,0,499,499,499
905842636,150407832,117,381,65,434,264,369
1257845040,3883191588,19,484,120,388,465,268
1157086722,2681413913,18,472,108,338,454,230
971431339,262168277,9,482,52,445,473,393
1288880352,4085912760,0,499,0,499,499,499
1248864807,3817907096,30,465,66,441,435,375
1258226966,3884336632,201,296,180,319,95,139
1204448998,3290524415,81,416,69,436,335,367
1221454874,3563522188,33,473,81,418,440,337
1323009474,4231409875,201,313,79,409,112,330
1257662907,3881992673,40,444,73,461,404,388
1289720226,4089650014,65,429,3,496,364,493
1251948517,3846607956,162,326,72,439,164,367
1112257025,1920178453,121,272,175,260,151,85
1248845856,3817902574,53,479,108,374,426,266
907753783,123371732,182,316,150,349,134,199
1236538486,3707181769,37,462,0,499,425,499
1191028163,3101157502,92,440,123,362,348,239
1182225715,3005856246,62,436,0,499,374,499
1301935481,4153231509,0,499,0,499,499,499
1027852000,487782962,149,349,12,486,200,474
1273168667,3992525779,62,439,67,441,377,374
1142148394,2446830718,159,346,154,410,187,256
1244541255,3785187892,0,499,120,436,499,316
1174585152,2940638452,5,494,162,354,489,192
1284222041,4058902001,0,499,4,499,499,495
996083723,304796364,147,345,183,430,198,247
1265223656,3929899624,40,485,16,492,445,476
1268709105,3951838205,46,465,25,484,419,459
865788726,108258131,62,436,0,499,374,499
986937079,293306107,220,280,14,412,60,398
1318102532,3106504821,21,468,92,424,447,332
1005565239,413433639,105,407,0,408,302,408
1182182763,3005787740,131,380,140,365,249,225
1049400880,947367976,0,498,58,440,498,382
1252627873,3850328645,0,499,62,436,499,374
1196683407,3195295623,0,499,48,450,499,402
1315167642,4204292819,38,463,92,413,425,321
1171836880,2902093595,27,471,0,499,444,499
1147659209,2533496967,155,156,177,377,1,200
1278012561,4029032530,0,499,0,499,499,499
1287490356,4078699499,21,378,100,460,357,360
1232225599,3657984833,0,499,109,389,499,280
934537405,131602337,71,427,1,497,356,496
1100068506,1711729433,70,429,145,354,359,209
1241168277,3753432875,41,411,188,315,370,127
1108326748,1874965130,0,499,109,390,499,281
1285456086,4066753733,62,436,0,499,374,499
1070213678,1255935525,0,499,122,377,499,255
941752952,207249771,0,499,76,423,499,347
1043841393,853456171,8,493,21,499,485,478
1013667287,469018762,160,363,89,397,203,308
1309674392,4181533501,21,488,12,490,467,478
1261980838,3902246689,1,498,86,411,497,325
1310861670,4184607671,25,468,67,458,443,391
1280068859,4042479422,61,415,90,424,354,334
1254765011,3865327437,154,346,64,434,192,370
1310543621,4182254415,125,415,140,431,290,291
989026684,296202474,105,394,14,479,289,465
1191981177,3119953068,95,402,96,404,307,308
1312401351,4194758935,62,433,117,391,371,274
1193174742,3138603892,0,499,109,389,499,280
1261418678,3898725450,0,499,0,499,499,499
971381282,262050592,0,499,62,436,499,374
1292400288,4108946136,52,457,104,390,405,286
1174594403,2940640716,2,496,73,454,494,381
1324149204,4236042850,23,489,23,496,466,473
1293274108,4104683426,36,499,120,499,463,379
1287829092,4079406972,33,427,20,463,394,443
1245980321,3796145766,31,468,74,425,437,351
1258533251,3885498413,80,410,94,438,330,344
1027191606,569995801,114,385,50,449,271,399
1292024925,4105728767,107,413,84,437,306,353
1323481828,4231854444,55,449,63,444,394,381
1256499602,3874388458,79,410,60,441,331,381
987663301,294486180,163,344,52,478,181,426
1309727241,4181582483,74,424,0,499,350,499
137570430,3928887,142,356,102,397,214,295
923165545,173483225,51,446,64,433,395,369
1248845466,3817902021,80,452,151,373,372,222
1276672273,4014121131,62,436,0,499,374,499
1165775614,1339709000,137,361,137,335,224,198
1244540875,3785187774,0,499,62,436,499,374
1025671259,554019770,27,481,52,459,454,407
1090787629,1562869170,66,433,0,499,367,499
1278997428,4038163465,117,381,82,415,264,333
1243392119,3773729988,22,475,32,475,453,443
1027279185,570633949,108,390,50,449,282,399
1306161638,4167136684,41,462,108,391,421,283
1128779383,2155524783,0,499,19,479,499,460
1251594227,3844093329,45,465,167,315,420,148
1313143719,4197655014,36,454,41,457,418,416
1323074299,4231410896,35,464,27,373,429,346
1257734188,3881730093,34,491,2,497,457,495
1278901893,4037745101,0,499,0,499,499,499
850129244,81732552,136,371,156,345,235,189
1320912263,4221616402,16,488,155,365,472,210
1100075559,1711735574,110,389,51,448,279,397
1178140318,2774843539,96,403,0,499,307,499
1205708203,2757712419,14,481,94,405,467,311
1246518399,3799738095,151,363,100,407,212,307
922170532,170808102,216,257,383,390,41,7
1302568721,4155424936,75,431,60,409,356,349
1243697971,3775286015,0,499,63,436,499,373
1308817596,1255932666,100,399,50,449,299,399
1320454565,4224617065,0,499,184,364,499,180
1310936418,4185654159,10,350,74,463,340,389
967189767,254400238,119,287,191,289,168,98
1252805894,3851875565,0,499,54,444,499,390
1276886039,2886680840,133,367,21,480,234,459
1260254826,3893160908,61,499,33,499,438,466
940529530,138760293,53,446,206,293,393,87
1273419832,3992581576,57,454,58,454,397,396
854179809,85756059,70,429,0,499,359,499
1031312525,608392403,0,499,83,415,499,332
1069011972,1193341215,50,449,138,361,399,223
1252608041,3850029428,25,482,38,459,457,421
1116943705,1966809273,21,462,27,474,441,447
1008015384,435891335,103,396,50,449,293,399
1251228600,3838168125,3,498,100,392,495,292
1280692679,4046463593,12,486,15,362,474,347
1299287791,4141675837,12,495,12,453,483,441
1289204921,4086228816,0,499,0,499,499,499
1215209457,3469563513,61,443,15,480,382,465
960058376,234993376,0,499,80,418,499,338
858495554,92902843,91,408,0,499,317,499
1310943927,4184551616,0,499,97,402,499,305
1090754513,1562597724,53,474,110,419,421,309
1283934195,4061633528,0,499,0,499,499,499
1320213324,4215674503,76,407,31,472,331,441
1288008027,4079568645,0,499,62,436,499,374
305798140,1617839,82,416,10,488,334,478
896432669,142698238,100,399,117,381,299,264
1050103104,960921765,0,499,0,499,499,499
921426786,167054403,62,436,0,499,374,499
1319430613,4214364252,91,407,21,373,316,352
1011825393,455492503,136,362,153,346,226,193
904405831,149034118,19,480,0,499,461,499
1260125839,3539212762,100,399,25,474,299,449
1212275419,3420710883,45,454,174,325,409,151
1261148069,3898434015,159,336,205,296,177,91
1270323592,3971188263,133,366,71,428,233,357
937342611,197575280,135,365,90,407,230,317
1279020961,4037801648,28,474,20,474,446,454
998513220,334573548,19,482,119,346,463,227
1272081951,3986439611,48,447,53,499,399,446
1221459860,3563523698,68,446,109,342,378,233
1144459450,2482252528,138,360,0,499,222,499
956382451,138717669,166,330,40,495,164,455
1185675244,3021154149,0,499,241,241,499,500
1270599141,3972427223,0,481,12,497,481,485
1268742745,3936362972,60,437,28,468,377,440
1116455001,1961099650,8,445,92,391,437,299
167569130,5350092,150,349,107,391,199,284
1285918613,4071502634,79,419,0,499,340,499
1269395489,3958459981,110,389,51,448,279,397
1100078884,1711730399,70,429,145,354,359,209
1213019660,676077050,68,422,12,478,354,466
1251470780,3842935547,16,467,0,499,451,499
1269404858,3958468607,119,386,174,318,267,144
907794536,91920807,165,334,120,379,169,259
1192184522,3123026476,25,474,0,499,449,499
1256801035,3874338499,60,447,144,420,387,276
1233083280,3673832046,0,499,62,436,499,374
1292462417,4108920290,4,494,103,393,490,290
1174593447,2940640476,180,323,161,332,143,171
1146473908,2518746919,87,411,88,412,324,324
1269553230,3959451265,3,499,63,436,496,373
1310902613,4184549895,0,499,0,499,499,499
1258878063,3887567645,106,386,155,416,280,261
1301341250,4151251062,0,499,0,499,499,499
964724232,247986699,217,286,184,321,69,137
1049771314,954914232,114,385,51,448,271,397
1268048886,3944545153,0,499,0,499,499,499
1310209728,4182225991,97,363,111,350,266,239
1275712557,4006539565,60,433,51,465,373,414
1251592742,3844081432,137,362,165,349,225,184
996896201,320641899,92,407,0,499,315,499
1321537352,4227996100,17,481,95,408,464,313
1313233152,4197497194,107,367,37,456,260,419
887355551,132497285,167,332,104,399,165,295
947080319,208977272,89,410,26,473,321,447
1273187698,3992409127,31,455,52,454,424,402
1303630261,4159071314,106,388,51,463,282,412
1259590305,3889176142,0,499,0,499,499,499
1068767518,1199872678,82,416,0,499,334,499
1276308645,4012721095,88,476,66,393,388,327
1079189409,1415289189,59,440,0,499,381,499
1310074561,4181961495,0,499,0,415,499,415
439816282,50167391,0,499,248,266,499,18
1305338969,4165065520,49,463,61,425,414,364
1250189876,3830724512,134,365,139,337,231,198
1306199414,4150350869,77,420,43,474,343,431
1008142951,436065155,102,397,50,449,295,399
1306886755,4167095088,106,388,51,463,282,412
1300238770,4141392767,98,400,0,499,302,499
1247877908,3813649485,78,433,16,499,355,483
1267522723,3943296099,41,463,24,488,422,464
1198173132,2445072434,159,352,140,352,193,212
1313766658,4184075773,28,476,141,343,448,202
986808975,292726051,0,499,62,436,499,374
1248848784,3817903449,38,480,108,379,442,271
1289130267,4086053616,29,453,38,466,424,428
1114671633,1935687089,133,368,13,489,235,476
1192147795,3122618092,68,432,22,488,364,466
1284151499,4063228961,88,432,113,407,344,294
1317473558,4213297907,8,491,187,312,483,125
1029511597,591830034,42,457,84,462,415,378
1143241072,349536134,189,310,194,336,121,142
1026991107,569727545,100,399,62,436,299,374
1215467340,3155065037,83,416,10,489,333,479
1075240088,1344158216,6,488,67,438,482,371
1076703514,1367867686,157,342,100,399,185,299
1245995622,3796327745,33,499,171,499,466,328
1097745734,1675035140,38,422,120,398,384,278
980535624,283682778,102,392,142,359,290,217
1313465600,4197680141,0,499,0,499,499,499
1260318752,3893242392,57,499,161,498,442,337
821770931,62660651,125,364,73,425,239,352
1198890740,2310115709,0,499,0,499,499,499
1115075734,1938995264,0,499,62,436,499,374
1275080781,4003843944,35,477,36,469,442,433
1321229553,4221773157,136,362,0,499,226,499
1302398388,4155263284,0,499,0,499,499,499
1306865723,4167093781,0,499,0,499,499,499
966087401,251708644,205,278,238,351,73,113
997973033,67240245,190,309,172,327,119,155
1248701571,3816709748,76,405,56,462,329,406
1295075907,4123231825,109,389,0,499,280,499
1261377926,3898717022,100,414,87,413,314,326
1295447751,4126738210,0,499,0,499,499,499
1204972487,3300504402,0,499,0,499,499,499
1310370781,4183699695,104,392,118,371,288,253
1323286533,4231691401,0,481,53,458,481,405
1285919291,4071503013,79,419,0,499,340,499
1275679992,4006528807,0,499,32,467,499,435
102766230,444197,87,412,0,499,325,499
1313350927,4197666565,80,479,41,481,399,440
1312756190,4195807572,0,499,0,499,499,499
1304036789,4160811104,94,432,146,401,338,255
1319660795,4219570995,68,430,3,494,362,491
1275686920,4006530696,0,499,0,499,499,499
1309677962,4181533815,12,499,13,492,487,479
1278475280,4035308631,103,407,34,464,304,430
1209715134,3382583587,148,346,102,465,198,363
921249820,168344515,52,432,36,473,380,437
1190251299,2667337964,27,474,159,386,447,227
1260259268,3893191317,36,464,23,470,428,447
1312587222,4195553530,0,499,57,441,499,384
1042871454,92429465,195,305,173,330,110,157
1314017105,4201307296,55,488,130,416,433,286
983833591,288157611,121,399,123,381,278,258
1249535470,3819982764,149,354,141,359,205,218
1307450804,4171080193,0,499,0,499,499,499
1300204331,4145196461,0,499,0,499,499,499
978673830,279975768,83,415,0,499,332,499
1268742748,3936362973,10,491,119,379,481,260
1298952053,4112275795,125,395,74,432,270,358
1267338339,3942398551,38,493,81,438,455,357
1275677074,4006528542,39,447,88,411,408,323
1260304207,3893328965,11,477,15,487,466,472
1274273139,3997826845,0,499,0,499,499,499
980535836,283682775,76,422,86,416,346,330
1265205294,3929890002,0,499,0,499,499,499
1294186343,4122553442,0,448,11,484,448,473
1282810157,4057524593,118,393,111,386,275,275
1168630273,2862235826,44,447,70,427,403,357
905996217,141663438,0,499,62,436,499,374
1253147646,3855160168,21,493,171,326,472,155
1305040628,4164658469,106,388,51,463,282,412
1241003195,3751867485,94,405,0,499,311,499
1215221801,3469570063,81,431,25,476,350,451
1290399331,4093214923,22,484,175,429,462,254
854992749,87837600,0,499,62,436,499,374
1218934252,3521570758,30,471,157,332,441,175
1221338484,3561599129,37,456,190,333,419,143
1310002777,4181948149,67,421,68,499,354,431
1246307381,3798276065,120,396,107,389,276,282
1189447828,3082185799,174,307,216,307,133,91
1132215313,2221888966,0,499,84,415,499,331
1007488154,435016918,0,499,66,433,499,367
876503022,52961192,203,296,212,295,93,83
1316250880,4200880667,0,499,181,499,499,318
835844355,70044719,150,349,122,376,199,254
913519136,157921514,88,411,174,324,323,150
1203136721,3269774658,142,352,42,452,210,410
1305851885,4166954396,106,388,51,463,282,412
1273028096,3992387165,26,474,49,471,448,422
1302565857,4155424768,23,468,51,491,445,440
1238686443,3729320452,78,392,11,485,314,474
1253256755,3855562337,39,445,110,375,406,265
1255064958,3867156774,0,471,0,479,471,479
1260061161,122986779,83,415,40,499,332,459
1010594562,447869197,153,346,120,379,193,259
447141730,50261937,140,359,107,392,219,285
1309110325,4179342297,62,436,0,499,374,499
1261429712,3898729594,0,499,0,499,499,499
1248432979,3814937315,105,408,84,385,303,301
1190245741,2041882062,0,499,62,436,499,374
1190252366,1876686729,112,387,135,371,275,236
1033069556,643741384,0,499,62,436,499,374
1268540738,3539714149,100,399,15,484,299,469
941622269,207151481,237,250,0,499,13,499
1275533101,4006492242,0,478,185,499,478,314
1210953610,1121244495,157,342,105,417,185,312
1234768139,3690228574,0,499,147,352,499,205
1248849341,3817903672,46,484,116,383,438,267
1300739368,4076406250,0,499,73,426,499,353
1113354621,1927545972,67,499,191,382,432,191
1321373082,4220535169,62,436,0,499,374,499
850606192,58775329,150,349,107,391,199,284
1088413134,1539031970,72,426,0,499,354,499
1234565940,3686379186,161,337,108,391,176,283
1258639224,3885555614,32,479,34,470,447,436
1252594339,3850208554,84,442,82,451,358,369
1100862753,1742668500,37,462,0,499,425,499
1101568018,1773963452,0,499,83,415,499,332
1292226537,4108258036,85,411,28,482,326,454
980599643,283635171,180,318,162,349,138,187
878678478,123860406,120,379,76,422,259,346
1310216816,4182226221,0,499,0,485,499,485
1075760461,1352145940,188,313,158,431,125,273
986116416,290267221,71,427,0,499,356,499
1177611785,2977152621,80,420,9,489,340,480
1284167270,4063431375,47,461,54,470,414,416
1274594851,48812463,83,407,31,116,324,85
997749981,67462707,190,309,160,339,119,179
1026891105,569640928,100,399,54,444,299,390
939230748,82332697,59,440,0,499,381,499
1275174576,4003930558,38,475,135,379,437,244
1296380707,4130471818,73,429,125,388,356,263
894486635,86044239,52,447,0,499,395,499
1241676716,3759459990,184,322,173,311,138,138
1190259101,1876687704,111,393,80,422,282,342
1136209024,2323052849,16,478,19,481,462,462
1095124256,1626330922,62,436,0,499,374,499
1276443370,4013275858,43,499,0,499,456,499
1262506984,3908715586,106,359,67,487,253,420
1276531839,4014025558,60,468,97,416,408,319
1186348859,3025300447,130,369,90,409,239,319
854179057,85756656,70,429,0,499,359,499
1223056272,3567818272,0,499,62,436,499,374
1322526383,4229980303,0,499,1,481,499,480
1211983070,3414348138,13,480,52,471,467,419
1256916112,3875022359,45,453,145,404,408,259
1064123229,1133972847,0,499,63,436,499,373
1281058968,4048928708,0,499,62,437,499,375
1192153535,3122685002,68,432,22,488,364,466
1286531943,4074816527,46,454,192,331,408,139
1304119959,4148602332,52,460,176,306,408,130
1026056006,559361461,23,474,89,407,451,318
1292873084,4114275588,28,488,68,418,460,350
1145369235,2494084876,167,499,0,440,332,440
1322830117,4231773538,33,470,43,472,437,429
1319199192,4214053641,39,468,52,424,429,372
938513497,200572565,194,305,194,305,111,111
1244540382,3785187325,0,499,62,436,499,374
1211315811,3395608405,156,343,100,395,187,295
975284406,273470440,181,333,167,263,152,96
1314148117,4186163739,72,389,60,494,317,434
1190252739,2974260332,98,403,109,418,305,309
1257636020,3881989425,28,482,29,470,454,441
1124292630,2075082848,185,313,150,349,128,199
1262507303,3908715604,7,425,13,488,418,475
1127347952,2121747403,0,499,19,479,499,460
1295220719,4125633530,160,343,60,446,183,386
1283683444,4061597939,1,499,0,492,498,492
1247849622,3813571351,0,499,123,436,499,313
986581073,292668960,65,434,0,499,369,499
883096552,128034795,169,328,158,337,159,179
1313295268,4182963726,106,410,47,463,304,416
1042477578,200904742,136,362,145,352,226,207
1256724708,3874769057,0,499,0,499,499,499
1177449634,2973959908,147,353,124,364,206,240
1117018722,1967331714,28,484,26,479,456,453
1102365289,500603212,14,491,45,466,477,421
1067899965,1185443947,69,430,0,499,361,499
874174242,119991208,0,499,62,436,499,374
1285835916,4017665354,0,499,6,499,499,493
1138712026,2368124136,62,436,0,499,374,499
1258740514,3886914733,0,499,47,452,499,405
1282294964,4056002104,97,401,9,487,304,478
1296075802,4128124709,83,415,0,499,332,499
1268467069,3951685294,125,374,125,365,249,240
919752936,165522247,180,321,100,375,141,275
1007617883,435103687,79,420,0,499,341,499
1010147324,444794370,21,478,78,421,457,343
1002247190,376142548,17,481,132,369,464,237
1117705048,1974488705,100,399,0,499,299,499
1232313022,2720956582,155,344,100,399,189,299
1305152127,4164673580,106,388,51,463,282,412
1276144644,4011380917,10,462,69,464,452,395
1182304043,3006401209,79,454,12,496,375,484
993808881,301798106,58,446,29,451,388,422
1257374720,3881211173,0,499,80,426,499,346
1279462867,4039246465,18,481,22,347,463,325
1136544125,2332095808,0,499,152,392,499,240
975115943,272923203,0,499,0,499,499,499
1112084231,1161967679,126,373,157,314,247,157
1258057905,3883884091,16,488,10,388,472,378
868050811,111422372,0,499,63,437,499,374
1308849236,278381160,127,378,33,458,251,425
1240850317,3750099195,91,478,185,369,387,184
956539420,222489895,185,313,150,349,128,199
1156100718,2246757354,134,447,84,416,313,332
1255948527,3872799817,138,399,100,399,261,299
1100786163,83669426,68,431,0,499,363,499
1153306387,2624875801,186,368,108,382,182,274
1199210005,3225146826,85,384,107,397,299,290
1276009858,4010222587,193,315,46,474,122,428
1281987294,4053875643,0,499,0,499,499,499
1247515514,3811186012,0,499,197,436,499,239
1107659839,1869201213,106,439,45,476,333,431
1275691056,4006531525,0,499,0,499,499,499
1253468652,3856810074,0,499,0,499,499,499
681685252,56749988,150,349,107,391,199,284
1178349534,2981162354,0,499,42,499,499,457
1267998096,3945013797,71,383,61,367,312,306
1252626999,3850327162,0,499,123,436,499,313
974840243,272230370,126,385,159,327,259,168
1155682251,2657906798,0,499,109,389,499,280
939079044,201567351,100,399,50,449,299,399
1294104280,4122227126,0,499,0,499,499,499
1028070073,465706834,81,439,105,367,358,262
1273048378,3992390368,40,450,55,450,410,395
929786143,183469997,82,417,10,489,335,479
1204643127,3294565457,63,436,0,499,373,499
1028937699,589917579,151,354,166,340,203,174
1324225850,4236298629,109,371,51,437,262,386
957088144,223727916,0,499,62,436,499,374
1028889058,589264479,72,426,0,499,354,499
1260358366,3893203467,8,495,138,407,487,269
1236845720,3707735149,151,361,133,349,210,216
910573922,154692016,70,428,0,499,358,499
1287962465,4079553571,0,479,0,499,479,499
1188538791,3067204177,130,369,130,369,239,239
1324192892,4236297574,17,488,24,486,471,462
947572566,155197977,154,345,115,383,191,268
1025794107,555096166,134,365,179,324,231,145
1094810090,1629179998,72,427,45,479,355,434
862615916,94939441,73,425,0,499,352,499
1112234374,1919027294,0,499,0,499,499,499
922406672,171276420,162,336,0,499,174,499
1073940510,1326450891,89,413,159,472,324,313
948071559,210561835,64,435,0,499,371,499
1282515421,4057539939,37,460,72,399,423,327
1318452168,3251991645,1,487,2,498,486,496
1013762907,468270039,0,499,62,436,499,374
1301709068,4144775577,100,393,157,346,293,189
1218617750,3514001502,75,423,5,488,348,483
1254970108,3867141277,37,464,35,460,427,425
1267520984,3943043239,0,499,41,458,499,417
1282332580,4056268435,17,478,25,464,461,439
1168058682,2850863344,23,464,157,351,441,194
1035808759,690268935,64,435,0,499,371,499
1026821779,569634107,113,385,50,449,272,399
1157721488,2689035566,22,477,153,358,455,205
1225886280,196014722,157,349,148,338,192,190
1127347956,2121747405,0,499,19,479,499,460
1207875962,3347441888,10,488,214,292,478,78
1275674421,4006527499,76,428,70,471,352,401
1323381752,4231831624,32,444,69,464,412,395
1019315876,516396040,62,486,94,427,424,333
971477511,262239875,77,421,5,489,344,484
1225862046,2287009726,147,364,151,323,217,172
1043841028,853455937,5,488,114,380,483,266
1092295788,278393864,163,335,118,385,172,267
993357226,301239580,90,409,130,369,319,239
1026895639,569624854,108,390,50,449,282,399
1315366428,4205112659,42,470,29,400,428,371
1282855518,4057529254,84,400,37,440,316,403
1148367080,1859464767,60,439,0,499,379,499
1156657070,2675088344,83,410,169,368,327,199
1323226377,4231851029,0,499,0,499,499,499
443323030,50211558,117,381,78,421,264,343
1047355129,902725029,20,489,19,462,469,443
1098368551,1678691416,0,499,28,471,499,443
1199080907,3223258174,43,463,117,388,420,271
1314391435,4202301961,19,436,14,421,417,407
1318298758,4141578508,149,352,19,478,203,459
1070878288,1280629511,138,361,100,398,223,298
1280141539,4019920604,40,466,133,338,426,205
1192055505,3120609187,68,432,22,488,364,466
1108739548,1878218292,0,499,109,389,499,280
1307666881,4172527528,24,473,45,469,449,424
1202339895,3254358750,0,499,109,389,499,280
1110400593,1881504152,182,318,80,415,136,335
1250347994,3832300382,163,336,133,367,173,234
1242126135,3762644070,8,497,6,496,489,490
1301519324,4150995755,17,463,2,499,446,497
1265576993,3931855025,11,467,35,426,456,391
1316192545,4200877059,52,448,132,362,396,230
1051614031,980421299,1,497,35,463,496,428
856880686,87436955,194,304,160,339,110,179
1178454595,2772685827,25,487,8,426,462,418
933262460,190111958,73,427,1,498,354,497
1121334454,2010568142,161,338,119,376,177,257
1027091952,569735616,108,391,50,449,283,399
1287500301,4076595551,108,437,15,475,329,460
1292512462,4108939045,99,413,48,430,314,382
941621780,207151546,153,354,194,308,201,114
987754804,294594013,49,445,156,335,396,179
1317982306,4215703387,0,499,0,499,499,499
984240689,288871653,36,480,223,280,444,57
1240115823,3743378311,75,424,160,339,349,179
1040301370,810704639,160,339,100,399,179,299
1269772257,3962600765,0,499,62,436,499,374
1289984127,4090784210,75,420,165,366,345,201
1219451173,3526513628,93,407,133,364,314,231
976645820,276097424,68,431,0,474,363,474
1195164507,2041885671,130,336,119,365,206,246
1270608831,3971756035,0,499,0,499,499,499
1276828405,4017264910,0,499,0,499,499,499
1251528243,3843519445,2,494,94,401,492,307
1057308223,1077633132,131,350,1,498,219,497
1286910299,4074701040,191,288,149,360,97,211
1250923324,3836828781,0,499,211,295,499,84
1008176002,436089258,160,339,126,372,179,246
939353760,202164198,0,499,1,498,499,497
1246409603,3795920788,0,499,0,499,499,499
953392802,217237605,90,392,47,455,302,408
1309097431,4179604990,25,440,54,353,415,299
1287929917,4079553305,0,499,0,499,499,499
857103413,90899252,69,430,0,499,361,499
1141221295,2426166529,135,379,10,473,244,463
1318320359,242263614,6,492,76,423,486,347
1026937172,569836564,111,387,50,449,276,399
1261418793,3898725461,42,463,83,367,421,284
317035517,46668545,59,440,0,499,381,499
1261173636,3898707835,28,476,158,370,448,212
1011094223,450044191,0,499,62,436,499,374
1279907981,4042189427,161,348,71,267,187,196
948539936,211166080,72,408,16,485,336,469
611803,994884,62,437,0,499,375,499
1286524770,4075307723,96,405,4,253,309,249
1319262839,4218752422,201,294,147,340,93,193
1219720606,2361168183,0,499,59,499,499,440
1300808493,4149008511,85,404,143,378,319,235
1108365282,1875756818,110,389,54,445,279,391
1283501495,4061581205,1,498,2,498,497,496
1123817495,2062703738,152,346,100,399,194,299
1314560967,4202304819,0,496,7,499,496,492
1259002139,3887598173,44,455,56,461,411,405
1321901198,4223055354,0,456,196,422,456,226
1105044601,1846470840,141,353,110,392,212,282
1291734755,4101506339,0,499,62,436,499,374
1255326416,3869439820,108,385,146,352,277,206
1306804626,4167087540,106,388,51,463,282,412
1071996737,1295827176,100,399,0,499,299,499
1131318417,2198422961,182,364,194,333,182,139
1175166042,2946077187,100,399,50,449,299,399
1225886886,266875789,149,337,195,329,188,134
940888399,205320311,0,499,62,436,499,374
1324132209,4233707018,41,397,96,429,356,333
1248832512,3817888947,0,499,0,335,499,335
1244541059,3785187839,0,499,129,436,499,307
1178131249,2978041037,70,407,157,353,337,196
1243659702,3775275592,0,499,62,436,499,374
1261421885,3898726986,77,445,50,441,368,391
1024306105,542531394,5,494,75,424,489,349
969665701,257101304,0,499,62,436,499,374
471295830,50594559,150,349,123,376,199,253
1251220416,3838148903,8,491,194,304,483,110
1082649477,1467206185,150,349,100,399,199,299
1123155510,2050109964,83,408,10,488,325,478
1126279844,2102127038,101,403,11,482,302,471
995102993,303052205,44,478,123,364,434,241
1275683502,4006530418,94,396,148,459,302,311
1119893860,1960319550,89,409,160,340,320,180
1251361725,3841512654,128,370,0,499,242,499
1204635836,3294454121,175,324,189,294,149,105
1052833069,981876122,0,499,62,436,499,374
1244540557,3785187495,0,499,128,436,499,308
1040759498,818652456,137,361,106,399,224,293
1312426190,4194034730,0,499,0,499,499,499
1316978959,4211079792,68,435,99,437,367,338
1308172001,4174721133,6,493,6,493,487,487
982947834,208300474,200,296,51,461,96,410
1069204635,1198259470,52,447,52,447,395,395
1100050759,1707634231,29,471,95,404,442,309
1255022755,3867149689,0,499,0,499,499,499
1208129742,3287155160,95,399,106,394,304,288
1115169339,1940492600,159,367,98,356,208,258
1316265982,4200881418,39,458,23,487,419,464
924522785,49013138,72,426,0,489,354,489
1324153995,4236042918,25,467,90,414,442,324
1129928931,2174031540,144,443,11,490,299,479
1298367047,4138942122,76,422,20,479,346,459
908193561,152649840,0,499,62,436,499,374
1264199067,2032182291,100,399,25,474,299,449
1269773452,3962435399,56,454,54,454,398,400
1285876532,4017685589,1,481,216,499,480,283
933447267,190112061,75,423,0,499,348,499
1307753575,4172813610,100,399,181,399,299,218
856223606,89257278,50,449,114,385,399,271
1252627155,3850328327,0,499,154,436,499,282
1250546983,3831551646,62,436,0,499,374,499
995098691,303051684,160,340,78,442,180,364
1296450160,4130456335,0,499,0,499,499,499
1122079296,2046028032,66,432,68,431,366,363
1100083280,1711735530,110,389,51,447,279,396
1087685953,1523797913,38,459,76,475,421,399
1312715191,4183919563,2,446,92,497,444,405
1229780748,3623730542,189,299,77,427,110,350
1224470782,3586192295,0,499,107,392,499,285
1323735941,4233750153,58,448,116,396,390,280
1090253384,860950210,150,348,107,395,198,288
1152374560,2599523197,73,425,0,499,352,499
1275160671,4003928284,67,428,87,453,361,366
932255382,187387059,0,499,62,436,499,374
1105988910,1441623640,73,426,0,499,353,499
1174587159,2940638844,51,462,39,458,411,419
969929177,258076015,94,413,134,357,319,223
1161130938,2733096694,28,474,80,478,446,398
1026777160,569540233,50,449,119,380,399,261
1127692700,2128131028,137,361,100,399,224,299
1071997615,1299637431,101,398,0,499,297,499
873268895,63737030,0,499,62,436,499,374
1275974850,4010133444,0,455,12,499,455,487
919084740,164576371,80,418,0,499,338,499
1215430955,3155074294,17,473,103,415,456,312
1289792418,4089924396,94,393,138,393,299,255
1254712134,3863649501,0,499,0,499,499,499
1276323328,4012664464,0,499,0,499,499,499
1276013930,4010222829,55,480,53,469,425,416
1273269570,3992549023,0,499,0,499,499,499
1093124627,1597831552,166,332,15,491,166,476
1317000827,4211506731,111,383,18,481,272,463
857791462,85993010,174,324,160,339,150,179
984881632,289887072,117,381,65,434,264,369
1283485831,54423802,144,347,42,452,203,410
1073108558,1316299026,54,430,58,443,376,385
1251502430,3608438882,105,394,0,499,289,499
1295859755,4128074663,0,499,62,436,499,374
1199379859,3228689934,37,485,13,458,448,445
1273551706,3992755667,63,422,65,425,359,360
1295894544,4126967971,0,499,1,497,499,496
911558016,138708265,0,499,0,499,499,499
1309700482,4179733074,0,499,0,478,499,478
1300361967,4145823072,75,423,0,499,348,499
941677134,207257922,96,402,143,303,306,160
1093606589,1605255279,215,281,199,300,66,101
1285919067,4071502974,79,419,0,499,340,499
878642229,123962860,62,436,0,499,374,499
1105834106,1853972095,0,499,85,413,499,328
1111527164,1910942608,26,473,34,464,447,430
1024365822,543371659,97,442,21,488,345,467
1099701575,1706097308,127,372,125,372,245,247
906358982,149842083,50,449,21,478,399,457
1033287898,620702227,8,493,48,448,485,400
1026010905,558486047,28,468,92,406,440,314
1023454314,536648289,139,379,168,348,240,180
1128009773,1892606200,53,457,0,499,404,499
1125141369,2089381864,37,487,123,402,450,279
1195004104,3161937985,34,464,0,499,430,499
1166263865,2811902636,0,499,62,436,499,374
1257473573,3881469322,11,492,74,384,481,310
1008795181,439180103,73,425,0,499,352,499
1048951730,944342303,71,428,0,499,357,499
1234743685,3689693898,162,333,83,417,171,334
1225886320,3077836553,125,374,186,313,249,127
935587769,194735159,71,427,0,499,356,499
1041232257,825122954,73,425,38,499,352,461
1317062887,4211492787,0,499,0,499,499,499
1254928289,3866918318,0,499,0,495,499,495
1152086660,2598366203,190,308,176,486,118,310
1273745456,3992784075,34,444,73,461,410,388
1264105266,3923709342,110,389,53,445,279,392
1008051507,435860578,109,389,50,449,280,399
1240884322,3750465580,16,483,16,483,467,467
1054100778,1035644102,170,329,142,357,159,215
1196212550,3182722322,43,479,100,398,436,298
1181576189,3003645325,138,379,120,361,241,241
1249969347,3827621993,148,350,115,384,202,269
1192013453,3120284955,101,398,32,474,297,442
1271380724,3976909453,113,470,119,382,357,263
1310702569,4182269948,133,352,133,350,219,217
1308299742,4151609406,168,345,27,476,177,449
686773875,57305692,79,419,0,499,340,499
1276524302,4014004350,155,354,47,460,199,413
1288377893,4081441060,86,413,79,434,327,355
1234768029,3690228569,26,459,16,476,433,460
1294480902,4122747822,0,499,0,499,499,499
1317176861,4211526413,0,499,0,499,499,499
959398491,226684211,0,499,25,473,499,448
1283949024,4061636223,83,463,171,387,380,216
1271378754,3976909175,100,419,113,346,319,233
1261192458,3898711199,185,320,65,432,135,367
1125183984,2089929897,140,359,100,399,219,299
1156626755,2675011116,70,429,145,354,359,209
1309684207,4179729588,30,468,16,442,438,426
1275660075,4006517765,38,442,32,453,404,421
1320883846,4221609299,0,484,105,425,484,320
1316212144,4209014474,100,399,100,291,299,191
1248861524,3817906253,19,478,2,498,459,496
1237102250,3256734485,37,416,168,335,379,167
1027044237,569632153,120,379,50,449,259,399
1043840766,853456145,110,380,20,478,270,458
1240730031,3748207392,69,456,28,486,387,458
1274932585,4002366093,45,453,0,497,408,497
1304174336,4160987462,106,388,51,463,282,412
1007669629,435057542,65,437,0,499,372,499
618672191,55020935,21,478,0,499,457,499
1270626218,3972428188,93,346,21,493,253,472
1255053123,1100407450,100,399,15,484,299,469
1262733627,3910821663,29,467,85,417,438,332
1276716922,4015981988,93,405,69,438,312,369
899976864,145530002,62,436,0,499,374,499
1312832299,4196303462,41,467,115,407,426,292
1178080678,2980669027,125,398,92,478,273,386
1265217357,3929900651,11,489,188,373,478,185
912074514,156138887,50,449,100,399,399,299
1324213104,4236298295,8,353,70,334,345,264
1269452982,3957823823,0,499,38,499,499,461
1310826143,4184547197,45,457,29,464,412,435
1255657571,3870815928,15,473,59,469,458,410
1217071569,3489304967,70,429,145,354,359,209
1279130446,4038499604,141,359,158,323,218,165
1263668249,3920516929,85,415,0,499,330,499
1277542619,4019817544,8,499,0,499,491,499
1244567272,3785285108,65,347,37,482,282,445
1027222561,570619022,104,395,50,449,291,399
991257608,298701666,86,412,0,499,326,499
1260272922,3893192497,0,459,125,437,459,312
919296711,164884118,0,499,62,436,499,374
1277718943,4023030686,0,499,0,499,499,499
1273510145,3992742567,0,499,0,499,499,499
1024952160,518459899,72,426,0,499,354,499
911164361,153365314,142,356,163,436,214,273
1255766760,3871043697,26,483,29,470,457,441
1276776690,4016011756,0,499,0,499,499,499
856626719,90054359,0,499,62,436,499,374
1240726029,3748205487,46,458,179,381,412,202
1242288491,3762526154,0,499,62,436,499,374
1252628091,3850328862,0,499,62,436,499,374
1271691185,3979560805,0,499,0,499,499,499
1140727076,2418641320,146,352,100,399,206,299
1311839415,4189051947,0,499,0,499,499,499
1245050823,3788458937,31,468,30,468,437,438
1249535969,3819983827,113,383,141,369,270,228
1293732641,4120379930,76,390,173,375,314,202
1254162068,3860490685,81,411,119,370,330,251
1268780042,3953644086,76,428,144,356,352,212
1182349483,3006707259,134,355,217,343,221,126
1009313930,440690336,156,343,100,399,187,299
1048489765,942426567,80,419,0,499,339,499
1192191153,3123096237,71,431,256,486,360,230
1251482836,3842785986,64,426,125,381,362,256
1274284018,3998839286,0,499,0,499,499,499
1248834871,3817893290,0,499,0,391,499,391
893310019,141190740,177,319,193,308,142,115
1268741193,3913588624,15,488,140,355,473,215
1194095809,3154282892,0,499,26,473,499,447
1174593097,2940640422,8,470,9,490,462,481
980408347,283439213,0,499,122,376,499,254
993168553,300975671,102,418,78,408,316,330
971424025,262161979,149,366,147,319,217,172
497272230,51794025,83,415,28,471,332,443
1244540585,3785187504,0,499,122,436,499,314
1275953895,278566846,100,399,30,468,299,438
1215443283,3470246398,0,499,48,499,499,451
1253381813,3856211129,19,470,45,499,451,454
1262732758,3910821639,144,328,231,477,184,246
1158796584,2703667290,44,455,95,404,411,309
1164411081,2784113844,193,332,200,456,139,256
1133302409,2246922892,109,395,62,456,286,394
1110301291,1894627836,174,327,173,326,153,153
1089086991,1547536452,57,441,0,499,384,499
1027363268,570683703,108,390,50,449,282,399
986457150,292506853,70,429,0,499,359,499
1190258034,1876686940,0,499,62,436,499,374
1260265759,3893191870,0,499,0,499,499,499
931781570,186319345,156,342,58,440,186,382
1276357392,4012866676,33,472,19,493,439,474
1192192103,3123116416,68,432,22,488,364,466
961776354,238143080,62,436,0,499,374,499
1041121264,823782583,63,435,43,437,372,394
953028755,139249959,69,429,1,499,360,498
1313162221,4197491451,0,499,0,499,499,499
985255988,290487285,24,457,168,330,433,162
1301517834,4150995198,33,451,126,403,418,277
1323316777,4231696608,119,212,112,195,93,83
1192166464,3122735152,71,431,242,486,360,244
1266416359,3938255377,0,499,0,499,499,499
1100062781,1711731515,70,429,145,355,359,210
1269968711,3965335552,30,470,75,436,440,361
1255730643,3871088522,28,464,48,441,436,393
1282053010,4054724063,8,493,62,434,485,372
1319412689,4214354265,50,435,130,394,385,264
845685074,74729166,0,499,62,436,499,374
1301445749,4060923466,0,499,0,499,499,499
941678799,207258150,221,292,151,345,71,194
1319429821,4214364235,46,286,76,348,240,272
1308911930,2420576757,100,399,25,474,299,449
1026034126,559059823,38,455,54,479,417,425
450668930,50290279,101,397,50,449,296,399
1324065851,4236041663,28,489,35,474,461,439
1283409759,4061577268,0,499,0,498,499,498
995008059,302897914,12,486,129,365,474,236
1013477527,467244518,68,430,0,499,362,499
1308956343,4178535397,84,416,0,497,332,497
976825960,276752832,88,411,0,499,323,499
1168316259,2857271031,16,485,106,432,469,326
1008137024,436067605,101,397,50,449,296,399
861711223,100344778,70,430,0,499,360,499
871555027,116382715,65,406,17,499,341,482
1202802032,3262838173,0,499,135,363,499,228
1294780310,1940509313,207,298,19,307,91,288
1022999747,531907241,96,414,74,405,318,331
987341884,294178433,0,499,83,415,499,332
1325099712,4240377375,26,468,19,478,442,459
1288036429,4079554451,90,402,26,469,312,443
971430126,262169309,123,441,45,451,318,406
1215357660,3287132899,0,499,62,437,499,375
1015365125,481119541,0,499,169,330,499,161
1273125621,3992518101,28,459,62,488,431,426
971481370,262246248,250,499,197,302,249,105
1275035104,4003835259,28,482,29,470,454,441
1238388918,3642059860,123,376,29,492,253,463
1273539461,3992748981,15,469,59,468,454,409
1205825713,3312189748,26,459,16,476,433,460
908886849,153461456,120,378,153,346,258,193
1268741147,3936362950,0,499,0,499,499,499
1176505126,2958501586,186,308,230,310,122,80
1255719336,3871019211,0,499,0,499,499,499
941456284,206630564,86,412,0,499,326,499
1031203564,606608177,73,426,0,499,353,499
1051257110,975280060,48,456,42,452,408,410
1064468168,278533378,150,349,100,399,199,299
1323324667,4231757278,0,499,0,499,499,499
880519298,125366178,81,418,30,469,337,439
1045877103,872717402,0,499,0,499,499,499
977863726,278547641,83,415,155,499,332,344
1243398416,3773716136,27,472,49,447,445,398
1222815617,3575757959,0,499,0,499,499,499
1035861126,693161534,66,437,28,472,371,444
1318000048,4216393378,75,412,100,416,337,316
1008065114,435907294,100,399,61,437,299,376
972619655,74407758,0,499,62,436,499,374
1310520902,4182250854,0,499,0,499,499,499
1002976674,388567532,148,351,125,374,203,249
1308840926,3348036509,116,382,38,461,266,423
1280708431,4046439015,84,404,30,494,320,464
1279317066,4037124463,30,462,67,472,432,405
916913688,162101467,75,424,0,499,349,499
960000801,234275496,71,427,26,473,356,447
1158032634,2694028060,110,389,56,442,279,386
1257655008,3881722602,2,497,3,497,495,494
1008019569,435893199,100,398,50,448,298,398
1269353924,3957943816,0,499,103,396,499,293
986265221,292205944,203,300,7,496,97,489
1174590065,2940639588,136,365,174,363,229,189
1104548312,1836511904,109,389,0,499,280,499
1088119653,1533056735,32,467,18,482,435,464
1294190902,4122554830,107,408,136,329,301,193
1292249551,4108380460,114,388,95,499,274,404
1278198314,4030618302,92,405,43,461,313,418
1276016429,4010222981,73,422,62,427,349,365
1301601945,4151266314,0,499,0,499,499,499
1247487763,3806720837,0,499,57,442,499,385
1249535117,3819981963,177,322,188,318,145,130
1261394751,3898719784,0,499,241,259,499,18
1099602912,1704986185,27,450,141,362,423,221
1192153755,3122685309,71,431,245,486,360,241
1243442941,3773724306,28,472,70,418,444,348
1323197088,4231841666,73,426,82,426,353,344
1314435554,4202302777,0,499,0,461,499,461
1291980107,4105522039,106,391,56,455,285,399
1284895042,4066224327,55,413,94,442,358,348
979645231,282352233,171,343,198,318,172,120
664741,184661,14,485,13,485,471,472
1292441752,4108914287,8,485,109,408,477,299
1255758254,3871285928,58,450,140,394,392,254
1306863789,4167093402,0,499,0,499,499,499
1030382121,500603135,20,486,70,429,466,359
847230775,55418316,82,419,0,499,337,499
947227525,209412874,72,427,0,499,355,499
1172474711,1193581554,89,422,37,462,333,425
1241397775,3756587545,185,314,167,332,129,165
1260357369,3893244305,66,285,212,421,219,209
1146384175,1306916285,135,373,49,490,238,441
1310346556,4182236674,6,475,62,432,469,370
1188546803,3067344517,163,358,17,465,195,448
1251230859,3838169571,3,496,32,445,493,413
1251656484,3844296736,6,491,7,482,485,475
1127714303,2126456825,103,409,176,321,306,145
1313405734,4197672404,79,409,14,476,330,462
977892717,278556259,73,426,0,499,353,499
1167872089,2846977422,11,492,73,432,481,359
1282026356,4050759558,50,417,44,458,367,414
1250260220,3831237005,72,499,14,498,427,484
1307839265,4172829357,0,499,0,499,499,499
1310349422,4181900236,91,411,21,475,320,454
1244818205,3786759633,20,479,142,356,459,214
1255052973,1100405987,100,399,23,476,299,453
1261173580,3898707829,21,479,142,359,458,217
1285520029,4069453685,100,398,150,392,298,242
1275482934,4006488313,48,450,48,416,402,368
1283059037,4058377743,0,499,0,499,499,499
1243392047,3773729975,70,440,145,357,370,212
1243230175,3768953261,121,378,152,346,257,194
1311404162,4187117412,0,499,16,499,499,483
1274392896,3999382469,161,360,95,365,199,270
1276437981,4013274248,30,482,120,361,452,241
1240109239,3743369981,117,381,65,434,264,369
1276339184,4012860741,0,499,0,499,499,499
1270130856,278409175,100,321,76,257,221,181
1216168207,3478166857,66,432,0,499,366,499
1282001510,4050750918,0,499,0,499,499,499
1275065029,4003838637,79,437,68,424,358,356
1030445948,597599012,87,402,44,433,315,389
989020524,296200873,8,489,97,401,481,304
1179481944,2822293789,135,369,28,423,234,395
1323639082,4234253385,0,499,0,499,499,499
1323338140,4231757824,156,330,30,478,174,448
1280059413,4042854526,15,476,98,407,461,309
1015534803,485094320,80,420,30,474,340,444
1191424240,3107233843,0,484,133,409,484,276
1306060796,3592361636,77,412,17,484,335,467
1205983381,2764694036,156,345,63,423,189,360
1276531887,4014025573,70,430,30,484,360,454
1246301743,3797987260,0,499,62,436,499,374
1308890251,2271359938,100,399,16,482,299,466
1315083642,4204290389,133,363,32,466,230,434
941622100,207151555,154,346,189,298,192,109
1258325554,3881733347,17,469,115,395,452,280
1061207134,143789637,97,395,24,478,298,454
1220368325,3543487529,156,342,100,399,186,299
1290025107,4090633311,35,477,36,469,442,433
1112678751,1924580381,42,490,107,409,448,302
1043956637,853215543,99,400,88,410,301,322
1169914198,2757712544,41,460,16,483,419,467
1231577344,3647139367,149,349,100,399,200,299
1281999732,4050750661,39,470,20,478,431,458
1243402294,3773717778,19,480,75,420,461,345
1267327017,3942398468,12,487,134,321,475,187
1275330187,4003960860,25,480,48,472,455,424
1214341352,3459251585,74,425,0,479,351,479
1304091771,4160935926,106,388,51,463,282,412
1025299175,550788792,62,436,0,499,374,499
1061565692,1103552503,72,426,0,499,354,499
1248831592,3817888008,0,499,0,499,499,499
1260465065,3888085151,63,436,0,499,373,499
1308343315,4152082875,58,417,92,417,359,325
1248602525,3816450327,0,499,0,499,499,499
1279137851,4037095064,0,499,0,499,499,499
1080218114,1442997282,0,499,0,498,499,498
1258327787,3881733509,32,472,118,423,440,305
910201446,154448760,62,436,0,499,374,499
1315208219,4187536303,198,383,123,394,185,271
846480657,2921373,185,314,205,294,129,89
1283648296,4061596012,0,499,0,499,499,499
1243658996,3775275040,0,499,169,436,499,267
941693658,207287189,167,352,199,311,185,112
1248836718,3817896380,7,491,0,499,484,499
1304159224,4160984623,106,388,51,463,282,412
1254607385,3863305446,69,422,105,400,353,295
1310007735,4181948570,21,478,45,480,457,435
1263652929,3919476085,70,465,55,499,395,444
962699361,241817162,0,499,62,436,499,374
1224423958,3521204632,153,461,81,417,308,336
1283505252,4061479278,78,431,38,451,353,413
1005843411,418202431,15,488,213,284,473,71
1275575646,4006497211,0,499,0,476,499,476
1227396583,3608192874,84,415,0,499,331,499
1126713666,2106091106,45,453,49,463,408,414
1235404018,3693444326,67,431,0,499,364,499
993790883,301541000,56,443,0,499,387,499
1262563417,3908517458,53,441,200,381,388,181
923548704,174105925,0,499,62,436,499,374
1255757525,3871285671,7,499,9,405,492,396
1219121130,3523602905,109,389,0,499,280,499
1264152426,3924074740,141,368,30,467,227,437
1220135097,3538520113,133,374,48,433,241,385
1311171413,4182061755,37,466,134,469,429,335
1046300841,874240643,165,334,177,327,169,150
1283013073,4057772670,108,413,193,366,305,173
938724018,201040993,86,423,90,413,337,323
1173819357,2932154233,0,499,71,427,499,356
1306486080,3617939565,74,424,0,499,350,499
1088705375,1542433267,0,499,84,414,499,330
1231031033,3639711687,23,476,0,499,453,499
1318010345,122451876,0,499,40,499,499,459
1243659682,3775275583,0,499,62,436,499,374
1221233689,2206054287,129,317,39,458,188,419
1285548203,3212881067,100,399,38,460,299,422
1088448244,1539460984,102,396,158,338,294,180
1116829182,1965514559,79,446,52,467,367,415
1316144326,4200873840,0,499,85,413,499,328
1276403649,4013135646,128,335,91,384,207,293
1047849924,933419021,78,421,0,499,343,499
1255338762,3868420030,62,438,244,362,376,118
1133700362,2195093506,5,489,65,429,484,364
1302990798,4157275373,0,499,109,389,499,280
1270215916,3076252347,127,337,136,302,210,166
1121209325,2033308117,111,392,185,355,281,170
1301302684,4151249796,20,478,62,459,458,397
1316993638,4210982393,0,499,0,499,499,499
1248858387,3817905676,37,451,30,468,414,438
865258332,107476986,14,485,0,499,471,499
1282918208,4057768216,103,401,20,497,298,477
1154984296,2646545462,69,467,206,294,398,88
1275705817,4006536291,0,499,0,499,499,499
1235207332,3692468882,35,472,61,460,437,399
1275648177,4006510713,99,414,63,389,315,326
1246375914,3798821752,120,369,110,393,249,283
1246100466,3797081154,47,448,40,460,401,420
1244541087,3785187847,0,499,122,436,499,314
1025896890,555726498,75,424,5,494,349,489
1179612039,2992578597,0,499,83,415,499,332
1299734543,4143441986,0,499,1,481,499,480
854179040,85756829,70,429,0,499,359,499
874728473,82088950,71,427,44,454,356,410
1273535988,3994362463,133,372,41,424,239,383
1252628074,3850328847,0,499,62,436,499,374
1023853702,538267751,83,427,115,357,344,242
1313924092,4186090092,78,461,55,440,383,385
1304029875,4160809330,41,460,146,364,419,218
1242275064,4020049703,55,448,16,485,393,469
1260348682,3893243901,56,465,116,443,409,327
260598549,11656435,62,436,0,499,374,499
1265867405,3935345965,78,437,8,492,359,484
969674241,257191318,117,381,65,434,264,369
1244540939,3785187793,0,499,62,436,499,374
1237282446,3716309459,0,499,0,499,499,499
1321853815,4223046329,61,432,43,457,371,414
1295144469,3610976924,10,489,0,499,479,499
1094781839,1628025266,0,499,100,399,499,299
949386947,212342899,128,394,149,351,266,202
864613170,106243378,69,430,0,499,361,499
1141821073,2431934245,67,432,38,451,365,413
1046601515,876576183,107,391,51,448,284,397
1246911554,3802843438,144,355,141,352,211,211
850245246,81590087,76,422,0,499,346,499
328472401,2547894,120,379,49,449,259,400
1083945667,1490777397,34,446,28,462,412,434
1207344238,2779858885,136,362,152,375,226,223
981947999,284905028,80,419,0,499,339,499
1100083416,1711736101,110,389,78,421,279,343
1304098569,4160937783,106,388,51,463,282,412
1105544792,1852896524,146,353,117,378,207,261
1313400085,4197670967,3,468,24,461,465,437
1071170568,1271837042,0,499,62,436,499,374
1196633690,3195331017,0,499,0,499,499,499
977854492,278547784,83,416,39,479,333,440
1011832834,138758690,3,498,113,386,495,273
1288480569,4066604724,51,447,0,499,396,499
1207745027,1888333174,170,330,308,457,160,149
1310048174,4181952964,8,493,0,494,485,494
908797508,98852638,68,431,0,495,363,495
1261170984,3898707157,0,499,0,427,499,427
1236741460,3712356911,15,484,0,499,469,499
1141167977,2425679530,178,343,237,268,165,31
1304124003,4148207835,82,410,206,366,328,160
1127842872,2126481037,62,436,0,499,374,499
1007191039,433066046,187,311,0,491,124,491
1266885960,3940228075,52,457,118,418,405,300
1086093897,1508416217,59,430,86,414,371,328
1163767284,2769196361,52,445,105,296,393,191
1317474647,4210630050,33,452,113,455,419,342
1264404975,3925283086,60,438,121,368,378,247
1031548403,612506506,66,439,148,375,373,227
868076082,111423351,0,499,62,436,499,374
1273284064,3992553108,0,499,0,499,499,499
1252120315,3846831307,0,499,0,499,499,499
1307748942,4172813216,115,388,153,370,273,217
925685953,177289112,141,357,95,404,216,309
1190258912,1876687627,108,396,127,384,288,257
1026983110,569674988,101,398,50,449,297,399
1232344799,532978831,181,322,143,359,141,216
1182245630,3002219701,70,429,0,499,359,499
1283431719,4061578043,0,499,82,416,499,334
946231149,208072197,0,499,62,436,499,374
1025215401,549767238,75,424,5,494,349,489
1275064737,4003838599,87,433,78,419,346,341
1228858643,3620886142,16,483,0,499,467,499
1319429143,4214364211,54,469,120,412,415,292
1047849684,933418611,77,422,0,499,345,499
1016379503,498764676,0,491,85,407,491,322
1275468124,4006485944,32,474,31,475,442,444
1297898265,4137582338,35,465,61,444,430,383
1271711428,3979569163,0,499,0,499,499,499
1305748544,4121105420,92,406,0,499,314,499
1249413235,3817963551,0,499,83,415,499,332
1055491486,1061023993,63,442,171,325,379,154
1144931664,2482384060,0,499,0,498,499,498
1278120456,4029710871,86,455,76,459,369,383
1283570306,4061481954,0,499,0,499,499,499
1312797836,4195569674,65,444,164,362,379,198
1304169534,4160986427,106,388,51,463,282,412
1254490438,3861762896,0,499,0,499,499,499
1293776057,4120511460,80,411,166,381,331,215
1026369364,562801967,0,499,52,447,499,395
1284607703,4065768383,30,472,86,374,442,288
1056247773,1069612375,81,417,0,499,336,499
1277606108,4022993783,0,499,0,499,499,499
933237439,190092813,72,426,0,499,354,499
1283511759,4061581623,0,499,0,499,499,499
1302882908,4155461217,0,499,62,436,499,374
951722798,215261555,13,494,32,480,481,448
1320979287,4221649894,64,443,125,368,379,243
1114671650,1935687097,110,385,35,468,275,433
1276344493,4012748163,23,450,49,461,427,412
1302551971,4155424371,0,499,0,499,499,499
1060088691,1095513109,140,351,24,476,211,452
1279762779,4041457176,159,321,128,374,162,246
1130316719,2180174672,203,301,195,333,98,138
1204198369,3287125141,146,348,41,454,202,413
1212771173,3433579351,0,499,82,417,499,335
1007555782,435090491,100,399,50,449,299,399
1312024243,4189093106,0,499,0,499,499,499
1023901731,538801223,137,285,210,337,148,127
934310904,192043396,0,499,62,436,499,374
1278299479,4031689387,110,389,54,445,279,391
1257461468,3881645759,0,499,0,499,499,499
987627306,294480376,0,498,8,490,498,482
1270409712,3971832720,0,499,0,499,499,499
1134227845,2234402024,71,429,0,499,358,499
1317902792,4215692778,42,462,159,372,420,213
1112216357,1922103996,156,342,100,399,186,299
1146204661,2507021465,62,436,0,499,374,499
1025303880,415481665,0,499,62,436,499,374
1176510110,2958730080,62,437,62,437,375,375
1124769424,2082817594,140,327,124,370,187,246
936591443,196195162,0,499,62,436,499,374
1071342941,278687812,191,308,112,382,117,270
1283539467,4061479739,0,499,0,499,499,499
1253416455,3817900243,9,492,0,499,483,499
1305920736,4167022071,65,429,79,427,364,348
1317245505,4210986988,0,499,0,499,499,499
1244540533,3785187489,0,499,128,436,499,308
1266674961,3939551982,42,468,29,483,426,454
1309683673,4152927754,8,489,85,410,481,325
1273055601,3992548769,26,474,49,471,448,422
1307458889,4168852298,49,445,69,456,396,387
1283497519,4061479042,26,472,36,458,446,422
1060397313,547069246,117,382,50,449,265,399
1282747274,4058938745,34,449,133,329,415,196
1128832317,2156204607,94,405,27,471,311,444
1324039148,4232368145,0,469,159,499,469,340
1057308939,1077635712,133,372,193,327,239,134
933250223,190102738,113,385,0,499,272,499
1323333751,4231757635,0,499,23,499,499,476
1255760879,3871043069,61,444,66,424,383,358
873135965,118631162,80,419,30,463,339,433
1036710874,718498891,80,389,145,378,309,233
1267239484,3942383005,0,499,0,499,499,499
1152063677,2585567409,68,431,0,499,363,499
1244541002,3785102211,18,458,46,475,440,429
1324221489,4236298535,124,370,86,428,246,342
1034595802,678478548,63,435,0,499,372,499
1231792528,3654499638,140,339,39,461,199,422
1257281245,3879892622,193,299,397,440,106,43
1276050808,4010225221,0,444,14,488,444,474
1324256685,4235886829,26,472,90,402,446,312
1136090528,2311464209,62,436,0,499,374,499
1255248551,3868623338,46,464,109,466,418,357
1269877876,3956561650,32,478,26,468,446,442
1212123990,3417234966,83,415,0,499,332,499
1101675060,1779574360,135,363,100,399,228,299
1039827999,803463791,0,499,62,436,499,374
28134330,1617573,68,430,0,499,362,499
1281866756,4053487511,77,417,0,499,340,499
1139118230,2380050293,176,322,122,364,146,242
1090795532,1345560744,120,387,10,490,267,480
1252627816,3850328600,0,499,154,436,499,282
975072212,272567849,71,427,0,499,356,499
1126771971,2106898666,0,498,0,499,498,499
1167720206,2835856842,40,459,124,375,419,251
1178353767,2984866183,0,499,109,389,499,280
1161118050,2732797009,110,389,60,446,279,386
1307881069,4173008708,0,484,0,495,484,495
1314740114,4186623323,64,398,33,461,334,428
1273202492,3992411080,48,445,60,451,397,391
1098064761,1677703457,109,389,0,490,280,490
987486953,294315813,67,431,0,499,364,499
1313423354,4197674968,76,406,43,449,330,406
915699622,160376578,0,499,62,436,499,374
995103154,303052114,197,292,33,476,95,443
1133103521,2242959424,0,499,62,436,499,374
1263004941,3913252391,0,499,0,499,499,499
1324054128,4236041429,18,491,16,496,473,480
1171830381,2903921551,0,499,75,423,499,348
1254885108,2375057402,65,417,0,499,352,499
1293351666,4104760887,0,476,61,441,476,380
908116104,149241455,71,427,0,499,356,499
1034539197,677174667,66,433,0,499,367,499
1266967799,3940053512,0,499,0,493,499,493
1146060626,2234402207,70,416,140,378,346,238
1323285947,4231691377,113,332,10,366,219,356
941622281,207151551,160,320,183,344,160,161
1258496222,3883451644,135,388,58,466,253,408
1264955517,3928373596,0,499,0,499,499,499
932670078,188975950,62,433,157,316,371,159
1288904682,4085922015,13,463,125,462,450,337
875828010,121624220,0,499,62,436,499,374
1158120743,2695197366,0,499,39,458,499,419
1304005861,4160804751,83,499,36,498,416,462
1191556583,3110172015,240,268,3,498,28,495
1237587946,3720179155,62,436,0,499,374,499
1301466701,4151260576,0,499,0,499,499,499
1026778290,569540593,100,399,58,440,299,382
1050382116,960522016,43,399,89,437,356,348
1264267998,3925191845,0,499,0,499,499,499
1316995518,4210964369,0,499,0,499,499,499
856760088,88981731,70,430,0,499,360,499
1007620116,435153401,103,396,50,449,293,399
1100250376,1307722726,107,392,121,382,285,261
1286902359,4074700640,188,337,76,422,149,346
1308907266,2781186734,100,399,10,488,299,478
859043762,93963288,198,303,175,324,105,149
1181522988,1161951983,121,359,175,370,238,195
1281504756,3969471076,115,380,55,441,265,386
1097488755,185222886,157,375,119,443,218,324
1100073738,1711736015,110,389,54,444,279,390
1219887400,3532983247,0,499,0,499,499,499
1311382851,4187114612,49,499,0,499,450,499
1301917201,4153922013,139,363,70,440,224,370
1289816205,4089928038,10,499,26,495,489,469
1071869639,278518906,153,346,100,399,193,299
972656918,266186893,0,499,61,439,499,378
1244207484,3780771515,70,428,0,499,358,499
1124120736,2071176033,90,409,0,499,319,499
1264088870,3923183817,147,346,50,461,199,411
1252257780,3848336119,0,499,0,499,499,499
1305099459,4164665820,106,388,51,463,282,412
1283826285,4061617550,12,499,0,499,487,499
1034531321,677107426,0,499,39,459,499,420
1278927003,4037568070,0,499,0,499,499,499
1316201064,4200877322,63,443,159,345,380,186
1240227135,3745007998,87,411,10,489,324,479
1126730283,278540827,156,343,119,399,187,280
1257640930,3881990118,31,478,31,470,447,439
1057157437,1075791142,9,499,84,415,490,331
1138581396,2361169670,162,384,12,499,222,487
1313557857,4199252869,142,357,88,427,215,339
1077283461,143719892,124,373,46,452,249,406
1036810573,721155266,0,499,62,436,499,374
854032742,64336627,196,302,176,324,106,148
921226475,167946705,0,499,62,436,499,374
1261193509,3898711309,91,407,75,409,316,334
1320150849,4215428761,68,346,68,276,278,208
1277554990,4023545587,94,482,54,480,388,426
1003844138,392444634,0,499,92,407,499,315
1019332789,516406728,0,499,88,411,499,323
1260298701,3894931065,67,440,77,430,373,353
1269576265,3959991537,0,499,0,499,499,499
1084764303,1500611298,54,420,27,430,366,403
1262284989,3906626684,0,499,2,499,499,497
1212275469,3420711087,61,378,63,466,317,403
1189539753,3082694090,4,494,27,459,490,432
1128104506,2137475523,53,445,103,410,392,307
1198682161,1100402333,154,344,119,399,190,280
1282997372,4057772119,0,499,0,499,499,499
1100069785,1711732739,70,429,145,354,359,209
1279097220,4037578626,34,468,24,414,434,390
1109606257,1889726107,153,345,100,399,192,299
1101560954,1775508338,0,499,109,389,499,280
1110029944,1897817904,0,499,92,407,499,315
933250075,190105377,73,412,1,486,339,485
1220137213,3451938428,13,487,10,482,474,472
1123630911,2059832867,156,343,100,399,187,299
1269522633,3959415959,0,499,0,499,499,499
1023330376,536041348,139,319,174,335,180,161
1007527485,435031561,56,442,0,499,386,499
1088678241,1352145825,139,336,29,452,197,423
1243660349,3775276414,0,499,148,436,499,288
1190252340,2943131384,0,499,62,436,499,374
1237261226,3716299213,66,428,65,425,362,360
1128401932,2143902900,0,499,63,436,499,373
1238291379,3727584782,109,356,67,380,247,313
1133840803,2264786249,103,398,72,429,295,357
1324094642,4236042069,25,486,16,491,461,475
1226601437,3601987759,11,488,101,397,477,296
1310991300,4182113659,15,483,110,396,468,286
1311904766,4188974754,40,460,93,448,420,355
987349744,294182637,169,327,5,492,158,487
1262172512,3905724105,20,474,85,404,454,319
1007985074,435843544,170,329,142,356,159,214
82909630,1179879,106,393,81,417,287,336
1306016342,4167105136,32,469,88,422,437,334
1186731667,3037202873,84,423,174,333,339,159
1124257206,2074472794,99,400,0,499,301,499
1282947860,4057769663,0,499,0,499,499,499
1008751550,439078172,73,425,0,499,352,499
1295967675,4127726674,80,437,69,424,357,355
1310630690,4184540696,153,342,172,367,189,195
904034729,148708454,144,354,90,409,210,319
320049819,46909146,0,499,62,436,499,374
1279053995,4037089788,0,499,0,499,499,499
1323260028,4231687324,30,472,225,299,442,74
1244016238,3772633473,144,354,175,326,210,151
1311422536,4187120575,0,499,16,499,499,483
1141884826,2435942205,43,406,67,491,363,424
1167672493,2843262194,87,413,27,469,326,442
1225410231,3589914254,193,306,170,341,113,171
984543451,289189065,110,369,77,355,259,278
1250268408,3831364263,0,499,62,436,499,374
1230852140,3642603095,191,286,49,457,95,408
1088237445,1535159579,135,495,203,294,360,91
1212275131,3420709949,120,377,2,464,257,462
1317235745,4211533647,1,495,12,499,494,487
1318311699,2107404818,44,435,150,388,391,238
1302475225,4155417166,37,463,169,348,426,179
1268084421,3128770452,71,427,0,499,356,499
1206119043,3320096250,142,338,328,499,196,171
1093530167,1606738049,130,351,106,393,221,287
1114671639,1935687092,64,439,19,473,375,454
77378530,1511251,107,392,45,451,285,406
1270285420,3970496124,150,350,126,395,200,269
1309829519,4182100210,95,433,125,462,338,337
1305439936,4144894694,47,462,172,340,415,168
1261192947,3898711228,44,439,70,407,395,337
1078926254,1407834335,0,499,62,436,499,374
1266330038,3938063822,69,428,11,450,359,439
864291985,105633048,104,390,44,452,286,408
1125593324,2079427874,81,293,40,448,212,408
1252562309,3850120760,84,442,82,451,358,369
1273237738,3992592353,56,442,88,448,386,360
1002973865,388575391,0,499,203,273,499,70
1286008338,4071439153,0,499,0,499,499,499
1322271136,4230954514,47,484,24,483,437,459
1130172022,2176152694,0,499,17,482,499,465
1301149786,4150922879,160,354,143,369,194,226
1005105524,411295845,84,416,30,464,332,434
1307650044,4171534238,75,423,0,499,348,499
1324204849,4236298028,30,472,83,426,442,343
1239669685,3738732335,4,494,12,449,490,437
1318882925,4213506144,36,469,69,418,433,349
1313212064,4197494182,0,499,0,499,499,499
1184152273,206717482,2,496,0,499,494,499
999518368,339219787,73,426,0,499,353,499
1275613394,4007155302,35,456,69,471,421,402
1320572160,4225124013,167,347,96,326,180,230
868993878,112639021,0,499,62,436,499,374
1289810927,4089927597,61,439,49,456,378,407
856025089,88983212,143,356,100,399,213,299
1249585890,3820235447,191,299,82,391,108,309
933262611,190111736,32,466,0,499,434,499
1121311131,2033921072,32,472,32,475,440,443
1309233978,4179864456,38,449,116,357,411,241
1190254222,2832752556,0,499,126,432,499,306
1111502198,1902762693,164,330,77,454,166,377
1127126961,2116391590,0,499,196,328,499,132
1317472285,4213276487,126,392,156,373,266,217
1283703952,4061599231,77,413,123,379,336,256
247141130,1422563,145,353,156,342,208,186
1034456922,674143660,68,430,0,499,362,499
1009324870,440660019,153,345,129,370,192,241
1225886467,284150488,125,374,137,362,249,225
864981853,107107366,106,393,140,358,287,218
1064357792,1135715769,81,418,0,499,337,499
1019017291,514236068,90,409,130,369,319,239
1261388125,3898718626,0,499,0,499,499,499
973495701,269174546,54,445,0,499,391,499
1118520198,1984420034,43,460,27,472,417,445
292761519,17818099,42,457,215,284,415,69
1009253615,440550410,100,399,60,439,299,379
1194222074,3155808727,57,438,68,469,381,401
964760193,248184980,0,499,0,499,499,499
1204666598,3295088399,0,499,62,436,499,374
1301794793,4147749143,0,499,62,436,499,374
1153266669,2623654725,60,430,192,336,370,144
1223762129,2392556267,352,389,411,439,37,28
1126890636,2110021191,187,311,150,349,124,199
1270323357,3971188126,91,407,7,493,316,486
1122387842,2046285811,62,436,0,499,374,499
1264018495,3919277729,62,436,0,499,374,499
922170114,170807839,202,243,0,499,41,499
1299737520,4143492972,0,499,0,499,499,499
1169768339,2883118129,148,352,38,452,204,414
1039017361,782055047,23,475,0,425,452,425
1318747210,4217954478,0,499,0,499,499,499
1236031137,3696250892,161,312,47,454,151,407
1162648808,2755874339,126,372,130,371,246,241
1192049716,3120597338,68,432,22,488,364,466
860942853,98920497,10,489,11,481,479,470
1087007078,1518741296,30,471,105,406,441,301
1245923379,3795447255,193,306,15,485,113,470
1119505524,1999840604,47,432,36,477,385,441
1139135220,2380561366,31,468,31,468,437,437
1235499120,3694375246,32,474,58,460,442,402
958719246,229048288,0,499,100,399,499,299
1042085667,48612918,62,436,0,499,374,499
1161380245,2737659191,110,389,145,354,279,209
1301074424,4150479026,41,455,32,499,414,467
1086387245,2041117460,2,499,0,499,497,499
971432459,262168762,24,497,111,390,473,279
941621965,207151490,213,270,175,325,57,150
1113806840,1928648251,206,298,12,131,92,119
1313129369,4182626569,56,439,124,410,383,286
986941663,293306701,5,496,53,444,491,391
848563464,79516349,65,433,0,499,368,499
981560610,284733216,0,499,62,436,499,374
892616836,139880136,200,299,180,319,99,139
1324191757,4236297494,71,464,15,364,393,349
1231449766,3649360463,224,281,221,221,57,500
1065311443,1149995903,0,499,0,499,499,499
1100078169,1711734963,180,319,152,347,139,195
1279766817,4041458027,42,464,33,435,422,402
893310857,141190914,188,315,224,270,127,46
1260715124,3895286451,0,499,0,499,499,499
1167051409,2825790252,33,442,0,499,409,499
958217304,226507323,0,499,62,436,499,374
962641056,241416029,73,426,0,499,353,499
1054822839,1047244296,0,499,62,436,499,374
1307443659,4171503701,0,499,0,499,499,499
1229310142,3623825618,99,399,17,482,300,465
933239521,190095501,73,426,0,499,353,499
1311484179,4187456953,140,355,22,485,215,463
1314497819,4202303666,40,465,40,435,425,395
1115566633,1947170666,19,497,25,478,478,453
1318400073,4187259045,56,462,91,368,406,277
1278783208,4037081882,21,495,12,487,474,475
1168992844,2868665216,165,499,79,413,334,334
1198879998,298674966,165,334,111,388,169,277
1273776496,3994954240,2,480,1,491,478,490
1279766678,4041458010,0,499,0,499,499,499
1089840761,1551455565,0,499,62,436,499,374
1279418108,4037129618,0,499,35,499,499,464
878751028,124119263,0,499,62,436,499,374
1276433429,4013273236,6,490,15,419,484,404
1257574502,3881981294,48,480,152,416,432,264
936757098,196451000,0,499,62,436,499,374
949385010,212343039,199,312,134,365,113,231
1061195073,1101456458,0,499,62,436,499,374
1252627113,3850328296,0,499,154,436,499,282
1265206177,3929890032,0,499,0,499,499,499
1225887527,532978877,135,342,149,345,207,196
1156971815,2679537645,187,287,187,379,100,192
1155972820,2662726141,91,396,93,398,305,305
1306811892,4167088027,106,388,51,463,282,412
868442286,111913360,0,499,67,432,499,365
1292405132,4108946769,0,499,0,499,499,499
1261173430,3898707817,6,478,165,332,472,167
1270219710,3969948762,28,461,187,357,433,170
996371629,276999441,71,427,44,455,356,411
922170550,170808074,227,251,0,499,24,499
886428900,132318103,93,436,35,499,343,464
1211444738,3399880190,142,358,72,292,216,220
1209685496,3382193010,0,499,56,442,499,386
1273152473,3992406081,42,463,61,471,421,410
1282559938,4057547218,71,447,53,455,376,402
1284087055,4063359993,75,433,74,425,358,351
1318748438,4215569263,29,447,24,499,418,475
1323292865,4231695314,30,468,116,419,438,303
161871530,2702517,68,431,0,499,363,499
893658071,3877619,120,379,76,422,259,346
869957251,114196372,58,437,0,499,379,499
1254446827,3859834022,62,436,0,499,374,499
986922059,293307124,35,274,15,494,239,479
1270347022,3971369377,0,499,0,499,499,499
1136071989,2318203876,0,499,62,436,499,374
991695151,299350356,107,391,0,499,284,499
1119405846,1998118336,28,469,273,399,441,126
1281975733,4050744736,82,402,33,467,320,434
933257595,190108967,71,428,0,499,357,499
1065100225,1146355311,157,343,58,461,186,403
915098206,159603874,0,499,0,499,499,499
935733927,195460796,62,436,0,499,374,499
1217695321,2666030339,12,486,18,489,474,471
1262986789,3910343228,0,499,109,389,499,280
1113763857,1928285250,219,280,64,440,61,376
970740323,259214454,0,499,62,436,499,374
963075901,242523678,71,409,83,425,338,342
1267142332,3941809714,37,483,27,424,446,397
746460536,60592255,62,436,0,499,374,499
1285073851,4066258546,0,499,0,499,499,499
1217172143,3490666358,58,499,8,495,441,487
1213334365,278411401,150,349,100,399,199,299
1257260029,3879901819,17,499,24,498,482,474
1290325661,4092491685,84,415,0,499,331,499
1042299211,838306956,20,474,89,420,454,331
1248166711,3814504853,110,389,54,445,279,391
1241415175,3756659568,185,314,159,340,129,181
1143342635,2464621516,143,352,191,314,209,123
1244541294,3785188000,0,499,62,436,499,374
1009330308,440708996,150,349,105,394,199,289
860269134,97952810,62,437,0,499,375,499
1072792292,1307083064,69,429,0,499,360,499
1094215136,1615679820,0,499,129,369,499,240
1313814061,4184093018,50,442,43,479,392,436
1308855370,3511795733,100,399,19,479,299,460
1253145694,3855157872,7,490,12,486,483,474
1302521060,4155420501,202,294,28,477,92,449
1176096328,2954026966,3,397,126,362,394,236
1088414222,1539032067,71,427,0,499,356,499
1095277175,1633891617,16,483,93,401,467,308
1204223984,3287236228,30,484,163,343,454,180
1123660141,2059868707,79,434,65,440,355,375
1091763940,1566948195,53,446,0,499,393,499
1273935510,3995362502,151,343,187,321,192,134
1278206210,4030657199,63,492,68,423,429,355
1321345145,4218504284,62,436,0,499,374,499
1071078718,1284431444,6,488,28,477,482,449
1307400444,4171238282,0,480,0,470,480,470
1111041371,1908564845,0,499,62,437,499,375
1166462237,2816967188,62,436,0,499,374,499
1001605295,370765176,160,340,125,374,180,249
1270055855,3967127205,106,416,72,387,310,315
1251224041,3838151497,49,450,66,433,401,367
1293252781,4104657361,71,417,14,490,346,476
1318180354,1499685684,1,450,55,436,449,381
949552378,212583428,154,340,200,307,186,107
1218724534,3516639496,0,499,240,260,499,20
1292444489,4108915899,221,367,203,309,146,106
1307169482,4170893568,0,499,0,499,499,499
1162314864,2751897575,109,389,0,499,280,499
983901964,288224525,30,459,131,367,429,236
1252627443,3850328425,0,499,62,436,499,374
1307881449,4173008727,99,401,20,481,302,461
1251512339,3843196984,33,465,0,499,432,499
1262273283,3906572900,0,499,128,499,499,371
1146981435,2527236641,110,389,53,446,279,393
1264048306,3923104158,145,354,66,456,209,390
1150216234,2564246804,0,499,0,499,499,499
1270219516,3969948704,19,477,197,356,458,159
1324141658,4236042711,0,427,0,391,427,391
1205396970,3303148785,0,499,0,499,499,499
1258186009,3883886726,103,396,74,499,293,425
509041059,52367176,62,437,0,499,375,499
1201885811,3244916679,25,479,64,442,454,378
1305100095,4164665875,106,388,51,463,282,412
1282004825,4050752898,0,498,2,499,498,497
1048495409,942442935,127,384,141,360,257,219
1311170056,4181904738,0,499,0,499,499,499
1270212383,3969772765,0,499,0,499,499,499
1157311694,2684030465,145,351,103,393,206,290
1307880350,4173008683,0,499,0,499,499,499
1246201389,3797478002,20,479,130,376,459,246
1271792147,3981208127,44,455,7,497,411,490
1276447247,4013276307,0,499,0,499,499,499
922335703,171094641,0,499,62,436,499,374
875897955,90116506,80,419,0,499,339,499
1293167977,4116506667,57,409,82,423,352,341
1292804363,4113667155,0,499,62,436,499,374
1277950639,4023227471,0,499,0,499,499,499
1263086470,3912884421,62,436,0,499,374,499
1236029318,3700254105,0,499,63,436,499,373
1323801336,4234276169,0,499,0,499,499,499
1138510375,2361170958,103,404,53,455,301,402
1255110719,3868321004,42,466,47,472,424,425
979557942,282176504,237,261,296,303,24,7
1323386582,4231832496,24,485,19,481,461,462
1055775147,1066859897,158,347,146,361,189,215
853995893,85256622,206,303,175,324,97,149
1258839561,3887559247,28,467,45,457,439,412
1279760878,4041456903,65,426,159,366,361,207
1243660020,3775275645,0,499,136,436,499,300
1283531794,4061583615,0,499,0,499,499,499
1321577288,4223043305,0,499,26,472,499,446
1200633500,3242561757,0,499,62,436,499,374
914667443,75815995,123,376,74,425,253,351
975263833,273313220,10,489,10,489,479,479
1029519509,591935423,10,484,100,447,474,347
1168014944,2849849890,57,462,69,443,405,374
1311732227,4188948811,0,499,65,420,499,355
1237161109,3716567087,122,404,91,387,282,296
1189140392,3078616483,0,499,62,436,499,374
1223216728,3579345190,116,416,31,393,300,362
1064379240,1136083059,135,390,30,460,255,430
1317940625,4215698561,86,427,115,356,341,241
1246736483,3801901970,0,499,193,436,499,243
1283937855,4061633633,73,432,123,398,359,275
1249840110,3823621829,0,499,143,356,499,213
1119101217,1993122826,0,499,62,436,499,374
974151418,271065470,62,436,0,499,374,499
1218271092,3259720257,109,389,0,499,280,499
1119405830,1998118328,174,331,122,361,157,239
1197095900,543458025,177,318,157,349,141,192
981975965,285424270,0,498,79,419,498,340
1240718511,3748201211,42,475,126,382,433,256
1302898934,4156934329,16,480,47,436,464,389
1244499836,3784926236,7,485,34,471,478,437
1100073267,1711731831,180,319,152,347,139,195
1310466525,4182245504,0,499,0,499,499,499
1031513570,611813719,0,499,0,499,499,499
1316113782,4200870822,0,499,0,499,499,499
932053134,187098076,62,436,0,499,374,499
1192033455,3120541474,68,432,22,488,364,466
1289113117,4085969705,5,498,88,411,493,323
1292255859,4108380764,46,464,109,427,418,318
919320724,59382542,68,430,0,499,362,499
1008091723,435925794,107,392,50,449,285,399
1225887382,3204676735,131,367,173,334,236,161
1275599079,4006498443,163,367,33,469,204,436
1298922864,4112243141,25,482,160,314,457,154
1262355054,3888370925,0,499,35,499,499,464
1266487819,3938615482,21,487,121,349,466,228
1193299519,3140766494,0,499,118,381,499,263
1178310268,2984373235,14,478,54,451,464,397
1100070305,1711736692,110,389,52,447,279,395
1027117009,569946010,105,393,50,449,288,399
1215492755,3470039567,90,409,0,499,319,499
1319975179,4215301557,140,357,93,421,217,328
1267340276,3942386274,0,499,0,499,499,499
1057376331,1073325807,52,461,208,334,409,126
1281312803,4050821952,0,499,0,499,499,499
1243658958,3775275027,0,499,169,436,499,267
1111382060,1911182089,156,351,80,423,195,343
1244541199,3785187876,0,499,145,436,499,291
1268784804,3953644616,151,477,163,347,326,184
946699882,208686939,147,353,156,347,206,191
1047878462,933782073,124,375,0,491,251,491
1317307171,4211720047,219,289,27,372,70,345
1278867956,4037566042,0,499,0,499,499,499
1280694403,4046437917,28,469,0,454,441,454
1316201670,4200877335,0,499,0,499,499,499
1132599002,2229415379,18,480,77,407,462,330
875918204,112766212,62,436,0,499,374,499
1211887686,3312222581,19,486,7,491,467,484
1324062824,4236041611,0,499,52,438,499,386
1187034370,3040671199,71,428,0,499,357,499
1275645530,4006510382,89,402,80,413,313,333
1225668332,728169267,243,254,0,499,11,499
1243659284,3775275196,0,499,62,436,499,374
1311637439,278681062,151,356,47,452,205,405
1156465397,2670676462,120,373,79,374,253,295
1316353066,4209054528,110,272,177,351,162,174
1126897825,2110944272,147,352,100,399,205,299
965042414,248906466,62,436,0,499,374,499
1208916333,3356930516,0,499,108,391,499,283
939138643,201721192,0,499,62,436,499,374
908163212,148202607,84,415,12,486,331,474
833826582,65544474,73,425,0,499,352,499
1216069060,3477169872,14,449,63,462,435,399
1145575009,2498602315,2,496,224,275,494,51
1256734598,3874769721,0,499,0,499,499,499
1304003447,4160804153,1,486,18,497,485,479
1257545151,3881234691,0,499,0,499,499,499
1119476873,1996483848,31,460,94,459,429,365
1156925881,2678802076,124,304,97,455,180,358
1251442579,3842663769,20,471,108,398,451,290
1265184652,3929867601,58,431,115,409,373,294
260238542,11442442,78,432,0,489,354,489
890156155,136255802,31,454,58,443,423,385
1191046073,3101164742,46,468,62,412,422,350
1269775749,3962605278,0,499,0,499,499,499
1099366264,1702559146,46,463,42,460,417,418
1130985220,2191255174,84,424,27,466,340,439
1275253659,4004119394,56,439,70,436,383,366
949383819,212341909,116,394,137,343,278,206
981798901,285179044,76,436,56,434,360,378
1275490334,4002433049,102,397,43,499,295,456
1251448833,3842713817,0,499,0,499,499,499
1106020153,1859918704,183,314,127,357,131,230
1161785204,2738476997,127,383,66,499,256,433
1192046399,3120577972,68,432,22,488,364,466
1213215524,3442686072,42,458,160,338,416,178
878507988,123828640,0,499,71,427,499,356
855820199,88578531,197,302,176,324,105,148
1025104262,548997204,71,427,0,499,356,499
1251036388,3837312225,0,499,0,499,499,499
1115457827,188746462,38,468,40,455,430,415
1279754037,4041455853,68,464,22,480,396,458
1263818378,3921740713,0,498,0,499,498,499
520673369,1792037,0,499,62,436,499,374
1262350627,2807581204,101,432,90,465,331,375
1201444675,3246413844,0,499,83,415,499,332
1191030598,3101158942,0,499,62,436,499,374
1252534501,3850022047,125,374,125,363,249,238
1048523068,942608123,74,424,0,499,350,499
896413292,64573634,92,392,4,499,300,495
1276359196,4012750823,21,458,60,465,437,405
1275535339,4006493797,9,482,64,402,473,338
1282053686,4054817233,80,419,0,499,339,499
1280709133,4046439094,60,445,79,415,385,336
1309983518,4181945919,94,443,76,440,349,364
1174586518,2940638733,15,467,197,480,452,283
779867106,62028239,159,349,144,346,190,202
1118604545,1986081640,0,499,0,499,499,499
1305167127,4164674239,106,388,51,463,282,412
1252627341,3850328379,0,499,169,436,499,267
1273605585,3992768117,0,499,0,499,499,499
1259590261,3889176137,32,465,98,407,433,309
1243846132,3776707089,100,340,42,456,240,414
1188462862,3065095692,0,499,62,436,499,374
1288053051,4079554749,0,499,36,456,499,420
1283923585,4061632672,126,292,127,292,166,165
875666693,103658917,84,414,0,499,330,499
1281417358,4051586892,15,492,139,351,477,212
1273030548,3992487913,0,499,88,499,499,411
1028040781,579274475,86,415,93,413,329,320
1322549960,4228972292,45,480,92,414,435,322
1092256148,1579878725,0,499,62,436,499,374
937026570,197186700,141,352,194,300,211,106
1176504783,2958500751,62,437,62,436,375,374
1035007437,680542427,0,499,85,414,499,329
1198734863,278512767,182,318,110,337,136,227
867308271,110334841,78,421,157,342,343,185
1275521746,4006491592,96,410,72,484,314,412
902287805,147304434,52,448,128,388,396,260
1289342836,4088088450,0,499,62,436,499,374
1127077502,2109911988,83,415,0,499,332,499
862713744,103062273,71,428,0,499,357,499
1314613060,4200686876,0,499,0,499,499,499
894242617,69452200,108,382,4,487,274,483
1308113315,4174404753,0,499,0,499,499,499
998293365,334561450,121,379,44,457,258,413
1302649511,4155959518,61,438,0,499,377,499
1279324270,4037125203,58,471,36,459,413,423
950966772,213337645,0,499,62,436,499,374
1305125636,4164669998,106,388,51,463,282,412
910446538,153886952,100,399,100,399,299,299
1263202413,3915184787,0,499,0,499,499,499
1275700024,4006535689,0,499,0,499,499,499
1270031983,3966591562,0,499,0,499,499,499
1276359796,4012869275,0,499,0,499,499,499
864434073,105824830,62,436,0,499,374,499
1150323485,2573570550,71,426,1,499,355,498
1061694239,1105949379,73,426,0,499,353,499
1237273471,3716304835,70,458,147,359,388,212
1271994702,3986432643,108,382,52,459,274,407
1026821933,569634568,105,394,50,449,289,399
500841175,52057090,71,427,1,497,356,496
1239926843,1890614588,59,439,0,499,380,499
1317472463,4212780410,109,389,0,499,280,499
1189157321,3066863999,70,429,4,494,359,490
1248391576,3814898513,32,466,76,430,434,354
1232339637,3659526034,0,499,62,436,499,374
949552382,212583423,154,340,200,307,186,107
1008076490,435909774,103,396,50,449,293,399
1271679059,3979558481,0,499,0,499,499,499
1324002406,4235887274,0,499,0,499,499,499
933255841,190107678,85,414,4,496,329,492
1109021789,1881063151,12,485,20,482,473,462
1269050365,3955107321,136,354,41,472,218,431
1301815536,4153122089,0,499,0,499,499,499
1008207164,436107764,100,399,64,435,299,371
673319280,49363190,68,431,0,499,363,499
1313364315,4197668179,70,458,147,359,388,212
1318066315,682174947,33,466,9,486,433,477
1279257605,4037110193,63,435,78,421,372,343
1246123484,3797082218,0,499,0,466,499,466
1266672650,3939550863,11,489,13,484,478,471
1253338120,3856415236,87,412,4,496,325,492
895581876,142397516,0,499,64,434,499,370
1026373005,562801999,0,499,52,447,499,395
1204667272,3295131675,5,498,146,354,493,208
933263221,190112678,73,426,0,499,353,499
1198583635,3216492767,73,426,0,499,353,499
1235597929,3695947587,14,491,15,499,477,484
1170228246,2893310116,173,327,87,409,154,322
988505977,295651658,309,367,133,189,58,56
1254619117,3863324113,74,425,118,381,351,263
1314365827,4200676844,0,499,0,499,499,499
1127226984,2118882488,32,434,116,403,402,287
1026955925,569600843,113,386,50,449,273,399
1155071090,2647211241,0,499,109,389,499,280
1289549215,4088942563,14,499,138,361,485,223
1265217704,3929900664,29,444,111,413,415,302
863362211,70866628,162,337,128,370,175,242
1247153530,3805769863,97,401,0,499,304,499
1275145851,4003924997,18,484,105,378,466,273
1008137581,436060330,170,328,129,370,158,241
1308320468,4151887143,46,458,76,386,412,310
1175961301,2952191303,0,499,16,483,499,467
1246054622,3796900931,42,466,151,337,424,186
1261978569,3902216441,136,367,89,372,231,283
1230255636,3635321526,106,370,153,337,264,184
1213555141,2886110610,0,499,43,455,499,412
1300039151,93419307,83,415,0,499,332,499
1296669776,4131653198,2,487,86,491,485,405
1302476246,4155417275,39,462,171,333,423,162
992590161,299949625,75,425,0,499,350,499
935647882,195235114,62,436,0,499,374,499
345261544,16275580,125,374,125,374,249,249
855444295,88311958,0,499,62,436,499,374
1188545710,3067342810,179,316,203,302,137,99
893310310,141191270,220,278,189,303,58,114
1243842169,3776679691,56,446,84,413,390,329
1230462776,3637247311,62,436,0,499,374,499
987517459,294377748,167,332,125,374,165,249
1242122925,3762624352,86,415,26,472,329,446
1141700330,2440545860,111,405,136,480,294,344
1239924731,3740986145,19,485,52,439,466,387
1243467733,3773941539,33,459,32,469,426,437
1284157330,4063229723,12,488,137,365,476,228
1077847186,1384894629,0,443,0,387,443,387
1124827479,2074964745,175,323,144,353,148,209
875359215,121330112,99,399,86,458,300,372
1276343420,4012861446,76,410,185,332,334,147
1323112253,4232769980,10,492,8,489,482,481
1288037163,4079554456,95,388,45,462,293,417
941678907,207258168,158,344,159,336,186,177
1212274675,3420709186,163,345,76,454,182,378
1204559875,3292151921,0,499,83,415,499,332
1323301682,4231695974,0,499,0,499,499,499
1158121430,2695198610,46,462,57,475,416,418
1289807911,4089927228,157,345,16,483,188,467
1323267781,4232521807,18,484,51,445,466,394
1082935767,1473878042,0,499,62,436,499,374
869714560,109134753,0,499,62,436,499,374
1065897589,1155993189,27,471,99,402,444,303
862424024,102148128,196,302,176,324,106,148
1210784517,3388437731,51,406,148,339,355,191
1141321594,2420531250,8,486,106,398,478,292
1275407498,4004182103,63,445,75,434,382,359
1128290598,2140520693,57,450,26,478,393,452
1211244839,3394019441,119,379,59,431,260,372
1320190275,4215474361,18,483,145,346,465,201
1098543237,1676580949,15,484,0,499,469,499
180193130,5612229,0,499,62,436,499,374
1066930317,1173353257,17,485,18,486,468,468
1192038332,3120558294,68,432,22,488,364,466
1311951520,4188996111,40,458,39,470,418,431
1014986460,476736998,12,483,9,482,471,473
1246654762,3801263708,0,499,109,389,499,280
1314520974,4202304100,0,499,0,499,499,499
967583063,254417235,0,499,244,266,499,22
991801360,299492749,157,299,141,362,142,221
1318413026,4218867601,24,475,96,418,451,322
249349843,5210568,150,349,107,391,199,284
1146394339,2515278230,82,418,9,488,336,479
1283913335,4061627349,0,491,25,499,491,474
1254468129,3861755270,146,350,161,363,204,202
1237120497,3716635389,0,499,109,389,499,280
980024573,282507556,27,472,0,499,445,499
464313530,50521786,150,349,110,388,199,278
359378335,47600622,213,286,198,301,73,103
1100064741,1711736331,115,369,97,441,254,344
941255862,206230592,18,452,68,429,434,361
1269770177,3962599783,0,499,62,436,499,374
946721447,208735305,49,437,115,385,388,270
1244779400,3786615728,141,362,206,331,221,125
1088182671,1532890707,62,436,0,499,374,499
1261269190,3898719959,82,383,203,444,301,241
1144107326,1123532939,144,353,65,430,209,365
296300522,18155174,150,349,107,391,199,284
1316994729,4183372116,0,499,0,470,499,470
1239239035,4020042316,51,444,20,484,393,464
1007376131,416629159,70,428,0,499,358,499
1187522251,3050429988,0,499,0,499,499,499
1305107467,4164667065,106,388,51,463,282,412
1106622692,1865347708,91,417,148,303,326,155
1026989143,569600550,105,393,50,449,288,399
1138462001,2361182434,72,427,0,499,355,499
1062014520,1110579170,39,473,100,414,434,314
1219906368,3532588348,0,499,48,450,499,402
1241683155,3759519838,4,495,2,497,491,495
1324202655,4236297961,0,499,0,499,499,499
1088183406,158879049,72,426,2,499,354,497
884197225,124565749,108,402,138,414,294,276
1311019486,4184403615,42,467,37,383,425,346
1282703346,4058712166,34,439,50,449,405,399
1196630856,3195188200,25,474,107,393,449,286
505595956,209389,62,436,0,499,374,499
958854254,229917236,69,421,10,493,352,483
1130270336,2181778242,110,389,58,441,279,383
1269463136,3957828798,0,499,0,499,499,499
1203142505,3267041561,185,314,150,349,129,199
879575259,121706563,207,275,192,315,68,123
1258005295,3883871353,59,448,56,443,389,387
1005104303,411209286,57,441,0,499,384,499
1286542094,3703962126,100,399,27,471,299,444
931290281,185756172,112,386,139,360,274,221
1271434640,3976916098,14,499,0,499,485,499
876187318,102282823,50,449,17,482,399,465
1300060485,4144868168,82,499,74,425,417,351
1111012972,1901954517,0,499,62,436,499,374
1253150974,3855161572,187,311,20,483,124,463
1203568974,3279391943,0,499,229,247,499,18
961554709,237885946,128,372,112,393,244,281
1119407280,1998121664,53,464,164,345,411,181
1199392969,3229197373,99,387,147,332,288,185
1313604545,4199425312,135,364,51,457,229,406
1257502562,3881231833,89,393,89,391,304,302
1301516784,4150994783,28,477,41,480,449,439
1043840786,853456153,5,483,149,355,478,206
1316111607,4200870271,29,488,9,480,459,471
1312696436,4189542160,38,450,143,468,412,325
1324004445,4235887375,129,497,77,499,368,422
1257388060,3881219901,45,460,21,498,415,477
1275163377,4003928686,42,450,77,472,408,395
1295220610,4125633496,148,313,43,484,165,441
1075457453,1347474957,103,376,99,405,273,306
1205766693,3303961180,46,438,149,481,392,332
58843830,1789900,68,425,0,499,357,499
1312631653,4195544235,7,499,10,418,492,408
1328292687,4250631093,113,373,121,366,260,245
1317194000,4210983464,22,484,150,341,462,191
1046453332,875490914,148,343,153,443,195,290
1319264131,4218752552,43,372,122,340,329,218
1129789080,2057618539,75,433,15,488,358,473
1302457749,4155416525,230,274,23,243,44,220
1318580064,4211511197,47,452,87,442,405,355
1292894145,4114045226,210,289,219,280,79,61
896012849,87157368,95,403,0,499,308,499
1237107686,1681883187,8,494,147,335,486,188
1062182228,1110267560,146,352,100,399,206,299
1225886262,2799104093,145,345,158,360,200,202
1289210627,4086078271,0,499,0,499,499,499
1276042415,4010225015,189,319,25,475,130,450
1275632943,4006508425,135,366,39,476,231,437
921948094,170165584,174,341,213,280,167,67
1307836588,4172829106,0,499,0,499,499,499
1007694936,435131163,100,399,38,461,299,423
1255512931,3868445704,0,499,0,499,499,499
1192458689,3128631972,135,364,20,474,229,454
1307181772,4170893930,116,393,42,447,277,405
1202885792,3265357586,17,483,15,420,466,405
1234819026,3691161669,73,426,18,499,353,481
848042735,77761952,76,423,0,499,347,499
1317389198,4212780340,0,499,0,496,499,496
1133293344,846050656,76,417,77,422,341,345
1256497760,3874388410,90,431,115,403,341,288
1223781658,3584176361,0,499,0,499,499,499
1100187279,1714512301,94,405,27,471,311,444
1322272417,4230955920,75,439,10,489,364,479
1276032445,4010224800,8,487,64,499,479,435
1048496275,942442975,100,399,72,426,299,354
1287498553,4076595259,32,448,62,464,416,402
1249534100,3819978146,66,454,45,473,388,428
1278801303,4037084314,64,447,71,437,383,366
1076223842,1360215727,54,444,43,476,390,433
1243238052,3770859475,62,436,0,499,374,499
1283901700,4063203086,76,435,0,451,359,451
871367376,116172921,0,499,113,385,499,272
142024330,1375636,95,404,0,499,309,499
1197703385,3205854231,1,496,0,499,495,499
1037906990,741624755,47,449,47,468,402,421
954307414,218241602,0,499,62,436,499,374
1182197723,3005559520,167,331,0,499,164,499
932381092,187656265,0,499,62,436,499,374
1223913788,3584164239,0,499,109,389,499,280
1160747032,2725729241,56,477,144,357,421,213
1306904022,4167095849,106,388,51,463,282,412
588135830,54376338,130,387,171,349,257,178
1145907305,2507461114,99,400,78,421,301,343
1207595928,3342757924,128,383,30,481,255,451
987621995,294457708,13,491,87,410,478,323
1145993330,2501621985,0,499,62,436,499,374
1134468455,2285203796,6,489,100,393,483,293
1029668124,589874295,77,422,10,489,345,479
1302480444,4155417601,0,499,0,447,499,447
1304165093,4160985269,106,388,51,463,282,412
1257680542,3881792053,0,499,62,436,499,374
1121438401,56667136,71,428,0,499,357,499
1043205379,847603538,81,418,0,499,337,499
912220049,156129606,80,419,0,499,339,499
1261415046,3898723844,0,499,39,499,499,460
1190258792,1876687585,0,499,108,391,499,283
1282522494,4057540510,0,357,63,453,357,390
1314766457,4186642972,52,445,38,467,393,429
1239663460,3709528187,109,389,0,499,280,499
1253675051,3858376301,0,499,0,390,499,390
1243660010,3775275642,0,499,136,436,499,300
977818505,278799547,116,380,23,485,264,462
1017567718,407720010,190,309,160,339,119,179
987678369,294489674,72,430,43,471,358,428
1116787957,1965150082,0,499,40,408,499,368
1174590678,2940639766,0,499,0,499,499,499
908747707,153361581,122,394,167,336,272,169
1226210105,3596394466,189,296,124,380,107,256
1262302634,3906636855,131,462,166,408,331,242
1261422007,3898727002,153,328,65,426,175,361
1105412190,1848933720,115,387,8,491,272,483
1257226950,3879897200,0,499,0,499,499,499
1225886298,532978799,211,276,172,356,65,184
1267725922,2114082268,0,466,0,499,466,499
1030542939,598536169,80,431,18,487,351,469
935645260,195040676,0,499,70,428,499,358
1132983324,2240360461,110,389,54,445,279,391
1255666757,3870846118,122,386,33,467,264,434
915723416,115625076,122,376,74,424,254,350
1275398178,4004162635,0,499,0,499,499,499
1003947897,399612335,118,381,141,358,263,217
1078650025,1403163914,87,411,0,499,324,499
1282526769,4057542594,141,361,185,329,220,144
1115048701,1938777628,0,499,98,400,499,302
1146798670,2516182157,0,499,0,499,499,499
1278559178,4035895768,14,490,113,405,476,292
1257269406,3879903945,39,460,57,476,421,419
1024990437,548777137,0,499,52,447,499,395
1193214844,3135904285,22,482,95,380,460,285
1188462947,3065096169,0,499,62,436,499,374
862582861,102705209,105,392,60,439,287,379
1324042886,4235890060,0,419,0,499,419,499
1280378044,4044742833,0,499,0,499,499,499
1302256113,4153279037,0,499,0,481,499,481
1222708968,3573747143,36,462,0,499,426,499
1143238826,2462955961,148,189,224,273,41,49
1318423076,1499687024,66,434,92,478,368,386
1188462945,3065096167,0,499,62,436,499,374
1065934366,1156985658,94,405,27,471,311,444
1275707110,4006536490,132,385,119,415,253,296
1238343502,3727805301,0,499,62,436,499,374
922170665,170807116,215,267,112,391,52,279
1222441282,3570433019,2,497,103,395,495,292
1117984667,1978501612,112,397,221,289,285,68
1253151573,3855161598,14,485,156,484,471,328
955973094,220534355,80,419,4,496,339,492
862904459,103229844,99,399,0,499,300,499
1121793878,2042827177,50,433,32,443,383,411
1160432618,2724410954,56,449,65,433,393,368
987394032,294259678,0,499,62,436,499,374
1253946448,3859351987,75,415,97,420,340,323
1244407333,3780233674,0,499,62,436,499,374
1299570141,4143074286,58,440,109,398,382,289
1283047843,4058376687,107,392,34,477,285,443
1215491439,3470039251,204,296,148,350,92,202
1121450559,2035972876,0,499,62,436,499,374
1249587004,3820236600,181,324,48,452,143,404
1079787462,1425063933,0,499,39,460,499,421
1265596663,3931888590,35,460,35,467,425,432
924916607,176221331,0,499,62,436,499,374
1323275444,4231689265,120,366,47,436,246,389
1050937887,971559989,10,489,9,489,479,480
1013223050,463482517,0,499,62,436,499,374
1068211845,1190507078,83,368,24,456,285,432
1215527197,3470064008,125,374,0,499,249,499
1260354030,3893198745,100,476,121,337,376,216
963946766,245318204,149,364,163,305,215,142
978895236,280366776,62,436,0,499,374,499
1267854942,3944469988,48,462,156,376,414,220
1115624953,1948348956,106,399,17,477,293,460
1048745360,945359091,0,499,102,396,499,294
1303100041,4157446261,0,499,0,499,499,499
1225886957,1386326227,134,358,139,367,224,228
865929394,108354754,0,499,62,436,499,374
1314317870,4186261623,86,396,46,458,310,412
1276050841,4010225222,63,445,37,438,382,401
1300877448,4149215203,100,399,100,399,299,299
1133880875,2267925229,75,424,1,498,349,497
1271695167,3979562799,0,499,0,499,499,499
920100457,165811050,96,384,108,382,288,274
919050891,5307271,68,430,0,499,362,499
1141416601,2430906188,62,436,0,499,374,499
996075351,304796724,63,440,85,477,377,392
1276434457,4013273418,1,481,216,499,480,283
1250268348,3831364251,0,499,62,436,499,374
1243289240,3772666668,49,459,157,346,410,189
891327149,137748232,200,299,180,319,99,139
1324059736,4232368817,39,499,29,470,460,441
996083889,304799595,132,359,153,323,227,170
1247153318,3805769812,95,408,104,391,313,287
1135204885,2302478515,15,473,44,471,458,427
253037424,8578848,94,405,30,467,311,437
1196212644,3182722350,43,450,129,376,407,247
869691799,113715719,62,436,0,499,374,499
362031867,9448972,78,421,0,499,343,499
1089479153,1553194820,53,414,209,300,361,91
932053180,187096979,0,499,62,436,499,374
1062607971,1117642362,64,471,230,274,407,44
1194057334,3144792988,0,499,109,389,499,280
1128294351,2140564772,130,365,203,402,235,199
1253151720,3855161605,7,495,2,493,488,491
1026055908,559361502,116,481,138,359,365,221
1187169351,3045694651,62,436,0,499,374,499
1015521442,484961799,121,371,142,341,250,199
1240531521,3748215076,16,481,32,463,465,431
1260268327,3894929199,50,451,112,379,401,267
1289850768,4089737569,0,499,0,499,499,499
961780588,238399566,170,337,29,422,167,393
1275669990,4006518908,61,468,32,472,407,440
1233294947,3128639906,168,349,58,435,181,377
1017591003,506705069,55,443,107,391,388,284
1265091549,3929328132,0,499,0,499,499,499
1117748003,1976987687,10,488,0,499,478,499
1157002227,2680200712,84,415,76,421,331,345
1322149533,4228957993,0,499,0,480,499,480
1253218347,3854773083,30,397,34,447,367,413
1289211169,4086078337,36,467,34,465,431,431
1007800709,435275675,104,394,50,449,290,399
1324001719,4235887241,93,371,8,499,278,491
1042895788,845432714,2,497,35,465,495,430
1308177126,4174721413,9,488,115,414,479,299
1079831295,2913170055,0,499,0,499,499,499
1248856865,3817905236,100,399,59,441,299,382
1133606969,2258374153,62,436,0,499,374,499
1211887366,3071781539,0,499,63,435,499,372
1048949083,931944883,63,436,0,499,373,499
1242121423,3762616075,201,297,185,313,96,128
1308904337,278387243,100,399,19,480,299,461
1027316657,570700741,101,397,50,449,296,399
1119582421,1557078276,186,311,115,367,125,252
1188462886,3065095709,0,499,62,436,499,374
1269329171,3957952714,142,347,1,492,205,491
1278934928,4037568462,0,331,72,431,331,359
1314568700,4202221971,129,377,16,479,248,463
1127099061,2115850310,10,479,138,366,469,228
1321450049,4222997565,141,331,23,482,190,459
1289133802,4086054134,0,499,0,499,499,499
1317683879,4214537241,28,459,168,349,431,181
1263650330,3919657080,0,499,62,436,499,374
1149851013,2565819990,102,424,27,480,322,453
1283327964,4060953602,90,408,0,499,318,499
1265241769,3929960240,20,462,64,437,442,373
484880618,50386903,201,298,180,318,97,138
1246540579,3800285292,0,499,199,436,499,237
976142716,275008244,92,400,10,475,308,465
1209717124,3382587064,27,485,71,469,458,398
1304177892,4160988004,106,388,51,463,282,412
1243659655,3775275574,0,499,62,436,499,374
878046257,123282947,177,342,98,413,165,315
1196212758,3182722374,38,466,112,423,428,311
1109899376,1895515319,62,436,0,499,374,499
628422733,51049250,0,499,62,436,499,374
1193552122,3145846899,46,436,58,477,390,419
995645389,303744966,26,474,47,434,448,387
1313284132,4197502674,0,499,0,499,499,499
1064210572,1134872315,113,440,216,302,327,86
1111280211,1910328378,78,419,0,499,341,499
975886076,272586757,153,347,115,384,194,269
1317471330,4213294808,15,487,131,327,472,196
1300198014,4145174239,3,499,0,499,496,499
1268775863,2530965930,119,390,47,451,271,404
973607409,269654088,111,389,69,461,278,392
881289036,86919477,190,308,178,329,118,151
868865843,47460977,113,386,45,458,273,413
1068693166,1190608944,29,472,82,416,443,334
1297782052,4137060965,10,485,161,478,475,317
1029511542,591830018,97,435,153,377,338,224
1247491893,3810979163,62,436,0,499,374,499
1027333814,570714300,102,397,50,449,295,399
1236512085,3708919728,0,499,0,499,499,499
1157310541,2684029250,142,356,102,397,214,295
1301667134,4151268386,0,499,0,499,499,499
1264032057,3923101465,0,499,0,499,499,499
1309997820,4181947852,49,469,174,499,420,325
1223166972,3579017755,0,499,62,436,499,374
1248211799,3814580430,0,405,85,475,405,390
1286590477,4075578334,25,457,115,410,432,295
1008141596,436067564,150,349,107,392,199,285
1323254031,4231686861,104,369,139,347,265,208
1075291427,1345284500,72,432,34,462,360,428
1308841291,3360512089,100,399,10,488,299,478
1118934044,1989592690,28,470,118,389,442,271
1289406670,4088010553,62,436,0,499,374,499
836346193,4756609,60,439,200,298,379,98
1262307035,3906636955,32,451,142,364,419,222
1051151141,970861945,71,428,1,498,357,497
1113078935,1832982130,132,410,163,279,278,116
1230591857,3639828905,91,432,132,379,341,247
1269770185,3962599786,0,499,62,436,499,374
1210709336,3388337852,0,499,39,459,499,420
1125091848,141505370,66,433,0,490,367,490
1254162084,3860490689,174,327,79,398,153,319
1056588287,550003837,60,437,2,497,377,495
987487540,294333214,25,471,150,362,446,212
1212769945,3433569446,37,455,128,360,418,232
1207652138,3079076968,34,461,83,442,427,359
1264049685,3923104289,104,419,24,485,315,461
1026616634,567674047,5,496,85,401,491,316
1117281983,1968883736,0,499,62,436,499,374
1273509736,3992742543,0,499,0,499,499,499
1038850822,767667908,28,473,118,369,445,251
1222269944,3569614466,151,348,100,399,197,299
1270454192,3971983165,78,419,14,477,341,463
1238949553,48768884,69,430,0,499,361,499
1237525891,3721092332,200,275,240,294,75,54
892937861,133025387,71,427,47,452,356,405
1279936551,4042277352,0,499,0,498,499,498
1007479346,434927099,100,399,117,382,299,265
1246037447,3796890533,0,499,74,365,499,291
856971177,90664156,68,431,0,499,363,499
898229420,121027548,113,386,205,293,273,88
1255321235,3868684166,34,463,78,428,429,350
1277834939,4026688546,60,440,5,495,380,490
1174591505,2940640110,174,326,163,344,152,181
1134168712,2274446430,192,291,96,401,99,305
1039846065,803670702,0,499,142,356,499,214
1313545661,4183481550,92,390,31,466,298,435
1158618650,2701689829,109,333,174,343,224,169
1207550111,3017730970,62,436,0,499,374,499
1265195295,3929887476,2,456,71,433,454,362
941693676,207287171,167,352,199,311,185,112
998427812,334572670,16,486,109,376,470,267
1114671645,1935687095,42,451,39,459,409,420
1297518667,4135943452,0,471,109,389,471,280
1030675374,601980636,23,478,183,304,455,121
1304027213,4160883495,106,388,51,463,282,412
1316123747,4200871857,59,483,52,397,424,345
1006412203,84024413,98,407,32,491,309,459
1103499563,1815933829,86,390,142,378,304,236
1093974300,1611689779,100,398,132,375,298,243
928131804,180657544,30,468,0,499,438,499
1265208022,3929890088,0,499,0,499,499,499
1178125764,2981046474,75,427,142,335,352,193
996074440,304794785,46,433,72,438,387,366
1302547891,4155424183,0,499,0,499,499,499
1089483603,1553199696,78,320,165,336,242,171
920480889,166656382,50,449,115,384,399,269
1306063607,1940512177,166,335,9,495,169,486
1265599730,3931889530,29,468,20,479,439,459
1325151521,4240471698,95,190,91,460,95,369
447297330,50263746,159,339,118,380,180,262
1275578825,4006497398,35,443,120,396,408,276
1206216196,3311033589,0,499,62,436,499,374
958838028,127211287,95,404,0,499,309,499
1318281515,4217911749,0,499,0,499,499,499
1282825778,4057526674,78,413,92,389,335,297
1304024487,4160808483,52,446,67,438,394,371
983196494,211378946,156,324,160,358,168,198
493909730,51507312,83,415,28,471,332,443
1174586786,2940638769,25,459,9,493,434,484
1278704770,4036970956,46,452,159,401,406,242
1151776027,2589694902,0,499,127,371,499,244
1287461971,4076850895,34,449,47,473,415,426
1211040948,3386942574,103,395,0,499,292,499
1311426761,4187453229,142,371,20,466,229,446
1274157383,3997814041,47,442,23,482,395,459
1018867771,513122370,111,429,114,410,318,296
1169904109,2887192080,9,490,59,439,481,380
1255714930,3871018349,0,499,0,499,499,499
1003042937,58500725,0,499,82,416,499,334
1290403775,4093239207,40,495,39,420,455,381
1275589851,4006497907,0,499,0,499,499,499
1075596674,1348359356,192,306,171,328,114,157
1295960384,4128438374,18,474,114,377,456,263
1008039635,435879736,170,328,129,354,158,225
1282570654,4057550661,137,390,82,431,253,349
1088574964,1536550082,75,424,0,499,349,499
845985222,75063552,0,331,62,436,331,374
1235521917,3691436716,0,499,62,436,499,374
1260346111,3893243556,26,450,37,480,424,443
956380923,138767651,183,267,237,318,84,81
1234700566,3689182206,111,383,39,469,272,430
1137487411,2288640420,249,358,158,256,109,98
1212472265,107597961,181,318,150,349,137,199
1236785729,2158448031,33,465,0,499,432,499
1241415797,3756662130,196,302,193,306,106,113
1269617691,3960970865,116,382,64,435,266,371
1254873552,3866854749,83,415,0,499,332,499
1041977295,836085175,169,294,180,312,125,132
1252659479,3850278820,110,389,54,445,279,391
1177148305,2970574167,163,336,0,499,173,499
1301626716,4151267094,0,499,0,499,499,499
1225886799,3209403095,133,365,185,315,232,130
1013595391,468250458,44,454,119,378,410,259
1251643365,3844536022,0,499,0,499,499,499
1264104856,3923709299,0,499,109,389,499,280
1304136356,4160952562,106,388,51,463,282,412
853272863,84068609,150,349,107,391,199,284
1007691801,435077871,141,357,100,397,216,297
1271045131,3975027249,210,303,23,443,93,420
1265205782,3929890018,0,499,16,483,499,467
1293748638,4120419996,44,454,68,424,410,356
1312736002,4195804670,61,455,29,463,394,434
1127708204,2129050177,137,361,100,399,224,299
981989959,285434198,15,484,0,499,469,499
833323385,63902245,62,436,0,499,374,499
1126058334,2098528341,109,389,0,499,280,499
1123808570,2062671320,118,358,85,418,240,333
1289524388,4087651916,37,466,40,466,429,426
1008788273,439148917,73,425,0,499,352,499
1297925372,4137648622,108,393,44,473,285,429
1274139481,3997812860,0,499,0,499,499,499
1149932968,2567420971,57,426,129,373,369,244
308920971,17315659,68,427,0,493,359,493
1190251266,3085044122,0,499,62,436,499,374
946267956,56381004,135,370,115,390,235,275
1235493355,3694332256,32,473,58,460,441,402
1243380051,3773711979,23,476,23,476,453,453
1316104492,4200869662,66,478,23,440,412,417
1239354838,3737240828,0,499,0,499,499,499
1061548879,146547225,208,379,160,358,171,198
261244693,11674447,13,486,79,419,473,340
923122733,173317687,80,432,38,399,352,361
1223100970,3571698006,74,424,0,499,350,499
1165879534,2785226789,153,347,5,495,194,490
1308325363,4151932845,103,390,26,459,287,433
1144043653,2467461268,0,499,83,416,499,333
1068319843,1183436112,101,384,164,328,283,164
894079425,143508584,62,436,0,499,374,499
961763639,238101721,62,436,0,499,374,499
1024315169,540162886,72,426,0,499,354,499
1271534037,3976937380,19,486,113,403,467,290
873361742,118913569,106,393,50,449,287,399
1134666174,2289261170,68,412,43,425,344,382
1169711616,2880819679,133,380,103,376,247,273
1315038543,4204287279,20,487,29,465,467,436
1068094574,1189061712,0,499,0,499,499,499
1301559921,4151265016,92,397,47,415,305,368
1167437752,2832840212,80,418,0,499,338,499
1019335988,516406612,115,271,104,411,156,307
1258541098,3885499391,30,448,64,464,418,400
882080285,126720767,78,420,0,499,342,499
1240857994,3750166000,69,431,187,317,362,130
1254406499,3861820919,50,499,0,499,449,499
988510032,295660174,228,293,193,296,65,103
922170643,170807996,228,253,381,389,25,8
1252549783,3850010454,0,499,0,499,499,499
1088237484,1535159613,364,495,229,270,131,41
1246005824,3796680643,0,499,62,436,499,374
956395467,147743980,21,472,55,427,451,372
1301533654,4151263688,91,408,90,424,317,334
1144205909,2476869750,62,436,0,499,374,499
1316187834,4200876796,23,476,47,471,453,424
970432104,259364750,90,409,50,449,319,399
1279998406,4042587812,18,481,71,434,463,363
229422030,6555513,0,499,62,436,499,374
1174590478,2940639695,19,482,65,455,463,390
1115113209,1939580300,115,371,92,414,256,322
1007669944,435049923,87,411,0,499,324,499
1292446342,4108916539,221,367,203,309,146,106
1106550662,1860666182,72,427,0,499,355,499
928814780,182314990,90,409,130,369,319,239
934431006,192570301,88,411,0,499,323,499
1264040336,3923102561,0,499,0,499,499,499
1276437328,4013274044,0,499,6,499,499,493
1221485718,3564026985,89,409,0,499,320,499
1268743603,3913593209,226,254,11,492,28,481
1248451001,3814948364,85,423,39,457,338,418
1053586795,1035122389,79,419,0,499,340,499
1248860828,3817906096,38,484,110,393,446,283
940534735,138765910,154,345,160,345,191,185
1312729188,4195563549,27,480,38,430,453,392
1176503979,2958500030,33,473,104,391,440,287
1131064664,2192171865,23,476,107,375,453,268
1323271779,4231688787,25,464,129,368,439,239
1276308146,4012721066,0,499,0,499,499,499
849169981,80464695,62,436,0,499,374,499
1270347102,3970272516,160,324,148,366,164,218
1251711479,3844719494,28,499,4,499,471,495
1034536540,677808105,165,334,185,313,169,128
938728985,201054837,140,349,147,356,209,209
961980649,239279024,156,320,169,322,164,153
1096605585,1657058265,204,290,28,468,86,440
1143480457,2466170334,25,476,31,452,451,421
1310309587,4182233032,24,473,205,311,449,106
1191029063,3101157902,86,431,143,385,345,242
879060351,94426242,150,349,112,386,199,274
987689595,293566297,0,499,62,436,499,374
1089482194,1553195653,30,351,139,370,321,231
887226250,67453532,145,340,92,407,195,315
1259338914,3887629682,52,444,57,446,392,389
1241420725,3756669799,188,313,163,335,125,172
1288862032,4085936738,101,436,136,391,335,255
1100008523,1710309886,96,471,222,276,375,54
1256016299,3872874688,0,499,0,499,499,499
1276315264,4012662474,66,431,80,413,365,333
1307347006,4171370541,104,395,152,346,291,194
1321538661,4227997788,65,436,181,384,371,203
1270431117,3971905641,0,442,102,391,442,289
971433296,262169503,235,267,0,499,32,499
1248860170,3817905989,48,481,116,383,433,267
988502835,295647884,0,499,236,261,499,25
1002975403,388572752,164,334,125,374,170,249
867646123,110817140,0,499,62,436,499,374
1262035318,3903074464,92,406,0,499,314,499
1212425547,278397082,154,344,100,399,190,299
1275398285,4004162771,0,499,0,499,499,499
1301654345,4151001715,31,463,75,417,432,342
1264012455,3923091884,13,485,10,499,472,489
1043859980,282508291,100,403,29,467,303,438
865729188,108165342,0,499,62,436,499,374
1007538434,435082972,100,399,50,449,299,399
920484953,166497120,74,424,0,499,350,499
1304110423,4160950294,106,388,51,463,282,412
876006467,119891844,61,437,5,499,376,494
844734244,49755007,198,301,162,337,103,175
1282546397,4057545409,0,499,0,499,499,499
1280372678,4044742542,13,496,0,499,483,499
1306563408,4167079855,106,388,51,463,282,412
1064445311,525647013,155,342,0,495,187,495
1225786777,3592267416,110,389,54,445,279,391
1248384631,3814880689,32,467,125,372,435,247
1007639880,435044874,47,451,0,499,404,499
1139939537,2401817326,95,385,101,392,290,291
1233284614,2678248645,48,468,68,423,420,355
1253144480,3855151428,0,499,0,499,499,499
1260684991,3895178361,0,482,83,313,482,230
1158313058,2546392139,22,479,26,480,457,454
1234743689,3689693900,162,337,75,423,175,348
1168908533,2865849839,0,499,62,436,499,374
1066647264,1170003662,175,348,23,385,173,362
1315457298,4205933233,0,499,0,498,499,498
1109230650,1880301770,73,425,0,499,352,499
1032196292,618928726,0,499,93,405,499,312
1145621352,2499788843,217,283,227,271,66,44
1275239433,4004966821,188,318,102,325,130,223
1274191139,3997819661,0,499,0,499,499,499
1192148806,3122641041,68,432,22,488,364,466
1039388447,656697746,144,354,100,397,210,297
1042645882,842179897,62,436,0,499,374,499
1304126520,4160951775,106,388,51,463,282,412
1181388306,2992381734,0,499,62,436,499,374
1257150111,3879365193,114,373,19,467,259,448
1221766481,3566351488,26,464,121,414,438,293
1100071922,1711737026,110,389,53,446,279,393
922170104,170807758,216,266,112,389,50,277
1195002219,3163438084,20,477,8,493,457,485
1250873097,3836282196,155,343,11,488,188,477
555783512,53580738,83,415,0,499,332,499
921947858,170165276,138,363,167,341,225,174
949383642,212342169,134,354,140,330,220,190
1174593184,2940640434,9,488,88,408,479,320
1105236481,1847765989,85,404,135,379,319,244
1009265911,440572071,100,399,57,442,299,385
1279420083,4037926385,0,499,0,499,499,499
1077699154,1379596093,162,337,100,399,175,299
1262926557,3910537051,0,499,29,469,499,440
1243352983,3773236005,62,436,0,499,374,499
1023226824,533976616,145,340,28,403,195,375
1252627749,3850328570,0,499,154,436,499,282
1174594641,2940640969,172,328,198,302,156,104
1181441650,3002932619,51,454,134,447,403,313
1318082042,257623494,11,491,57,444,480,387
1155138629,2649520229,7,492,73,494,485,421
862581771,102703503,109,385,53,447,276,394
1109152280,1883538161,70,428,0,499,358,499
1316219038,4200878274,0,499,0,499,499,499
987621183,294475731,80,419,0,499,339,499
1301411681,4150986584,36,454,24,459,418,435
940327838,203487254,172,327,170,328,155,158
891736821,138464231,112,399,115,384,287,269
1283487332,4061580665,0,499,0,499,499,499
1141375018,2430104269,144,354,100,399,210,299
1185910698,3025507200,71,427,13,499,356,486
1245643685,3793571566,35,471,69,439,436,370
1292164751,4107520446,65,477,51,446,412,395
1141322965,2419583338,62,436,0,499,374,499
1191424251,3107233846,10,487,26,477,477,451
1144550937,2484473585,89,409,0,499,320,499
1281976418,4050744881,67,426,69,423,359,354
1186394372,3028261954,12,474,98,370,462,272
1041683157,831984960,21,477,64,456,456,392
975309549,273500517,68,431,0,499,363,499
1280630853,4045999991,0,499,0,499,499,499
1240729633,3748207319,70,429,87,472,359,385
1245967131,3795862091,0,499,83,436,499,353
1310862045,4182109697,42,400,63,468,358,405
1271254778,3976787025,0,499,90,409,499,319
1265209491,3929890128,5,428,130,375,423,245
1288884309,4085942270,32,419,82,463,387,381
1237265524,3716300104,29,471,119,398,442,279
834208511,66636919,207,312,155,342,105,187
897156646,375382,103,396,12,486,293,474
941696681,207288971,72,412,104,406,340,302
1307659832,4172334243,0,499,0,499,499,499
1321645181,4223007874,160,340,48,485,180,437
1242121849,3762618724,33,424,44,483,391,439
982646664,286257592,160,333,145,384,173,239
1295959878,4128274487,62,437,145,353,375,208
1268966423,3954592207,62,436,0,499,374,499
1324012035,4235887772,0,499,0,499,499,499
908099060,1446053,0,499,62,436,499,374
1261217627,3898714820,84,408,94,409,324,315
1009202238,49031082,50,414,83,415,364,332
1046392531,874239791,0,499,83,415,499,332
1149851007,2565819983,151,351,110,388,200,278
970088248,245457119,75,424,0,499,349,499
1215523488,3470061532,0,499,62,436,499,374
1231469612,3649570146,73,426,0,499,353,499
1275384116,4003966727,0,499,0,499,499,499
922678851,171926735,114,382,149,349,268,200
1323869907,4235569499,167,478,21,477,311,456
1282538227,4057543565,20,428,90,411,408,321
941621843,207151288,109,382,140,349,273,209
1306788289,4167084578,106,388,51,463,282,412
1272953856,3992099175,0,499,0,499,499,499
1307413958,4171238640,23,472,141,356,449,215
1310112643,4182218871,0,499,0,499,499,499
1089905849,1518164933,152,346,100,399,194,299
1078672686,1404454143,125,374,62,436,249,374
1281930771,4051658080,71,449,59,404,378,345
938702811,200912990,0,499,94,404,499,310
1316947268,4211078059,0,499,0,499,499,499
1087917459,1527107327,0,499,132,367,499,235
1159277537,2712052556,28,471,0,499,443,499
1265214243,3929900500,86,331,11,488,245,477
1143981326,2473129394,75,413,15,484,338,469
1295754302,4126965447,0,499,0,499,499,499
1262470795,3908161549,0,499,0,499,499,499
1280334984,4044739284,29,470,49,449,441,400
1292402593,4108946446,56,426,180,287,370,107
1271582011,3976973500,28,460,55,467,432,412
1257462088,3881227499,0,499,0,499,499,499
1319731373,4214707914,33,472,38,469,439,431
1227146858,3603104126,44,461,79,461,417,382
891689864,138287681,0,499,62,436,499,374
1176065553,2953356175,193,306,170,341,113,171
1045099476,867225669,11,457,4,466,446,462
1284064053,4063399464,85,430,85,425,345,340
969927344,258076004,71,429,122,359,358,237
1302141594,4153244661,8,476,21,473,468,452
1100140553,1711750480,94,405,27,471,311,444
1236152546,3703920592,60,436,117,373,376,256
326468233,47406062,0,499,33,465,499,432
1131203876,2190828422,150,349,107,391,199,284
1017330204,505658949,58,441,124,374,383,250
1038350064,749151965,0,499,62,436,499,374
912288157,156346206,73,425,0,499,352,499
1276314158,4012662377,0,499,0,499,499,499
1176491028,2956319511,36,463,0,497,427,497
1303625914,4159071108,106,388,51,463,282,412
1172791651,2920940607,49,446,27,475,397,448
1225888188,3593774964,150,349,150,349,199,199
1260706697,3895301096,17,469,48,459,452,411
1024620205,545132297,24,489,121,377,465,256
1306847574,4167091799,0,499,0,499,499,499
1266353646,3936406037,61,438,0,499,377,499
1323045925,4231803522,66,438,66,446,372,380
1285433497,4066391966,83,415,0,499,332,499
1209427819,3376836685,7,488,200,302,481,102
1120853540,2024736407,171,328,169,329,157,160
957816199,225613218,119,379,40,415,260,375
1283892905,4061625291,4,494,36,446,490,410
1275265344,4003952130,44,455,39,478,411,439
633036987,47250499,88,410,0,499,322,499
1066930208,1173353203,75,425,15,483,350,468
1314573774,4202305145,126,361,64,476,235,412
1244541026,3785187830,0,499,129,436,499,307
1308749057,4177859647,0,499,36,499,499,463
1218169256,3505929769,0,499,62,436,499,374
1310249751,4182227705,0,499,0,499,499,499
1276012703,4010222788,11,499,20,483,488,463
977959223,278565898,83,416,30,481,333,451
1178733922,2987928526,0,499,0,490,499,490
1213642106,3451413357,160,339,125,373,179,248
1282559957,4057547220,0,499,0,499,499,499
1252578063,3848774337,0,499,83,415,499,332
1304005394,4160804410,33,490,20,491,457,471
1259249422,3887615606,115,417,89,402,302,313
932396275,188330714,157,343,117,382,186,265
1245343931,1807080867,30,469,83,395,439,312
1220788107,3553584612,83,415,0,499,332,499
1307442076,4171503679,0,499,0,499,499,499
1168014958,2849849899,62,436,110,366,374,256
440763430,50159479,100,399,56,443,299,387
990787973,298014355,127,353,204,309,226,105
997620858,86889335,190,309,158,341,119,183
1172177814,2916589308,63,435,0,499,372,499
1008133067,436059248,112,387,50,449,275,399
938712577,200309237,0,499,62,436,499,374
1190245856,1963991815,118,390,71,430,272,359
895279629,85849076,88,407,0,485,319,485
1195269754,3166527251,70,423,10,467,353,457
858009917,92028627,62,436,0,499,374,499
1070562303,1259732630,62,436,0,499,374,499
1009407832,439453565,130,369,90,409,239,319
1107660166,1869200563,69,417,75,438,348,363
844573308,72713162,72,427,0,499,355,499
1248424547,3814902828,0,499,0,499,499,499
1009237634,440554010,100,399,146,353,299,207
52299830,1941540,148,351,102,396,203,294
1174587313,2940638880,140,364,151,327,224,176
1265209921,3929890141,0,499,0,499,499,499
938555151,200675548,62,436,0,499,374,499
1128294277,2140564723,102,375,192,415,273,223
1123546370,2051530787,76,430,29,473,354,444
1176527318,2959026768,0,499,62,436,499,374
950968792,213209557,120,379,76,422,259,346
1191054264,3101167883,32,478,91,420,446,329
1204200304,3287127174,38,463,63,414,425,351
849972183,81502187,112,387,161,338,275,177
1261173875,3898707865,0,499,174,377,499,203
1199403456,3229191917,32,473,103,384,441,281
1261371799,3898716117,53,450,63,432,397,369
1269031499,3955096975,13,342,25,417,329,392
1314432963,4202502512,31,466,115,391,435,276
1244698935,3027356870,62,463,188,365,401,177
976367196,1936961147,0,499,92,415,499,323
1146391397,1924554045,71,428,0,499,357,499
937678539,198760362,90,409,26,472,319,446
1115378325,1943133014,47,454,1,494,407,493
1051389107,971564856,79,417,30,471,338,441
1262874558,3910509332,0,499,29,469,499,440
1313287220,4197503041,61,409,46,455,348,409
1288351040,4081253571,15,479,110,373,464,263
1232933588,3171883420,27,472,195,303,445,108
1258597650,3885518703,22,455,62,465,433,403
1227301452,3608192053,0,499,0,499,499,499
1026914058,569647603,100,390,57,442,290,385
1227989179,3614029972,161,344,113,386,183,273
1278514137,4035627402,0,499,0,499,499,499
1244541070,3785187841,0,499,129,436,499,307
1045609105,870053886,12,486,58,442,474,384
1065219679,1142446305,109,389,0,499,280,499
1317996403,1953359769,0,499,40,499,499,459
1221460154,3563523760,32,456,154,404,424,250
1263899431,3921319022,83,435,47,457,352,410
898719629,144855340,130,369,77,421,239,344
966838983,248449578,31,468,0,499,437,499
1044676116,861996675,153,348,8,488,195,480
1065222840,1142955147,106,408,29,471,302,442
932538725,87117625,177,321,150,349,144,199
1084430676,1497507369,34,457,85,399,423,314
1226022011,3594116442,35,452,59,438,417,379
1298338309,4132172964,0,499,0,499,499,499
1276989589,4018146305,0,499,26,499,499,473
1313030709,4197486424,0,411,0,435,411,435
1260235549,3894917684,31,480,33,470,449,437
1306783499,4168947149,0,499,0,499,499,499
1208586269,3359149276,11,487,129,368,476,239
977365852,276634564,93,406,12,486,313,474
1039826924,684477985,52,446,0,499,394,499
1244326236,3782771554,0,499,126,436,499,310
1297215705,4110415063,32,475,128,394,443,266
866010551,8658771,0,499,58,422,499,364
1156971821,2679537648,197,300,122,440,103,318
1208791120,2826336377,73,427,0,499,354,499
1298141127,4138517078,21,489,8,492,468,484
1308746805,4177859589,0,499,48,448,499,400
1111946395,1917675445,50,449,100,399,399,299
1246419131,3796988084,65,443,139,319,378,180
1163754106,2766907533,0,499,0,499,499,499
877675976,122861919,120,379,76,422,259,346
1305847481,4166954083,106,388,51,463,282,412
1225886941,3128440653,139,359,132,359,220,227
1138207043,2361200380,0,499,109,389,499,280
1253152063,3855161624,6,491,78,463,485,385
1245893446,3795288987,19,480,20,479,461,459
1275975531,4010220199,0,499,0,499,499,499
1217141041,3490095602,62,437,62,437,375,375
1027191302,569996940,100,399,60,438,299,378
1001488623,367798758,7,490,202,300,483,98
1088705151,1542433136,166,335,86,365,169,279
1050561897,966218869,0,499,62,436,499,374
1109022530,1878340725,62,436,0,499,374,499
1308894109,278573312,100,399,8,491,299,483
1131055911,2192164069,87,410,6,492,323,486
912549059,156687191,0,499,62,436,499,374
1034581410,67386420,137,362,77,422,225,345
1026874856,569612704,116,383,50,449,267,399
1104584365,1838575207,196,294,112,431,98,319
1313312747,4197664121,59,408,76,427,349,351
1258989452,3887597147,22,449,53,477,427,424
1320968463,4221643074,336,470,221,408,134,187
1073546743,1320601390,0,499,62,436,499,374
1130636013,2186089378,62,436,0,499,374,499
878431517,123753898,120,379,76,422,259,346
1301675109,4151268906,45,479,11,466,434,455
1225886762,1936221325,125,374,125,374,249,249
1068802070,1081184204,73,426,0,499,353,499
1299299566,4141676338,0,499,0,499,499,499
1283929361,4061633163,107,392,151,350,285,199
835402128,69486889,148,347,111,395,199,284
1277248955,4021562323,229,267,442,495,38,53
1317684751,1892601429,8,494,191,315,486,124
1117812719,1976593021,179,319,106,164,140,58
1121419865,2035478864,8,41,164,332,33,168
1310569425,4182255712,110,390,66,458,280,392
1274294830,3997832218,0,499,0,499,499,499
887347246,133504773,200,299,180,319,99,139
1123324164,456652766,141,358,100,393,217,293
1154907882,2645718850,49,425,137,316,376,179
1250257326,3831236312,0,499,62,499,499,437
936231486,195841235,80,419,0,499,339,499
1310876179,4184608502,34,466,120,467,432,347
1266775378,3939943825,0,405,0,499,405,499
864529624,105831266,0,499,62,436,499,374
1198144539,819558690,165,334,111,388,169,277
867399658,65318563,55,444,0,499,389,499
1207304014,3337965134,67,431,0,499,364,499
1098169686,1680978661,118,381,145,354,263,209
1192018548,3120416804,14,486,116,388,472,272
1255757634,3871285716,19,472,132,386,453,254
1209710527,3382580767,11,485,75,429,474,354
1034161466,671514732,0,499,16,482,499,466
1229810070,3628339633,173,329,10,491,156,481
848936355,80213184,58,441,126,372,383,246
1243368730,3773596393,70,411,11,423,341,412
1269017762,3955092674,0,499,0,499,499,499
873007519,118476273,105,392,57,445,287,388
1301013146,4105604277,67,481,99,419,414,320
1312730163,4191760400,0,499,0,499,499,499
1328532627,4250644622,31,400,33,379,369,346
1306584224,4167083124,106,388,51,463,282,412
1289801792,4089926115,5,492,15,487,487,472
1104944862,1845657789,0,499,62,436,499,374
973300163,268338094,27,471,0,499,444,499
914519145,158754515,52,447,0,499,395,499
1278906547,4037567186,72,433,14,466,361,452
933235320,190093955,72,426,14,499,354,485
1249827645,3823579787,0,499,0,499,499,499
1309197262,4179858358,33,446,159,365,413,206
922359719,171116896,62,436,0,499,374,499
1009311236,440698937,140,359,92,406,219,314
1007577170,435039594,50,450,0,499,400,499
1310625370,4184540385,82,428,105,431,346,326
1134152047,2274452774,51,448,0,499,397,499
1066598006,1169343981,0,499,0,499,499,499
1178310255,2984373228,14,478,54,451,464,397
1150217039,2570797542,56,427,46,444,371,398
1204177230,3286509703,153,345,106,433,192,327
933242996,190098742,57,400,69,418,343,349
1265229604,3929957939,8,497,172,499,489,327
1158120615,2695197168,146,361,147,364,215,217
1221487319,3564035091,52,446,0,499,394,499
1039149592,668594950,52,447,0,499,395,499
1146711630,2522864768,86,413,0,499,327,499
1254275221,3859874886,61,499,0,499,438,499
947815052,210147526,62,436,0,499,374,499
971482549,262246872,9,475,139,353,466,214
1313599185,4197534168,0,499,0,499,499,499
1063667372,1129893546,8,490,133,399,482,266
1137848547,2354820312,129,397,24,486,268,462
1290029295,4090927425,62,436,0,499,374,499
1265303420,3930244752,0,499,0,499,499,499
1245949422,3795693311,62,436,0,499,374,499
1230751760,3641176414,0,499,67,432,499,365
1165153474,2792894134,55,443,0,499,388,499
1261413316,3898723394,0,499,0,499,499,499
1156654054,2675087118,65,384,148,367,319,219
1100086634,1711730714,110,389,66,445,279,379
965236926,249971852,0,499,62,436,499,374
1314511223,4186283941,32,469,155,383,437,228
1008228720,436164640,188,309,188,309,121,121
957804997,225568545,0,499,113,386,499,273
1145367764,2494083242,175,313,23,489,138,466
1288969312,4085932658,106,499,118,390,393,272
1158308585,2697715207,0,499,63,436,499,373
1117510393,1974893497,0,456,72,436,456,364
894738488,77471195,85,413,0,499,328,499
1273438540,3992726207,89,422,85,403,333,318
1284188692,4063438201,30,468,37,465,438,428
1190252850,2832752214,32,470,137,422,438,285
1269770487,3962599953,0,499,62,436,499,374
1243785574,3775997589,84,411,141,343,327,202
1281678129,4052880326,0,499,0,499,499,499
1301599065,4151266277,155,341,169,344,186,175
1313274112,4197661926,0,499,0,499,499,499
971433063,262169844,74,424,0,499,350,499
981979264,285425248,30,471,21,479,441,458
1192509384,3128801079,103,400,162,445,297,283
1141094417,2424545868,104,397,62,437,293,375
1233881276,3682531868,0,499,0,499,499,499
1255530741,3868447516,0,499,0,499,499,499
933237888,190093867,30,451,145,361,421,216
1214790672,3462820129,48,323,12,478,275,466
860448202,98169536,90,409,90,409,319,319
1123660149,2059868708,64,434,67,432,370,365
1126043891,2098000754,62,436,0,499,374,499
1159523285,2715681147,26,478,61,424,452,363
1311777623,4188951957,0,499,0,499,499,499
1104032316,1821108189,0,499,62,436,499,374
1231027559,3643836634,62,436,0,499,374,499
884196618,124565807,0,499,66,432,499,366
1154523604,2640506022,125,465,180,344,340,164
1314017000,4201306796,136,363,26,469,227,443
1310338288,4182236126,163,342,102,415,179,313
1230796919,3641716061,0,499,0,499,499,499
1079767741,1432994796,0,499,62,436,499,374
1134830972,2293192655,186,313,186,313,127,127
1143981147,2473129358,2,497,77,412,495,335
1009230227,440548482,100,399,56,443,299,387
1067034104,1174940917,76,423,0,499,347,499
1305662921,3287133607,37,463,74,439,426,365
1281780795,4050843330,88,412,160,339,324,179
1175269794,2947104238,52,446,0,499,394,499
956732207,223026793,106,392,3,496,286,493
1224506536,3586397171,196,296,155,323,100,168
1260455525,3893737666,159,325,193,310,166,117
1122805603,2048525801,13,482,29,378,469,349
1119065220,1992238643,138,360,100,399,222,299
1192460709,3128635345,140,361,89,456,221,367
1243785530,3775998194,192,308,137,364,116,227
1026056424,559361615,15,482,75,422,467,347
1313646780,4197543186,24,376,29,447,352,418
1282022665,4050758025,27,468,110,386,441,276
1316140986,4200873303,11,487,0,499,476,499
1314375652,4202301686,48,455,13,483,407,470
1268426985,3951006491,0,499,0,499,499,499
1313520585,4199252370,126,374,112,358,248,246
1192150418,3122651756,68,432,22,488,364,466
1301752957,4153119305,18,473,34,483,455,449
867191261,109976352,85,413,26,481,328,455
1202875820,2186286000,30,446,176,344,416,168
1100980757,1746559356,48,450,0,499,402,499
1262350401,3160538094,15,389,108,380,374,272
1208623306,3359784007,192,306,165,334,114,169
1282625781,4057848218,11,483,64,401,472,337
1259587829,3889175921,125,386,52,447,261,395
1276014834,4010222900,53,436,138,392,383,254
1285113145,4063767326,62,451,65,459,389,394
1240721678,3748203527,0,499,0,499,499,499
1051761945,981229599,350,457,384,465,107,81
1073443941,1321103809,0,499,62,436,499,374
1285837892,4017665649,59,455,54,441,396,387
1225857142,3591199287,0,499,62,436,499,374
1241206350,3753871276,77,417,87,433,340,346
1286714784,4071960001,76,385,125,367,309,242
1255347430,3868420450,115,415,40,388,300,348
1124292442,2075082569,198,319,219,296,121,77
1066931147,1173353154,93,404,22,476,311,454
1317345467,4212778989,58,474,147,382,416,235
1310649040,4182265131,0,499,63,499,499,436
1300230117,4145351806,57,441,0,487,384,487
1321503574,4223011518,151,382,28,455,231,427
1277162572,4019921883,2,497,2,498,495,496
934716339,193186331,62,436,0,499,374,499
1078971986,1413003885,0,499,209,499,499,290
1295999036,4127732039,80,436,69,423,356,354
1292028045,4105729237,28,480,91,452,452,361
1004472640,405569212,33,460,94,410,427,316
1045939936,872895811,62,436,0,499,374,499
1328398205,4250637817,89,376,128,412,287,284
1265590344,3931857903,0,499,0,499,499,499
1190867446,3098368318,0,499,57,441,499,384
1006641999,427076767,141,369,18,485,228,467
846090150,75204097,80,409,12,491,329,479
1151503086,2572987884,0,499,0,499,499,499
1310297432,4182232547,0,499,0,499,499,499
1201834449,3249407080,1,498,0,499,497,499
1283525170,4061583407,130,355,129,353,225,224
1275649833,4006511100,23,494,31,493,471,462
866334980,109041197,88,402,0,495,314,495
1215411514,3470138133,49,456,17,462,407,445
1309082100,4179422874,0,499,0,499,499,499
1167620426,2833227689,165,333,137,361,168,224
893672580,141571372,150,349,107,391,199,284
875879037,77455884,110,302,5,323,192,318
1264892286,3928050739,192,367,42,298,175,256
1079794219,1434660986,0,499,0,499,499,499
956379327,138716014,62,480,111,387,418,276
875367437,121363208,61,437,3,496,376,493
1055248567,1056067928,91,407,1,498,316,497
1248835628,3817894197,44,376,6,485,332,479
1218920205,3515997352,0,499,30,468,499,438
982252030,286003547,194,306,158,347,112,189
1124955388,2086223162,150,349,134,387,199,253
1316915718,3469999340,111,413,32,472,302,440
1266900736,3940231805,28,499,34,470,471,436
1211983383,3414348632,1,498,79,418,497,339
1289109760,4085968919,24,442,81,402,418,321
1016879998,503953928,100,398,59,449,298,390
1260356403,3893244254,38,458,140,447,420,307
1314017069,4201307257,28,498,88,426,470,338
1310777283,4182276070,69,433,122,378,364,256
1123652876,2060351103,30,489,69,483,459,414
1273363492,3992623311,28,458,59,450,430,391
1265222768,3929899386,28,461,187,357,433,170
1064210526,1134872316,113,440,216,302,327,86
1032404365,620202879,120,385,52,449,265,397
1046745491,878601098,62,436,0,499,374,499
1027855316,577066407,180,315,204,288,135,84
1267216941,3942377252,0,499,0,499,499,499
1100621659,1374057032,0,499,62,436,499,374
1259226078,3887613581,18,487,17,481,469,464
1075499253,1346936304,62,436,0,499,374,499
1216779003,3414416395,144,355,100,399,211,299
1026055199,559361592,15,482,75,422,467,347
1177177837,2961408125,23,499,71,454,476,383
1179780072,2993341856,7,477,85,401,470,316
1031005057,606116281,158,367,10,450,209,440
444151530,50221169,154,345,125,379,191,254
1181662592,3003920310,6,494,85,399,488,314
1190617710,3092458085,0,499,50,438,499,388
1196212572,3182722332,48,455,118,414,407,296
933238563,190095249,21,499,25,474,478,449
1287513972,4078699783,16,489,99,477,473,378
1198642065,3218625013,110,389,54,445,279,391
1308898657,1668348817,100,399,25,474,299,449
1053872558,1038350337,160,367,148,350,207,202
854621506,3052441,68,431,0,499,363,499
957622280,49076198,108,377,65,427,269,362
1220228570,3541024041,92,394,115,408,302,293
1195757512,3175531773,35,461,46,442,426,396
1241832391,111305918,73,426,0,499,353,499
1323150692,4231830408,20,459,61,465,439,404
1044839059,863436134,84,414,0,499,330,499
1283911406,4061627293,0,499,0,499,499,499
1224122878,3521203827,51,486,124,358,435,234
1280438520,4045061751,0,499,0,498,499,498
171850530,5452385,84,412,12,486,328,474
1226428512,532979341,125,374,125,374,249,249
1294225638,4118505232,21,469,23,441,448,418
937368561,197619613,94,405,27,471,311,444
891726366,138460398,120,378,100,399,258,299
990659139,297699327,138,360,95,404,222,309
1191848986,3113032684,62,436,0,499,374,499
1074174743,1328815975,0,499,62,436,499,374
443926930,50218381,139,345,128,382,206,254
1254902910,456613710,83,415,0,499,332,499
1310736381,4184991043,23,476,112,357,453,245
1289403267,4087644511,0,499,0,499,499,499
258976563,10430562,62,436,0,499,374,499
1135637071,2311696771,31,484,39,475,453,436
1289984848,4090785024,87,335,347,387,248,40
1098064674,1677711059,0,499,109,389,499,280
1298611732,4111972974,68,402,130,374,334,244
1250150525,3830390877,25,471,136,427,446,291
1296722532,4109870521,90,463,54,447,373,393
906131638,150567507,88,410,4,497,322,493
1283816032,4063197538,0,499,0,499,499,499
1311730212,4188948681,0,481,57,499,481,442
1277781180,4026081957,102,382,11,483,280,472
1306897176,4168961395,0,499,0,499,499,499
1312716012,4191253835,62,436,0,499,374,499
977965715,278568816,103,395,0,499,292,499
1026565593,146388053,68,431,0,499,363,499
1291404674,4102011140,0,499,71,428,499,357
1174591098,2940639864,130,369,125,374,239,249
1317256434,4210987552,103,403,147,302,300,155
1164099229,2754712626,67,428,8,492,361,484
441334779,50240031,296,393,297,395,97,98
1042895558,845407541,5,496,35,464,491,429
1240952790,3749912170,2,497,0,499,495,499
921032058,167556458,85,414,0,499,329,499
1050196538,962150048,96,398,67,425,302,358
922615786,171410519,0,499,68,403,499,335
850069686,77697275,70,382,0,496,312,496
1173707347,2777249670,7,462,90,416,455,326
1308390756,4176107832,60,419,104,331,359,227
1294519831,3829916433,0,499,64,434,499,370
972253143,264537890,0,499,59,439,499,380
1257316028,3880378460,62,436,0,499,374,499
1066647266,1170003659,181,339,44,371,158,327
1206034480,3317734689,40,454,160,353,414,193
1306580343,4167082748,106,388,51,463,282,412
924748234,175615363,91,408,30,473,317,443
1257236092,3879897789,58,450,107,405,392,298
1211445274,3399885141,114,386,143,357,272,214
921362165,168649332,68,431,0,499,363,499
1317185564,4211284548,94,405,96,397,311,301
1145069081,2491686408,0,499,80,419,499,339
977516916,278386888,94,405,0,488,311,488
1260273517,3893192507,76,403,26,453,327,427
1305402697,4165070739,28,412,195,313,384,118
1194219341,3155726124,15,489,81,454,474,373
1307116952,4145066097,142,368,33,450,226,417
1166742256,2819898935,179,347,72,425,168,353
931346809,185867729,8,493,126,386,485,260
1239449231,304280187,0,499,0,499,499,499
32317330,1397957,95,403,0,499,308,499
1323379927,4231414575,22,469,142,395,447,253
1243237959,3770106443,46,452,0,497,406,497
1317905878,4215693049,110,325,145,199,215,54
1262915470,3910536025,0,499,29,469,499,440
1176472905,2958063309,33,437,30,468,404,438
1271762827,3980242719,59,440,0,499,381,499
1157856879,2417993379,22,471,68,421,449,353
1202965179,3266217840,105,372,31,473,267,442
1261429992,3898729628,0,499,93,499,499,406
874728355,68041994,73,425,10,499,352,489
1061571912,511836493,126,375,12,486,249,474
1275027874,4003834073,70,430,72,430,360,358
1225540217,2288049909,187,311,150,349,124,199
885069293,119923279,150,349,124,375,199,251
878808774,131505184,29,462,149,349,433,200
1320618260,4224637459,0,499,0,499,499,499
1323877813,4234091070,27,475,104,419,448,315
1324244130,4233633909,74,438,100,403,364,303
1266450676,3938194837,123,381,29,463,258,434
1198543082,3183336301,187,311,150,349,124,199
1174593331,2940640454,70,481,91,495,411,404
1258310626,3881732423,0,499,0,499,499,499
1325157401,4240471847,0,499,0,447,499,447
1251592171,3843991627,0,499,0,494,499,494
1314451433,4202303046,149,336,175,376,187,201
1211397493,3397443643,109,391,98,401,282,303
1098544837,1655376257,97,408,159,367,311,208
1317261900,4210987735,0,499,0,499,499,499
747530085,60636112,0,499,98,400,499,302
1065803995,1151151544,0,499,62,436,499,374
1150195242,2570362260,0,499,0,499,499,499
1289802503,4089926308,0,499,6,499,499,493
1282581354,4057554710,0,499,0,499,499,499
1255660929,3870817136,29,484,32,470,455,438
1287548430,4071378177,0,499,0,499,499,499
1158121368,2695198422,26,493,71,434,467,363
891425481,138191310,90,409,130,369,319,239
1150229367,2567535084,62,436,0,499,374,499
1007983598,435843474,170,328,141,358,158,217
1007989538,435852227,160,339,186,312,179,126
1324096724,4236042098,27,460,11,446,433,435
1092233310,1579529786,130,368,314,424,238,110
1160042514,2695364829,151,347,100,399,196,299
216810030,6342052,68,431,0,499,363,499
915098441,159603818,0,499,0,499,499,499
1105831402,1857268847,11,492,80,424,481,344
1262173200,3905724719,80,418,111,315,338,204
1267971877,3944540561,30,478,30,466,448,436
1319412899,4214352722,112,320,166,333,208,167
1156490236,2670879061,0,499,37,462,499,425
1039561853,426655251,47,451,98,401,404,303
1071380120,1289920598,87,412,0,499,325,499
1258326554,3881733473,86,390,115,408,304,293
1305117270,4164668670,106,388,51,463,282,412
1032663915,627089968,94,405,27,471,311,444
913410553,157618714,0,499,18,480,499,462
1221379162,3562490091,11,490,49,448,479,399
1092258017,1580087266,21,478,21,478,457,457
1156191453,2666371865,175,325,119,380,150,261
1008029328,435857154,160,339,126,372,179,246
1274004343,3995264301,0,499,0,499,499,499
1270219385,3969948689,24,480,139,399,456,260
1311129116,4181904158,28,463,23,439,435,416
1022866139,531086160,38,463,6,495,425,489
1244541216,3785187880,0,499,145,436,499,291
862632264,102708859,105,396,65,441,291,376
972841051,266460436,140,359,110,389,219,279
933259098,190110310,56,443,0,499,387,499
1067029510,1174918438,98,401,0,499,303,499
1262814293,3910486180,0,499,29,469,499,440
963969638,245463602,137,372,182,359,235,177
1169977627,2889058969,72,427,0,499,355,499
1325255865,4240794886,52,451,0,460,399,460
1204222822,3287234431,99,405,52,488,306,436
947947049,210414298,121,377,62,449,256,387
1056681653,1073167771,65,434,0,499,369,499
134523130,6874677,108,390,46,453,282,407
1290734857,4095866299,62,436,0,499,374,499
1301763573,4151006869,22,484,25,475,462,450
1024049610,541567766,0,499,62,436,499,374
1189447532,3082185775,3,491,159,353,488,194
1240852340,3750102083,134,364,115,385,230,270
1164534795,2786691771,0,499,60,438,499,378
1294868525,4124473119,0,499,28,471,499,443
1288887265,4086012437,34,499,103,499,465,396
876572837,6300143,62,437,0,499,375,499
1146322541,2516852881,90,408,32,438,318,406
1158796687,2703667377,33,466,84,415,433,331
1260320345,3893242436,17,469,96,378,452,282
1252245659,3848335682,0,499,0,499,499,499
743997608,60480806,24,475,0,499,451,499
1299051712,4139887591,38,482,61,402,444,341
1174588149,2940639059,169,329,182,323,160,141
1303272231,4157387125,106,388,51,463,282,412
1134235218,2276377941,0,499,0,499,499,499
1249534252,3819978925,188,311,194,334,123,140
1311478577,4187456449,140,366,14,480,226,466
1317739500,4211195620,48,454,0,499,406,499
1265009801,3929174950,31,489,90,420,458,330
1260370006,3893204352,147,342,145,388,195,243
1137626550,2349425166,0,499,62,436,499,374
1172517908,2913906786,0,499,62,436,499,374
1323632684,4234444799,84,415,11,499,331,488
946273069,16378945,153,351,113,391,198,278
1317871967,4215176540,22,458,55,462,436,407
1255809644,3871168238,49,435,29,467,386,438
1104375403,1831999321,93,402,121,376,309,255
1316532644,4209068684,0,499,0,499,499,499
1270616380,3972427911,0,499,0,499,499,499
1275206365,4003935019,52,445,56,438,393,382
1275159954,4004090291,0,499,0,499,499,499
1167318030,2832677176,0,499,62,436,499,374
1043950153,852674537,70,428,0,499,358,499
1131050729,2192154384,180,325,11,139,145,128
983397944,287537792,89,398,0,499,309,499
1224667159,3586399084,0,499,109,389,499,280
1084213093,52357290,74,424,0,499,350,499
1193424209,3144084369,99,400,62,437,301,375
1260240854,3894921834,64,437,78,426,373,348
1282021120,4050757700,31,475,79,409,444,330
1310880189,4184608896,0,499,0,499,499,499
1275325300,4004143403,65,431,69,439,366,370
1271108360,3974958472,109,375,160,466,266,306
1279043853,4037878356,0,499,58,499,499,441
1100798462,1738535059,43,457,107,392,414,285
1229488971,2647272670,0,499,83,415,499,332
1027695767,575525370,0,499,29,470,499,441
1274894910,4001824140,62,411,185,311,349,126
1242116853,3762612237,7,484,102,394,477,292
1119407494,1998121832,40,453,41,473,413,432
1196819332,3198848665,0,499,80,418,499,338
1293783545,4120513383,115,383,57,446,268,389
1220593874,3549458703,110,346,36,465,236,429
1133950471,2268164921,78,421,0,498,343,498
1287587017,4071379053,26,413,69,464,387,395
1289480049,4086133154,0,499,0,499,499,499
1188450435,3064658636,53,395,136,407,342,271
1311396789,4187115528,0,499,0,499,499,499
1124827451,2074584759,0,499,62,436,499,374
1275236189,4004113781,0,499,0,499,499,499
931806780,186639329,154,318,123,285,164,162
1007710467,435113945,59,440,0,499,381,499
1293345388,4104734543,24,473,157,345,449,188
1053198713,1027902240,95,400,67,484,305,417
872298211,117398884,0,499,71,428,499,357
1035900064,693151723,186,346,66,467,160,401
1025671310,554019793,101,388,76,355,287,279
1255365528,3868421702,0,499,0,499,499,499
1270594917,3971750223,0,499,0,499,499,499
1188547359,3067345701,143,356,61,451,213,390
1292524558,4108941002,118,399,139,365,281,226
1168253219,2855269453,32,445,124,402,413,278
1276973570,4017745216,0,499,0,499,499,499
1131804820,2168077237,63,413,61,232,350,171
1323813650,4235340850,70,414,149,365,344,216
946274320,96501221,155,350,123,389,195,266
1251478924,3842784391,0,499,0,496,499,496
878615891,124006015,84,418,0,488,334,488
1251065925,3837504982,20,436,88,401,416,313
1312116527,4193568861,62,436,0,499,374,499
1276029850,4010224685,97,398,73,391,301,318
1250671968,3834910525,183,290,91,482,107,391
861271487,99540371,100,399,168,331,299,163
892798683,111384314,68,430,0,499,362,499
1204263899,3287310385,144,347,125,328,203,203
1191545797,3109996187,148,350,145,359,202,214
698863508,11928628,69,429,0,499,360,499
865569926,107957458,16,492,94,406,476,312
1270621117,3972427995,46,488,27,467,442,440
1250391203,3832635536,10,490,45,449,480,404
1025126498,548875174,74,425,0,499,351,499
1196317814,87128873,182,316,150,349,134,199
1157599073,2679613377,0,499,109,389,499,280
1161113533,2732137427,68,431,0,499,363,499
1068105103,1189075390,62,436,0,499,374,499
1212192644,3418770786,2,498,49,229,496,180
1308940006,4173534638,97,401,0,499,304,499
1244495444,3784884454,0,499,0,499,499,499
1208623967,3353567016,161,338,193,293,177,100
1323202078,4229443165,105,443,133,439,338,306
1260721638,3895294516,24,477,31,465,453,434
1208819443,3301920790,62,436,0,499,374,499
1265216023,3929900592,48,458,39,455,410,416
1156078101,2664721983,219,280,148,477,61,329
862579385,102706696,68,430,132,367,362,235
926914876,179377518,94,397,115,393,303,278
1276358059,4012867828,44,499,51,468,455,417
1282007996,4050753910,0,499,0,499,499,499
1262645477,3910055504,47,445,102,378,398,276
1223521509,3580744718,78,424,5,490,346,485
857710345,91756307,0,499,62,436,499,374
1310499575,4182247225,0,499,0,499,499,499
1257739099,3881730677,0,499,0,499,499,499
1289522789,4087651818,58,420,158,361,362,203
1070001712,1260425592,121,343,148,397,222,249
1305664282,3090967682,0,499,61,438,499,377
1300459572,4146735195,37,450,120,353,413,233
1314546335,4202304567,13,499,22,486,486,464
1248841875,3817899989,11,488,0,499,477,499
1282171871,4055589281,20,483,46,446,463,400
1323296274,4231695619,149,348,229,405,199,176
1285056124,4063744414,0,497,0,499,497,499
977843926,278814079,113,392,160,334,279,174
1199011124,3222914348,44,447,73,442,403,369
1265214270,3929900502,38,475,72,455,437,383
1261329265,3899483302,152,340,104,375,188,271
1155550086,2655401822,0,499,83,415,499,332
1134435234,2283186204,81,423,18,432,342,414
1269977906,3965364535,0,499,62,436,499,374
922076860,170481562,88,410,0,499,322,499
1190257920,1876686922,67,458,112,367,391,255
1311068626,4182119248,114,386,46,448,272,402
1319661762,4219571198,19,468,15,463,449,448
1261978346,3902216160,70,428,45,334,358,289
856036602,81341755,62,436,0,499,374,499
1251220847,3838164881,0,499,85,415,499,330
1140191507,2405146517,83,415,0,499,332,499
1009320517,440659093,150,349,103,396,199,293
1027328243,570719077,100,399,64,434,299,370
1254509236,3861225667,48,468,43,475,420,432
1270553943,3972330738,79,420,0,499,341,499
1079789121,1434326676,145,354,100,399,209,299
1009269533,440570033,150,349,121,377,199,256
1252628167,3850328879,0,499,62,436,499,374
1027035580,569630075,110,389,50,449,279,399
1323625883,4234246743,0,499,0,499,499,499
1316256214,4200881019,0,499,0,472,499,472
1314538623,4186310130,69,452,87,428,383,341
1257633822,3881989116,32,477,36,469,445,433
1278120301,4029710703,57,445,6,488,388,482
1269394372,3957787442,10,499,18,489,489,471
1255232014,3868374718,0,499,0,499,499,499
1261908121,3900714713,17,485,51,478,468,427
1204293813,3278609376,81,417,0,499,336,499
874539153,113629945,71,427,0,499,356,499
1304032715,4160884114,106,388,51,463,282,412
1217285982,3490642778,62,436,0,499,374,499
1248612669,3816777745,0,499,89,410,499,321
1199622446,3082691656,95,361,142,411,266,269
1301799651,4148056133,4,495,0,499,491,499
1256924050,3874796501,86,434,103,351,348,248
982175358,126513881,89,410,22,477,321,455
1313461782,4183317047,125,369,104,453,244,349
1273173131,3992407640,19,486,42,475,467,433
1209710499,3382580763,18,487,43,447,469,404
1135964919,2315301338,0,499,62,436,499,374
1145355572,2494073084,14,485,17,486,471,469
1169885167,2886670655,0,499,70,427,499,357
1253000296,3854567295,68,431,0,499,363,499
1252167286,3847766597,8,489,140,435,481,295
1007778395,435266982,101,397,50,449,296,399
1146993544,2526930193,0,499,62,436,499,374
1260626636,3894613388,0,499,39,459,499,420
1104755370,1842602919,62,436,0,499,374,499
1100833517,1741630424,0,499,109,389,499,280
1196813637,3198838853,0,499,80,418,499,338
1167469455,2836691467,0,499,62,436,499,374
985479740,290909185,149,349,119,387,200,268
1133294286,208299430,86,412,92,417,326,325
1163779820,2770056630,45,468,42,459,423,417
199492530,5940556,89,410,47,452,321,405
1203743311,2451740242,137,361,100,399,224,299
1189480007,3079412380,66,433,0,499,367,499
1179591559,2992578574,83,415,0,499,332,499
1248862792,3817906586,42,453,37,461,411,424
1261187182,3898711499,40,443,126,357,403,231
1313581012,4197532971,117,381,34,468,264,434
1021533332,248121623,190,309,160,339,119,179
1321128360,4221742661,38,462,62,436,424,374
1280389775,4044743648,0,499,0,499,499,499
1323321646,4231808456,27,463,61,464,436,403
1314383538,4202301883,101,406,165,327,305,162
1282921612,4057768587,55,454,139,375,399,236
1252116904,3846830727,98,480,113,347,382,234
1295516030,4126959528,37,451,11,469,414,458
1263730435,3921174955,0,499,21,499,499,478
1256924751,3874796611,0,499,0,499,499,499
1155326154,2644577489,32,475,119,364,443,245
1248146297,3813922449,0,499,0,498,499,498
1227567302,3612286883,12,486,128,384,474,256
1245929429,3795573082,143,351,47,387,208,340
1244990646,3787994763,78,429,48,434,351,386
915098101,159603891,0,499,0,499,499,499
1292015932,4105727437,0,453,71,499,453,428
1270253258,3608786969,103,395,0,499,292,499
1206526802,2739927488,198,452,133,365,254,232
1098191775,1681872153,169,330,22,474,161,452
1285951508,4069044002,62,436,0,499,374,499
1233366579,3677479574,0,499,62,436,499,374
1246108051,3797081501,16,488,94,384,472,290
1270430546,3971905608,13,499,190,356,486,166
1112557572,1151126360,132,363,79,420,231,341
1275720428,4006540619,82,414,21,489,332,468
1115542450,1942416932,71,428,2,499,357,497
1130339185,2182361110,0,499,43,456,499,413
1303828009,4159426527,106,388,51,463,282,412
1009541474,296726288,73,425,0,499,352,499
1060107838,1092431529,0,499,62,436,499,374
1191782346,3115532190,62,436,0,499,374,499
1275535234,3696208882,0,499,62,436,499,374
1304124512,4144399535,81,421,128,368,340,240
1192148086,3122628200,19,404,138,361,385,223
1267109795,3941808880,36,486,184,373,450,189
1283802234,4061614861,0,499,0,499,499,499
1102757574,1805032521,88,421,169,328,333,159
1316745469,4200960473,145,350,56,489,205,433
1152075678,2598438256,70,429,145,354,359,209
1310421933,4183887493,0,499,73,499,499,426
1314349686,4186266476,27,477,26,452,450,426
933258173,190109162,85,413,5,490,328,485
1235287942,3692870957,59,441,132,371,382,239
1017884317,85903536,196,303,180,319,107,139
921250106,168344514,52,432,36,473,380,437
1237153557,3717185913,170,328,151,323,158,172
1252575318,3848319224,37,461,122,377,424,255
1312601196,4195543081,0,499,0,499,499,499
985691187,138714346,27,473,231,268,446,37
1096127894,1646260310,72,427,0,499,355,499
1277539169,4019816811,0,499,0,499,499,499
1308936684,4177868733,82,385,111,383,303,272
870027729,113216005,62,436,0,499,374,499
1144456580,2482251295,0,499,81,417,499,336
1232369494,3660534478,9,499,176,405,490,229
833079764,51324329,83,415,6,490,332,484
1266064132,3930062825,117,382,64,434,265,370
991556648,291015505,71,427,0,499,356,499
1262274720,3906572925,39,449,29,361,410,332
682459689,56810096,75,423,0,499,348,499
1248836826,3817896404,65,489,101,400,424,299
1286718665,4071960689,27,477,122,419,450,297
1257150660,3879365260,0,499,0,499,499,499
925653490,177271064,69,430,0,499,361,499
1102674518,1804714576,0,499,30,499,499,469
1281973693,4050744578,111,461,92,453,350,361
1265380719,3930103834,85,424,55,478,339,423
1222630380,3572854383,37,462,0,499,425,499
1317000996,4211507005,51,459,64,461,408,397
1015728343,488580860,67,432,0,499,365,499
933251389,190105145,104,394,0,499,290,499
1309970174,4181944183,26,473,40,465,447,425
1009243592,440573048,140,359,174,325,219,151
1262580952,3908953802,0,499,0,499,499,499
1248865935,3817907512,71,234,232,362,163,130
767214859,61500777,74,423,0,499,349,499
1109259638,1886337484,97,403,1,499,306,498
1295781271,4124531472,133,345,4,485,212,481
1304014950,4160807049,34,467,36,463,433,427
1066930740,1173353284,18,481,25,473,463,448
444952030,50231508,136,364,115,391,228,276
1275635994,4006508840,43,456,90,422,413,332
1174592015,2940640238,172,335,132,367,163,235
1278118395,4029703723,24,457,157,325,433,168
308334760,6967496,145,354,100,399,209,299
1100216685,1443323483,67,431,0,499,364,499
1304131814,4024341136,0,499,83,415,499,332
1137078377,2332150695,53,445,0,499,392,499
1306566063,4167080092,106,388,51,463,282,412
972475625,264891393,79,419,0,499,340,499
932895408,189446732,126,374,67,436,248,369
1308995426,4178793347,38,443,91,411,405,320
1192161845,3122714542,71,431,241,486,360,245
1111271214,1909286600,152,340,107,391,188,284
1128487005,2148675137,0,499,91,408,499,317
946297679,92813202,130,368,91,416,238,325
1313459784,4197679553,0,499,15,499,499,484
1266671668,3939550780,5,492,146,357,487,211
1243660214,3775276395,0,499,148,436,499,288
1272494978,3989892064,0,499,0,499,499,499
1215348014,3470019076,0,499,62,436,499,374
1248833014,3817889825,0,499,0,391,499,391
1255100490,3868307416,136,355,189,295,219,106
1252628060,3850328837,0,499,62,436,499,374
1136702269,2326208086,73,426,0,499,353,499
1255132933,3868387463,0,499,62,436,499,374
1007508281,435017039,59,439,0,499,380,499
1274448079,221277409,64,435,0,499,371,499
1140617117,2416450822,0,499,0,499,499,499
1011825270,455494974,71,428,0,499,357,499
617544138,55036209,62,436,0,499,374,499
985479038,290909266,73,431,8,490,358,482
1194419806,3158225620,62,436,0,499,374,499
879885629,125011571,62,436,0,499,374,499
1191014077,3100924059,0,499,0,499,499,499
1177653129,2977765101,28,466,171,356,438,185
1308422479,4152150835,27,476,71,436,449,365
1174584702,2940638398,42,436,34,456,394,422
1269180450,1166343440,100,399,21,478,299,457
1026848910,569608634,102,397,50,449,295,399
1283706497,4061599319,0,499,0,499,499,499
1265196538,3929887873,24,454,27,445,430,418
1301528904,4150996696,225,301,171,318,76,147
1020454382,518112961,71,428,0,499,357,499
1288099085,4079986033,170,335,69,437,165,368
1254333298,3861223818,0,499,0,472,499,472
1120306269,1609070678,66,431,0,499,365,499
972629214,265613977,0,499,62,436,499,374
1249535601,3819982824,153,340,157,343,187,186
1310110765,4182218815,8,456,143,307,448,164
865757618,20270384,134,366,73,426,232,353
862632160,102707691,91,413,74,429,322,355
1026933897,569646062,108,391,50,449,283,399
1252322995,3848537462,46,438,34,455,392,421
1282021366,4050757743,94,434,97,406,340,309
1116859901,1965818610,82,416,0,499,334,499
1237107232,2801013738,40,460,131,376,420,245
854423557,87472748,69,430,0,499,361,499
1104310139,1828240096,109,389,0,499,280,499
1163613269,2765869848,197,327,27,472,130,445
1126190843,278517906,152,347,100,279,195,179
1039133641,785094992,0,499,109,389,499,280
874730538,46615096,76,423,0,491,347,491
1283980126,4061638915,0,481,45,416,481,371
342421834,2503757,70,428,0,499,358,499
988517718,295650699,62,436,0,499,374,499
1328448627,4250686026,72,428,145,371,356,226
1251633812,3844480917,100,399,100,399,299,299
986561291,292680883,11,490,228,270,479,42
1204247473,3287287867,60,439,0,499,379,499
1312856828,4196083511,26,469,72,449,443,377
1174589357,2940639469,27,490,123,481,463,358
1303627784,4159071201,106,388,51,463,282,412
1292122825,4106615910,104,395,104,395,291,291
1220255544,3533718332,74,424,0,499,350,499
832856322,63256303,59,440,0,499,381,499
1000571258,1923129341,113,348,21,486,235,465
534988930,53163067,196,302,170,329,106,159
879684195,101635957,98,400,0,499,302,499
847357843,76804267,62,436,0,499,374,499
1190257734,1876686881,108,396,127,384,288,257
1191521657,3108216103,0,499,62,436,499,374
1193102670,3103136605,142,362,37,459,220,422
1225873655,2913210993,147,354,179,281,207,102
1326838737,4178369638,78,429,148,365,351,217
1319660380,4214659904,160,469,69,405,309,336
1137007677,2336123908,0,499,0,499,499,499
1152207417,2589458634,69,430,0,499,361,499
1276444739,4013276036,44,445,110,336,401,226
1239002383,3731581810,14,486,35,436,472,401
1028743794,48269512,149,350,105,396,201,291
956575187,222506309,0,499,62,436,499,374
1269197618,3956567893,124,400,30,466,276,436
934209306,192057355,57,442,0,499,385,499
1302254662,4153278998,0,499,0,499,499,499
868365626,111790747,83,415,48,499,332,451
1290333281,4090280906,0,499,62,436,499,374
1253158689,3855208078,32,472,208,307,440,99
1290405637,4093215416,0,499,0,499,499,499
1253485582,3856938778,0,499,91,436,499,345
1100059234,1711733257,180,319,151,347,139,196
1287293688,4074136074,45,479,11,466,434,455
830665516,61925274,82,409,18,480,327,462
1104968681,1846025888,109,389,0,490,280,490
1232193475,3657518778,0,499,62,436,499,374
1046809411,879523970,154,344,100,399,190,299
1273025343,3992471991,0,499,0,499,499,499
1247849091,3813570930,0,499,62,436,499,374
1123077143,2045253892,46,450,127,428,404,301
938780534,201159404,80,419,34,462,339,428
938593241,200777452,0,499,50,448,499,398
1252628128,3850328869,0,499,62,436,499,374
986283423,292194927,62,436,0,499,374,499
1012794954,461069252,111,387,25,474,276,449
748160373,60672483,0,499,73,426,499,353
1244533263,3785057492,0,490,150,491,490,341
341439983,5758978,87,411,0,499,324,499
1283988620,4063211583,81,377,144,337,296,193
980301167,283323314,41,465,68,448,424,380
1314553655,4202304648,37,466,98,411,429,313
1307743630,4172819065,195,347,88,452,152,364
1027250066,570626265,101,398,50,449,297,399
1309995956,4181947549,72,443,96,405,371,309
1241425761,3756673445,203,306,193,309,103,116
1041836365,831720064,0,499,17,481,499,464
965079626,249468294,31,480,45,464,449,419
1280139420,4042487868,1,396,79,352,395,273
1080806552,1446678774,85,415,11,486,330,475
858900747,92375046,173,326,150,349,153,199
1302573255,4155425156,29,499,0,499,470,499
1302188465,4153246165,29,462,51,441,433,390
1275363668,4004150568,74,397,102,412,323,310
1037180923,538019827,125,357,171,321,232,150
997401153,86654550,190,309,163,336,119,173
1267330718,3942397836,0,499,0,499,499,499
1130805991,2188492671,0,499,62,421,499,359
1275030161,4003905938,49,440,49,446,391,397
1281707114,4052946860,57,451,63,455,394,392
919752913,165522236,162,337,100,399,175,299
1268839213,2980022442,0,499,0,499,499,499
1294489652,4122565228,40,478,147,384,438,237
1148840041,2541818762,31,466,0,499,435,499
1069847018,518720906,164,335,100,399,171,299
1043841091,853456126,13,485,8,491,472,483
1045220043,859749784,0,499,62,436,499,374
1309645326,4179726684,170,387,40,476,217,436
1275521625,4006431367,132,366,29,492,234,463
1323893710,4234091541,0,499,0,499,499,499
1209717466,3382587270,43,487,16,468,444,452
1026961173,569743300,106,392,50,449,286,399
1236015829,3696260352,128,370,0,499,242,499
1291991278,4105525635,0,499,0,499,499,499
1042732708,402661805,109,401,63,439,292,376
1069587409,1252289826,139,359,100,399,220,299
1274562516,3389064529,50,449,0,499,399,499
737401231,60101250,90,418,23,466,328,443
1313757868,4184041800,38,466,92,399,428,307
1246636918,3801428083,40,460,137,439,420,302
1254418220,456620455,83,415,0,499,332,499
1054822843,1047244308,0,499,62,436,499,374
1161123758,2732892629,22,474,81,422,452,341
1249535773,3819983542,28,475,104,377,447,273
846302503,75554213,62,436,0,499,374,499
1100843460,1742485960,0,499,62,436,499,374
1325958783,4234296075,106,396,107,464,290,357
1176026395,2947233213,56,443,0,499,387,499
1134102629,1161967685,104,417,40,477,313,437
1245045816,1805032395,28,472,148,350,444,202
1024795788,546475739,15,483,0,499,468,499
858616792,93271592,62,436,0,499,374,499
1037408687,729825871,37,454,134,378,417,244
1261173435,3898707818,6,478,165,332,472,167
1247879768,3813649656,17,480,151,337,463,186
1215231707,3469590733,106,392,3,487,286,484
1298050859,4137783469,119,378,19,470,259,451
1262142474,3905002580,0,499,62,436,499,374
884188368,124565001,50,449,90,409,399,319
1283900866,4061626069,0,499,0,499,499,499
1256658523,3873719382,0,499,0,485,499,485
862579079,102704726,125,353,122,399,228,277
294488363,18065931,33,496,62,436,463,374
1275045804,4003991839,77,449,58,499,372,441
1233858336,3682523762,0,499,0,499,499,499
1239570554,857551935,187,311,150,349,124,199
1075852705,278562303,153,346,100,399,193,299
1029511599,591830015,80,380,132,399,300,267
1312135177,4193571622,0,499,61,499,499,438
1211412209,3397868697,0,499,0,499,499,499
1324202457,4236297953,88,406,21,475,318,454
1277066658,4018623888,35,463,0,499,428,499
835930975,70266809,76,422,0,499,346,499
1273248744,3992544247,55,457,144,365,402,221
1237573244,3721535025,75,427,14,439,352,425
1100075325,1711734561,110,389,54,445,279,391
1190250814,2041884723,0,499,104,436,499,332
936886914,196675263,173,325,137,361,152,224
979521470,282093158,12,489,10,488,477,478
1193636852,3148097340,105,375,114,353,270,239
1301538110,4150997574,0,499,0,499,499,499
1193357700,3142090707,73,426,0,499,353,499
1262539301,3908875687,7,498,1,407,491,406
937736456,161698425,62,436,0,499,374,499
1132264154,1540615978,35,463,11,480,428,469
1144457933,2482251655,0,499,62,437,499,375
1055584670,1062708686,32,439,160,334,407,174
1247153497,3805769846,0,499,10,488,499,478
1323302923,4231695998,0,499,0,499,499,499
1273028632,3992472359,15,488,50,431,473,381
949552367,212583421,158,344,159,336,186,177
1158121452,2695198633,10,491,8,489,481,481
1250268098,3831364094,0,499,62,436,499,374
1314533216,4186309756,181,321,43,463,140,420
1305523837,4165983365,0,499,83,415,499,332
1295220817,4125633549,143,350,17,491,207,474
1283822394,4061617102,0,499,0,499,499,499
862633670,102356500,72,373,120,374,301,254
1275447591,4006428077,0,499,0,499,499,499
1043864391,853926661,109,183,231,264,74,33
947460243,209824756,100,386,182,318,286,136
854730829,87784477,197,303,175,324,106,149
1317275484,4211717838,76,381,155,358,305,203
1170222958,2893047723,0,499,56,443,499,387
1237949152,3724582785,165,333,0,499,168,499
1298980458,4139513799,69,428,162,326,359,164
1100070823,1711736552,110,389,51,447,279,396
1169726328,2881297351,59,439,3,493,380,490
983102488,287241033,168,331,164,362,163,198
1300458886,4146735009,24,478,28,482,454,454
1241834720,3754666967,75,424,5,493,349,488
1027033818,569774860,100,399,51,448,299,397
1309990263,4181946436,0,499,0,499,499,499
862583125,102706549,174,384,154,354,210,200
1287005336,4074710972,24,465,104,382,441,278
753590949,61076872,62,436,0,499,374,499
1248846272,3817902968,53,479,108,374,426,266
1125967960,2097101150,4,495,57,441,491,384
872794857,118041695,68,431,0,499,363,499
1223526949,3576248805,179,320,174,322,141,148
1072532330,1306039276,150,349,114,385,199,271
1155782094,2660100442,0,499,93,405,499,312
1009257395,440575600,100,399,146,353,299,207
1180652825,292160437,136,360,4,498,224,494
1292135727,4106822190,85,458,134,336,373,202
1232369476,3660534468,0,499,176,436,499,260
848722825,52724457,100,399,33,465,299,432
1027146970,569766662,122,377,50,449,255,399
878480877,123768775,160,415,185,499,255,314
925372179,176988708,4,492,69,422,488,353
1195664969,3174342168,150,349,103,396,199,293
1199392887,3229196742,70,421,161,207,351,46
1100079165,1711732489,70,429,145,354,359,209
1175945327,2951165706,45,482,91,436,437,345
1007527845,435023728,75,424,0,499,349,499
1026987368,569788296,109,390,50,449,281,399
874334441,120093751,104,394,0,499,290,499
1235988187,3702775801,68,422,100,411,354,311
1302505224,4155420082,114,395,127,357,281,230
1194186758,3155506827,65,451,190,321,386,131
956769574,223061386,54,444,0,499,390,499
1283324555,4061153003,104,329,32,384,225,352
1246483776,3798913553,0,499,83,415,499,332
1174650091,2941115039,169,320,68,428,151,360
1247153519,3805769857,97,403,0,499,306,499
1263319725,2650984202,42,490,5,492,448,487
1271269079,3976955994,74,424,0,499,350,499
1258506366,3885602702,37,462,70,431,425,361
1197666561,3202268128,96,401,28,473,305,445
1310506406,4182249519,162,447,46,318,285,272
1008050569,435905413,146,353,100,399,207,299
1316130965,4200872461,0,499,0,499,499,499
1298534768,4139339458,43,462,128,390,419,262
1313725369,4200102611,0,499,0,499,499,499
1068785854,1200441585,150,349,100,399,199,299
1069186150,1198320252,73,426,0,499,353,499
1286514033,4074850899,68,430,0,499,362,499
1270566020,3971743789,0,499,0,499,499,499
1133473348,2252051650,159,353,111,409,194,298
1267458223,1181278907,100,399,10,488,299,478
1041254835,823699528,0,499,62,436,499,374
1282803763,4059280584,36,438,102,399,402,297
1244032321,1845743740,128,383,42,470,255,428
1324134816,4236042603,0,499,0,492,499,492
1319662779,4214661454,76,442,18,432,366,414
882382869,126985468,74,424,0,499,350,499
1142708412,2455221028,133,363,214,310,230,96
1121034519,1846788232,34,465,0,499,431,499
1050376084,963869961,50,449,116,382,399,266
1300464235,4146735934,46,455,86,406,409,320
1126917782,473216409,156,342,100,399,186,299
1283523960,4061583370,0,499,0,499,499,499
1279006389,4037572990,0,499,0,499,499,499
1295220416,4125633461,103,396,41,459,293,418
1130727430,2186212190,60,438,0,499,378,499
1288947232,4081805108,0,499,62,436,499,374
970404332,258524927,122,377,122,377,255,255
1238744306,3729479642,214,298,262,439,84,177
1190255520,1876685911,0,499,67,432,499,365
1240522977,3748197818,53,443,115,385,390,270
1274144496,3997813176,0,499,26,499,499,473
865754316,108139603,68,431,0,499,363,499
1206468241,3321021215,62,436,0,499,374,499
1126747470,2105652268,67,432,0,499,365,499
1007811245,435301962,108,390,50,449,282,399
1282883250,4057530663,0,499,0,499,499,499
962568890,241416983,27,444,96,403,417,307
1259560171,3889144070,27,469,94,410,442,316
1211143492,2958135838,62,436,0,499,374,499
1133071456,2242054819,150,367,145,366,217,221
894847054,85364795,82,416,0,499,334,499
1097588714,1673411143,201,299,196,254,98,58
1090584661,1558771908,68,431,0,499,363,499
1133022231,1952784310,87,413,37,463,326,426
931365907,185935327,100,399,193,305,299,112
1241427672,3756676221,195,304,191,311,109,120
977661693,278519005,74,425,0,499,351,499
922170637,170807836,203,273,103,393,70,290
1009325617,440707564,150,349,114,385,199,271
1184358505,2917334108,65,433,0,499,368,499
1312598378,4195549949,0,499,0,499,499,499
1174587086,2940638834,51,462,39,458,411,419
1027062724,569733540,107,392,50,449,285,399
1190251940,2647272549,0,499,118,384,499,266
1011565294,453375329,0,499,96,403,499,307
969922385,258074280,78,422,76,415,344,339
1325790205,4242791007,38,438,166,347,400,181
1159294228,2700795881,0,499,62,436,499,374
928331002,181665671,57,426,122,377,369,255
1307776100,4172824095,0,499,18,499,499,481
1062210338,1089650931,46,453,0,499,407,499
1276355325,4012866433,195,280,154,340,85,186
1299306509,4141676764,61,437,67,433,376,366
1198904156,2443292632,167,327,123,367,160,244
1311481961,4187528969,0,499,0,499,499,499
1188462931,3065096154,0,499,62,436,499,374
1046017380,873533953,11,497,205,388,486,183
1266504254,3938616614,24,483,101,343,459,242
1314017035,4201307078,0,499,0,499,499,499
1310607843,4182262488,59,182,124,229,123,105
852585784,62001305,62,436,0,499,374,499
1275671219,4006519305,37,464,35,460,427,425
1280476976,4045072255,52,470,4,488,418,484
1287630136,4077038783,79,420,17,499,341,482
1187522197,3050429979,0,466,56,437,466,381
1282760517,4057516487,178,331,93,348,153,255
1190258200,1876686764,27,431,94,415,404,321
1323303745,4231802252,44,449,44,452,405,408
1283497803,4061581016,72,420,32,475,348,443
1190258341,1876687570,0,499,62,436,499,374
1279142804,4037095480,32,445,66,464,413,398
1054575767,1042125266,71,428,0,499,357,499
1316213739,4209015307,100,399,100,399,299,299
1275320202,4004142103,69,426,108,454,357,346
1311504084,4187854056,0,499,0,499,499,499
1113101945,1832988642,91,417,8,495,326,487
1283968202,4061637862,45,479,11,466,434,455
1282283097,4055995641,8,489,96,391,481,295
1190251090,1987347627,232,277,93,409,45,316
1268878037,3954528093,74,438,11,481,364,470
1318783911,4217955544,0,499,0,499,499,499
1265216881,3929900633,9,488,56,460,479,404
1061980644,1109651078,109,389,0,499,280,499
860078088,75919719,66,429,0,489,363,489
1026854108,569583799,112,387,59,449,275,390
1310668371,4182266328,30,474,91,391,444,300
1302882906,4155461204,0,499,62,436,499,374
1239446080,2887777121,40,459,131,361,419,230
1311759909,4188950625,26,480,97,358,454,261
977167259,277418953,0,499,45,453,499,408
1218897025,3269125066,109,389,0,499,280,499
1117411093,1131658908,153,346,132,399,193,267
1284333763,4064938978,0,499,63,436,499,373
1123614495,2059070294,57,429,112,408,372,296
1008108481,435936359,102,396,50,449,294,399
1140769366,2419244202,25,476,94,428,451,334
878014518,123008781,71,428,0,499,357,499
1096571272,1655326562,69,429,0,499,360,499
858049706,92266291,70,428,0,499,358,499
1221128220,1472189468,10,489,70,429,479,359
1020456966,522627969,70,428,0,499,358,499
1317820085,4186261787,43,461,98,317,418,219
1308859801,538214640,100,399,22,477,299,455
1292553426,4108950151,49,474,105,405,425,300
1315403137,4205114113,30,450,64,464,420,400
1251167316,3219552838,100,399,40,479,299,439
1256924414,3875023843,38,446,136,401,408,265
1158383600,2633864162,109,389,0,499,280,499
1294189045,4122554347,80,414,51,389,334,338
1265504553,3931447039,9,490,19,486,481,467
1243391286,3773729612,19,480,20,479,461,459
1189159767,3069096457,83,426,6,494,343,488
999569766,343309099,183,315,165,334,132,169
1299282820,4141675762,40,454,76,451,414,375
1304042388,4160812179,66,417,103,456,351,353
1319985001,4215314425,136,358,29,467,222,438
1007570338,435095607,93,405,0,499,312,499
1086158376,1509394090,102,403,27,478,301,451
907197471,86947840,165,334,122,377,169,255
987439078,294323290,153,351,50,483,198,433
1262593360,3908518793,0,499,0,499,499,499
987461821,294324778,26,473,26,473,447,447
1204264431,3219902865,0,499,0,499,499,499
1022644559,521087164,0,499,62,437,499,375
1002982114,388575446,194,318,191,314,124,123
854734437,87784326,197,303,175,324,106,149
988949629,296096247,100,399,0,499,299,499
1325232237,4240794077,31,463,101,370,432,269
1285408915,4069002706,36,455,93,416,419,323
858603537,93097740,62,436,0,499,374,499
1235704562,2012330392,100,399,64,459,299,395
1323442852,4231849782,0,499,0,499,499,499
1100071871,1711735965,110,389,50,448,279,398
1305107901,4164667113,106,388,51,463,282,412
1249535178,3819981994,206,288,161,163,82,2
1105046754,1846470725,182,328,210,373,146,163
1225886876,532978724,218,283,199,355,65,156
987482026,294423213,87,413,3,499,326,496
1316511802,4209067756,21,475,57,451,454,394
1310807855,4182108472,0,499,0,499,499,499
1296379713,4130471799,198,270,175,294,72,119
984489741,289087253,117,381,65,434,264,369
1279462863,4039246455,45,470,38,366,425,328
1318406524,4217943181,0,499,0,499,499,499
1174589920,2940639551,186,323,190,245,137,55
1321802893,4227000861,0,499,109,389,499,280
1179875910,2984795758,33,466,90,411,433,321
1275454592,4006484780,48,468,43,475,420,432
1279766151,4041457944,63,437,17,485,374,468
1325139784,4240466177,0,499,0,499,499,499
1264269315,3925191875,0,499,0,499,499,499
1289670644,4088677698,7,479,21,447,472,426
1317272606,4210988728,60,365,29,480,305,451
1306833261,4167089902,0,499,0,499,499,499
454039130,50334004,125,374,89,409,249,320
892573189,120681522,92,406,0,499,314,499
1062072932,1110833084,200,295,218,279,95,61
1279121071,4037579766,0,499,0,499,499,499
1093616129,1607576927,86,413,0,499,327,499
1316990460,4210982263,39,476,123,409,437,286
1024940376,532662912,152,347,65,485,195,420
1125494724,408238328,146,352,100,399,206,299
1296726328,4109871076,16,471,30,448,455,418
1262173645,3905724930,21,488,12,490,467,478
1278967332,4037570434,4,496,90,384,492,294
1322310404,4229922858,201,307,58,342,106,284
1113061705,1926715056,19,481,21,476,462,455
991588857,299139658,144,350,135,354,206,219
1245042967,3788393902,0,499,62,436,499,374
1100156631,1714100320,234,259,251,488,25,237
1027114653,569762075,103,396,50,449,293,399
1237135451,3716934259,0,499,0,499,499,499
1246375151,3798821334,146,352,93,412,206,319
1316155763,4200874984,28,474,153,347,446,194
1209418381,3377170421,0,499,239,267,499,28
1076964672,283100721,60,439,0,499,379,499
996005723,304626705,0,499,62,436,499,374
1242762073,3765676590,0,499,62,436,499,374
1268285489,3766854279,104,394,0,499,290,499
1278558394,4035894681,0,499,0,499,499,499
1115172187,1940500864,176,350,102,448,174,346
1043089802,74197978,0,499,53,445,499,392
1174592413,2940640317,10,496,62,459,486,397
1241787263,3760820134,75,424,0,499,349,499
1309330377,4180375133,86,412,0,495,326,495
933255447,190108397,19,499,20,478,480,458
1319429522,4214364225,79,432,43,499,353,456
1064302906,1135481433,93,406,17,433,313,416
1246110453,3797081660,170,387,40,476,217,436
1317254329,4210987199,75,439,8,490,364,482
1237271362,3716302892,81,443,181,322,362,141
1074339013,1334201902,31,483,107,398,452,291
893017343,140392885,53,447,50,449,394,399
1215369443,3470035901,12,487,140,360,475,220
1233857998,3682522878,0,499,0,499,499,499
1263737660,3921176161,28,458,108,389,430,281
1295760374,4127600799,67,431,0,499,364,499
1270333754,1100407451,100,399,45,454,299,409
1305523246,4165983044,22,475,94,405,453,311
1192476609,3128686050,0,499,205,299,499,94
1025828429,555457214,86,413,2,496,327,494
871039194,115732174,74,426,0,499,352,499
1190251684,2647272544,111,388,111,387,277,276
14074930,1437917,80,418,0,499,338,499
1316319394,4200885094,40,458,156,396,418,240
1269512767,3959938817,41,447,31,455,406,424
987628166,294460357,25,485,93,408,460,315
1225666732,3528124262,125,374,125,374,249,249
977616761,278513167,89,410,14,493,321,479
1177180917,2970931651,0,499,62,436,499,374
1096635484,1657383030,121,460,110,392,339,282
1092734727,1586181114,173,322,207,411,149,204
916577677,111864394,63,436,0,499,373,499
1323711198,4234266382,35,466,43,471,431,428
1298481881,4139336611,123,394,44,454,271,410
1288083033,4079568649,0,499,103,395,499,292
1227309741,1305607744,136,356,140,361,220,221
874730056,52348714,71,427,0,499,356,499
1268711323,3951838285,0,499,0,499,499,499
1241667436,3745142829,106,392,0,499,286,499
1160744847,2725727369,140,359,133,365,219,232
1322029940,4229639933,20,485,48,472,465,424
1027231094,570615302,119,379,50,449,260,399
1143312081,2462766154,62,421,1,468,359,467
1144417527,2473233213,7,485,91,413,478,322
1257251161,3879892367,0,499,0,485,499,485
1009288336,440641091,160,339,118,381,179,263
1277775607,4026078663,89,408,103,370,319,267
1078634006,1402545291,62,436,0,499,374,499
1144712008,2486858699,0,499,62,436,499,374
1008105758,435926751,100,399,60,439,299,379
1156074493,2664721412,222,277,2,461,55,459
1158121377,2695198434,26,493,71,434,467,363
1323885132,4231425067,36,480,18,473,444,455
875028995,120923337,89,410,26,472,321,446
1218312524,3508745356,72,425,4,486,353,482
1218280607,3506666073,0,499,62,436,499,374
1135473840,2308760543,62,436,0,499,374,499
1202912529,3266036836,6,483,152,363,477,211
1320360552,4224247096,27,481,18,471,454,453
1223585620,3582305255,6,489,105,386,483,281
1321450924,4222997757,15,483,133,367,468,234
1026956409,569628206,100,399,58,441,299,383
1120744504,198399301,33,465,0,499,432,499
1277593614,4023548572,0,499,0,499,499,499
1008171718,436095619,105,394,93,449,289,356
1265225447,3929900107,0,499,0,499,499,499
1255126089,3868340963,36,497,11,474,461,463
1251083267,3837518993,32,466,103,404,434,301
1174590093,2940639596,175,364,186,328,189,142
1055559460,1062079990,154,320,109,395,166,286
1048480606,940140430,71,427,0,499,356,499
1128186716,2138318206,110,389,0,499,279,499
1282760235,4058942985,0,499,0,498,499,498
1301494131,4150987862,20,478,100,405,458,305
1204614374,3283669383,109,389,0,499,280,499
1026499166,563116585,0,499,93,405,499,312
1311446273,4187125540,21,499,12,488,478,476
1301544069,4150998155,0,499,0,499,499,499
1027001330,569726663,116,382,50,449,266,399
1318010358,122458759,0,499,40,499,499,459
872730219,118115504,135,365,90,407,230,317
1275401159,4003971742,57,431,74,434,374,360
1319429366,4214364219,215,263,167,275,48,108
1119424822,1998591796,239,262,112,136,23,24
1221456835,3563522731,20,483,118,395,463,277
925645323,177266754,64,434,0,499,370,499
1100161775,1714159911,73,426,0,499,353,499
1283438008,4061578200,0,499,0,499,499,499
1097575772,1670289746,0,499,122,377,499,255
978449018,279146928,69,429,0,499,360,499
1202934818,3266243566,0,499,62,436,499,374
1231030537,3637957157,0,499,100,399,499,299
1305156501,4144865590,0,446,0,499,446,499
1115921826,1950126752,0,499,62,436,499,374
1268199236,3946234554,138,397,55,272,259,217
1159856961,2720583458,62,436,0,499,374,499
1074736000,1338071174,181,319,148,360,138,212
1043227706,849057873,23,477,168,346,454,178
1292714650,4113189416,0,499,0,499,499,499
1012798,1264313,173,326,174,325,153,151
1275679259,4006528750,0,499,19,499,499,480
1242761426,3765674042,79,419,6,480,340,474
1295519137,4126991067,53,445,0,499,392,499
1174593171,2940640431,8,480,9,490,472,481
1150592174,2577419781,183,341,83,471,158,388
1295922072,4127721207,36,463,52,466,427,414
1156623912,2675025358,0,499,0,498,499,498
852974912,69150770,71,428,0,499,357,499
1192175606,3120179864,52,484,149,435,432,286
1225887359,3020933661,239,255,367,369,16,2
1305094630,4144857837,55,430,113,394,375,281
1292241794,4108379771,0,499,0,499,499,499
750783789,60918494,94,404,0,499,310,499
1309591341,4152870516,43,456,137,324,413,187
1323618666,4231863953,35,477,35,469,442,434
1255924129,3871090735,76,422,0,499,346,499
1142895257,2456317363,83,415,84,416,332,332
1057985537,1083673912,69,430,0,499,361,499
1277567581,4023546394,180,324,78,479,144,401
1286006987,4070750648,0,499,38,499,499,461
1073534423,1321018404,62,436,0,499,374,499
1262369636,3906641893,29,370,42,395,341,353
867773377,111044332,62,436,0,499,374,499
965095722,249572623,26,466,63,466,440,403
1177497754,2975081019,171,328,137,361,157,224
1314137558,4186150594,54,430,43,470,376,427
898169037,144566882,30,468,130,374,438,244
1279155388,4037582276,0,480,1,499,480,498
1304176224,4160987906,106,388,51,463,282,412
1294787583,524086923,100,399,55,444,299,389
1289302554,4087637729,0,499,24,498,499,474
1254764997,3865327429,155,349,7,486,194,479
937808775,199105269,96,426,41,463,330,422
1010042050,443826603,91,408,0,499,317,499
1309993626,4181947448,0,499,0,499,499,499
1252627759,3850328573,0,499,154,436,499,282
1201832761,3249405941,102,453,95,407,351,312
1193192472,3138716277,31,466,21,469,435,448
976642642,276042620,71,428,0,499,357,499
1099807611,1707370637,12,453,71,439,441,368
955338834,928898,62,436,0,499,374,499
1104834347,1842757173,0,499,62,436,499,374
1257262972,3879902208,237,343,32,492,106,460
1294221067,4122562423,6,466,92,409,460,317
940548712,138716521,125,370,213,326,245,113
1042947706,845689387,109,389,0,499,280,499
987669382,294485800,27,485,38,466,458,428
1027042836,569965807,100,399,72,427,299,355
1002667962,383428499,36,463,10,489,427,479
1276296297,4012661016,43,449,60,464,406,404
1278810583,4037443745,0,499,0,499,499,499
1021200454,526255345,39,460,106,416,421,310
1068056891,1188156273,70,429,0,499,359,499
1243659401,3775275381,0,499,150,436,499,286
1256526607,3874389158,42,499,0,499,457,499
1282542016,4057635471,57,433,108,403,376,295
1100081284,1711735503,110,389,54,445,279,391
1128009731,2134907700,233,254,404,408,21,4
1101500911,1773928529,0,499,109,389,499,280
933258430,190110435,7,492,3,492,485,489
1123551168,2053792931,0,498,0,499,498,499
870973263,115669085,76,422,0,499,346,499
1121209047,2033307993,109,398,144,359,289,215
1189999422,3088211481,0,499,105,394,499,289
1241426831,3756675617,185,314,159,339,129,180
1312754566,4195807444,81,416,47,168,335,121
1317037408,4201019140,166,331,213,445,165,232
1256210833,3873636215,0,499,0,499,499,499
1306584463,4167083137,106,388,51,463,282,412
1261727456,3900930512,0,499,0,499,499,499
939720370,114842776,38,459,0,499,421,499
1324194944,4236297674,106,408,66,461,302,395
1253951514,3859352318,30,448,64,464,418,400
1304036537,4160811075,8,488,75,441,480,366
1174594545,2940640737,0,499,0,499,499,499
1311054594,4182118043,46,432,26,492,386,466
1176281294,2951538963,63,489,14,473,426,459
1321615418,4223063209,164,281,234,322,117,88
979553697,282169198,10,489,10,489,479,479
1138833529,2368123148,201,295,170,312,94,142
1255067081,3867156896,0,499,0,499,499,499
1148437969,1807588827,61,437,0,499,376,499
1130806999,2188316313,0,499,0,499,499,499
1305126241,4164670124,106,388,51,463,282,412
939017328,111418467,79,418,26,494,339,468
1276568844,4014156618,0,499,0,499,499,499
1284881186,4066224006,61,435,131,446,374,315
1192125613,3121831382,34,478,18,484,444,466
1019821227,516914969,139,358,1,495,219,494
1279368054,4037446849,0,499,0,499,499,499
1114365055,1542292024,33,480,14,490,447,476
970911909,260475976,0,499,62,437,499,375
1133898844,2268060578,140,359,111,399,219,288
1093915486,1605280232,62,436,0,499,374,499
1290470176,4093720899,0,499,77,351,499,274
1279110897,4037579286,0,499,0,499,499,499
1069619665,1193112750,17,479,214,284,462,70
1102154802,1791681474,175,452,232,268,277,36
744639962,60519825,62,436,0,499,374,499
1033185274,646789678,62,437,0,499,375,499
1244326325,3782771597,0,499,126,436,499,310
1248864259,3817906958,30,465,66,441,435,375
1310196249,4183252466,58,441,0,499,383,499
1248838688,3817897986,7,492,0,499,485,499
879444527,124939893,120,379,76,422,259,346
1257951012,3208831380,0,499,100,398,499,298
1037447566,730295470,0,499,109,389,499,280
1008631509,439058719,73,425,0,499,352,499
1250999072,3837274716,66,428,127,464,362,337
1266776459,3939946486,0,449,55,499,449,444
1242236170,3763383576,180,319,153,346,139,193
1053458393,464146538,70,439,229,271,369,42
1275121709,4003848449,76,437,71,442,361,371
1100608493,1734671221,103,405,194,204,302,10
1148431825,1500933914,70,411,4,474,341,470
1030217397,193291525,54,443,0,499,389,499
1253519695,3857173180,25,478,39,468,453,429
1282973069,4057855250,24,477,53,446,453,393
1302588513,4079709663,123,375,80,417,252,337
1279153115,4037096295,15,473,59,469,458,410
1174593855,2940640538,18,478,5,457,460,452
1261173167,3898707791,16,483,151,344,467,193
1319498702,4214430883,103,427,19,484,324,465
1307873253,4173007700,18,499,0,499,481,499
1172463223,2792163142,132,385,15,471,253,456
1144229784,2477327227,155,343,100,399,188,299
1220057416,3468539978,172,326,150,339,154,189
847969628,2923119,144,355,140,359,211,219
1213808662,3453532488,112,387,50,449,275,399
969683160,257260720,60,439,45,450,379,405
1316195447,4208557236,62,436,0,499,374,499
1256823956,3875155520,0,499,83,416,499,333
1310883418,4184609186,54,481,2,489,427,487
1029756623,594675296,0,499,62,436,499,374
961614989,238081322,124,375,0,499,251,499
892303309,88391768,86,411,0,499,325,499
1282547865,4057545622,48,447,36,454,399,418
1134150361,2274435098,0,475,1,499,475,498
1264040535,3923102583,0,499,0,499,499,499
1208255705,3353683594,0,499,81,417,499,336
1324158617,4236042963,0,499,0,499,499,499
1074235718,1332733185,116,383,156,343,267,187
1128033021,2135629756,1,499,0,499,498,499
1310036558,4181950604,0,499,11,499,499,488
1262733192,3910821648,22,468,72,455,446,383
1270219590,3969948711,16,483,121,436,467,315
1032788913,631172951,48,452,3,493,404,490
1080024589,1441106814,92,407,0,499,315,499
876473547,121803443,56,437,0,496,381,496
1243229085,3768023219,109,389,0,499,280,499
1323278538,4233426422,158,341,153,370,183,217
1201851033,3249437370,0,499,9,490,499,481
1235567067,3695632555,0,499,109,389,499,280
1218132074,3505545276,42,451,66,448,409,382
1249535851,3819983754,130,369,130,369,239,239
1244541114,3785187854,0,499,122,436,499,314
1087328815,1522273773,20,479,163,337,459,174
1026900139,569741249,107,391,50,449,284,399
1315167911,3729418482,25,452,139,357,427,218
1144087250,939104201,153,345,100,399,192,299
1244541277,3785187897,0,499,120,436,499,316
1102039621,202887866,62,436,0,499,374,499
1292470813,4108924181,7,488,154,390,481,236
1087194197,1519534856,156,342,100,399,186,299
949384556,212342740,106,394,160,329,288,169
862680861,102703512,109,389,50,449,280,399
1305324860,4165064074,22,479,23,483,457,460
1252627819,3850328603,0,499,154,436,499,282
1313451783,4197677837,84,417,79,461,333,382
1253256750,3855562335,73,428,91,398,355,307
1269025022,3953861205,0,499,0,499,499,499
1307691025,4172336631,0,499,0,499,499,499
1313884844,4184119317,13,484,57,435,471,378
1180988033,2999320272,1,254,221,279,253,58
1158305689,2697702700,0,499,83,415,499,332
1026690903,568556922,0,499,62,436,499,374
848646723,62731077,150,349,101,398,199,297
924875221,176241221,146,353,32,460,207,428
1127692918,2129092351,0,499,63,436,499,373
1273012817,3992381530,82,422,87,417,340,330
1247493710,3811069950,0,499,82,416,499,334
1283561664,4061584650,44,444,29,407,400,378
895213084,67446397,63,435,0,498,372,498
1137556977,1548292589,187,308,298,417,121,119
1007710325,435113376,73,425,0,499,352,499
1313161407,3927771371,40,459,70,430,419,360
1305053976,4164659569,106,388,51,463,282,412
1273583795,3992765791,47,451,49,446,404,397
1310631359,4182264879,51,459,154,383,408,229
878356056,123566516,83,415,0,499,332,499
1309774406,4180534759,64,435,205,293,371,88
893308885,141192376,181,319,225,277,138,52
987853184,294707957,11,480,95,403,469,308
1196212558,3182722324,31,473,87,398,442,311
1283640806,4061595619,62,442,98,437,380,339
1271518827,3976932661,0,499,0,499,499,499
1250624002,3834431621,60,439,60,439,379,379
834436789,67083098,73,425,0,499,352,499
1048260864,238646245,185,313,179,322,128,143
1299191743,4141927675,0,499,63,436,499,373
1198883538,3219432023,142,356,100,399,214,299
987465904,294377238,101,398,23,475,297,452
1260402407,3893246370,0,499,0,499,499,499
1196514784,2970246450,212,286,147,147,74,500
1128491116,2148832553,153,345,100,399,192,299
1204429567,3468003635,199,299,203,467,100,264
958601751,228684410,200,322,192,319,122,127
1129325166,2166478792,182,317,128,371,135,243
1102357668,138720344,0,499,236,262,499,26
1261384294,3898717523,0,499,0,499,499,499
1301224346,4150967683,0,499,25,454,499,429
1126159269,2100209890,0,499,63,436,499,373
1311287586,4182067069,84,413,82,433,329,351
1115064787,1938814666,0,499,81,418,499,337
1229706406,3626367894,52,447,0,499,395,499
1295979176,4127728097,70,424,126,429,354,303
986903215,293306833,139,350,111,394,211,283
984181801,288757804,102,397,113,386,295,273
959219394,231450174,83,416,171,359,333,188
1013343538,296321367,0,499,62,436,499,374
1026830284,569577591,113,386,50,449,273,399
927613359,180675463,97,342,62,413,245,351
1190253297,2832752247,0,499,67,432,499,365
1249534233,3819978876,194,294,221,331,100,110
20410730,1467676,190,309,164,328,119,164
1294110328,4122228987,127,323,104,339,196,235
1156926284,2678801454,8,487,70,428,479,358
1265222131,3929898824,12,485,31,481,473,450
1295220387,4125633450,50,452,109,415,402,306
1268708768,3951838189,10,499,10,496,489,486
1137065053,2339724397,144,355,100,399,211,299
1281815669,4052982174,67,431,0,499,364,499
1040500961,814128909,0,499,0,499,499,499
1184751053,3017012733,9,484,108,416,475,308
1174593147,2940640426,10,479,31,460,469,429
1256694342,3874332583,0,499,0,499,499,499
1176044314,2948720498,16,481,70,449,465,379
1302247027,4153278661,25,461,4,426,436,422
1264003176,3815633069,0,499,122,436,499,314
1241415836,3756662140,220,281,189,313,61,124
1262548939,3908517024,88,390,63,363,302,300
957874954,225782158,150,349,107,391,199,284
878174411,114230030,117,381,54,445,264,391
1164856403,2713620142,94,393,121,348,299,227
870541164,68280466,79,420,0,499,341,499
1275154254,4004089288,75,429,81,428,354,347
1300299097,4145591272,81,417,36,451,336,415
1083231536,1478378808,76,418,177,330,342,153
1074184923,1331948175,0,499,62,436,499,374
1241415677,3756662099,203,295,198,314,92,116
862736641,103070657,70,430,0,499,360,499
1246108323,3797081508,0,499,0,499,499,499
1275114872,4003847669,79,434,76,423,355,347
892061739,138963437,0,499,62,436,499,374
1280712155,4046439396,0,499,0,499,499,499
1249535431,3819982708,190,308,166,344,118,178
1161248168,2735551005,67,412,101,440,345,339
1299235187,4142016769,74,424,0,499,350,499
1225674742,3587981330,135,364,89,410,229,321
1066931030,1173353306,20,470,19,479,450,460
1203559564,87059598,0,499,62,436,499,374
1262412257,3907802468,0,499,0,499,499,499
1272103353,3986440322,86,374,77,452,288,375
1273797936,3995244591,50,449,51,449,399,398
1247848705,3813556915,118,453,94,403,335,309
1276198364,3721846304,104,394,0,499,290,499
1237393746,3719229177,114,377,119,379,263,260
1235613196,3696250884,87,411,0,499,324,499
973175640,268089821,137,368,139,358,231,219
1005660328,412369013,70,428,0,499,358,499
1273819184,3995332811,36,464,23,470,428,447
992926183,300382255,0,499,62,436,499,374
1291659662,4102987222,59,442,70,430,383,360
1181139534,3000463336,150,352,23,473,202,450
1288963549,4085932329,29,492,17,476,463,459
1110761194,1900958217,62,436,0,499,374,499
1270226411,3969432850,0,455,0,499,455,499
1257233811,3879890976,0,499,5,499,499,494
1027361518,570730748,100,398,50,449,298,399
1269065463,3953864279,91,408,147,354,317,207
1276018969,4010223232,53,481,133,377,428,244
1125102229,2089128071,78,421,0,498,343,498
1313656917,4197544110,108,407,171,347,299,176
1083381145,1480587898,62,436,0,499,374,499
1264047446,3923103946,58,454,0,499,396,499
1276060938,4010225422,52,446,147,315,394,168
1282814919,4057525500,0,499,0,499,499,499
1294103935,4122227089,0,487,0,499,487,499
1320687673,4225400750,123,387,84,392,264,308
1048420801,936297813,71,427,0,499,356,499
1250613641,3834219123,121,376,5,355,255,350
1267257369,3937911959,45,444,131,442,399,311
926269098,165251621,62,436,0,499,374,499
1007268786,433531436,0,499,0,499,499,499
1277505752,4019799117,2,499,56,499,497,443
1308841809,1519534855,156,342,110,387,186,277
1252627694,3850328534,0,499,62,436,499,374
1113944352,1118849527,8,489,215,497,481,282
1240516899,3748037445,0,499,0,499,499,499
993445582,301441764,73,426,0,499,353,499
1127693602,2129065473,0,499,109,389,499,280
1178132738,2981151385,112,369,17,458,257,441
1045513576,869761628,160,309,58,444,149,386
1240902456,3750740499,0,499,209,436,499,227
1243402200,3773717766,19,480,75,420,461,345
1201835060,3249407403,29,470,4,496,441,492
958891212,230113378,0,499,62,436,499,374
1276052674,4010225262,0,410,77,433,410,356
1240596046,3748051690,0,499,0,499,499,499
878572206,123950520,117,381,65,434,264,369
1260263464,3893191766,88,388,75,485,300,410
1256831435,3875048598,0,499,0,499,499,499
940888080,205319045,81,413,59,440,332,381
1258505833,3885602690,16,482,90,387,466,297
1215540594,3470475248,62,436,0,499,374,499
1251227151,3838156871,84,498,63,427,414,364
1297760912,4137060587,0,499,0,499,499,499
1275975266,4010220169,112,403,117,411,291,294
1314017143,4201307332,10,489,69,390,479,321
1289775709,4087673507,0,499,67,417,499,350
1315046860,4187087902,72,199,124,409,127,285
1311127160,4182060896,117,407,30,440,290,410
1188547213,3067345569,25,475,164,480,450,316
1287025978,4074711912,46,395,172,401,349,229
1294199095,4122557659,11,483,64,466,472,402
1061528058,146545251,132,358,152,467,226,315
1091533528,1568239566,144,354,100,399,210,299
1053360544,1030367208,0,499,62,436,499,374
1276323888,4012664525,33,475,124,377,442,253
1323513989,4231856354,188,425,149,425,237,276
1244326357,3782771612,0,499,126,436,499,310
1254694681,3863851935,0,499,0,499,499,499
1155972821,2662726142,12,487,107,391,475,284
1104693873,1835009582,56,448,112,387,392,275
889556880,135723870,25,401,20,481,376,461
1241518706,3757496365,0,499,0,499,499,499
1280920798,4047734565,7,492,130,372,485,242
1147025885,2527715999,49,445,146,380,396,234
883100846,128029082,0,499,62,436,499,374
1239701676,3739047253,94,406,133,370,312,237
1094981117,1409596889,153,346,114,393,193,279
1262352431,2807581226,17,481,109,397,464,288
1240264290,2588922276,100,399,50,449,299,399
1305154922,4164673646,106,388,51,463,282,412
1067129999,48845298,70,429,12,486,359,474
1007990303,435852571,160,339,130,368,179,238
1263833417,3921313971,125,378,10,499,253,489
865928991,108538330,71,428,0,499,357,499
1174650144,2941115215,51,448,71,435,397,364
1177027099,2968519318,71,427,0,499,356,499
1282000817,4050750810,3,496,10,485,493,475
1174589939,2940639557,134,364,172,341,230,169
1243391599,3773729855,19,480,20,479,461,459
1107724543,1869288416,229,276,203,298,47,95
1254738191,3864865523,0,499,0,499,499,499
1282012764,4050755911,61,452,40,427,391,387
977681081,278522571,86,413,56,499,327,443
1324193764,4236297623,3,495,27,466,492,439
1304120589,4145254082,49,455,83,416,406,333
906397877,150675910,0,499,62,436,499,374
1316291122,4200882692,41,459,86,385,418,299
1047280805,897060973,144,354,100,399,210,299
1026952421,570004098,103,395,50,449,292,399
1189728746,3085097847,0,499,0,499,499,499
1283969265,4061637909,45,479,11,466,434,455
1299824932,4143422946,27,468,28,468,441,440
1043841157,853456150,5,483,149,355,478,206
1301696953,4151269599,84,382,16,468,298,452
933445859,190541428,149,349,110,389,200,279
1267986344,3944993382,200,331,156,350,131,194
1248644040,3816940495,8,472,203,307,464,104
1133292557,208300132,111,382,75,429,271,354
1172791572,2920940579,1,497,0,499,496,499
1260351720,3893244043,39,464,77,442,425,365
1249535160,3819981985,191,310,199,303,119,104
1201826973,3249398340,124,394,133,384,270,251
1155746983,2658995213,49,450,155,374,401,219
970520892,259122918,51,448,0,499,397,499
1267299696,3942395791,11,485,153,329,474,176
907420126,85303380,188,311,160,339,123,179
964235765,246278228,83,415,0,499,332,499
997419462,74529248,190,309,159,340,119,181
1313747891,4183981448,21,477,98,405,456,307
1274441486,602510978,58,441,0,499,383,499
1258885844,3887569737,13,484,90,404,471,314
1260345213,3893243389,202,449,66,361,247,295
1313156315,4182665408,31,477,20,465,446,445
1275999825,4010221435,93,406,61,446,313,385
1278776334,4037081305,13,479,23,479,466,456
873015846,118502892,130,368,90,408,238,318
1309090632,4179604220,82,449,44,454,367,410
1308923624,4177868353,67,424,127,374,357,247
1042924923,845435124,2,495,35,464,493,429
1117409730,1966868189,0,499,62,436,499,374
1311880248,4188959212,132,377,87,483,245,396
1309667906,4152955790,61,453,51,460,392,409
1058870354,1089542069,144,355,100,399,211,299
1317803967,4214672933,40,461,14,447,421,433
1276313909,4012662362,19,499,17,445,480,428
1219772865,3530291853,155,349,78,399,194,321
1308260765,4175270557,0,499,82,417,499,335
1324030837,4232367920,71,499,133,365,428,232
1007782239,435117656,100,399,67,431,299,364
857837734,87405550,190,308,160,339,118,179
1268303246,1099446422,100,399,11,488,299,477
1086129259,1475673323,188,308,127,374,120,247
1181140435,3000466489,107,400,12,493,293,481
1166487711,2817742964,118,381,76,423,263,347
1100074715,1711735856,110,389,56,443,279,387
1301875545,4153639964,0,499,0,499,499,499
1243382427,3773714405,55,446,20,479,391,459
1174137422,2931957637,0,498,0,499,498,499
1128248136,2139817411,144,355,165,399,211,234
1316316451,4200883899,13,486,20,471,473,451
1284665399,4065769636,0,409,54,499,409,445
1110030013,1897817932,0,499,97,402,499,305
1188396848,3064238321,31,479,152,372,448,220
1323266657,4231688201,0,499,13,437,499,424
1243785580,3775997590,84,411,141,343,327,202
1073485147,1318636521,62,436,0,499,374,499
1126858858,278554011,156,342,100,399,186,299
1292545817,4108944946,99,413,48,430,314,382
1279744544,4041418595,88,417,1,495,329,494
856102085,89090802,62,436,0,499,374,499
1276287285,4012659985,23,476,44,458,453,414
1282844409,4057527716,0,499,0,499,499,499
1216991410,3376750936,0,499,62,436,499,374
857518945,91643124,62,436,0,499,374,499
1281751467,4053027294,84,379,104,425,295,321
1316642769,4200949936,0,486,32,499,486,467
1124206781,2073691163,91,408,55,499,317,444
1316105588,4200869695,8,487,143,366,479,223
1273393560,3992574528,0,499,0,499,499,499
1308355778,4175967414,34,465,6,492,431,486
1269772550,3962600332,0,499,62,436,499,374
844739437,73178100,83,416,0,499,333,499
1305055258,4164659648,106,388,51,463,282,412
1226742238,3332202026,93,405,0,499,312,499
1245674974,3793736606,21,478,21,477,457,456
1289724021,4086156147,60,439,45,445,379,400
1257544273,3881706627,129,372,97,476,243,379
1226405811,3591581827,0,499,142,436,499,294
1068960112,1211142999,93,405,0,499,312,499
1303401713,4158394560,0,499,26,473,499,447
1188895352,1599736481,51,449,0,499,398,499
1311431609,4187453624,0,499,0,499,499,499
980301128,283323302,23,476,93,402,453,309
1259229809,3887613775,0,499,0,499,499,499
1236321321,3707217938,30,467,135,365,437,230
1168708232,2864085920,6,483,167,383,477,216
1318807476,4217989151,0,499,0,499,499,499
1300468267,4146736198,27,465,43,465,438,422
947351200,209068266,50,449,100,399,399,299
1173015175,292161256,6,487,102,397,481,295
1167055217,2826387127,0,499,62,436,499,374
1227163657,3607250901,0,499,0,499,499,499
1313525317,4199252438,37,461,83,418,424,335
1246380788,3798822498,59,431,10,487,372,477
1255022701,3867016350,0,376,20,467,376,447
1244800336,3785724944,62,436,0,499,374,499
152845430,4274372,150,349,107,391,199,284
1162972398,2757435867,100,399,33,465,299,432
1241423782,3756672339,211,293,192,310,82,118
1305590540,4166199909,29,489,0,490,460,490
1302568537,4155424918,2,499,1,499,497,498
1271087392,3974956672,364,440,197,305,76,108
1276403667,4013137859,36,464,107,400,428,293
1115196781,1940654803,0,499,62,436,499,374
1127374036,2122533340,159,340,100,399,181,299
948461618,210750215,161,337,115,384,176,269
305796044,25695850,50,449,100,399,399,299
1164523484,2785790166,0,499,62,436,499,374
867005400,82202051,62,436,0,499,374,499
893702783,92614504,76,422,12,486,346,474
1233469976,3626367976,78,377,79,365,299,286
987298263,293981140,68,431,0,495,363,495
872830417,118244875,76,423,0,499,347,499
1088214783,1534882044,136,362,0,490,226,490
1192283944,3122153988,86,389,50,450,303,400
1251655757,3844523510,101,397,0,499,296,499
1068795903,1191315221,99,332,74,418,233,344
1143083439,2455574244,47,451,0,499,404,499
1027256611,570628291,117,381,50,449,264,399
1030204802,533672214,0,499,126,373,499,247
1241012401,3752128904,25,470,24,465,445,441
1010622402,447656650,0,499,0,499,499,499
912484954,156532718,0,499,88,411,499,323
1240166378,3742659812,0,499,109,389,499,280
914685803,159177380,96,423,4,499,327,495
1115455274,1944920402,0,499,62,436,499,374
1301021364,4105614034,27,470,98,350,443,252
1270408829,3971832536,0,499,0,467,499,467
1209011503,3355394738,71,427,0,499,356,499
1313930754,4200918366,91,407,99,363,316,264
1323689022,4234147403,16,491,11,498,475,487
876652908,121986251,62,436,0,499,374,499
985197774,290377217,0,499,62,436,499,374
549963951,50875400,73,426,0,499,353,499
1002294398,376679149,24,491,42,378,467,336
1283623636,4061593431,4,472,72,450,468,378
1053183219,999840965,71,428,0,499,357,499
1050196349,962149984,150,361,82,426,211,344
1275148730,4003925604,77,495,83,499,418,416
1062988684,1116333699,0,499,52,447,499,395
1281930775,4051658107,0,499,0,499,499,499
956372356,138708274,109,109,163,333,500,170
1027059807,569966022,114,384,50,449,270,399
1269771801,3962600566,0,499,62,436,499,374
1270981233,3974746672,116,382,114,375,266,261
911167079,155284716,0,499,44,455,499,411
1026761634,569375756,102,396,50,449,294,399
1273900547,3957345184,28,477,107,443,449,336
965106195,51978411,0,499,62,436,499,374
946232026,185194885,91,408,0,499,317,499
1267489265,3943203866,0,499,100,436,499,336
1289129959,4085975126,0,499,0,499,499,499
1243232868,3767924401,8,490,0,499,482,499
987341274,294176444,84,415,0,499,331,499
1090864857,1564314178,28,471,134,365,443,231
856318564,89451601,66,432,0,499,366,499
1289568867,4087654979,61,434,80,453,373,373
1267398145,3942328262,0,499,0,499,499,499
998363453,321453803,79,418,16,485,339,469
1156440003,2670177221,132,377,51,460,245,409
899739457,145482229,50,448,93,350,398,257
1279299242,4039392950,62,437,0,499,375,499
1093380279,1600652079,72,427,0,499,355,499
1134388488,49757035,92,407,19,452,315,433
1211756150,3409963384,35,464,32,486,429,454
927249329,179770576,155,368,112,392,213,280
1281705287,4052932199,18,481,35,481,463,446
1070630516,1256045354,0,499,62,436,499,374
1275051572,4003837230,16,484,7,486,468,479
1108973225,1880236735,253,499,80,418,246,338
1160476607,2724659578,21,463,15,450,442,435
1312634065,4195544264,0,499,34,499,499,465
1119407660,1998122027,171,329,148,336,158,188
1253519613,3857173138,15,468,193,373,453,180
1110175091,286626887,136,358,164,326,222,162
1240856338,3750152444,62,436,0,499,374,499
1311077967,4181902814,0,499,0,499,499,499
1258432312,3883446733,49,453,48,439,404,391
1270332304,2074003488,100,399,50,449,299,399
1295960041,4128274498,151,339,135,378,188,243
1227972830,3614026549,161,344,113,386,183,273
1047515351,914367041,81,417,0,499,336,499
1053588298,1035122634,79,419,0,499,340,499
1154832017,2644407159,62,436,0,499,374,499
921948082,170165651,205,295,120,319,90,199
1169904060,2887191299,55,448,83,416,393,333
1233584046,3680917049,74,425,0,499,351,499
938350207,200254204,133,361,172,322,228,150
1273101784,3992399933,48,448,54,456,400,402
1279999409,4042587884,0,499,0,497,499,497
1189538792,3082693996,5,493,122,395,488,273
1005833726,418190034,176,343,150,322,167,172
1260373481,3893244926,37,473,35,463,436,428
1223311278,3580075611,26,473,62,436,447,374
1295201660,4125272971,58,441,0,499,383,499
1166898927,2826081321,78,406,130,377,328,247
1026006039,558486631,36,460,43,480,424,437
1324041400,4235889974,90,362,121,437,272,316
1092080628,1575078868,0,499,0,499,499,499
1112279264,1921227743,58,455,111,392,397,281
1257392031,3881220471,0,499,0,499,499,499
1292924098,4113743138,44,441,64,466,397,402
1316107849,4200870015,24,499,15,484,475,469
1271022197,3974951577,18,443,125,445,425,320
1096604713,1657049520,27,458,113,390,431,277
1275411690,4004190415,0,499,0,499,499,499
1311433479,4187123536,0,499,24,499,499,475
1100071641,1711731520,70,429,145,354,359,209
1282780887,4057521229,0,499,39,499,499,460
1046472203,875542360,0,499,62,436,499,374
1234710818,860950209,100,399,37,364,299,327
1262338509,3906638963,0,499,0,499,499,499
1273857164,3995249024,0,499,0,499,499,499
1306644322,4168967912,140,444,68,419,304,351
1279175411,4037098735,56,448,64,443,392,379
1285920529,4071503420,79,419,0,499,340,499
365687362,1753065,190,309,174,325,119,151
1257269051,3879976672,0,499,83,415,499,332
1301027640,4105632865,19,478,79,415,459,336
1251085017,3837521909,0,499,0,499,499,499
1269498740,3959362894,0,499,0,499,499,499
1317277327,4210988926,61,308,157,334,247,177
1128138118,2137791195,0,499,0,499,499,499
1289464397,4087647813,50,444,62,448,394,386
1284652891,4065769383,9,480,10,486,471,476
1294226439,4121130881,37,479,185,345,442,160
1313551747,4183490214,34,460,146,401,426,255
1235497378,3694363657,32,474,58,460,442,402
1275342528,4003961482,22,457,62,465,435,403
1190258928,1876687633,0,499,62,436,499,374
862213115,101737742,72,430,1,499,358,498
1101536044,1773714786,138,151,275,300,13,25
1032989675,639915907,1,499,64,434,498,370
1316245351,4200880269,8,488,89,484,480,395
1027356852,570686318,112,386,50,449,274,399
1143981726,2473129685,38,461,14,499,423,485
940072278,203419298,65,434,0,499,369,499
1107660394,1869200400,103,376,77,408,273,331
1094797485,1614915116,0,499,100,399,499,299
1300064489,4144869351,28,450,28,482,422,454
1186358077,3028019579,184,302,98,408,118,310
1008015757,435891559,160,339,130,363,179,233
1136412048,2329648709,0,499,62,436,499,374
1260329759,3893242602,0,499,0,499,499,499
1282957095,4057770311,122,349,136,347,227,211
1294094013,4122137501,141,358,0,451,217,451
1322365519,4229925360,103,401,25,499,298,474
1301900953,4153880464,62,436,0,499,374,499
1307821894,4172827247,49,458,51,441,409,390
1061321823,1099010277,0,499,2,497,499,495
1275625790,4006502071,0,499,0,499,499,499
1181059729,2999849574,105,405,129,405,300,276
977100261,276741340,78,420,0,499,342,499
987632752,294480544,184,314,175,324,130,149
907962423,152322438,130,369,77,421,239,344
1313476583,4183330895,47,445,21,478,398,457
1251449360,3842849501,29,485,169,465,456,296
1232913768,3671652996,0,499,2,499,499,497
1301373685,4151253062,0,499,0,398,499,398
1289606879,4088665311,184,314,79,423,130,344
1204207386,3287146771,0,499,21,478,499,457
846105259,75238079,102,409,5,493,307,488
1237977880,3724936789,62,436,0,499,374,499
1261429782,3898729601,0,499,0,499,499,499
1304115645,4149370647,112,353,148,386,241,238
1241417426,3756668160,24,479,88,455,455,367
852573818,83544592,145,354,100,399,209,299
1292468095,4108922964,3,488,154,391,485,237
956391137,144772977,90,409,4,498,319,494
1160599369,2725078888,220,335,200,295,115,95
1107994991,500603245,67,443,84,412,376,328
1301352298,4150980547,0,499,9,499,499,490
1155138645,2649520233,91,372,56,439,281,383
1204620376,3288945858,109,389,0,499,280,499
1279244913,4037106153,43,451,56,447,408,391
1237249925,3716470603,62,436,0,499,374,499
898070241,144344166,93,405,0,499,312,499
1317193594,4210983452,47,451,130,389,404,259
1294226443,4121130885,23,477,130,389,454,259
1258889158,3887570847,30,470,130,376,440,246
1323330634,4231757566,0,499,0,499,499,499
1241435880,1672863867,0,499,109,389,499,280
1288413878,248523,119,379,0,499,260,499
1254412949,3861645936,138,368,140,373,230,233
1074904062,1339404900,0,499,62,436,499,374
1304175047,4160987570,106,388,51,463,282,412
1148427966,88485105,66,432,0,499,366,499
1282542127,4057544182,28,476,70,461,448,391
1321454739,4227438355,190,305,0,499,115,499
1125624494,232256314,0,499,78,420,499,342
1309675079,4179728973,103,410,62,349,307,287
1305054684,4164659611,106,388,51,463,282,412
1275049281,4003908382,145,323,82,222,178,140
1287894596,4079552421,0,499,0,499,499,499
1272166736,3986443227,152,343,109,472,191,363
1123796670,2060952973,63,436,0,499,373,499
1323341784,4231758018,63,446,100,487,383,387
1253437631,3856674541,81,406,144,399,325,255
969712643,256689524,0,499,131,368,499,237
1026829612,569558423,113,386,50,449,273,399
1290028166,4090633635,94,405,102,394,311,292
1192055590,3120609238,71,431,260,486,360,226
1049602574,953242594,0,499,62,436,499,374
1275504709,4006490852,69,441,132,412,372,280
1174585894,2940638573,9,491,15,442,482,427
1247849567,3813571329,0,499,123,436,499,313
1209404896,3376805413,89,395,211,278,306,67
892937886,132107282,71,427,0,499,356,499
1132629983,2230072712,0,499,84,415,499,331
1273145119,3993166025,50,429,149,343,379,194
869932558,114047309,100,399,50,449,299,399
1202840831,3264326739,79,419,0,499,340,499
930725323,184727401,0,499,62,436,499,374
960357789,105301650,119,378,60,439,259,379
1068607113,1093149509,78,404,154,350,326,196
1242807192,3766012592,66,433,0,499,367,499
845665195,74697205,54,449,3,499,395,496
1324003561,4235887320,66,433,35,464,367,429
1181414875,3002808173,74,424,18,489,350,471
987088777,293697455,15,481,128,373,466,245
1042771341,844697675,143,355,156,340,212,184
1287968451,4079553685,117,385,35,476,268,441
885747931,131515353,82,431,127,375,349,248
550164225,53549174,192,301,216,290,109,74
1066369446,439185701,60,442,1,497,382,496
1203404430,3275167949,0,499,62,436,499,374
928218958,180811978,91,407,0,499,316,499
1322527430,4229980307,0,499,1,481,499,480
1278559217,4035895780,0,499,0,499,499,499
1323311206,4231696257,0,499,0,499,499,499
1279233724,4037103181,25,476,30,461,451,431
1243262854,3001041868,125,374,125,361,249,236
1283492714,4061478961,29,466,43,446,437,403
1322214483,4229834458,140,376,124,388,236,264
696370030,57694285,150,349,107,391,199,284
1275261670,4003951663,80,426,85,415,346,330
1245898136,3790450079,0,499,159,340,499,181
1025671467,554019752,20,482,24,470,462,446
1156075531,2664721570,50,450,0,499,400,499
963956897,245416366,0,499,83,415,499,332
1284398682,4065264336,140,357,111,389,217,278
1323051316,4231804523,0,499,0,499,499,499
1312024889,4189093232,0,499,1,499,499,498
1291394739,4102159572,12,448,60,454,436,394
1100940667,1741630429,0,499,109,389,499,280
1262566315,3908950502,31,466,203,375,435,172
989447605,296384850,109,389,0,499,280,499
1179591608,2992578585,83,415,0,499,332,499
1317776724,4213761044,0,499,0,499,499,499
1101536125,1772935745,0,499,31,467,499,436
878255374,123544891,150,349,107,391,199,284
844795976,8800777,53,445,0,499,392,499
866010557,1436135,172,327,143,355,155,212
1305764272,4166642779,106,388,51,463,282,412
1169930995,2887778672,41,458,105,393,417,288
1193390947,3142819918,98,403,41,455,305,414
1009202244,439959692,0,499,62,436,499,374
1296007215,4127733556,33,482,33,470,449,437
1258218053,3883415526,19,474,18,462,455,444
1215443335,3470156569,158,335,10,475,177,465
1239684231,3732337000,72,427,0,499,355,499
1261356815,3899582971,138,372,61,430,234,369
1244298005,3782344663,62,436,0,499,374,499
973605297,269653753,0,499,0,499,499,499
1075758210,1352145824,13,491,140,358,478,218
1244816216,3783337769,0,499,109,389,499,280
1261369650,3898716055,0,499,0,499,499,499
958201806,227123793,0,499,2,497,499,495
1292871618,4114274946,15,469,64,432,454,368
989019681,296201126,35,424,179,353,389,174
1218725358,273090159,85,413,0,499,328,499
1294989545,1923349023,88,411,0,499,323,499
1305017840,4164610960,106,388,51,463,282,412
1192037451,3120557901,68,432,22,488,364,466
1262967694,3910598390,0,499,29,469,499,440
1270285325,3970496095,0,499,0,499,499,499
1312708510,4195562870,0,499,24,499,499,475
1186588912,3033871912,0,499,109,389,499,280
632234435,55238556,241,254,253,264,13,11
1176424410,2957332356,100,399,0,499,299,499
1211983078,3414348252,13,480,52,471,467,419
1075374247,578628008,105,393,31,466,288,435
1207272333,3337680519,161,344,91,403,183,312
897017396,142850815,175,324,176,322,149,146
1008753784,439172760,73,425,0,499,352,499
846004609,5210027,214,283,220,276,69,56
1128343358,2142905328,156,343,100,399,187,299
1098634521,1690683238,0,499,57,442,499,385
1253460495,3856809826,0,499,0,478,499,478
1240548029,3748040542,0,499,0,499,499,499
884702345,130146328,130,369,77,421,239,344
1301541587,4150997907,0,499,42,456,499,414
1314395469,4186276363,94,394,58,471,300,413
1008215337,436082155,160,339,120,379,179,259
1131804316,2170659845,31,469,98,405,438,307
1223698346,3583115366,154,344,118,381,190,263
1134783103,2270534341,76,466,57,455,390,398
1223456295,3580777871,116,385,71,447,269,376
1237105602,3709954525,40,461,114,376,421,262
1254347289,3861293008,0,499,0,499,499,499
1312153578,4193611946,100,399,100,399,299,299
1253686517,3858368457,102,443,94,440,341,346
1251726757,3840951537,0,499,78,420,499,342
1167959850,2848383934,17,484,64,460,467,396
1191035768,3101161493,33,472,160,362,439,202
1054217621,1033824962,0,499,38,460,499,422
977778752,278790069,70,428,0,499,358,499
1124898232,2085668459,83,415,0,499,332,499
1267184384,3561887198,100,399,15,483,299,468
1227017239,3604828926,0,499,0,499,499,499
915048082,159554993,16,486,110,399,470,289
1025539305,162862044,106,393,51,448,287,397
1250261656,3831237300,73,400,32,377,327,345
1307344717,4171233294,0,499,39,499,499,460
1254754451,3864984496,83,415,0,499,332,499
895099581,67371300,86,412,12,484,326,472
1243411520,3773720928,31,469,30,468,438,438
1310629392,4181532882,29,469,0,499,440,499
1174592803,2940640387,27,463,37,481,436,444
1279298593,4037123015,11,478,40,475,467,435
958568205,228489666,147,353,168,346,206,178
323113630,47124937,192,303,206,291,111,85
1134844147,2293285098,69,430,0,499,361,499
1323265396,4231794162,52,461,45,455,409,410
1249535278,3819982127,158,380,120,375,222,255
1259342038,3887629884,0,499,0,499,499,499
1310747703,4184545423,13,486,103,459,473,356
1284153353,4063427194,26,474,50,472,448,422
1077860257,1385300256,149,329,112,384,180,272
1307841145,4172829556,69,483,99,477,414,378
1321336624,4225064269,0,499,62,436,499,374
1027155396,569897003,101,399,56,442,298,386
1008065641,435921992,106,392,50,449,286,399
1148313896,2534281693,0,499,62,436,499,374
1066930693,1173353272,29,463,36,461,434,425
1310691939,4182269364,55,453,77,440,398,363
1276274562,3897275019,0,499,0,499,499,499
916865286,128195932,83,423,0,499,340,499
1304004880,4160804362,0,491,6,492,491,486
1251002954,3837274760,0,499,0,499,499,499
1121267987,2033697687,11,483,106,397,472,291
1126864958,2107982230,62,436,0,499,374,499
1298336436,4088130003,146,358,142,496,212,354
1292412492,4108910547,90,397,150,362,307,212
1317254413,4210987201,78,432,33,474,354,441
1257926601,3883333239,154,344,117,381,190,264
1260343315,3893243252,108,460,69,348,352,279
869808213,49361264,62,436,0,499,374,499
1213746503,3452809802,78,421,0,499,343,499
1320687276,4225399962,135,392,74,419,257,345
858016976,85719910,193,306,160,339,113,179
1124085697,2069665026,110,391,128,391,281,263
1313417134,4197673348,48,473,186,317,425,131
986916426,293306416,20,486,72,414,466,342
928669384,181998774,0,499,62,436,499,374
259314565,10722363,73,426,0,499,353,499
1242119726,3762614795,68,430,0,499,362,499
891737135,138463148,112,389,126,373,277,247
1260404339,3893246402,0,499,0,499,499,499
1308854244,577024941,163,339,56,452,176,396
1301496179,4151262102,161,359,147,331,198,184
1306974412,4170173229,1,498,79,418,497,339
1244540411,3785187455,0,499,114,436,499,322
1282286897,4055998113,98,402,13,482,304,469
1254358095,3861177097,114,300,91,415,186,324
1240855650,3750152052,124,357,180,312,233,132
1041380513,1936975428,62,436,0,499,374,499
1209768208,3371723657,62,436,0,499,374,499
1249534113,3819978650,23,480,80,422,457,342
1270193669,3969607027,10,488,48,184,478,136
1269516375,3959386944,185,290,85,417,105,332
1045609180,870053092,31,465,109,387,434,278
1226591076,3601346038,0,499,109,389,499,280
1308781774,4177815521,0,499,0,499,499,499
1263877799,3921316341,125,378,10,499,253,489
1009245929,440563500,170,328,197,302,158,105
1316101146,4200869165,4,498,93,499,494,406
1285919904,4071503305,79,419,0,499,340,499
1317211012,4211532223,43,475,55,468,432,413
1100064002,1711735565,110,389,52,447,279,395
1301511830,4150992128,24,499,252,499,475,247
1318149935,1891366074,73,413,49,448,340,399
1176668850,2960357184,50,440,116,398,390,282
857261604,91016038,58,440,0,499,382,499
1048221654,932204811,33,467,79,406,434,327
1075760717,1352145690,114,385,63,435,271,372
1213118158,3441453351,0,499,83,415,499,332
1008198262,436099317,160,339,121,378,179,257
1283966539,4061637499,163,329,58,449,166,391
955327528,219975869,0,499,62,436,499,374
1158812418,2703758918,109,389,0,499,280,499
1235988181,3702775800,154,346,57,450,192,393
1303122577,4157460501,22,466,58,424,444,366
1066929380,1173352234,140,367,11,474,227,463
168689830,5374243,144,355,117,381,211,264
922170746,170807991,225,250,110,390,25,280
1268876251,3953965298,0,499,138,360,499,222
931195076,185541596,133,364,104,399,231,295
452843130,50317117,102,397,50,449,295,399
1094212933,1616161751,0,499,63,436,499,373
1190250920,2041884741,0,499,62,436,499,374
1140885344,2420903838,0,499,74,424,499,350
1049833436,955646289,0,499,62,436,499,374
1121926889,2044949563,155,386,35,476,231,441
1065025587,1141339208,33,466,0,499,433,499
1269639513,3961101702,0,499,68,430,499,362
1186380858,3028257677,26,473,67,433,447,366
1231487526,3650501836,0,499,62,436,499,374
874730118,74093504,71,427,44,455,356,411
1061012133,1099637622,0,499,0,499,499,499
1014684354,473954150,123,376,63,436,253,373
861235998,99406226,200,299,193,306,99,113
1223582584,3582303191,27,483,148,358,456,210
856403270,81036328,210,289,191,307,79,116
1002247426,376142860,63,434,76,420,371,344
994850270,302546512,72,427,0,499,355,499
1253136705,3854439300,169,330,52,469,161,417
1188538882,3067204210,130,369,130,369,239,239
964309067,246554775,62,436,0,499,374,499
1279074637,4037090839,0,499,0,499,499,499
1301343396,4151516173,98,369,74,373,271,299
1019989563,518532156,87,411,0,499,324,499
1267157494,3598261219,111,387,121,495,276,374
1258505461,3885602677,34,462,122,406,428,284
1176504428,2958500397,12,487,156,340,475,184
1294485883,4123304021,138,361,144,355,223,211
1317973511,4215702101,57,479,138,485,422,347
1273942151,3995362819,0,499,0,499,499,499
1215471405,3470024585,37,462,0,499,425,499
935387771,194641633,10,489,121,382,479,261
1271624966,3978671493,0,499,0,499,499,499
1257542883,3881706562,0,499,0,499,499,499
1312954855,4196997778,29,471,176,324,442,148
1280481940,4045072592,0,499,0,477,499,477
971210734,259190172,135,357,84,407,222,323
1174586021,2940638596,151,355,215,281,204,66
870801927,115445599,0,499,57,442,499,385
1269772559,3962600337,0,499,62,436,499,374
862539200,102343275,117,434,194,305,317,111
1265204908,3929889991,63,436,79,499,373,420
1090723130,1561917787,137,361,60,442,224,382
1112665740,1921864150,0,499,62,436,499,374
1227169575,3607252393,44,464,45,429,420,384
1146159117,2513039610,0,499,226,266,499,40
892997533,140389799,54,444,87,407,390,320
1264040642,3923102601,2,471,94,498,469,404
1064594264,773434957,0,499,4,494,499,490
1316983452,4205414321,62,465,78,438,403,360
1196985373,3203224154,0,499,68,431,499,363
1004047163,401722607,175,330,139,411,155,272
1004007833,401114770,68,430,0,499,362,499
1250260630,3831237086,57,458,21,487,401,466
997946927,332686220,88,411,183,311,323,128
1097165202,1668032769,0,499,62,436,499,374
1268286824,3948210876,0,499,62,436,499,374
1322029250,4228956887,0,499,0,499,499,499
1019307032,516395015,72,426,0,499,354,499
1228861365,3621194117,92,414,26,475,322,449
1289483963,4087649403,51,448,72,418,397,346
1038152050,746985455,77,396,79,397,319,318
1008034660,435884378,158,341,131,368,183,237
1300461419,4146735599,21,458,59,465,437,406
1048490006,942426466,71,427,0,499,356,499
1293086227,4116353588,14,486,40,490,472,450
1245025878,3788303133,145,332,203,305,187,102
1204440632,3289850219,0,499,60,439,499,379
1262733676,3910821664,40,459,131,407,419,276
1007638973,435180579,117,382,50,449,265,399
915098219,159603833,0,499,0,499,499,499
911806355,155877989,161,338,123,375,177,252
1162017648,2746445085,132,165,229,268,33,39
1246604506,3801152459,71,443,92,394,372,302
1315307134,4205110704,59,435,40,426,376,386
1324125238,4233706182,35,499,0,498,464,498
1267985034,3944993212,23,479,24,486,456,462
1099328835,1374057043,45,454,0,499,409,499
1165085437,145904323,193,303,149,356,110,207
1261421324,3898726336,11,490,21,484,479,463
1100347174,1716102935,33,465,0,499,432,499
1039791333,802854299,65,428,179,362,363,183
1015073054,477725515,14,483,0,476,469,476
1319975162,4215301556,31,459,73,443,428,370
1260284246,3893195229,0,499,0,499,499,499
1311621566,4188746331,1,497,0,499,496,499
1282727718,4058568616,57,441,78,454,384,376
1307792683,4172825349,19,480,58,472,461,414
1256428545,3874304195,0,435,36,436,435,400
1036160990,696072117,21,463,161,315,442,154
363973030,49177953,0,499,0,499,499,499
1205835039,2761056883,60,438,29,471,378,442
1308826317,1059624507,100,399,56,443,299,387
1009332757,440708484,100,399,39,459,299,420
952974857,216644798,159,338,113,379,179,266
1235529476,3693717996,62,436,0,499,374,499
1307831027,4172828367,71,440,160,358,369,198
1289510668,4088824615,48,441,199,352,393,153
1237250536,3716665801,0,499,62,436,499,374
978861898,265939176,0,499,62,436,499,374
1244326105,3782771539,0,499,126,436,499,310
1213589323,3450806958,0,499,109,389,499,280
1309110345,4179667416,22,467,22,428,445,406
1201835113,3249407419,0,499,109,389,499,280
1176503830,2958499690,71,427,164,336,356,172
1134488030,2285917073,30,481,129,389,451,260
1141797549,2429057280,78,428,11,409,350,398
1275624373,4007155550,0,485,33,462,485,429
1268903787,3946858309,83,413,30,473,330,443
1236846632,3707735259,106,383,76,445,277,369
1225887346,3020933656,229,261,168,366,32,198
1094846781,1629867722,119,373,22,468,254,446
1223581029,3582302175,1,497,115,378,496,263
1250206333,3826699569,120,378,153,346,258,193
1043841275,853455931,58,488,126,410,430,284
1237108324,1681885125,39,456,150,356,417,206
1102999884,1809780248,109,389,0,499,280,499
1234694222,3689091533,29,213,146,333,184,187
1274787032,966748,53,445,0,499,392,499
1241398344,3756587900,208,291,193,306,83,113
1184390612,3015245743,15,484,10,489,469,479
1299559262,4141733951,39,463,63,439,424,376
1146213812,2507249609,65,433,3,499,368,496
1323981118,4232365572,123,499,35,463,376,428
1215512916,3470056216,75,422,6,492,347,486
1280133907,4040568179,26,473,25,467,447,442
1192193784,3123192697,9,474,11,494,465,483
1223795225,3584569082,132,366,16,483,234,467
1269077864,3955093002,0,499,0,499,499,499
981043008,284148474,8,493,67,426,485,359
1310617831,4182262922,119,394,121,402,275,281
1274182450,3997818193,72,427,0,499,355,499
1068098382,1189075381,62,436,0,499,374,499
833088269,421190,96,403,0,499,307,499
907922563,141719835,71,427,0,499,356,499
1127137463,2116480480,0,499,109,389,499,280
241000730,6884272,0,499,62,436,499,374
980692013,283747463,150,348,123,375,198,252
1300478994,4146736802,29,451,63,464,422,401
1127127865,2116393865,0,499,196,328,499,132
1304009514,4160805402,78,394,172,343,316,171
1204247241,3287287758,106,391,12,490,285,478
918647547,164161890,0,499,63,436,499,373
1283427938,4061577956,0,499,0,499,499,499
937365401,197620432,135,365,90,407,230,317
1006279936,421840533,125,373,140,358,248,218
1245645957,3793574261,35,471,69,439,436,370
1262746068,3910479736,0,499,29,469,499,440
1313349006,4197666307,152,459,357,442,307,85
1282711310,4057511110,86,400,63,468,314,405
990624331,2920365,0,499,62,436,499,374
1209188050,3370419635,15,487,94,407,472,313
1191977337,3119919719,219,308,66,433,89,367
1191319571,3104750902,100,398,31,469,298,438
1250275753,3831583521,19,481,24,485,462,461
1067339113,1173298099,0,499,62,436,499,374
931419033,185559821,120,379,76,422,259,346
1282563933,4057547782,165,424,118,400,259,282
1302126585,4153243001,0,499,0,499,499,499
1309791894,4181823844,89,431,62,461,342,399
1270853341,3974251483,0,499,0,499,499,499
1004106086,401063675,86,410,26,473,324,447
1008030579,435881820,109,389,50,449,280,399
835111853,68682127,74,425,0,499,351,499
1275291907,4003955932,0,499,0,499,499,499
1285860535,4017677213,50,461,86,370,411,284
1307798194,4172825866,24,483,22,487,459,465
1257260722,3879923028,0,499,0,499,499,499
1265779333,3933279802,24,469,9,489,445,480
872220137,82812000,73,426,3,494,353,491
1256874503,3874571684,111,386,46,467,275,421
939720351,190485420,0,499,102,415,499,313
1271572162,3978108187,83,423,30,393,340,363
1113061652,1926714940,26,481,51,447,455,396
955973091,220534352,5,493,80,416,488,336
979527054,258845359,86,422,19,479,336,460
1271708742,3979568727,7,497,75,424,490,349
1131975212,2216390114,8,485,138,384,477,246
1253446134,3856809358,0,499,0,499,499,499
1304082975,4160934395,106,388,51,463,282,412
1258650635,3883456252,124,413,112,413,289,301
958701087,229048283,62,436,0,499,374,499
1282910836,4057767627,75,411,86,401,336,315
1253458506,3856809760,0,499,0,499,499,499
1255917108,3862184426,24,478,102,384,454,282
1316132150,4200872556,0,498,0,499,498,499
1188538811,3067204184,130,369,130,369,239,239
1119407667,1998122079,57,452,86,439,395,353
1042991514,819713494,42,454,122,381,412,259
1310057076,4181955235,43,462,128,390,419,262
974472545,271273360,71,427,0,499,356,499
1053503916,1033656506,62,436,0,499,374,499
1277064930,293566332,62,436,0,499,374,499
1223552372,3581843331,0,499,62,436,499,374
1053641222,980453301,62,436,0,499,374,499
890488854,50637637,0,499,149,350,499,201
1296006836,4127733494,23,448,61,467,425,406
866383183,102678751,183,315,156,342,132,186
995785540,304208050,11,491,13,488,480,475
1299820719,4143422809,47,485,25,407,438,382
1045218389,868663472,208,284,256,386,76,130
884183484,122685330,76,403,88,383,327,295
1306874730,4167094432,0,499,0,499,499,499
1009615494,442968877,154,347,251,494,193,243
1310477041,4183298589,0,499,0,499,499,499
1176505057,2958501293,72,427,72,426,355,354
1232620932,3667196220,150,370,61,460,220,399
1310690208,4182269120,0,499,0,499,499,499
1116358664,1960012855,110,389,49,450,279,401
977701113,278527219,93,406,14,499,313,485
549917119,18960785,82,416,3,499,334,496
1251093384,3837116757,0,499,0,499,499,499
1273175330,3993179107,40,461,114,376,421,262
856521832,89887646,0,499,62,436,499,374
1235730721,3552738999,0,499,62,436,499,374
1295960377,4128438373,18,474,114,377,456,263
1270130438,3575573299,100,399,69,430,299,361
936925976,197015072,119,379,70,429,260,359
1295960292,4128438359,29,435,75,426,406,351
1174593037,2940640415,8,470,9,490,462,481
937295846,197557877,115,382,165,330,267,165
1159315218,2707623959,0,499,62,436,499,374
1013130255,462945414,134,370,76,424,236,348
1311060099,4182118253,0,499,0,499,499,499
1241420686,3756669786,201,301,180,322,100,142
1088702861,1542332844,6,488,117,431,482,314
1290306925,4092905845,129,365,96,431,236,335
1131471350,2205378907,67,441,24,482,374,458
1109537443,1101405249,57,368,153,354,311,201
1264248090,3924877420,0,499,138,361,499,223
1101017111,1747775898,0,499,63,436,499,373
1181446525,3002937936,39,359,124,385,320,261
1295856320,4128024422,83,415,0,499,332,499
1226158990,3596139686,12,487,56,441,475,385
1147469957,2526915557,230,320,199,304,90,105
865295257,5992825,62,436,0,499,374,499
1260369117,3893244811,72,469,55,451,397,396
1234812597,3686597470,73,426,0,499,353,499
1277905924,4027333042,0,499,0,499,499,499
1125748335,278552942,157,341,100,399,184,299
1248844838,3817901698,32,469,47,447,437,400
1002544437,260634948,187,312,150,332,125,182
1283842574,4061618089,0,499,0,499,499,499
1324192379,4236297543,47,443,53,448,396,395
1102973281,436988788,76,418,13,480,342,467
62350930,2242045,165,334,135,364,169,229
1306874977,4168958319,123,379,66,445,256,379
1211983116,3414348279,178,324,183,314,146,131
1012323832,458712973,88,409,27,469,321,442
977889202,278556863,83,416,52,479,333,427
859710004,95451098,5,493,0,499,488,499
1190250843,2041884730,0,499,104,436,499,332
893310883,141190582,201,307,188,294,106,106
1296679220,4109807900,60,441,83,421,381,338
1037406935,729789299,42,433,141,499,391,358
1127000702,2114189723,181,337,62,423,156,361
1065778772,1154208868,0,499,0,490,499,490
1273201807,3992411024,61,425,103,460,364,357
1254070286,3860071339,60,135,398,471,75,73
1117987326,1978503536,68,431,171,324,363,153
1292409147,4108947355,0,499,0,499,499,499
1250349777,3832300119,81,419,0,499,338,499
1310248756,4182227686,0,499,0,499,499,499
1312705825,4195562824,24,481,103,408,457,305
1015342718,480813760,0,499,84,415,499,331
1250927195,3836885551,34,466,119,420,432,301
1216004838,3476373537,104,396,62,437,292,375
1255714713,3871027278,11,493,105,401,482,296
1190251239,2394039639,193,322,72,408,129,336
1312009611,4189050652,79,432,194,274,353,80
1294596751,4123550963,92,406,0,499,314,499
1204595877,3288002206,0,499,164,334,499,170
1046634864,876741956,56,443,0,499,387,499
1144932767,278531889,166,328,118,366,162,248
1283565491,4061481524,0,499,0,499,499,499
1294194480,4122556854,73,431,113,401,358,288
919589952,165250438,50,449,105,393,399,288
1031269941,611040993,41,471,131,386,430,255
1261411273,3898722530,0,499,0,499,499,499
1268743589,3936358413,173,327,15,468,154,453
1319993106,4215324307,147,359,57,432,212,375
1314375147,4202301682,59,482,22,467,423,445
874354969,120135802,93,406,68,431,313,363
1262172588,3905724142,0,499,0,499,499,499
1305120057,4164669197,106,388,51,463,282,412
864695630,106128047,58,440,0,493,382,493
897424074,143451072,70,428,1,498,358,497
1239636332,85989646,184,299,210,349,115,139
1249533244,3819977558,146,351,147,357,205,210
991861076,299384894,104,395,50,427,291,377
1027347002,570664859,110,389,50,449,279,399
1127369241,2122041156,110,389,54,445,279,391
1279216857,4037105134,30,448,64,464,418,400
1143137243,2460713994,207,300,153,210,93,57
1243714128,3775486414,19,480,20,479,461,459
1261980479,3902245718,165,328,177,320,163,143
1178359034,2985056639,8,492,2,497,484,495
1065447800,1151713589,49,449,0,499,400,499
1273750346,3992785115,79,437,68,424,358,356
1297407918,4110720075,68,434,91,438,366,347
1192149532,3122643147,68,432,22,488,364,466
1007389017,416648822,73,425,0,499,352,499
1131269644,2200057839,110,389,47,451,279,404
889658007,135635667,62,436,0,499,374,499
1221460826,3563523834,39,465,70,427,426,357
972001518,263926801,0,499,62,436,499,374
870266732,114486607,0,499,62,436,499,374
1280048980,4042765838,70,429,145,354,359,209
1293115875,4116584389,31,470,61,437,439,376
1104902952,1833519333,137,362,100,399,225,299
1026814961,569555670,100,399,51,447,299,396
1227213422,180992407,186,312,150,349,126,199
1123359036,2052440300,79,443,101,411,364,310
1038787687,765769498,63,469,45,430,406,385
973045106,62033651,68,431,0,499,363,499
939610590,202149426,0,499,82,436,499,354
1289204541,3599273425,108,391,0,499,283,499
863707175,104707762,0,499,72,427,499,355
1301790537,4151007570,0,499,0,499,499,499
1288124606,4079557027,0,499,0,499,499,499
1308666655,4177585870,51,471,42,435,420,393
941749826,207249762,0,499,62,436,499,374
1235245877,3692659225,168,334,68,414,166,346
1259288132,3887623727,15,468,59,466,453,407
1138372392,2366164222,0,499,62,436,499,374
956603551,222604307,0,499,69,429,499,360
1102082166,1789752151,76,399,128,370,323,242
1141346687,2429364536,123,350,132,359,227,227
1299280750,4141675711,146,354,102,379,208,277
1306895761,4168961319,147,349,68,404,202,336
1260274088,3893192524,59,451,98,402,392,304
1007368749,416622797,78,421,0,499,343,499
1248291715,3814338317,51,431,93,413,380,320
1225886266,2799104099,132,365,205,321,233,116
1299544674,4141703127,202,477,117,338,275,221
1027226751,570637810,102,396,61,449,294,388
1303705466,4159374284,106,388,51,463,282,412
1260161497,3891445899,62,436,0,499,374,499
893313277,141191333,190,310,190,309,120,119
259944621,1157074,93,405,26,473,312,447
1274050855,3996976073,95,409,24,448,314,424
1005824753,418197507,0,499,46,453,499,407
1288963499,4085954568,65,413,152,441,348,289
1244326113,3782771543,0,499,126,436,499,310
1214157222,3459165870,109,457,17,478,348,461
1217123988,3489846527,0,499,83,415,499,332
1102376723,1798680771,0,499,62,436,499,374
1324124468,4236042474,2,499,62,499,497,437
1177591115,2976909222,2,488,115,377,486,262
1307287175,4171208432,210,294,92,399,84,307
236063330,6693758,72,426,0,499,354,499
1288310090,4081000155,89,409,0,499,320,499
1027300411,570691573,100,399,61,438,299,377
1077903712,1384595014,0,499,62,436,499,374
964672427,247027104,74,425,0,499,351,499
1262471604,3908161563,0,499,0,499,499,499
1219683172,3526133497,79,419,0,499,340,499
1255757739,3871285749,21,483,52,455,462,403
1007363209,416625468,0,499,59,439,499,380
1294446467,4122743012,0,499,0,499,499,499
1045610462,870053881,12,486,58,442,474,384
1030394224,597429569,77,420,19,477,343,458
1296399742,4130472975,0,499,45,499,499,454
1052060028,978486173,69,430,79,419,361,340
1172791726,2920940635,17,477,80,422,460,342
1141418440,2430131529,62,436,0,499,374,499
833090901,63509708,74,425,0,499,351,499
1155972819,2662726140,53,436,126,382,383,256
834258451,66681625,165,334,170,328,169,158
1253320854,3856248315,1,491,4,499,490,495
1090373162,1556837574,94,405,27,471,311,444
1163123494,2764066462,150,349,100,399,199,299
1188462935,3065096158,0,499,62,436,499,374
1138964552,2377561454,116,373,134,383,257,249
893982281,141818835,145,353,100,399,208,299
1312790576,4195810864,0,499,0,499,499,499
1181444936,3002934902,0,499,62,436,499,374
947475134,209739021,183,315,150,349,132,199
1116562484,1962221678,16,467,224,441,451,217
1149646521,2562994802,3,496,89,409,493,320
1312148260,4193588182,0,499,0,499,499,499
1066567993,1159494211,68,430,0,499,362,499
1274303237,3999084434,152,348,37,436,196,399
1059914906,1093532377,62,436,0,499,374,499
1246418213,3798934097,180,415,149,334,235,185
1243659957,3775275621,0,499,148,436,499,288
1316119135,4200871341,30,470,86,455,440,369
1323692174,4234147584,0,499,0,499,499,499
1276433048,3970614952,0,499,62,436,499,374
848442593,67362661,50,449,74,425,399,351
1123594908,2058728513,179,324,174,340,145,166
1264999678,3928961190,177,321,139,364,144,225
1323998380,4235886979,150,340,162,356,190,194
963571894,244113460,73,426,0,499,353,499
954256770,82393255,0,499,76,422,499,346
1280327744,4044738809,0,440,44,457,440,413
1253354940,456614519,83,415,0,499,332,499
1108942473,1879839977,136,344,62,496,208,434
1307777535,4172824225,20,441,22,478,421,456
1131064540,2192171707,34,473,24,476,439,452
972002562,263941587,0,499,62,436,499,374
1082761247,286619629,127,377,1,434,250,433
1268111069,3944649578,78,357,51,436,279,385
1309392125,4180480865,0,499,3,490,499,487
1313534291,4197530348,0,499,0,499,499,499
1309154443,4178590769,71,428,0,499,357,499
644935256,26051350,58,441,0,499,383,499
1133386395,2154607688,137,361,100,399,224,299
1084657463,1500097748,81,417,0,499,336,499
959846011,233920157,110,404,163,336,294,173
971486191,262246625,250,499,204,293,249,89
1308654765,4177555300,28,491,54,454,463,400
1009329226,440664711,141,358,111,389,217,278
1249535700,3819983447,172,327,177,311,155,134
1099036414,1610332010,137,361,100,399,224,299
1041183100,824467455,25,474,128,474,449,346
844327275,72239238,142,373,163,320,231,157
1237540821,3721180818,0,499,0,499,499,499
1277731519,4023034452,72,461,25,454,389,429
1277571457,4022757647,0,499,0,499,499,499
986930369,293306725,7,424,16,475,417,459
1318834750,4217898602,0,474,53,499,474,446
1030662169,599609780,0,499,109,389,499,280
1134431958,2283745967,55,444,0,499,389,499
1193608633,3147258784,3,482,106,392,479,286
1101797254,1783739573,0,499,82,417,499,335
1174592755,2940640382,14,496,60,439,482,379
1286845320,4074696714,37,441,9,485,404,476
1323347687,4231758262,0,415,44,425,415,381
1281098173,4049373316,0,499,62,436,499,374
1109423758,1284158917,80,418,0,499,338,499
1225886442,532978678,169,331,141,309,162,168
972597823,266010660,170,329,190,309,159,119
1285868581,4017682278,0,499,0,499,499,499
1240235117,3745165228,0,499,62,436,499,374
1029787496,67259180,179,319,150,349,140,199
1275707002,4006536483,0,499,0,499,499,499
1154362481,2634662474,0,499,109,389,499,280
1240847050,3750089842,0,499,49,449,499,400
1305045765,4164658769,106,388,51,463,282,412
1076935097,143739059,85,414,16,499,329,483
231237030,5918647,145,354,100,399,209,299
1283293210,4060940986,50,435,36,442,385,406
1112296044,1922744784,156,344,37,458,188,421
884245713,129665500,62,436,0,499,374,499
967572573,254416974,73,427,128,371,354,243
322527034,47110954,73,421,15,499,348,484
1253151767,3855161607,8,492,149,353,484,204
1027110317,569935630,100,399,71,428,299,357
1249536015,3819983846,69,441,18,476,372,458
1261423811,3898727671,0,499,2,498,499,496
1043083441,845071057,72,427,0,499,355,499
1252246234,3848178800,62,431,1,492,369,491
1100083529,1711734886,110,389,40,459,279,419
1204250088,3287290220,1,498,0,499,497,499
1235612509,3696256533,16,478,118,404,462,286
1093478739,1598989553,85,458,22,499,373,477
1305856463,4166954824,106,388,51,463,282,412
1284168391,4063231360,54,442,67,420,388,353
341508223,48175850,75,423,0,499,348,499
874334454,120093790,65,433,0,499,368,499
1277578448,4023547865,16,499,85,499,483,414
1230791736,3641714450,0,499,0,499,499,499
1211714264,3408585856,0,499,0,499,499,499
1069776932,1237363235,62,436,0,499,374,499
1117761829,1473218013,152,345,119,393,193,274
977039909,277296460,56,400,103,411,344,308
1298934051,4141167267,0,498,0,499,498,499
1250257499,3831236362,57,494,3,473,437,470
1047102898,889359151,71,428,0,499,357,499
867571898,109763875,0,422,62,436,422,374
1266942022,3940043894,201,290,16,479,89,463
1128558753,2150648953,34,474,145,353,440,208
1226405768,3591581817,0,499,142,436,499,294
1008151354,436085315,155,343,100,399,188,299
1104740515,1842319046,112,396,58,444,284,386
1311273961,2012901249,100,399,25,474,299,449
1275255422,4004120463,31,461,51,454,430,403
467119330,50547390,150,349,115,383,199,268
986940963,293306740,46,458,46,455,412,409
1277834998,4026688700,61,439,5,495,378,490
1259146461,3887608097,27,487,26,464,460,438
1273200016,3992531975,23,481,30,459,458,429
1235683359,3697766447,32,473,58,460,441,402
1270642753,3972430217,0,499,0,499,499,499
926910938,179373765,6,453,127,386,447,259
1311710521,4189039084,17,474,107,430,457,323
1268780472,3953644135,8,445,94,406,437,312
1050771540,963428086,135,365,90,406,230,316
1282010672,4050755685,0,499,0,499,499,499
1279421390,4037129976,48,461,64,471,413,407
932202253,187814798,0,499,75,423,499,348
1280390693,4044743790,88,416,36,475,328,439
1318752068,4217954640,0,499,0,499,499,499
1264910516,3928058000,32,470,138,395,438,257
847100919,76471024,62,436,0,499,374,499
1155769746,2659730472,33,499,48,449,466,401
1092289565,1580499904,94,405,80,424,311,344
1246302209,3798145311,0,499,62,436,499,374
1273426248,3992640656,14,468,59,465,454,406
1316181803,4200876386,18,499,0,460,481,460
958396394,227821950,86,414,5,496,328,491
1280276592,4044243996,0,499,0,499,499,499
1320521445,4224631155,21,488,158,313,467,155
892037735,138672031,130,369,77,421,239,344
985426004,154685010,155,344,117,381,189,264
1262791192,3911127889,123,376,63,436,253,373
1252627951,3850328774,0,499,62,436,499,374
1219621830,1450313153,105,392,23,474,287,451
1194341182,3157599604,65,451,190,321,386,131
1239450141,670252262,87,452,170,347,365,177
1218234503,3507744191,8,491,116,419,483,303
1316967856,4207547737,109,389,0,499,280,499
1267354751,3942401414,0,499,0,499,499,499
894077927,141958557,85,414,152,347,329,195
1132026290,2217959160,0,499,62,436,499,374
869173826,113057262,0,499,62,436,499,374
1061548710,259568699,120,379,57,426,259,369
870788972,115368610,0,499,68,431,499,363
893960083,4588958,87,412,12,486,325,474
1096609400,1657064750,37,462,37,468,425,431
1041261308,822973507,36,463,10,489,427,479
1277230143,4020106831,55,449,116,383,394,267
1312712905,4187799606,62,436,0,499,374,499
1086640998,286848410,20,479,102,394,459,292
1050195653,962149973,0,499,0,499,499,499
1258561978,2067747076,95,403,9,499,308,490
1315404986,4204342675,221,282,232,358,61,126
862580235,102707618,66,445,82,425,379,343
1243234429,3766014216,62,436,0,499,374,499
1168620406,1902762650,0,499,83,415,499,332
37638130,1757452,74,425,0,499,351,499
1242125149,3762643365,131,366,82,452,235,370
1303692113,4159347605,158,344,193,334,186,141
1255985158,3872876071,98,411,50,451,313,401
1232440908,3662099680,0,499,62,436,499,374
1308898734,4177867151,76,451,81,456,375,375
1109511958,845432767,15,488,12,499,473,487
1269332105,3958047997,101,404,92,416,303,324
1130410661,2184214328,146,353,100,399,207,299
1249535113,3819981961,177,322,188,318,145,130
1239803394,3740659512,71,428,0,499,357,499
1298941335,4139510657,115,407,28,469,292,441
1009308812,440694774,150,349,124,375,199,251
1032666189,250495854,6,490,151,367,484,216
1038945673,774996965,0,499,5,494,499,489
1274458108,3999633958,0,499,62,436,499,374
1213715432,3452327088,130,368,98,400,238,302
856314698,76909278,71,428,0,499,357,499
941144755,205950364,0,499,48,451,499,403
1286451575,4071447276,0,499,62,436,499,374
1203546502,3275508451,23,476,0,499,453,499
1247379536,1271707129,125,374,125,374,249,249
921098409,167811373,56,453,226,272,397,46
933685165,187200191,62,436,0,499,374,499
1251845698,3845529902,189,356,144,336,167,192
1310039641,4181950947,68,447,132,379,379,247
867785186,48586179,146,353,117,382,207,265
1104692459,1689669647,172,327,174,324,155,150
1209717447,3382587265,13,493,17,470,480,453
1288131479,4079557402,0,487,0,499,487,499
955842475,58589322,62,436,0,499,374,499
1080664039,1446322102,62,436,0,499,374,499
1009310352,440680929,100,399,42,456,299,414
1310259587,4182228369,0,499,0,499,499,499
906897719,151495009,0,499,62,436,499,374
1158121436,2695198613,12,489,46,439,477,393
1255767896,3871043811,50,435,73,442,385,369
1281930629,4050716405,0,499,0,499,499,499
1243660133,3775275850,0,499,136,436,499,300
1119407457,1998121755,190,245,199,272,55,73
1281082043,4048673688,55,443,0,499,388,499
986268326,291910967,167,331,137,361,164,224
1275629466,4006507906,0,499,13,499,499,486
1276524232,4014004308,146,360,60,397,214,337
1181441956,3002932766,43,499,83,376,456,293
911175252,155278478,0,499,62,436,499,374
1265877312,3935339864,0,499,0,499,499,499
1311484612,4187456979,158,341,165,467,183,302
1282724434,4057514360,0,499,0,499,499,499
1275526983,4006491818,0,499,0,499,499,499
923138728,172791905,212,286,196,302,74,106
1323078482,4232650662,26,499,201,367,473,166
1160231724,2721969728,165,305,192,298,140,106
1229539034,3618715653,62,436,0,499,374,499
1204219250,3287230634,37,470,21,483,433,462
1316994695,4210982442,26,452,49,461,426,412
1196806874,3198799467,0,499,0,499,499,499
884021835,129115654,68,430,0,499,362,499
1113061697,1926715051,14,484,17,481,470,464
969078220,256200861,0,499,62,436,499,374
1313200101,4197493659,0,499,0,499,499,499
1123366335,2052491390,0,499,62,436,499,374
1137665967,2350371790,210,292,204,320,82,116
974382430,271610963,68,430,0,499,362,499
1279596117,4040476827,135,362,159,364,227,205
1027349629,570724617,110,389,50,449,279,399
1177149590,2970576567,88,217,197,375,129,178
1324190652,4236297433,70,413,15,495,343,480
1318201178,196253671,49,424,9,465,375,456
1265189559,3928016388,59,418,159,339,359,180
982711702,286651211,0,499,7,499,499,492
1195824547,3040487602,63,443,106,378,380,272
1323126953,4231824797,15,467,59,468,452,409
1284908116,4066225750,30,454,25,476,424,451
283826666,1331166,76,422,0,499,346,499
248170210,7158735,77,421,0,496,344,496
1136604174,286781290,69,442,130,376,373,246
1065795509,281786795,102,397,100,399,295,299
1088810035,518994821,71,427,0,499,356,499
1284102441,4063409475,55,479,29,464,424,435
1301448927,4152103865,145,356,91,403,211,312
1257254226,3879893044,125,386,103,448,261,345
834473040,67125685,61,437,0,499,376,499
480264327,46889450,175,324,144,355,149,211
1313352221,4197514116,49,427,69,418,378,349
948002879,210524132,62,436,0,499,374,499
1323588446,4231863143,40,449,60,452,409,392
1039137321,790219890,20,478,0,499,458,499
1267261292,3813572008,0,499,139,436,499,297
1262546157,3908876112,24,475,26,499,451,473
1308890793,278404122,100,399,18,480,299,462
1284130812,4063416648,56,441,72,440,385,368
1255814629,3871169059,63,436,140,411,373,271
969932308,258075543,137,405,215,277,268,62
1189952081,3085953072,0,499,0,499,499,499
1252299329,3848413992,139,359,223,295,220,72
868601131,49358607,80,419,0,499,339,499
1292522096,4108940655,3,498,160,344,495,184
1038146333,746830981,100,398,34,465,298,431
1137555543,1548292588,111,320,239,320,209,81
1190251279,2667337959,20,460,154,331,440,177
1243234837,3766017571,16,434,186,351,418,165
1275983950,4010220678,103,414,41,462,311,421
1294186958,4122553562,104,388,45,386,284,341
1193901137,3149711326,0,499,62,436,499,374
297881230,18542935,49,450,117,381,401,264
969938131,258074660,87,407,101,396,320,295
991738658,299386692,76,404,77,447,328,370
1270832703,3974176820,78,428,198,363,350,165
1252286765,3845080642,62,436,0,499,374,499
995098645,303051086,175,348,23,384,173,361
1066396350,450351330,153,345,107,392,192,285
966010743,251455055,212,284,142,359,72,217
1075758728,1352145757,6,488,154,362,482,208
941440210,206593972,9,486,77,425,477,348
1242870927,3766598720,0,499,109,389,499,280
1262287078,3906573437,16,480,47,436,464,389
1283690814,4061598708,43,447,63,405,404,342
1260343334,3893243256,266,430,70,329,164,259
995029579,302141963,42,456,0,499,414,499
1301424869,4151258564,213,291,52,159,78,107
1250209652,198877799,62,436,0,499,374,499
1206167086,3320653257,103,435,143,457,332,314
1027368756,570732927,102,397,50,449,295,399
1167679336,2843164767,96,403,30,467,307,437
1131804251,2170659834,18,468,52,447,450,395
1063142971,1117591340,100,399,0,499,299,499
1323289872,4231691917,28,473,31,388,445,357
931779673,186043673,62,436,0,499,374,499
1299764453,4143495206,97,415,159,395,318,236
987475436,294339824,39,452,42,442,413,400
1234202912,2738853683,184,322,195,263,138,68
1124791960,2083675513,73,426,0,499,353,499
1213813762,3453583296,157,342,131,367,185,236
1323246599,4231786642,15,471,59,468,456,409
1273171349,3993178407,40,461,114,376,421,262
1047606059,921097309,0,499,62,436,499,374
1188546728,3067344312,169,315,11,476,146,465
1304025739,4160808624,89,356,141,323,267,182
1258615713,3885528190,0,499,0,499,499,499
989026296,296203577,44,467,98,398,423,300
1313361060,4197514541,79,426,36,448,347,412
1133325955,2247649295,137,361,100,399,224,299
1073573593,278509989,145,354,100,399,209,299
1231571423,3652549206,159,334,96,400,175,304
1248256650,3814293580,0,499,0,499,499,499
1199393100,3229197731,207,330,164,334,123,170
1178081330,2980671917,18,465,74,435,447,361
1116987830,1967271398,74,428,36,454,354,418
1225150321,3588092557,0,499,100,398,499,298
1282989081,4057855791,30,475,101,441,445,340
857195931,91015572,83,415,0,499,332,499
1162041159,2746889977,156,342,100,399,186,299
891827822,20085586,82,416,0,499,334,499
1123702608,2061370143,49,446,5,498,397,493
1270219365,3969948687,10,489,145,406,479,261
1047874264,933716021,126,372,0,491,246,491
1158796642,2703667360,33,466,46,452,433,406
1190087365,3087670826,125,374,125,364,249,239
976827967,276758655,133,365,0,499,232,499
1313401927,4197671166,0,499,0,499,499,499
1004008284,401112550,61,437,0,499,376,499
1283475301,4061580088,0,499,0,499,499,499
1277918179,4027522758,0,499,55,443,499,388
1318330130,1547767957,20,477,31,465,457,434
1313176918,4182715742,104,402,152,356,298,204
1098551393,1689321004,91,406,6,491,315,485
1007357725,416612607,67,431,0,499,364,499
1043841417,853456114,85,409,35,461,324,426
1119096388,1992901820,66,433,0,499,367,499
530337930,52990396,93,405,20,485,312,465
1239078545,3732718929,49,437,168,391,388,223
1242845011,1100678804,101,398,0,499,297,499
1307347873,4171233376,134,341,105,363,207,258
1153466585,2628686173,62,436,0,499,374,499
1247481936,3952126512,113,386,30,467,273,437
1039509701,256653736,15,483,0,499,468,499
1262896038,3910532983,0,499,29,469,499,440
1219054130,3503174870,41,431,78,403,390,325
1307354357,4171233834,0,499,40,469,499,429
849196425,61305863,53,445,0,499,392,499
323932262,4818588,145,354,100,399,209,299
1027313097,570661781,113,385,50,449,272,399
1053199701,1027902701,77,414,32,465,337,433
1326007509,4056375396,75,424,6,493,349,487
1024794345,547420931,129,358,0,482,229,482
1292836037,4114172725,0,499,0,499,499,499
1218079531,3503927963,6,492,79,421,486,342
1207787715,2078234856,88,414,93,417,326,324
1018844962,512917228,73,426,0,499,353,499
1174589322,2940639465,27,490,123,481,463,358
737564312,59743223,161,337,125,374,176,249
1323511193,4234037538,0,499,0,484,499,484
1137043836,2330713871,0,499,0,499,499,499
1258002688,3883870352,0,499,0,499,499,499
883377329,60494057,71,427,10,499,356,489
1249535803,3819983638,212,308,200,302,96,102
1312762612,4195565313,41,465,22,476,424,454
901019309,88228961,0,499,62,436,499,374
1283577328,4061585500,0,499,0,499,499,499
1169004323,2868748847,25,457,99,364,432,265
1311682347,4188904700,0,499,0,499,499,499
1263633078,3918779103,62,436,0,499,374,499
1293404899,278527625,103,395,62,433,292,371
966981847,166669324,23,478,31,471,455,440
909555361,153964233,62,436,0,499,374,499
1247849654,3813571363,0,499,123,436,499,313
1313408466,4197672674,36,464,58,428,428,370
1261037719,3897270055,84,438,127,405,354,278
1126728015,2106364217,67,431,0,499,364,499
1282975831,4057855370,0,499,0,499,499,499
1275989026,4010280809,0,499,47,499,499,452
1257230661,3879890112,0,356,99,499,356,400
1238321881,3723404656,13,488,55,446,475,391
1242122786,3762623465,153,347,6,493,194,487
1161990303,2746023199,70,432,115,446,362,331
1283969425,4061637917,45,479,11,466,434,455
1240521965,3748196865,35,466,32,479,431,447
1031856415,209943588,85,425,58,448,340,390
1244540890,3785187779,0,499,62,436,499,374
927603710,180669467,141,353,54,446,212,392
1221326708,3561376166,25,485,131,399,460,268
848611694,64314915,150,349,107,391,199,284
999090548,19015533,190,309,172,326,119,154
1256581048,3871548597,90,416,146,347,326,201
1300186895,4141323369,0,499,54,445,499,391
1217471213,426750630,152,348,108,391,196,283
1261428822,3898729401,0,499,0,499,499,499
1261870020,3900664948,52,451,106,409,399,303
1302147242,4153244897,16,483,141,358,467,217
1236328523,3707298270,11,493,105,401,482,296
939423109,201535655,71,428,0,499,357,499
1009307565,440647970,150,349,121,377,199,256
1081446909,1457967645,76,427,1,499,351,498
1132442806,2223256163,0,499,62,436,499,374
909393653,82272856,101,411,118,411,310,293
958568203,228489655,160,344,185,336,184,151
1262599652,3909468663,64,434,145,368,370,223
1284074712,4063403849,85,439,111,441,354,330
1326693143,4243732791,0,499,109,389,499,280
1172624674,2916483073,72,426,4,494,354,490
1198102628,1311478392,151,347,100,399,196,299
1285076722,4059268243,95,413,88,499,318,411
1181662734,3003920344,8,494,97,397,486,300
1015631864,48927026,109,389,0,499,280,499
1138861473,2371664767,42,478,43,465,436,422
1275571987,4006496968,0,436,65,387,436,322
1292399909,4108909886,0,387,145,369,387,224
1316255332,4200880995,0,499,0,499,499,499
970722583,260129434,112,387,188,284,275,96
1298054099,4137783687,124,368,14,487,244,473
1030245065,596237777,110,389,145,354,279,209
1165512076,2804544226,96,408,24,396,312,372
1252627585,3850328471,0,499,62,436,499,374
1317559160,1892601399,8,494,191,315,486,124
1141635198,2421869488,62,436,0,499,374,499
1324092315,4236042037,0,499,0,499,499,499
1265151113,3929200783,62,436,0,499,374,499
1295220292,4125633102,0,499,0,499,499,499
1313416974,4197673338,78,417,175,346,339,171
1311689451,4188906928,0,499,0,499,499,499
987353698,294185099,69,395,22,486,326,464
1274079758,3997443087,0,499,0,499,499,499
1257360505,3881023389,140,316,145,332,176,187
992331548,299950215,62,436,0,499,374,499
1284108961,4063219144,90,434,116,428,344,312
926315014,176440308,91,421,114,385,330,271
1277775919,4026079291,52,436,88,406,384,318
1282349243,4056050000,124,375,330,489,251,159
1302863404,4156926896,0,499,0,499,499,499
1288842454,4085910490,32,459,13,370,427,357
1136141440,2320046145,12,488,64,437,476,373
1166852592,2819098956,0,499,39,460,499,421
1273541449,3992749273,31,471,103,403,440,300
1170007268,2889247923,68,430,0,499,362,499
835439778,69542169,41,458,0,499,417,499
1258993306,3887597615,73,438,72,426,365,354
833702078,65141952,69,429,0,499,360,499
1196814090,3199158152,176,326,176,322,150,146
1270654946,3972430831,37,423,40,479,386,439
1185797921,3022762398,2,416,122,341,414,219
867534552,110700328,62,436,0,499,374,499
1278215771,4030633947,43,457,79,438,414,359
1118539840,1985749181,15,479,109,415,464,306
1071996346,1299635592,81,417,0,499,336,499
1249535433,3819982714,190,308,166,344,118,178
962775658,241900312,0,499,109,389,499,280
1255945923,3872799073,222,276,125,340,54,215
834823860,68166283,22,453,126,384,431,258
1026945865,569728780,116,383,50,449,267,399
1100071093,1711736731,110,389,54,445,279,391
1094220857,1616367759,0,491,108,391,491,283
1133771982,2265129095,0,499,62,436,499,374
908745832,153299581,129,369,0,499,240,499
1269392308,3957786314,22,479,36,472,457,436
1260340746,3893243152,0,499,0,499,499,499
917733293,163314074,138,360,95,404,222,309
1275565071,4006495225,20,479,12,490,459,478
1094454908,1620634733,0,499,62,436,499,374
1178126665,2981068626,49,450,66,433,401,367
1217175828,3490669610,122,357,150,367,235,217
1026981722,569651535,106,392,50,449,286,399
1247014154,3803192100,0,499,62,436,499,374
835113793,68683803,0,499,62,436,499,374
1188538857,3067204201,130,369,130,369,239,239
1199478479,3230531931,0,499,0,499,499,499
1260223725,3894912886,47,445,49,447,398,398
925110082,176079539,85,413,4,499,328,495
1190252370,1876686731,148,352,134,430,204,296
1281965489,4050742165,6,481,8,497,475,489
1209658767,3382402934,119,341,193,315,222,122
1304166277,4160985326,106,388,51,463,282,412
1188672876,3070294909,65,433,0,499,368,499
1100999013,1746901477,167,331,147,352,164,205
1156629451,2675078755,0,499,51,459,499,408
1249535663,3819983353,155,342,162,346,187,184
898389425,144693821,81,418,0,499,337,499
948020671,210549791,0,499,62,436,499,374
1209612284,3382097254,70,429,145,354,359,209
1211983356,3414348506,140,359,136,369,219,233
1323372216,4231826916,73,446,70,437,373,367
1304128293,4160952099,106,388,51,463,282,412
1318588400,4215226198,76,445,69,448,369,379
891707077,10078836,112,399,117,382,287,265
1312561851,4195459592,0,499,0,499,499,499
932317064,188172018,66,433,0,499,367,499
995007450,302897866,23,473,95,420,450,325
1317006528,4211512053,40,472,78,423,432,345
1323708604,4233747035,0,499,2,499,499,497
1109660810,1892695903,106,394,126,383,288,257
1275802313,4008892655,0,499,0,499,499,499
1207489608,3341327130,84,407,161,361,323,200
1258654987,3885523233,0,499,0,499,499,499
1277147252,2605845646,50,461,115,356,411,241
1323081772,4231411076,53,483,89,445,430,356
1227162482,3607250669,0,499,0,499,499,499
1053585071,1035103996,82,416,0,495,334,495
941678641,207196247,110,379,187,321,269,134
1283724320,4061606824,0,496,4,464,496,460
1312155749,4193612080,100,399,100,399,299,299
1269779673,3962606103,0,499,0,499,499,499
901626355,146907647,73,426,0,489,353,489
684671297,57203227,1,497,106,393,496,287
1323777918,4234274976,0,499,0,499,499,499
984768778,289735392,88,411,0,499,323,499
1138833527,2368123149,191,334,229,313,143,84
1258639752,3883455968,95,460,38,499,365,461
933255648,190108098,72,426,0,499,354,499
1029511593,591829997,19,484,158,375,465,217
1279090206,4037578376,47,453,17,409,406,392
1190252771,1876684327,132,392,62,401,260,339
1283957244,4061636644,0,499,0,499,499,499
949321030,212253883,23,468,80,405,445,325
1279424904,4037130570,41,455,49,463,414,414
1102674656,1805032557,108,391,121,379,283,258
1155670652,2657937759,120,279,122,326,159,204
1253655941,3856649763,0,499,92,425,499,333
949387369,212341710,169,313,151,367,144,216
975312537,211379013,4,496,31,478,492,447
1315411083,4205114522,0,499,0,499,499,499
1262505331,3908169405,57,446,99,405,389,306
1318132077,342349678,24,470,141,371,446,230
1068285873,1191766690,115,378,27,485,263,458
1196853927,2767932078,41,458,40,460,417,420
862111207,54915778,62,436,0,499,374,499
869580810,113666606,62,436,0,499,374,499
1309962515,4182508917,126,315,213,404,189,191
1010051639,165444904,0,499,62,436,499,374
1250259904,3831236956,0,499,0,499,499,499
1193178719,3138622382,115,352,221,307,237,86
1275395994,4004161528,0,499,0,499,499,499
1246070537,3797074166,50,461,23,398,411,375
1283930291,4061633197,0,499,0,499,499,499
1259113550,3887605587,26,453,63,464,427,401
1260267477,3893241556,70,428,0,499,358,499
1122151864,278571755,0,499,126,342,499,216
1075760749,1352145683,113,356,64,431,243,367
1100072446,3716120695,110,389,52,447,279,395
1289182088,4086072536,78,429,75,414,351,339
1255294757,3868682814,134,378,61,445,244,384
1190865925,3098368153,0,499,73,426,499,353
1064210429,1134872317,113,440,216,302,327,86
1041682128,831980342,0,499,35,499,499,464
1023954019,539419810,97,403,32,471,306,439
1003029891,390485799,0,499,63,436,499,373
1309649452,4179726923,23,481,19,465,458,446
1282970745,4059900467,83,415,0,482,332,482
1128180299,2138227954,147,356,40,411,209,371
1062486791,1115319137,75,424,0,499,349,499
1048112555,937519635,128,177,235,268,49,33
876017693,113844312,58,440,0,499,382,499
1023453879,536621922,145,347,199,370,202,171
1305169357,86258832,90,409,0,499,319,499
1250278217,3831652226,139,358,102,383,219,281
1252627742,3850328568,0,499,154,436,499,282
1221771427,3566354099,101,423,50,477,322,427
1307148079,4170738399,0,499,224,288,499,64
1316589202,4200941077,0,499,0,499,499,499
1074816454,1338359338,0,486,80,418,486,338
848930339,80207257,71,431,6,499,360,493
1292436505,4108913729,13,485,109,408,472,299
885992148,131731180,99,399,0,499,300,499
1248863256,3817906700,81,395,8,487,314,479
1301441532,4060922256,0,499,1,499,499,498
1282904421,4057767325,0,499,0,499,499,499
1144457203,2482251462,0,499,0,499,499,499
1241403141,3756589351,200,298,191,314,98,123
1283604118,4061587504,36,423,221,343,387,122
973473183,269093764,49,442,20,477,393,457
1285847616,4017672098,27,470,128,359,443,231
1267251696,3942383562,5,493,32,479,488,447
1249534673,3819979686,155,345,177,361,190,184
1253025568,3854415716,77,431,163,442,354,279
1294196627,4122557256,71,499,19,496,428,477
1308333258,4152038508,31,479,139,434,448,295
931974251,187230726,100,399,128,370,299,242
1107660377,1869201408,126,368,16,481,242,465
1255653188,3870814394,0,499,0,499,499,499
1140539887,3419927424,0,423,16,499,423,483
1316751082,4182834158,99,419,114,427,320,313
1316196586,4200877258,29,487,2,471,458,469
1231767747,3651498433,0,499,62,436,499,374
1283012616,4057772658,22,426,29,456,404,427
1262543322,3908875914,0,499,0,499,499,499
981990036,285433801,0,499,89,422,499,333
1252446984,3849187617,138,337,54,437,199,383
1008132302,436059241,150,349,119,380,199,261
1265967541,3935924625,45,454,75,434,409,359
1018394317,510784646,63,286,169,337,223,168
964812714,247958372,71,427,0,499,356,499
964076240,245765717,29,474,103,399,445,296
1242289117,3760828089,77,421,0,499,344,499
1288012848,4079554116,0,499,0,499,499,499
1294202625,4122558123,37,470,9,491,433,482
997293558,328119149,0,499,62,436,499,374
1123813295,2062699636,160,339,100,399,179,299
1328300085,4250631305,109,356,67,380,247,313
1104323115,1830618499,81,410,131,334,329,203
316905762,46655327,145,354,100,399,209,299
1034527290,677587612,374,386,164,330,12,166
1226137598,3596052084,39,468,8,499,429,491
938337938,199518217,137,360,98,401,223,303
1235264947,603560673,164,362,174,315,198,141
1285851326,4017672662,84,453,88,417,369,329
1292020484,4105727989,29,454,57,499,425,442
1024577715,544745704,160,335,190,308,175,118
1250258577,3831236632,28,499,0,499,471,499
1324196974,4236297774,72,448,122,420,376,298
1026928484,569962616,107,391,50,449,284,399
1251716282,3836451977,54,484,68,489,430,421
1217839073,3498130783,0,499,83,415,499,332
1147390845,2524474989,62,436,0,499,374,499
1264895523,3928053460,24,456,143,333,432,190
1118601576,903455028,0,499,62,436,499,374
698093766,57841874,33,449,135,366,416,231
1324229689,4236298721,0,499,0,499,499,499
1285838847,4017665852,174,314,134,369,140,235
1066417678,1165832190,17,482,139,367,465,228
914319849,158776605,182,310,60,468,128,408
1260349295,3893243928,35,453,89,349,418,260
1045592991,869938608,62,436,0,499,374,499
1231201154,3646277867,0,499,0,499,499,499
1191028065,3101157468,51,445,138,378,394,240
200953130,4653097,85,414,0,499,329,499
919081902,164517274,0,499,121,377,499,256
1284916525,4066225914,122,389,45,448,267,403
1100076852,1711728854,180,319,153,346,139,193
1154767737,2643902122,6,488,107,421,482,314
1204220021,3287231467,4,496,138,359,492,221
1190252884,2832752218,36,471,159,383,435,224
1007803682,435260362,100,398,50,449,298,399
1194529510,3160799370,141,366,128,358,225,230
1211697352,3397962165,93,411,175,464,318,289
1043953813,853229628,0,499,96,403,499,307
1323314263,4231696479,35,460,40,462,425,422
1117329928,1969716108,100,399,0,499,299,499
1323691119,4234147555,69,412,74,428,343,354
1254907427,3866822258,0,499,0,499,499,499
1283464403,4061578716,20,467,175,311,447,136
1286699821,4076059079,0,499,0,499,499,499
1115986450,1952331880,0,499,0,499,499,499
1105831409,1857268844,21,489,94,417,468,323
1306804860,4167087549,106,388,51,463,282,412
1195241888,3065446988,106,394,52,448,288,396
1277218897,4020105076,0,499,0,499,499,499
977661369,278516751,68,418,20,474,350,454
1205996855,3316754457,0,499,62,436,499,374
1283322804,4061149860,154,302,388,467,148,79
1315337765,4205111752,24,475,0,499,451,499
1198889385,962118198,155,344,100,399,189,299
1288081016,4079555962,0,499,0,499,499,499
1265058699,3929324475,145,376,5,462,231,457
1304119297,4160951036,106,388,51,463,282,412
1008047620,435904217,111,388,50,449,277,399
1042895178,845432591,1,499,58,441,498,383
1275660494,4006517782,0,499,0,472,499,472
1119972183,413433605,147,351,100,399,204,299
1050159023,957633473,0,499,62,436,499,374
1187105190,3042946346,165,334,137,362,169,225
1027238598,570626032,109,389,50,449,280,399
1257261588,3879888079,56,437,116,369,381,253
1158121337,2695198399,21,472,81,408,451,327
972119071,89372915,76,422,6,493,346,487
928649309,182149071,0,499,188,383,499,195
860960093,99017462,170,329,104,395,159,291
861438928,99779222,0,499,62,436,499,374
924383658,175218023,74,424,0,499,350,499
941678397,207258060,101,397,163,326,296,163
987658175,294485126,205,301,22,264,96,242
1251133274,3837597849,0,499,68,431,499,363
1176770918,2961408103,73,426,0,499,353,499
1064973956,1144550886,15,484,139,486,469,347
1323319697,4231808012,29,451,63,464,422,401
1148846964,2548660638,217,284,297,410,67,113
1262842513,3910487107,0,499,29,469,499,440
1004732016,405291367,21,479,143,364,458,221
886150915,131918847,143,356,101,399,213,298
1029511619,591829980,2,487,86,491,485,405
1195328865,3167776736,46,486,110,413,440,303
850168643,47002663,73,425,0,499,352,499
718279530,59235159,69,430,12,486,361,474
1278993985,4037572358,0,499,0,499,499,499
1318396237,533886593,21,478,44,452,457,408
980102146,283116300,62,436,0,499,374,499
1077901670,1385105559,62,436,0,499,374,499
1235522229,3685957141,0,499,62,436,499,374
922170112,170807978,225,250,110,390,25,280
941678801,207196179,148,344,191,321,196,130
1010143582,444007409,71,427,0,499,356,499
1254460831,3861754979,162,347,32,451,185,419
981955965,284904221,49,450,0,499,401,499
1117903679,278523983,153,345,116,399,192,283
1252516641,3849952044,0,499,0,499,499,499
957161141,223603889,0,499,69,430,499,361
1156843004,2678019103,150,349,110,388,199,278
987636480,294460697,18,469,152,363,451,211
1246520993,3799946256,0,499,198,436,499,238
1309973122,4182509265,35,466,58,439,431,381
1248859926,3817905949,0,499,50,449,499,399
1123829032,2063144417,245,311,181,319,66,138
1052071193,979217028,75,437,84,441,362,357
1316293488,4200882831,11,473,33,446,462,413
1316204889,4200877605,60,443,105,386,383,281
1294206852,4122559134,64,430,106,358,366,252
1248856952,3817905255,52,484,105,385,432,280
1088621087,1540982252,109,389,0,499,280,499
1285408012,4069015897,31,477,88,192,446,104
1204225298,3287238133,55,443,11,488,388,477
1309968229,4181943968,33,471,142,355,438,213
949383508,212340856,90,409,130,369,319,239
1209035944,3366587928,185,266,212,285,81,73
1242844531,1100400915,100,399,22,477,299,455
893311361,141191274,223,281,188,304,58,116
1317426831,4212987331,0,499,0,499,499,499
1158121152,2695197987,166,304,54,458,138,404
1282773879,4058944639,55,459,45,471,404,426
306899300,36404150,62,436,0,499,374,499
1311273429,1948343383,100,399,42,456,299,414
870794673,115412613,62,436,0,499,374,499
1239177619,3734649865,0,499,62,436,499,374
874538336,87964053,70,427,0,499,357,499
1188462857,3065095690,0,499,62,436,499,374
1262645687,3910061933,0,499,0,499,499,499
1308334938,4152048569,32,460,103,389,428,286
1275682954,4007486093,0,499,62,436,499,374
1027347642,531639199,110,388,50,449,278,399
1061276115,1101906140,40,464,113,399,424,286
1174586248,2940638652,156,352,165,362,196,197
1323454041,4231850618,67,434,79,429,367,350
1306859513,4167092633,0,499,0,499,499,499
1316185516,4200876521,0,498,52,447,498,395
1092089656,1395201480,14,485,70,441,471,371
966678805,243633222,0,499,62,436,499,374
858423980,92756873,196,303,175,324,107,149
1309986459,4181946184,13,466,56,429,453,373
1016341361,497930024,0,499,62,436,499,374
1245916760,3794955175,0,499,62,436,499,374
1257256553,3879893160,27,474,108,375,447,267
1138822861,2376339676,50,457,41,480,407,439
1130349923,2183085185,89,405,132,360,316,228
1270219567,3969948709,9,490,55,446,481,391
1066647311,1170003666,180,319,72,408,139,336
1267246940,3942383388,72,443,5,494,371,489
1307747694,4172813019,110,389,149,389,279,240
1041178621,824468321,85,477,232,267,392,35
1222496507,1967298307,144,355,100,399,211,299
1261329316,3899483342,157,327,76,457,170,381
836131072,70587847,86,413,9,499,327,490
933840473,191291642,0,499,74,424,499,350
1250946547,3836737844,62,410,13,484,348,471
1261103398,3897807371,70,429,145,354,359,209
1242098854,3762504159,18,470,133,393,452,260
1057663308,1080853496,78,423,110,370,345,260
1061559715,1103163949,197,311,254,481,114,227
1248677656,3817291646,60,443,64,433,383,369
1121792136,2039219703,62,436,0,499,374,499
1178364743,2985102219,70,439,186,282,369,96
1253625945,2981387067,125,373,119,380,248,261
1162776771,2750506518,109,389,0,499,280,499
1127681480,2128588469,62,436,0,499,374,499
1131151322,1974917200,18,483,133,390,465,257
1173627648,2929661833,52,444,53,445,392,392
1244326303,3782771586,0,499,126,436,499,310
1239447745,1386673149,49,327,215,361,278,146
1221992872,3567915222,118,381,154,344,263,190
1288873077,4085937741,72,453,94,438,381,344
1031078362,606965939,82,416,0,499,334,499
910941151,155114281,185,313,164,340,128,176
1135344886,2298221496,64,435,0,499,371,499
1273140862,3993163976,114,421,173,330,307,157
1279757257,4041456436,132,371,163,343,239,180
717497377,59213178,218,281,31,468,63,437
1144831971,2440224054,62,436,0,499,374,499
1174594622,2940640962,194,297,19,469,103,450
1196636643,3195344480,148,380,37,458,232,421
1245049034,3787549309,77,423,1,487,346,486
1308367809,4175958989,0,499,83,416,499,333
1269771047,3962435111,79,427,86,426,348,340
1308949912,4177869256,0,499,0,499,499,499
1295647130,4126646542,75,423,0,499,348,499
1255045864,3867033015,55,474,54,471,419,417
1273982670,3995366301,0,499,0,499,499,499
1023116427,250559221,117,381,34,463,264,429
1253374195,3852506651,0,499,62,436,499,374
1241181475,3601551849,108,391,0,499,283,499
449601030,50278457,100,399,57,442,299,385
724300530,59701647,214,284,200,299,70,99
1306619731,4168967523,55,466,14,477,411,463
1292895077,4113732961,66,458,47,465,392,418
1261978514,3902216394,120,396,128,216,276,88
1290118669,4091772161,178,306,87,420,128,333
975916434,274798410,0,499,62,436,499,374
1216443482,2927732013,38,461,0,499,423,499
176647030,5530704,76,424,2,498,348,496
1266676074,3939552197,7,490,12,486,483,474
1051759634,981229285,339,475,372,472,136,100
1174591369,2940640061,130,369,130,369,239,239
1103095337,805824186,50,449,115,384,399,269
1256786563,3875071204,16,489,71,450,473,379
1277574647,4023547447,0,499,0,499,499,499
1196212632,3182722347,48,455,118,376,407,258
1282010035,4050755487,37,414,40,473,377,433
1008107203,435917731,115,383,50,448,268,398
1117960044,1978169713,69,430,0,499,361,499
1115371647,1940771568,0,499,109,389,499,280
1215479803,3470031732,222,273,196,288,51,92
1280510292,4045077461,2,497,50,499,495,449
940540149,138720358,194,300,189,313,106,124
1236449311,3708284087,100,351,57,424,251,367
1261387172,3898718575,0,499,241,259,499,18
1116459028,1961123084,221,231,231,294,10,63
357125636,2921767,7,487,66,424,480,358
1294229416,4117898982,0,499,62,436,499,374
1107917015,1869938470,110,389,51,447,279,396
1314556619,4202304716,0,499,0,479,499,479
1204233487,3287263367,60,474,90,407,414,317
1196793690,3198594485,0,499,0,499,499,499
1101782558,1688779113,109,389,0,499,280,499
1319346651,4214300245,11,484,148,304,473,156
894941670,67338421,93,406,12,486,313,474
1154703121,2642899307,0,499,0,499,499,499
1089472577,1553192663,0,499,196,251,499,55
1131483758,2205855053,121,381,91,445,260,354
1053895457,1038428030,90,409,0,499,319,499
1174749310,2942695459,0,499,85,499,499,414
1006331685,423099039,76,422,0,499,346,499
1040128022,808456876,55,441,19,494,386,475
1251500357,3843084093,0,499,0,499,499,499
1320171641,4215438759,29,471,15,480,442,465
286659382,16849957,62,436,0,499,374,499
1245180257,3789530352,34,467,141,382,433,241
1190251680,2781594550,99,399,100,399,300,299
1218255669,3507957875,143,355,104,479,212,375
895024421,67389704,83,414,0,498,331,498
1100347171,1715594531,62,436,0,499,374,499
1308865833,605244156,100,399,31,467,299,436
1241253133,3751563723,0,499,62,436,499,374
1303077737,4157458293,31,461,74,400,430,326
1247849112,3813570941,0,499,62,436,499,374
1225658921,3591459760,0,499,62,436,499,374
1154651301,1829649910,142,382,139,462,240,323
860143228,445038,62,436,0,499,374,499
977917545,278557464,93,405,0,499,312,499
1255326477,3869439838,101,397,84,412,296,328
1057628831,1077543158,83,416,0,499,333,499
1305531121,4165988188,43,448,93,386,405,293
869944298,114069351,64,435,0,499,371,499
1321537839,4227996952,40,456,188,366,416,178
1295875901,4127991934,110,389,54,445,279,391
1226405822,3592383143,0,499,142,436,499,294
912142228,5469972,62,436,0,499,374,499
1024433826,543776800,95,411,26,459,316,433
1100086412,1711735905,110,389,51,447,279,396
1282555656,4057546669,86,430,101,468,344,367
1213096391,3271138331,13,487,76,430,474,354
1251414614,3842551510,93,401,75,411,308,336
1100061669,1711735461,110,389,51,448,279,397
1316104960,4200869675,17,483,160,369,466,209
1321375870,4222767811,62,436,0,499,374,499
354374192,48707161,143,356,100,399,213,299
1285408654,4069002694,18,484,109,389,466,280
1266671819,3939550797,33,489,48,410,456,362
1039027241,784010989,0,499,62,436,499,374
971421675,262158928,160,323,151,349,163,198
1189817901,3085536280,67,431,0,499,364,499
1306014486,4167104948,54,396,25,455,342,430
1285269754,4068127498,27,458,57,456,431,399
1324144404,4236042761,0,454,50,416,454,366
1278725962,4036976430,23,447,64,464,424,400
1170306305,2894662236,37,462,90,409,425,319
1296849522,4132330589,90,408,0,499,318,499
911989794,156017461,0,499,62,436,499,374
1275453303,4006484458,56,425,62,422,369,360
754465354,61105995,0,499,62,436,499,374
1310797148,4182277356,45,479,11,466,434,455
1273139252,3993159937,48,359,209,376,311,167
1062988685,1116055073,0,498,0,499,498,499
1211444938,3399882292,132,370,46,453,238,407
1243785545,3775997576,143,346,50,434,203,384
1240119913,3743383540,3,499,35,463,496,428
1107660413,1869200762,60,449,39,474,389,435
1303627725,4159071198,106,389,51,463,283,412
1172791642,2920940604,106,359,17,479,253,462
940531814,138751901,54,435,213,286,381,73
1047849630,933418745,77,421,0,499,344,499
1096176874,1647678878,38,457,154,381,419,227
1282010073,4050755496,73,431,113,401,358,288
1274647432,3999578246,62,436,0,499,374,499
1166900533,2826093532,20,482,11,484,462,473
1176998017,2967372901,211,292,23,346,81,323
1307487352,4171473656,38,466,110,435,428,325
1279204550,4037102646,22,459,61,465,437,404
1080006580,1440822077,47,456,28,499,409,471
896412214,49573759,91,407,0,487,316,487
1245644515,3793572821,28,474,86,393,446,307
1251443345,3842663844,23,476,58,444,453,386
1307863871,4172854478,19,480,10,447,461,437
1254566372,3862778781,0,499,74,424,499,350
1287518108,4071377649,0,499,0,499,499,499
1031310130,608069135,74,425,0,499,351,499
1168734318,2864340354,118,437,137,437,319,300
1151643154,1649048574,27,473,183,315,446,132
1158120529,2695196870,191,317,23,470,126,447
1219893101,3532485244,210,289,227,271,79,44
1004004813,401111628,65,434,0,499,369,499
1250253567,3831235488,67,426,69,423,359,354
1261426799,3898728629,110,441,0,484,331,484
1133623963,2253926601,0,499,110,389,499,279
950172788,213355584,163,335,126,373,172,247
1014638756,473070878,183,315,0,499,132,499
873691802,119502852,76,423,0,499,347,499
1230830391,3642337814,108,390,107,392,282,285
1135214061,2302752677,217,281,210,289,64,79
1101701090,1780350463,71,428,0,499,357,499
988858637,295764517,0,499,62,436,499,374
1285452352,4066392048,26,464,91,399,438,308
1300465981,4146736014,0,499,0,499,499,499
863744325,104812289,0,499,9,490,499,481
1314514229,4202303927,9,452,8,477,443,469
1265914615,3935633648,24,455,142,333,431,191
1261731469,566440842,22,473,16,475,451,459
1195076896,3164261825,72,426,0,499,354,499
940799749,205143935,183,315,115,384,132,269
1320748061,4224768370,145,349,21,476,204,455
1220272675,3542233203,16,481,204,352,465,148
1027855468,577058341,0,499,231,263,499,32
1273036659,3992490593,73,430,87,425,357,338
1007724566,435081110,66,433,0,499,367,499
1292897154,4113733195,129,370,94,436,241,342
1198888987,387289786,175,324,116,399,149,283
1098195892,1682056268,62,436,0,499,374,499
1305762065,4166642716,106,388,51,463,282,412
913981451,158435540,137,363,2,497,226,495
1186801919,2806785319,158,348,158,334,190,176
1255731847,3871088878,0,499,0,499,499,499
1272488134,3989925470,108,396,162,417,288,255
1163705504,2767157382,88,409,30,471,321,441
1261411286,3898722532,0,499,0,499,499,499
1311457779,278585473,100,399,56,443,299,387
1027855717,577066369,206,291,200,288,85,88
1273476307,3992736453,64,442,69,440,378,371
1269884869,3960243422,73,425,0,479,352,479
847738609,77363752,68,431,0,488,363,488
855894397,88751020,192,319,7,483,127,476
1258862444,3887564283,67,428,87,453,361,366
1243844003,3776683211,0,499,70,428,499,358
1306397755,4165148198,68,431,0,499,363,499
1213509146,1120797920,14,486,114,387,472,273
1275672507,4006937048,0,499,0,499,499,499
1036725431,718763458,128,393,27,491,265,464
972193917,264546067,21,493,108,451,472,343
1007977678,435842596,100,399,148,350,299,202
1273236474,3992539602,57,441,74,436,384,362
1305527148,4165985602,3,499,100,399,496,299
1163024256,2762499788,94,404,49,452,310,403
1019841721,518108021,0,499,62,436,499,374
1324186891,4236297101,54,457,9,490,403,481
1257477551,3881228783,0,499,21,499,499,478
1174590023,2940639577,6,493,42,481,487,439
1304083656,4160934414,106,388,51,463,282,412
1260223458,3894912644,47,445,49,445,398,396
1027095727,569876930,116,382,50,449,266,399
1310940810,4182111469,11,493,0,499,482,499
1027998915,578539210,182,262,204,370,80,166
1079839839,1435938831,218,289,170,302,71,132
901229006,146613012,0,499,62,436,499,374
964272895,246482194,0,499,71,427,499,356
1218896560,3511716148,62,436,0,499,374,499
1271968488,3986527436,0,499,0,460,499,460
1174590374,2940639671,22,477,72,453,455,381
1318307365,4186885548,89,427,77,451,338,374
1009322720,440692489,109,390,50,449,281,399
1242761576,3765674428,62,436,0,499,374,499
1307778169,4172824274,59,477,45,430,418,385
901468533,146501755,0,499,82,417,499,335
940889204,205319021,36,442,32,444,406,412
1285041168,4066256032,15,481,64,478,466,414
1299522951,4140601281,72,426,0,499,354,499
1053609380,736053489,89,414,130,401,325,271
1256957493,3876131511,0,499,0,499,499,499
862579389,102706684,76,426,115,405,350,290
1233296965,1688209241,109,390,8,491,281,483
1281473045,4050861095,55,448,66,448,393,382
1208110312,1175230123,150,349,100,399,199,299
1115446810,1944925796,48,448,22,486,400,464
1275562629,4006495150,71,424,87,371,353,284
1283871189,4061620835,0,499,0,499,499,499
1248272348,1988146511,1,499,83,415,498,332
1198794159,2313283018,138,361,107,377,223,270
1188608920,3069215804,83,416,0,499,333,499
1288043378,4079554655,0,499,0,499,499,499
1323296106,4231695610,182,316,63,478,134,415
1053101235,1023568075,38,466,78,495,428,417
1223426262,3580770598,5,499,5,497,494,492
1302468963,4155416959,22,471,168,348,449,180
1169935365,2888059471,98,400,108,391,302,283
1195737509,3174918202,0,499,83,415,499,332
1304091933,4160935937,106,388,51,463,282,412
1243399816,3773716933,23,477,44,459,454,415
1135150709,2298966914,43,449,26,473,406,447
1273991814,3995366722,0,499,0,499,499,499
1112558545,1706100268,55,425,35,442,370,407
1131067827,2192173537,2,498,95,343,496,248
1277776722,4026079777,39,458,48,436,419,388
1298768668,4139503792,52,465,166,346,413,180
1275045193,4004066770,26,483,29,470,457,441
1008878016,439614325,73,425,0,499,352,499
1316151224,4200874436,35,457,59,498,422,439
1123869922,2063937970,95,384,10,487,289,477
1209716270,3382584808,202,298,64,464,96,400
1295220418,4125633462,129,407,122,399,278,277
1267261881,3939540178,130,366,2,497,236,495
1163862236,2773927881,110,389,54,445,279,391
1113098160,1832987263,58,444,116,392,386,276
1168811671,2865142111,59,417,85,417,358,332
1066930761,1173353196,4,497,86,415,493,329
1255757558,3871285688,26,477,173,359,451,186
1273187300,3992581089,67,435,106,476,368,370
1282013938,4050755943,0,499,30,446,499,416
1190248047,2697698945,122,358,98,393,236,295
1255181388,3863210723,191,299,185,325,108,140
1173696430,2930794052,9,488,72,479,479,407
1174586774,2940638768,41,484,53,495,443,442
1307212811,4157424407,30,467,294,447,437,153
1307874264,4172854924,0,447,22,496,447,474
1250261396,3831237261,5,492,15,487,487,472
1062486283,1115318096,68,430,0,499,362,499
1218192819,2355072957,55,438,25,473,383,448
986265199,292206051,222,279,20,480,57,460
1323278548,4233426424,163,341,158,370,178,212
1260218498,3894911265,0,499,0,499,499,499
1318594153,4217949284,0,499,0,499,499,499
874538399,107645417,110,417,32,481,307,449
1113810567,1928075429,109,389,0,499,280,499
933254316,190107421,81,419,6,493,338,487
1243785559,3775997583,65,414,149,352,349,203
1314119741,4186153793,63,416,17,485,353,468
1326870526,4246366563,174,328,85,396,154,311
1288377901,4081441062,109,391,78,425,282,347
1306581839,4167082992,106,388,51,463,282,412
1301636686,4151267416,0,441,14,499,441,485
882251192,126740578,62,436,0,499,374,499
885399300,131083767,78,421,0,499,343,499
1268612363,3952142315,0,499,0,499,499,499
1027099280,569735912,100,399,52,447,299,395
1100081458,1711736150,110,389,51,447,279,396
1244541172,3785187870,0,499,145,436,499,291
941621937,207151341,186,314,159,284,128,125
1031131376,607880758,0,499,83,415,499,332
716675939,50612514,185,314,158,333,129,175
1027315571,570721378,106,393,50,449,287,399
1307374669,4171335712,45,453,0,499,408,499
973607341,269653894,0,499,82,416,499,334
1008215373,436082214,160,339,130,368,179,238
1206508907,1460684549,183,315,150,349,132,199
1321306465,4226974187,0,499,0,499,499,499
1235504009,3694439623,33,472,61,460,439,399
1124257480,2074468039,153,345,100,399,192,299
1186357732,3028018645,142,344,37,401,202,364
971041819,208300105,117,381,71,424,264,353
1232556329,3665608691,64,462,126,378,398,252
1218770837,3503811799,47,451,66,441,404,375
1043048607,846655179,173,325,100,398,152,298
1151784483,2518496172,62,436,0,499,374,499
1167985237,2849128010,153,346,127,369,193,242
1294104537,4122227170,86,450,47,440,364,393
1158120519,2695196860,22,475,161,310,453,149
1160881081,2727270779,72,427,1,498,355,497
688584544,57518751,190,309,173,326,119,153
1100071499,1711736533,110,389,50,449,279,399
1196136903,3136586649,111,358,145,357,247,212
1273189854,3992409433,16,476,121,432,460,311
1182194157,2961491378,84,413,16,483,329,467
1167679351,2843164857,52,456,67,462,404,395
1308815281,4177837720,122,328,59,475,206,416
988436746,98200019,80,419,10,489,339,479
1278120122,4029709094,154,340,187,301,186,114
1122241990,2047003263,34,461,10,490,427,480
1044554894,861245209,179,319,150,349,140,199
1239282405,3736071143,83,416,9,499,333,490
1248849546,3817903714,29,483,107,379,454,272
1296812040,4132254819,23,462,65,450,439,385
621700291,55088800,0,499,62,436,499,374
1243393355,3773730472,33,466,35,467,433,432
1093148017,1597976031,0,499,0,499,499,499
1242300513,3041428999,92,407,0,499,315,499
1277840802,4023186368,74,437,103,386,363,283
1304163825,4160985089,106,388,51,463,282,412
1068905300,1187624442,0,499,62,436,499,374
1258207877,3883965914,50,463,56,408,413,352
1292495122,4108935686,99,413,48,430,314,382
1316967904,4208566115,142,357,46,465,215,419
1305106740,4164667019,106,388,51,463,282,412
1255540974,3868448594,0,499,0,499,499,499
1099008376,1698894029,147,349,128,449,202,321
1323728430,4234270115,64,431,52,458,367,406
1256951252,3875039109,54,499,95,499,445,404
1243659709,3775275594,0,499,62,436,499,374
1174640056,2936994422,77,423,113,396,346,283
1046577308,536250521,7,495,68,421,488,353
1190252745,2832752210,28,469,105,432,441,327
1029650747,491255735,148,353,24,176,205,152
1053589834,1035131070,79,420,0,499,341,499
1241396942,3756587292,224,274,217,305,50,88
1283606502,4061592257,90,431,110,459,341,349
1133487637,2252292822,162,319,113,392,157,279
1290908693,4097482840,71,427,0,499,356,499
1244806841,3784081410,0,499,38,460,499,422
1306854978,4167092426,0,499,0,499,499,499
1077605007,1376200061,213,288,63,480,75,417
1283983287,4063983860,4,489,45,481,485,436
1197561626,3208564808,35,464,6,499,429,493
1283406278,4061577126,39,461,148,381,422,233
1011406891,451943019,57,436,177,449,379,272
1110775319,1903982302,0,499,0,499,499,499
1202711639,3259271866,73,426,0,499,353,499
1270497096,3971919629,0,499,0,499,499,499
1300457811,4146734851,50,451,67,437,401,370
1304113382,4143950183,97,396,167,306,299,139
1273316201,3992612518,64,436,70,441,372,371
1242758863,3765557156,0,499,62,436,499,374
1309982182,4181945852,41,463,129,369,422,240
1258794012,3881653997,131,363,43,481,232,438
1221743978,3566343041,88,426,127,374,338,247
1306519653,4167073622,106,388,51,463,282,412
1281307324,4050851633,22,477,53,437,455,384
1114326233,1456087162,62,436,0,499,374,499
1124790045,2083373339,62,436,0,499,374,499
1317292992,4210969558,218,289,7,338,71,331
846842316,76226158,62,436,0,499,374,499
1292882540,4114368313,139,349,156,359,210,203
1071325,1303807,83,415,0,499,332,499
1305632048,4164464476,83,415,0,499,332,499
1215492739,3470039566,100,399,50,449,299,399
1002974427,388571920,142,357,160,339,215,179
1222946809,3576486802,62,436,0,499,374,499
730499987,59989532,23,476,0,499,453,499
560001690,53762875,156,381,158,362,225,204
1142023041,84085203,56,442,0,499,386,499
1282021073,4050757686,35,488,38,484,453,446
1241871430,3760999351,114,388,169,370,274,201
1134801782,2292451098,22,455,43,478,433,435
1191171570,3103136563,4,495,76,423,491,347
960209027,211334834,33,466,0,499,433,499
1307364320,4171235592,97,360,21,472,263,451
1275381764,4004155844,71,433,70,460,362,390
1259378053,3887634590,16,471,59,468,455,409
1230498818,3638923897,67,431,27,471,364,444
1280794005,3687455059,50,453,107,419,403,312
1076302543,1359792600,112,342,146,352,230,206
940018530,203034631,0,499,83,415,499,332
1146395396,208516061,72,451,58,488,379,430
1146792267,2514979864,62,436,0,499,374,499
1295960072,4128274507,40,499,27,424,459,397
1311999250,4189047162,25,453,117,367,428,250
1031856611,614496365,0,499,231,274,499,43
930300295,184334566,0,499,71,428,499,357
1248836331,3817895628,7,491,0,499,484,499
1313397846,4197670752,60,426,0,499,366,499
1155799326,2650760162,75,423,5,493,348,488
1112572754,1923759512,150,347,76,418,197,342
894265483,141616415,50,449,31,468,399,437
1292911838,4113738551,103,374,82,429,271,347
1115889966,1951951969,19,486,68,499,467,431
1149446314,2559369061,14,476,39,475,462,436
1252212830,3848025272,18,480,132,410,462,278
1111794880,1913808555,0,499,62,436,499,374
1245913440,3792158603,62,436,0,499,374,499
941622195,207151506,153,354,194,308,201,114
1048185419,938536570,13,408,105,375,395,270
1164444539,2785383250,62,436,0,499,374,499
1257877086,3883347661,0,499,0,499,499,499
1302532790,4155421184,0,499,13,499,499,486
1112301680,1922757380,109,375,40,443,266,403
1204219598,3287230820,151,341,8,443,190,435
1286863440,4074697996,10,492,1,499,482,498
1235635175,3696599021,0,499,0,499,499,499
1088660955,1541458055,155,343,100,399,188,299
1260339645,3893281940,167,336,21,266,169,245
1123731398,2061928778,163,343,109,397,180,288
1232708701,3668301234,32,473,38,460,441,422
1032292646,620537449,391,458,232,267,67,35
1239820210,3740843405,100,399,21,478,299,457
968831698,255257554,0,499,81,417,499,336
1255679293,3870820843,38,465,35,473,427,438
1295959959,4128274488,119,375,104,402,256,298
1302395744,4153292767,0,499,0,499,499,499
1156300846,2667811848,138,363,2,496,225,494
555933101,53597392,62,436,0,499,374,499
1225663367,3559010214,125,374,130,374,249,244
52336330,1941293,61,438,0,499,377,499
1265223623,3929899615,8,493,65,459,485,394
1258586978,3885516288,25,468,51,458,443,407
917261830,73241187,62,436,0,499,374,499
1253394351,3856213946,13,449,36,484,436,448
1312383397,4194028348,0,499,0,499,499,499
1323991965,4235886238,90,398,97,409,308,312
1289596957,4086143346,6,493,98,402,487,304
1252627673,3850328516,0,499,62,436,499,374
440159930,50139709,110,388,50,449,278,399
712674213,59051207,125,374,72,427,249,355
1243963980,3777416795,0,499,87,412,499,325
1295973135,4127727237,26,453,61,464,427,403
858310601,92437459,70,429,0,499,359,499
1124898556,2085669281,92,406,0,499,314,499
1278241763,4031030519,0,499,0,499,499,499
1310734702,4182273926,52,455,32,472,403,440
969719963,257403291,211,287,185,314,76,129
1156304895,2667815864,151,347,183,318,196,135
1234768187,3690228616,228,413,94,418,185,324
1140310160,2406558177,0,499,87,436,499,349
1240164641,3743864689,0,499,67,432,499,365
1167633813,2841843655,173,334,170,344,161,174
1095741555,1640039298,0,499,62,436,499,374
505795141,52240169,62,436,0,499,374,499
1263241095,3915704102,0,499,109,389,499,280
1275683164,4006530390,150,354,50,483,204,433
1313446105,4197677497,73,425,72,459,352,387
990917992,298191351,69,495,230,269,426,39
1078972012,1413003863,0,499,209,499,499,290
1117984596,1978501596,70,426,129,410,356,281
1100082891,1711731506,70,429,145,354,359,209
891745284,138467276,144,355,110,399,211,289
1314554244,4202304658,0,499,0,499,499,499
1099702912,1706102267,140,361,75,434,221,359
933447331,190543296,74,425,0,499,351,499
1253707671,3858561726,24,482,35,437,458,402
1253637782,193419131,83,415,0,499,332,499
1323378334,4231830798,32,481,33,470,449,437
1104318074,1830560280,62,463,88,364,401,276
1301685141,4152894963,0,499,0,499,499,499
1096782565,1659993151,94,404,0,499,310,499
1312887973,4178113369,56,442,175,356,386,181
1148537619,2350051692,85,428,33,466,343,433
1037150332,532989047,22,489,101,403,467,302
1279178727,4037584607,20,483,46,446,463,400
1261425311,3898728551,0,496,0,498,496,498
176246530,5527367,145,354,100,399,209,299
1153443711,919620973,37,483,14,480,446,466
983833301,288157625,125,385,154,359,260,205
1323253433,4231686631,20,470,113,499,450,386
1317247788,4210987042,81,401,80,395,320,315
1071867618,885142969,147,351,100,399,204,299
1309670080,4181532996,98,389,159,383,291,224
1205340676,3303129002,0,499,0,499,499,499
1253633614,2066060448,83,415,0,499,332,499
871843971,116850771,0,499,78,421,499,343
1121780870,2041950900,62,436,0,499,374,499
1320180860,4215452502,18,482,138,361,464,223
1306895850,4167095576,106,388,51,463,282,412
1209287927,3368972017,72,426,0,499,354,499
1026056259,559361589,15,482,74,422,467,348
1321643308,4227454594,117,381,28,463,264,435
1030439504,597639345,109,389,0,499,280,499
1271106495,3974958289,2,499,27,499,497,472
1269731398,3962000052,0,499,0,499,499,499
1295917695,4127720741,30,448,64,464,418,400
846486741,75075324,62,436,0,499,374,499
1136975528,2336098298,0,499,0,499,499,499
1279908627,4042177425,35,464,35,464,429,429
1315169032,3705477538,25,452,139,357,427,218
610408525,54903346,233,271,227,316,38,89
1282527446,4057542784,71,453,23,434,382,411
853955288,85239656,144,356,100,399,212,299
1172198691,2916816630,144,416,0,499,272,499
1256853516,3874922333,72,427,0,499,355,499
958782730,229510211,167,308,77,373,141,296
1225886255,1098353526,151,348,207,304,197,97
1211983763,3414348931,108,479,44,477,371,433
1117780228,1286146614,161,338,100,399,177,299
1296738691,4129332063,92,407,0,499,315,499
1054114367,1039702594,99,389,82,393,290,311
1198134337,3211734122,152,347,100,399,195,299
982232638,285885606,21,487,97,417,466,320
1260715239,3895286461,0,499,0,499,499,499
1286995735,4076978450,41,462,96,408,421,312
1143394681,2465090538,132,366,212,284,234,72
1265195823,3929887614,7,494,17,467,487,450
1121983315,1498957649,93,406,0,499,313,499
1008086728,435926770,112,387,50,449,275,399
1261896070,3900714089,0,499,0,499,499,499
1245893283,3795288959,19,480,20,479,461,459
1083724993,1480767940,78,421,0,499,343,499
914023427,158520324,145,354,115,384,209,269
1276224000,4012178923,39,468,20,467,429,447
148471230,2752362,86,413,0,499,327,499
846750872,62773394,190,309,165,333,119,168
1266510836,3938620110,288,297,189,331,9,142
973929845,270286753,62,436,0,499,374,499
1204171891,3286823254,73,426,0,499,353,499
1093606827,1597769085,143,355,0,499,212,499
987555424,294401658,103,380,27,486,277,459
1246399858,3798829012,99,409,13,482,310,469
1027292460,570634945,111,388,50,449,277,399
1265927749,3935695532,15,487,13,406,472,393
1312728724,4176753995,63,435,0,499,372,499
1204266570,3219916978,5,496,105,363,491,258
1316117316,4200871264,2,487,0,491,485,491
1151707856,2577423243,0,499,0,499,499,499
1240764147,3748224489,0,499,26,499,499,473
1294194150,4120300514,0,499,62,436,499,374
876358653,121607381,85,414,0,499,329,499
1275564141,4006495187,46,464,70,445,418,375
227680330,5070779,67,432,0,499,365,499
1297878337,4137578632,69,442,71,447,373,376
1106546585,845432720,50,449,53,446,399,393
1308348009,4166990064,93,417,39,454,324,415
1053580820,1035087642,80,418,0,499,338,499
1308891156,278407726,100,399,28,471,299,443
1258933425,3887924061,203,286,190,342,83,152
1065109693,1146673987,0,499,0,499,499,499
1278059777,4028557582,143,331,37,428,188,391
1273341826,3992564417,103,455,94,495,352,401
1268391263,3950239796,62,436,0,499,374,499
1257408697,3881319564,0,499,0,499,499,499
1313370094,4197668662,44,458,29,445,414,416
1254932446,3694314363,61,438,80,418,377,338
1218648682,3928358878,0,499,0,499,499,499
1276309272,4012661979,0,499,83,415,499,332
1278939277,4037568748,0,499,0,499,499,499
1276571623,4014156974,103,372,106,390,269,284
718096430,59242860,227,272,215,284,45,69
1062306940,1112951094,149,348,114,392,199,278
293700149,9622764,223,277,210,289,54,79
1026905993,569671075,100,399,55,443,299,388
1275703339,4006536101,0,499,0,499,499,499
1209717131,3382587068,27,485,71,469,458,398
1286914967,4076881346,0,499,0,499,499,499
966679337,253407140,208,293,167,317,85,150
909281223,153775741,143,355,100,394,212,294
1236846501,3707735244,106,383,76,445,277,369
1127261103,2116234184,0,499,62,436,499,374
1245644389,3793572604,28,474,86,393,446,307
1217059496,3489140696,60,436,21,476,376,455
984241682,288596393,62,436,0,499,374,499
1323404628,4231838102,68,434,67,437,366,370
1268111411,3944649604,53,454,96,429,401,333
1267305859,3942511934,163,374,162,366,211,204
1236935338,3716121905,180,319,153,346,139,193
1162415051,2753832668,0,499,62,436,499,374
1030864301,604714900,0,499,35,464,499,429
1261094622,3897601189,0,499,62,436,499,374
1064930214,1138552691,0,499,0,499,499,499
1321329141,4222981796,174,342,16,459,168,443
1261172610,3898707446,97,403,63,433,306,370
1190696880,3093773937,185,297,151,347,112,196
1310318807,4182234603,0,499,0,499,499,499
1127991660,2129682701,44,425,92,400,381,308
1251635760,3844294478,0,499,5,424,499,419
1298573110,4139341716,0,401,104,499,401,395
1283474418,4061578949,19,499,0,478,480,478
1098190898,922863510,153,346,100,399,193,299
1282008960,4050754302,43,432,56,429,389,373
1142024615,2444176191,35,464,0,499,429,499
1005477837,412230378,0,499,64,434,499,370
1263879750,3921316892,125,378,10,499,253,489
1156078129,2664721991,199,300,22,497,101,475
1232191692,3657924278,29,479,43,468,450,425
1273362865,3992623037,0,499,0,499,499,499
958568188,228489674,117,379,161,343,262,182
1276344919,1434660611,7,489,84,359,482,275
1055749565,1066357318,156,343,149,399,187,250
1276724161,4015985430,0,499,10,499,499,489
1146401348,1989612672,113,356,105,415,243,310
1168011559,2849767805,202,292,81,418,90,337
1241808148,3758824013,0,499,62,436,499,374
1273418874,3992581086,56,449,63,442,393,379
1283591579,193413691,83,415,0,499,332,499
1253538163,3857511050,0,499,62,436,499,374
1265255742,3930060968,113,390,30,479,277,449
1257891574,3883419576,0,499,0,499,499,499
1254702767,3863855383,56,454,50,462,398,412
922355701,164676664,71,427,0,499,356,499
1292443805,4108915707,13,485,109,409,472,300
1324031404,4232367929,50,499,61,453,449,392
1185681718,3021616497,180,304,134,356,124,222
1251470282,3842777728,49,446,17,480,397,463
1211761334,3409964917,21,472,40,443,451,403
1114988704,220882169,46,452,50,472,406,422
1310632050,4182264887,230,271,103,447,41,344
1314571473,4202305086,0,446,0,485,446,485
960223762,142725476,62,436,0,499,374,499
1275446531,4005971087,157,341,121,385,184,264
1178132668,2981151237,236,276,76,175,40,99
1285858710,4017676789,49,464,76,464,415,388
1196409190,1439568477,70,431,0,499,361,499
984243677,288565867,77,421,0,499,344,499
1061544544,567635870,130,371,4,498,241,494
1282023955,4050758525,106,405,102,449,299,347
1264045663,3923103633,119,359,112,486,240,374
1275334127,4003961123,48,463,48,464,415,416
1284169763,4063432442,74,441,73,426,367,353
1241254014,3744228736,75,423,0,499,348,499
1172117660,2916187859,198,294,210,280,96,70
1311915684,4189057719,0,499,0,499,499,499
1283609667,4061592334,79,420,62,403,341,341
1260366099,3893203967,121,357,142,376,236,234
351748239,48048284,214,305,208,303,91,95
1118591538,1986858313,125,374,93,412,249,319
963273218,19600164,109,389,0,499,280,499
1263371759,3915395164,81,418,26,479,337,453
1108365365,1875804617,110,389,51,447,279,396
1248854330,3817904754,24,486,19,478,462,459
1167435856,2835474065,80,418,0,499,338,499
1285835196,4017665285,47,462,45,458,415,413
1309112502,4179598923,0,499,0,499,499,499
1304077214,4160932958,106,388,51,463,282,412
1209268614,3372870081,129,489,34,442,360,408
1121536999,2037975829,31,464,141,361,433,220
957000928,1479399,62,436,0,499,374,499
1178125211,2981037406,193,313,15,496,120,481
1100060364,1711732992,180,319,151,347,139,196
1125183903,278515807,0,499,110,390,499,280
1090250166,1556300199,133,366,100,399,233,299
977680620,278520614,91,408,0,499,317,499
1285875884,4017685510,57,477,27,490,420,463
1256688170,3874817823,120,379,70,431,259,361
1240823002,3748415141,65,434,0,499,369,499
1269865953,2074978247,100,399,15,483,299,468
1100134083,1708844071,0,499,38,460,499,422
1245015118,3731050656,61,437,186,448,376,262
1078030422,1390157076,156,343,100,399,187,299
1277916240,4023218092,46,423,178,336,377,158
1280692556,4046437693,49,478,60,472,429,412
1295960259,4128274548,139,366,73,427,227,354
1305534746,4165989222,14,483,100,399,469,299
1066913519,1173167034,61,449,151,389,388,238
875616752,70999599,55,443,0,499,388,499
986080950,291865514,40,458,143,381,418,238
1186588880,3033871883,0,499,109,389,499,280
1023317627,535687617,5,494,75,424,489,349
1221456007,3563522498,54,444,24,469,390,445
1322901479,4230140856,0,499,45,453,499,408
612011369,54932488,65,433,0,499,368,499
1209717633,3382587311,65,451,78,418,386,340
1243235383,3770951051,68,431,0,499,363,499
1265241039,3929960154,81,431,124,392,350,268
1258407772,3883434242,0,499,0,499,499,499
1044624893,861321419,154,345,130,369,191,239
1276416396,4012331408,0,498,97,401,498,304
1041483604,607849136,62,436,0,499,374,499
1317095169,4211271405,0,499,0,499,499,499
1192400508,3127267199,62,436,0,499,374,499
1201882536,3249179044,26,400,38,447,374,409
876349294,118956154,89,409,0,499,320,499
971423420,262158625,144,355,100,400,211,300
882344319,126916609,226,273,263,290,47,27
1240742735,3748218746,0,499,0,499,499,499
1328439769,4250685867,0,499,0,499,499,499
1192509884,3128801874,80,449,17,484,369,467
982247863,286004064,225,274,236,263,49,27
1243431965,3773723333,19,480,95,403,461,308
1205812278,97190579,178,321,156,342,143,186
933489351,190667468,62,436,0,499,374,499
1211887511,3312222495,0,499,6,493,499,487
921249854,168344823,9,487,109,410,478,301
906323657,150692334,87,413,0,499,326,499
1235952317,3702172090,118,398,40,361,280,321
1102167402,1791763979,14,484,118,328,470,210
1239446334,2953771647,41,458,113,361,417,248
1014692531,473960358,135,364,79,419,229,340
885204720,122687787,85,357,105,409,272,304
1311038552,4184405384,3,496,3,496,493,493
1188521680,3067034295,91,401,151,351,310,200
1310720738,4184544044,20,482,16,480,462,464
1127697111,2129167823,94,404,16,483,310,467
1282902953,4057531355,0,499,0,499,499,499
1273704550,3992776559,30,455,64,464,425,400
927970373,181228896,0,499,62,436,499,374
1246418201,3798934088,153,346,42,457,193,415
1276314239,4012662385,0,499,0,499,499,499
1117010145,1967320876,12,481,82,417,469,335
1265215745,3929900576,146,358,27,433,212,406
1270219885,3969948807,5,492,146,357,487,211
1058871012,1082300879,51,458,46,475,407,429
1304139497,4160952945,106,388,51,463,282,412
1000907081,361331892,0,499,83,415,499,332
896814727,99003028,74,425,12,486,351,474
1253519701,3857173182,67,470,46,457,403,411
1177148829,2970575996,93,385,23,480,292,457
1262598332,3909461603,19,473,107,329,454,222
1124239773,2063600335,155,343,100,399,188,299
1270209122,3969255888,0,499,0,499,499,499
857384014,85856439,188,311,160,315,123,155
1004008235,401115103,69,430,0,499,361,499
1098776493,1684968689,0,499,83,415,499,332
989033115,296204680,62,436,0,499,374,499
1176792788,2960511012,62,436,0,499,374,499
1225887147,3139298706,125,374,125,363,249,238
1285449640,4042892616,71,427,27,472,356,445
1115048870,1938777675,0,499,78,421,499,343
1316847544,4201005316,116,314,110,417,198,307
1261630470,3900805892,55,391,82,407,336,325
1055021340,1048763729,0,499,109,389,499,280
1156954393,2677261669,0,499,109,389,499,280
1152033059,2597339732,215,284,1,498,69,497
1273769140,3992802971,40,444,73,461,404,388
1235203700,3692467332,32,473,58,460,441,402
1107660100,1869201206,120,386,170,323,266,153
1323265554,4231688150,0,499,0,499,499,499
1283329841,4061176236,0,499,0,499,499,499
1299553538,4140665464,0,499,2,497,499,495
1314831838,4186743472,64,412,26,470,348,444
1310198545,4183253300,92,405,11,486,313,475
1017442252,500503736,62,436,0,499,374,499
972480142,265603761,0,499,59,439,499,380
1204825912,3298145291,58,454,26,480,396,454
1269587371,1173147062,100,399,33,466,299,433
1260393030,3893245985,0,499,0,499,499,499
1308878894,278494507,137,392,25,470,255,445
1316103841,4200869243,66,438,93,422,372,329
1236944499,3716248194,180,319,153,346,139,193
1237186901,3716584435,0,499,0,499,499,499
1174590743,2940639794,178,324,180,327,146,147
893675967,141489180,50,449,50,449,399,399
1009813796,195118886,162,336,150,349,174,199
1045095107,867168159,117,380,134,362,263,228
1263981395,3923193319,0,499,13,499,499,486
1262342673,3906639242,0,491,25,499,491,474
1274408064,571266943,79,420,0,499,341,499
966391252,247364319,0,499,62,436,499,374
466119730,50536748,100,399,48,451,299,403
955336224,219599276,62,436,0,499,374,499
894035550,16611849,76,423,0,499,347,499
867682721,110910309,217,283,193,299,66,106
1132216715,2221979577,80,429,44,452,349,408
1305130341,4164670685,106,388,51,463,282,412
1269626257,3960070666,29,474,74,499,445,425
1084021509,1491372386,24,479,136,377,455,241
676500,1063858,67,432,0,499,365,499
1042826933,843443612,0,499,0,499,499,499
877111656,122517810,0,499,62,436,499,374
1269922381,3584278024,100,399,56,443,299,387
1253519663,3857173166,28,489,132,376,461,244
1133303224,2246946440,72,444,145,363,372,218
1005663441,416243081,70,428,0,499,358,499
1307150656,4170669283,35,464,0,499,429,499
1253213080,3854772366,0,499,11,499,499,488
1273232798,3992591426,25,479,48,472,454,424
1308419001,4152150281,42,461,41,462,419,421
1286926594,4074701624,41,464,38,428,423,390
1282023539,4050758322,54,430,60,431,376,371
1037317515,727737004,0,499,36,462,499,426
1258152127,3883965146,17,490,115,473,473,358
941164667,205918326,114,385,50,449,271,399
1175360875,2947788472,141,437,83,437,296,354
1276427387,4013272051,0,499,0,470,499,470
1078178441,1395602560,125,374,0,499,249,499
1099698399,1395691239,179,346,71,345,167,274
1007705581,435271285,100,399,54,444,299,390
1316248937,4200880316,0,499,0,497,499,497
1228667101,3619465165,0,499,62,436,499,374
1173224263,2924250724,62,425,22,493,363,471
1007821163,435285443,100,399,54,445,299,391
1282560977,4057547316,64,426,125,381,362,256
1307103543,4170588152,0,499,71,427,499,356
1191095451,3101490405,46,425,119,406,379,287
991262121,298706510,98,402,20,474,304,454
1013764155,469443378,135,365,90,407,230,317
1190251099,1987347629,231,277,92,409,46,317
1292017884,4105747458,32,472,107,384,440,277
941251791,206214398,127,359,169,330,232,161
1225887141,1154697618,125,374,125,363,249,238
1136345626,2255607391,0,499,83,415,499,332
937384147,80370954,62,436,0,499,374,499
1281994189,4050748250,12,498,18,495,486,477
1215785418,3473135680,72,426,0,499,354,499
1273582399,3992765739,25,466,29,472,441,443
1229488926,1876687591,0,499,147,352,499,205
969406642,256689328,0,499,64,434,499,370
1053584328,1035094750,81,417,0,499,336,499
1285796607,4070685933,0,499,0,499,499,499
1269061129,3953973457,0,499,0,499,499,499
1190248749,1904855819,0,499,62,436,499,374
1304033450,4160884204,106,388,51,463,282,412
1120457097,2013529938,110,389,145,354,279,209
1288056834,4079554785,0,499,0,499,499,499
1140309853,2406557996,88,441,95,418,353,323
1313625669,4198481832,333,462,54,453,129,399
911488254,67130363,206,293,190,309,87,119
1254765003,3865327433,128,373,88,411,245,323
1277188544,183496618,62,436,0,499,374,499
1024409589,87478886,77,421,0,499,344,499
834829856,2549762,0,499,62,436,499,374
1313218025,4182811337,124,349,41,469,225,428
1053606244,291727342,42,462,100,435,420,335
1314636287,4203226300,0,499,0,499,499,499
1307455235,4168852038,50,445,78,456,395,378
182308230,5213662,145,354,100,399,209,299
1124740732,2081513382,137,361,100,399,224,299
1270411050,3971707493,0,499,0,499,499,499
868172178,111565666,206,293,202,297,87,95
1176505098,2958501388,157,343,156,342,186,186
1290987025,4098879801,235,281,40,477,46,437
1316128475,4200872258,12,477,32,436,465,404
1266719057,3939858663,57,461,47,446,404,399
1288921904,4085925157,0,499,0,499,499,499
1013895920,274088872,0,499,63,436,499,373
1275326378,4003960631,28,485,98,393,457,295
1236935203,3716121738,180,319,153,346,139,193
956741315,223030926,0,499,83,415,499,332
1037269864,270522785,0,499,62,436,499,374
1130679906,2186554334,31,468,92,405,437,313
557079979,53628150,73,425,14,499,352,485
1168895037,2867011769,101,387,46,458,286,412
1270219937,3969948826,21,478,153,386,457,233
905342988,149966983,97,423,13,499,326,486
1190251448,2713620183,84,424,76,432,340,356
1316283259,4209025084,51,449,77,417,398,340
1302398399,4155263286,0,499,0,499,499,499
1081687636,1460001861,0,499,62,436,499,374
1092093278,49595871,109,389,0,499,280,499
1243584526,1854687892,134,350,39,457,216,418
1195807821,3177051422,27,482,18,465,455,447
1051800766,977874245,0,499,62,436,499,374
1168528340,2853553939,62,436,0,499,374,499
1139916684,2394299490,62,436,0,499,374,499
1237037023,3712666511,62,436,0,499,374,499
255325440,9186751,72,427,0,499,355,499
1154987255,2646579412,17,493,46,452,476,406
1070014561,1260587537,4,494,0,499,490,499
1308390501,4176107801,91,402,74,411,311,337
1266915582,3940023034,0,499,0,498,499,498
1289428037,4086098649,0,499,0,499,499,499
1154828129,2627598028,18,480,0,499,462,499
1273377564,3992572608,20,459,60,465,439,405
1279044743,4037089302,76,429,72,420,353,348
1189216985,3079976980,22,399,39,442,377,403
1054158640,1039836640,75,424,0,499,349,499
1181439460,3002931957,139,360,16,489,221,473
1317195029,4211529604,0,499,0,499,499,499
1282813224,4057525247,0,499,0,499,499,499
1252790303,3851702014,194,300,200,312,106,112
964680350,247753859,15,484,112,387,469,275
1275565446,4006495242,92,419,130,389,327,259
1275675327,4006528451,0,499,0,499,499,499
1258619123,3885529324,70,438,72,440,368,368
875359822,121354979,0,499,62,436,499,374
872624326,117977369,71,427,1,497,356,496
1252540526,3850039361,84,442,82,451,358,369
1298387734,4139329969,20,467,36,448,447,412
1020384050,523347930,64,465,202,291,401,89
1273363596,3992570166,70,432,72,433,362,361
1235398534,3693434222,110,381,75,430,271,355
1008083145,435919699,100,399,57,442,299,385
1178123955,2981013954,91,436,92,400,345,308
1262368075,3906641427,35,433,93,386,398,293
1013624530,468422583,85,413,0,499,328,499
1313203894,4182730371,98,417,24,467,319,443
1260392178,3893245974,8,481,108,366,473,258
1255981743,3872872550,75,411,88,402,336,314
1276807673,4017068329,77,425,6,495,348,489
977198710,277611417,91,405,94,407,314,313
1313186188,4182718606,59,454,100,416,395,316
1269921525,278414098,100,399,12,486,299,474
1007681255,435077144,141,357,100,399,216,299
1265216910,3929900634,4,478,210,399,474,189
1251224686,3838152634,64,436,7,486,372,479
1168639158,2862279071,0,462,72,436,462,364
1223405087,3580843993,0,499,109,389,499,280
1223713815,3583643504,8,491,28,490,483,462
1273767340,3994953806,0,499,0,499,499,499
1188462880,3065095703,0,499,62,436,499,374
1093524865,1606669255,0,499,62,436,499,374
1165814091,2807195791,84,415,0,499,331,499
1167372730,2833659229,38,443,69,386,405,317
1255134746,3868387902,0,449,27,472,449,445
1007655456,435125710,100,399,43,456,299,413
1252211743,3848025169,0,479,0,470,479,470
1324302400,4235891366,0,499,0,499,499,499
1281993391,4050748170,0,498,14,499,498,485
1298823431,4139507449,0,499,40,499,499,459
1281929313,4044227110,49,460,18,460,411,442
1207335186,2778841660,0,499,0,499,499,499
993760561,301725615,121,355,41,480,234,439
1270324050,3971188505,17,489,73,422,472,349
1148436700,1534816034,60,439,0,499,379,499
1259849458,3889168354,0,499,0,499,499,499
1295904905,4127718695,57,448,63,442,391,379
1268485039,3951792638,22,479,28,472,457,444
1276900982,4018290645,62,436,0,499,374,499
870341930,114685140,110,392,188,309,282,121
1321671533,4223015307,0,499,225,263,499,38
1261177875,3898708513,149,343,63,435,194,372
1285985829,4070738580,0,499,0,499,499,499
1283689376,4061598140,0,499,0,499,499,499
1283719287,4061606223,0,499,0,499,499,499
1255784513,3871116995,26,453,62,464,427,402
1138461631,2368123382,62,436,6,499,374,493
1253339275,3856415374,12,452,155,378,440,223
1035148639,681835554,62,436,0,499,374,499
890144960,136193640,68,431,0,499,363,499
1310685853,4182268890,5,415,22,493,410,471
1018395716,510785167,152,349,6,494,197,488
1313284459,4182954155,178,340,33,466,162,433
1136024239,2296597701,152,346,100,399,194,299
1238733036,3729735182,42,474,159,351,432,192
963829790,244690083,102,397,26,473,295,447
1276306598,4012720842,0,499,0,499,499,499
1278222455,4030650029,96,469,186,309,373,123
1128224862,962118455,158,341,100,398,183,298
1169904068,2887191315,99,357,168,448,258,280
1222617491,3571752449,70,428,75,424,358,349
1037999908,290707814,109,389,0,499,280,499
1287880179,4079551100,0,499,0,499,499,499
1155138394,2649520216,0,486,84,426,486,342
1139914652,2393542727,0,499,63,435,499,372
1023333819,536076482,109,411,201,345,302,144
1311359390,4187199326,139,374,167,374,235,207
1025861650,555590298,0,499,62,436,499,374
1124719168,2075775865,0,499,62,436,499,374
862300787,101985822,0,499,62,436,499,374
1272419814,3989398083,109,393,41,449,284,408
1318704993,4217953210,30,465,77,443,435,366
1121679139,2041105272,180,319,153,346,139,193
1282829688,4057526926,61,431,86,457,370,371
1323060812,4231807202,78,438,88,430,360,342
1274955796,4002433027,0,499,83,415,499,332
1190252609,2832752201,68,435,99,405,367,306
868120351,111377957,0,499,15,484,499,469
961269094,237263737,62,436,0,499,374,499
1007593536,435155472,100,399,59,440,299,381
1275701433,4006535987,71,415,100,401,344,301
1318263129,1499687030,10,468,164,340,458,176
959800354,139969865,80,418,0,494,338,494
1288894730,4086129191,30,412,9,493,382,484
1251501928,3843163624,36,481,109,465,445,356
1218587039,126531148,7,450,24,446,443,422
1297169584,4130051645,72,427,0,499,355,499
1136094508,2318209850,0,499,0,499,499,499
1240984475,3750290363,93,406,0,499,313,499
1114851683,1936994754,62,435,37,479,373,442
984272020,219762693,29,466,72,441,437,369
1307821492,4172827198,28,474,173,392,446,219
1308350273,4175945988,70,432,45,452,362,407
1321009385,4221661814,78,434,154,314,356,160
1324211643,4235882947,0,499,0,499,499,499
1187560778,2806785334,149,358,153,325,209,172
1245076610,3788539393,162,236,294,318,74,24
1192013397,3120284889,170,338,22,459,168,437
921495839,169072459,78,420,0,499,342,499
1269450592,1121106797,100,399,19,479,299,460
1317730666,4211193433,48,454,0,499,406,499
1078976113,1413049707,78,420,5,495,342,490
1241671559,3759385621,5,494,143,355,489,212
1304011219,4160805720,104,387,51,457,283,406
909766184,154099350,130,369,90,409,239,319
1220044387,751268763,183,315,150,349,132,199
1275253599,4003949790,0,499,0,499,499,499
1079347697,1161226470,0,499,62,436,499,374
1258956813,3887589108,15,474,41,466,459,425
1313910761,4186085309,43,448,109,445,405,336
1258309727,3883968890,35,457,49,368,422,319
1282293794,4056001830,24,475,85,411,451,326
1251808683,3844585259,207,293,54,456,86,402
941337992,201072383,0,499,62,436,499,374
1282584211,4057555202,12,480,71,392,468,321
1275483391,4000553278,0,499,109,389,499,280
1082390908,1183437294,28,471,121,376,443,255
1243661022,3775280056,19,480,52,442,461,390
1155769766,2659730482,33,499,48,449,466,401
1211788655,3409965976,0,499,0,499,499,499
869880488,114070708,200,299,180,319,99,139
853253265,70085729,69,429,0,499,360,499
1096521014,1655283722,0,489,129,371,489,242
1108355641,1875640899,158,346,106,384,188,278
835252122,60151417,65,449,68,431,384,363
964236523,246357894,14,489,111,392,475,281
562943941,53837843,62,436,0,499,374,499
1301075213,4150449357,172,356,166,465,184,299
983902835,288226042,63,431,3,484,368,481
913665099,124355424,122,377,50,449,255,399
1266706616,1181277609,100,399,32,467,299,435
1149486024,2551561679,62,436,0,499,374,499
1258519686,3885604489,135,380,126,319,245,193
1133700321,2195093469,4,495,218,283,491,65
940733669,204906529,62,436,0,499,374,499
1269067535,3955111957,163,327,204,467,164,263
1301722948,4151003214,152,369,29,497,217,468
1253462903,3856809878,115,390,56,478,275,422
1317255083,4210987215,60,440,36,475,380,439
1075758205,1352145771,62,437,62,436,375,374
1167872895,2845538373,62,436,0,499,374,499
1304022380,4160808122,113,378,140,359,265,219
1099701897,1706101644,125,374,62,436,249,374
1226405844,3591581836,0,499,142,436,499,294
1323259934,4231687321,0,499,0,499,499,499
1053576922,1035052597,79,420,0,499,341,499
1259194947,3887611777,58,448,64,446,390,382
1240996144,3750984716,62,436,0,499,374,499
1078242235,1396217313,0,499,62,436,499,374
1271537556,3976937916,0,499,0,499,499,499
1276444359,4013275953,32,498,0,461,466,461
1104286130,1829649908,69,445,30,480,376,450
1265375939,3930103498,149,348,38,472,199,434
964414623,246765215,0,499,83,415,499,332
1323265473,4231687948,38,453,67,468,415,401
1309112794,4179667700,34,492,62,440,458,378
1029511570,591830016,51,468,35,470,417,435
1275189304,4003932717,0,499,0,499,499,499
1008758422,439175166,73,425,0,499,352,499
1268637027,3952444359,87,410,5,494,323,489
1260246302,3894926094,26,453,62,464,427,402
1243171953,3770836224,91,427,123,405,336,282
1178442278,1681499022,115,389,121,408,274,287
1270061308,3966733045,73,426,0,499,353,499
1268024097,1434660954,113,483,78,439,370,361
973175708,268089820,137,368,139,358,231,219
1102366308,845432751,23,493,21,481,470,460
1218134256,3505578140,6,494,6,494,488,488
1026870171,569609832,113,385,50,449,272,399
1073883988,1326647894,8,278,226,302,270,76
1190251046,2041885663,202,303,74,431,101,357
1240536243,3748038715,0,499,0,499,499,499
1304179105,4160988210,106,388,51,463,282,412
1273160440,3993175053,44,458,201,376,414,175
1307778786,4172824334,17,482,17,481,465,464
846091698,50850150,62,436,0,499,374,499
30320630,1663769,81,417,31,468,336,437
1209425789,3377272814,1,475,221,277,474,56
1148497725,176760953,75,423,0,499,348,499
1316230737,4200879491,0,499,0,499,499,499
1277068071,4019793702,20,470,50,462,450,412
1318331852,4213728363,243,264,0,499,21,499
1309566671,4179940017,0,499,0,499,499,499
920826608,167360976,5,493,5,493,488,488
1227169703,3607252433,218,294,170,316,76,146
1247442663,3810223560,38,481,213,282,443,69
1206106728,3320085581,11,494,113,358,483,245
1156009340,2663404526,94,401,79,432,307,353
1275409189,4005903694,12,468,71,427,456,356
1091960456,1548294593,18,497,47,462,479,415
1121668743,2037157369,0,499,131,368,499,237
862579359,102706023,67,431,56,438,364,382
1252627215,3850328343,0,499,154,436,499,282
1092496841,1584177176,49,434,223,273,385,50
1224475756,3586315769,17,487,62,459,470,397
1281546986,1994204521,99,399,17,481,300,464
1313425101,4197675055,104,441,77,453,337,376
1188462895,3065095718,0,499,62,436,499,374
1116116283,1953490102,111,387,0,499,276,499
1302929302,4155348853,6,492,14,499,486,485
1036349568,123046833,62,436,0,499,374,499
847910379,57316526,61,438,0,499,377,499
1289097122,4085966644,0,499,0,499,499,499
884809468,130229294,100,399,150,348,299,198
1283424616,4061577764,33,448,118,388,415,270
1136959864,2336079132,0,499,0,499,499,499
1256726258,3874333347,0,499,0,499,499,499
912169251,156250621,82,416,0,499,334,499
1300230122,4145351808,62,436,0,499,374,499
985437601,290461794,62,436,0,499,374,499
1251415491,3842551549,45,438,107,403,393,296
1146392538,152003793,29,491,34,466,462,432
1261068308,3896820842,62,436,0,499,374,499
1284132339,4063417630,78,419,87,408,341,321
1288869374,4086009262,0,499,61,437,499,376
1265228214,3929868145,0,498,14,499,498,485
1096608696,1657063707,0,499,0,499,499,499
991996450,299605990,133,366,83,416,233,333
1310042794,4182214938,0,499,0,499,499,499
1301540923,4150997852,0,499,0,497,499,497
997420262,86928409,190,309,160,339,119,179
1273760072,3992793695,91,426,91,424,335,333
1257343577,3879910054,0,499,0,499,499,499
1271554486,3976946273,248,360,141,433,112,292
1127692895,2128790142,0,499,63,436,499,373
1258082062,3883927272,0,499,0,499,499,499
1235706483,3697720197,62,436,0,499,374,499
1161295945,2048557356,19,484,103,398,465,295
1312654191,4195557176,27,479,113,360,452,247
962028685,238921467,0,499,130,368,499,238
1316301610,4209052492,0,499,0,499,499,499
1011006936,448210532,96,430,0,488,334,488
1127369302,278576988,144,354,100,381,210,281
1324060826,4236041582,26,461,35,384,435,349
1252985655,3854408127,51,499,0,435,448,435
1261980736,3902246139,12,488,76,417,476,341
1254102452,2753005862,62,436,0,499,374,499
1044017071,854393445,43,455,0,499,412,499
937088343,88800642,77,422,0,499,345,499
1240851230,3750100638,116,394,8,475,278,467
1283617160,4061593091,127,370,47,479,243,432
1229949846,3630381664,28,467,169,326,439,157
1258899765,3064255270,134,368,190,318,234,128
1324191745,4236297493,71,457,14,363,386,349
1203333667,1960325280,72,427,38,461,355,423
973967196,270299990,6,494,6,494,488,488
835576279,69547666,109,389,50,449,280,399
1265228412,3930062770,23,475,23,476,452,453
1319965805,4215293013,38,477,170,394,439,224
1300864839,4149281987,165,333,139,358,168,219
1309139764,4179726405,211,268,0,499,57,499
1025677593,554118689,130,371,23,471,241,448
885212264,127048186,149,350,93,404,201,311
1113061684,1926715048,14,484,17,481,470,464
1223781702,3584176385,0,499,0,499,499,499
1275610238,4006500638,12,490,118,399,478,281
1256928321,3875025781,0,499,0,499,499,499
1077638464,1376739432,0,499,0,499,499,499
1181329999,3001865996,17,481,21,476,464,455
1239473764,1923456811,189,310,150,349,121,199
1281974556,4050744650,100,413,127,369,313,242
1267308956,3942396329,0,499,0,499,499,499
1226405805,3591581826,0,499,142,436,499,294
900416558,145944084,75,424,0,499,349,499
1038986933,780613038,109,389,0,499,280,499
1116291010,468043553,149,349,101,399,200,298
1319412822,4214352719,300,471,152,384,171,232
1243658933,3775275017,0,499,169,436,499,267
1276431794,4013272840,0,499,0,499,499,499
1129800634,2172797871,137,361,110,399,224,289
1279238991,4037104392,0,499,0,499,499,499
1297788582,4111167553,59,440,161,371,381,210
893223728,140966765,73,425,0,499,352,499
941255866,206230595,169,328,106,427,159,321
1091990011,1575703783,80,408,18,479,328,461
1266506417,3938617770,11,491,182,344,480,162
936989177,196714056,0,499,62,436,499,374
1188462872,3065095696,0,499,62,436,499,374
1239243276,3735688369,1,498,0,499,497,499
1240873649,3750290350,73,412,29,499,339,470
1316133496,4200872672,52,445,23,474,393,451
1311395688,4187383497,0,499,0,499,499,499
1174585470,2940638493,213,290,157,342,77,185
1199812566,3236553334,94,363,33,425,269,392
1301450374,4151259758,37,462,105,403,425,298
1008876195,439613838,73,425,0,499,352,499
1173982055,2922605608,0,499,109,389,499,280
1131578320,2160541844,157,342,100,399,185,299
1257235077,3879891365,66,479,162,484,413,322
1296022302,4129002045,197,386,0,499,189,499
1027296457,570635975,116,383,50,449,267,399
870345237,114741898,72,424,0,492,352,492
906678686,145519138,124,374,12,486,250,474
1289807039,4089927082,61,423,141,398,362,257
1217174842,3490668901,0,499,190,325,499,135
1281962474,4050741946,173,327,146,319,154,173
1230046073,3629868823,62,436,0,499,374,499
1178733214,2987928175,0,499,0,499,499,499
1291951263,4103091702,66,433,0,499,367,499
1285852893,4017675792,43,446,74,417,403,343
1270518217,3971922779,0,499,0,499,499,499
956024675,220699863,62,436,0,499,374,499
1308370649,4175955751,13,476,25,489,463,464
1284837757,4066221767,135,396,36,469,261,433
1248225239,3814581080,48,430,12,421,382,409
869173941,93678808,62,436,0,499,374,499
1264057992,3923532685,80,419,20,469,339,449
1198892480,2540109442,137,361,100,399,224,299
948578415,211293526,123,366,1,494,243,493
1289491001,4088731203,105,390,36,450,285,414
1201828666,3249400478,31,468,0,499,437,499
1246663404,3801601877,7,489,104,370,482,266
1118850683,1987701885,62,436,0,499,374,499
1052423767,984922338,93,405,0,499,312,499
1112558929,1923655800,0,499,0,499,499,499
1146830516,2524902401,35,470,120,373,435,253
1285914059,4071435529,0,499,0,499,499,499
1276042458,4010225021,189,321,18,471,132,453
981048635,284151609,370,404,236,262,34,26
1259372253,3888911302,19,480,20,479,461,459
1109380051,1888181580,107,390,131,365,283,234
1321828549,4229449649,0,499,0,499,499,499
1320066781,4215348914,40,474,81,408,434,327
525465130,52850977,203,296,180,319,93,139
1273160798,3992406659,64,439,68,439,375,371
1261231681,3898713653,114,433,88,399,319,311
1148431004,90590818,70,429,0,499,359,499
878572745,123950959,117,381,65,434,264,369
1040582314,813802128,100,399,0,499,299,499
1239004356,3731584463,14,476,62,387,462,325
1116181086,1954483364,382,499,206,366,117,160
1309943337,4182212383,0,499,62,436,499,374
1309138780,4179726384,14,468,137,378,454,241
1320395463,4224253602,19,477,28,471,458,443
1260616363,3894589429,1,498,70,425,497,355
1118512161,478765661,0,499,109,389,499,280
900573662,146239790,89,396,0,499,307,499
1264812644,3927643370,4,473,35,499,469,464
985194725,290354260,68,431,0,499,363,499
1149932940,2567420952,61,435,123,378,374,255
1242874315,1100665043,100,399,12,486,299,474
881547247,6929241,56,443,0,499,387,499
1193629565,3147884758,195,290,139,357,95,218
1165742528,2806785476,197,332,209,305,135,96
913823910,158245665,0,499,62,436,499,374
1275532478,4006492217,17,493,76,455,476,379
1295930029,4127722227,43,452,57,458,409,401
1301340219,4150978907,47,453,9,438,406,429
859645280,59879220,62,436,0,499,374,499
987958009,294863329,151,389,222,282,238,60
939271329,201939772,94,404,11,499,310,488
1157349763,2684152197,62,436,0,499,374,499
1173819393,2932154237,0,499,62,436,499,374
1013426484,466429204,67,432,0,499,365,499
1007497625,435015265,100,399,50,449,299,399
1252627659,3850328509,0,499,62,436,499,374
1214044435,1976439687,152,346,100,399,194,299
1100083647,1711736225,110,389,54,445,279,391
1283102283,16969967,99,400,0,499,301,499
1268426157,3951006394,154,367,122,376,213,254
956153268,221096876,0,499,62,436,499,374
955336874,219982369,0,499,62,436,499,374
1256099405,3873228871,0,499,0,499,499,499
1005934211,417463867,68,430,0,499,362,499
1155138634,2649520231,188,319,48,395,131,347
1037325980,726915451,0,499,55,444,499,389
1273184249,3992527538,0,499,0,499,499,499
1269760387,3962514015,0,499,0,499,499,499
701120081,58404441,84,437,86,412,353,326
1198105565,278412183,158,340,100,399,182,299
955190173,219410185,62,436,0,499,374,499
1274880905,4001422277,8,492,21,480,484,459
1250216024,3831029670,154,345,110,389,191,279
1171887969,2913875082,0,499,109,389,499,280
1279043507,4037878236,0,499,0,499,499,499
958735025,229202957,167,331,2,496,164,494
1289287594,4087637084,0,499,0,499,499,499
1169931016,2887779493,15,491,36,454,476,418
1242031971,3761668442,0,499,0,499,499,499
1278782061,4037081787,0,499,0,499,499,499
1220226907,3541023549,18,455,53,448,437,395
1274895251,3969948874,6,493,129,404,487,275
1241674165,3759394389,180,391,214,315,211,101
971422843,262158509,122,289,239,263,167,24
1268005752,3945014119,56,457,101,407,401,306
1128747364,278551866,150,265,121,380,115,259
1323920900,4231426422,90,414,104,402,324,298
1096053893,1641425837,35,464,0,499,429,499
1028888244,589264483,71,427,0,499,356,499
1141318722,2419389347,0,499,0,499,499,499
1310149439,4182223102,0,499,0,499,499,499
1292456455,4108919118,5,488,154,391,483,237
1007649296,435124718,100,399,50,449,299,399
446735730,50256954,100,399,71,437,299,366
1220210020,3541011103,0,499,0,499,499,499
1207357285,2779829057,73,428,78,420,355,342
995469332,303468287,170,329,205,293,159,88
887356756,132498647,207,294,193,300,87,107
1088713456,1542581279,156,344,109,389,188,280
1319530709,4214461541,77,433,108,397,356,289
1043067215,846845948,71,428,0,499,357,499
1077542499,1373967634,109,389,0,499,280,499
1282540351,4057635236,32,464,142,381,432,239
1178034937,2980253259,112,393,65,427,281,362
1116076750,1952802188,66,433,71,431,367,360
1190251666,2647272542,62,437,62,436,375,374
1318081709,289970611,34,444,31,468,410,437
1249533367,3819977591,185,273,100,339,88,239
980301239,283323317,50,447,73,458,397,385
1243659048,3775275159,0,499,177,436,499,259
1141980880,2444764248,0,499,109,389,499,280
1249535891,3819983791,130,369,125,374,239,249
1273140892,3992521243,74,422,87,431,348,344
874749844,120586468,0,499,62,436,499,374
1253674462,3858367440,0,499,0,499,499,499
1312780595,4196063562,70,429,145,354,359,209
972252173,264713652,0,499,62,436,499,374
1265914424,3935633627,65,415,136,231,350,95
947446256,209783732,0,499,63,436,499,373
1313638875,4197539119,163,365,103,451,202,348
856292165,89469649,58,442,0,499,384,499
906635876,50006854,0,499,62,436,499,374
1318021236,4186598881,120,367,56,457,247,401
986629946,292785050,197,301,165,334,104,169
1242828859,3764204885,35,479,35,458,444,423
1267984408,3944993129,101,424,112,362,323,250
1169803743,2884114018,104,395,62,437,291,375
1146029334,547274369,151,348,100,399,197,299
1026055737,559361621,15,482,75,422,467,347
1141797551,2429057284,90,391,60,477,301,417
1323325540,4231757300,193,402,76,419,209,343
1211983114,3414348278,178,324,183,314,146,131
1309635506,4181406717,113,390,31,468,277,437
1300263466,4145469493,102,390,27,463,288,436
958403495,227839174,227,271,239,282,44,43
1301501581,4151262262,0,499,0,499,499,499
1062486771,1115319012,77,422,0,499,345,499
957721314,225153129,52,446,0,499,394,499
1119380928,1997813814,60,434,82,422,374,340
1123146505,2050026001,0,499,0,499,499,499
1036294918,698905391,60,438,0,499,378,499
1257253017,3879892982,7,482,72,426,475,354
1094418808,1619009615,0,499,62,436,499,374
1121420242,2035478953,57,429,10,487,372,477
1176033514,2945912878,33,465,0,499,432,499
1276008728,4010222429,7,491,23,499,484,476
1234487425,3684820463,62,436,0,499,374,499
1104029854,1798839566,62,436,0,499,374,499
1261410677,3898722484,115,404,60,476,289,416
1152751607,2610459042,83,415,0,499,332,499
1264168706,3923549499,25,499,0,498,474,498
1310630189,4184540675,138,365,154,327,227,173
996083663,304795257,0,499,21,443,499,422
1258354620,3883426797,71,403,169,344,332,175
1027054733,569654749,108,391,50,449,283,399
1015154682,478301766,96,402,0,499,306,499
1296303314,4130122995,65,431,60,439,366,379
1274881095,4001430082,46,452,2,499,406,497
1009266730,440572454,100,399,55,443,299,388
1007540130,435032262,71,428,0,499,357,499
1294865773,236830389,48,451,0,499,403,499
889296025,135489071,140,368,67,428,228,361
894772545,142239004,86,413,0,499,327,499
1255370558,3868879052,0,499,0,499,499,499
1256519229,3874388974,148,327,118,407,179,289
927938253,181222485,46,452,0,499,406,499
1204322735,1106339076,186,311,159,334,125,175
1060524290,1071196411,123,379,75,428,256,353
1008211167,436077540,100,399,56,443,299,387
1190669569,3093418487,134,377,117,378,243,261
1137729504,2352573716,62,436,0,499,374,499
1273775296,3992805141,0,499,0,499,499,499
1262226771,3905767233,62,436,0,499,374,499
1039791458,802854310,8,491,21,479,483,458
1187503562,3050424885,0,499,0,499,499,499
1111683761,1902762612,121,374,24,467,253,443
1313757741,4184041720,78,403,84,429,325,345
1074183484,1318876515,108,388,21,446,280,425
992924602,300365731,71,428,0,499,357,499
1275572551,4006496997,98,403,97,405,305,308
1309093511,4179604692,0,499,32,499,499,467
921249721,168344623,83,440,100,414,357,314
1094127712,1614537771,79,420,0,499,341,499
1099702832,1706097663,148,350,129,368,202,239
1174585954,2940638583,164,337,7,494,173,487
1180958463,2999122426,198,302,230,327,104,97
1096303909,1651001451,138,446,76,416,308,340
1273242662,3992593153,38,463,44,468,425,424
1200546693,3242016603,94,405,34,464,311,430
1100060337,1711736604,110,389,56,443,279,387
1122567886,2047950741,16,492,37,463,476,426
1283451928,4061578442,97,379,92,400,282,308
1162394902,2753709098,27,474,4,484,447,480
1191043211,3101179186,18,480,97,398,462,301
913849735,158286576,128,354,100,391,226,291
1174587045,2940638828,33,483,32,486,450,454
941211874,206038423,62,436,0,499,374,499
1274880930,3969948867,2,495,147,361,493,214
1273871850,3995334730,64,488,43,384,424,341
1133775237,2265452033,137,361,100,399,224,299
1310329185,4182235241,75,451,36,465,376,429
1043840824,853456131,7,495,98,397,488,299
1127945248,2133107301,141,358,92,407,217,315
1319957989,4215274655,71,406,68,405,335,337
1075976505,1356370585,0,499,0,499,499,499
1276023368,4010224203,0,499,9,499,499,490
1167689848,2833492015,109,395,0,438,286,438
1288970359,4085932675,0,499,0,477,499,477
1164498569,2786150066,0,499,30,468,499,438
1274297696,3997832848,0,499,0,498,499,498
1040826192,819755817,106,394,118,381,288,263
1237461087,3561549275,158,343,136,369,185,233
1298546579,4139339870,36,461,54,468,425,414
1261372448,3898716146,0,499,0,499,499,499
878022749,62069563,80,418,0,499,338,499
1277539295,4019816827,80,422,25,441,342,416
864980867,107027232,74,425,0,499,351,499
1308972750,4178618450,0,499,62,436,499,374
941883982,207543180,115,384,149,350,269,201
1211708952,3408043246,0,499,109,389,499,280
1110300663,1893904374,117,382,68,430,265,362
499647025,5247472,59,439,0,499,380,499
1238299214,3727588298,112,353,115,392,241,277
708289910,58766229,0,499,127,371,499,244
1167679391,2843164984,30,468,160,399,438,239
1203464897,3277811856,162,402,178,422,240,244
882585954,85205752,170,329,150,349,159,199
1296376325,4130471422,64,432,42,450,368,408
1245223764,3789608245,80,432,78,434,352,356
1287998947,4079554009,3,495,0,499,492,499
1236935124,3716121644,180,319,153,346,139,193
1275645697,4006904055,17,499,0,499,482,499
1195469301,3170638096,86,412,124,372,326,248
934379282,192443087,20,475,77,425,455,348
911789979,154704930,31,482,142,372,451,230
1302480672,4153303032,0,499,0,499,499,499
1008822292,439137402,73,425,0,499,352,499
1289050855,4085962824,46,446,141,443,400,302
868861150,112628865,204,294,185,314,90,129
458459530,50454794,160,339,131,367,179,236
1008840140,439138549,73,425,0,499,352,499
1064210557,1134872313,8,492,149,353,484,204
1313407416,4197672501,9,491,43,456,482,413
1174588141,2940639055,178,325,185,320,147,135
1243659985,3775275633,0,499,134,436,499,302
927964349,181256309,203,281,271,338,78,67
1151791942,2590164798,153,319,114,374,166,260
1243660187,3775276370,0,499,148,436,499,288
1306898291,4169838549,16,451,106,400,435,294
1249534236,3819978885,178,271,206,300,93,94
1225666184,3453643092,137,352,134,351,215,217
941678909,207257935,186,323,206,293,137,87
1190259066,1876687696,109,375,119,410,266,291
1314516093,4202303962,18,499,31,499,481,468
998351717,334563422,43,457,0,499,414,499
1087941837,1531626250,0,499,0,499,499,499
1044186755,858017092,159,342,118,379,183,261
1103888320,1821455765,31,64,85,395,33,310
967151071,254399170,213,305,71,353,92,282
1275715616,4006540039,0,499,0,499,499,499
903376718,148050670,58,441,0,499,383,499
1244286107,3751699178,159,335,417,498,176,81
1245115611,3788863796,0,499,68,430,499,362
867184698,110038015,81,418,0,499,337,499
1241420805,3756669821,185,310,187,335,125,148
1275411986,4004191527,31,460,57,457,429,400
1075720267,1352056861,155,344,100,399,189,299
1031549092,612506498,51,449,51,448,398,397
1254564627,2658133001,0,499,285,298,499,13
1286924077,4076936168,121,379,12,455,258,443
1042724575,841622449,73,425,0,499,352,499
1097262484,278392597,150,349,100,399,199,299
1269953668,3964949155,0,499,0,499,499,499
1243418416,3773721926,79,418,118,393,339,275
1290640712,4095304995,49,469,20,472,420,452
1253519575,3857173118,152,377,73,437,225,364
1139162954,2380216736,0,499,109,389,499,280
1134160105,2274591873,0,499,58,441,499,383
1109384328,1888315174,83,415,24,477,332,453
1050982740,972177013,64,434,0,499,370,499
1308951243,4173457478,117,381,65,434,264,369
1308216145,4175098450,120,391,13,494,271,481
1266792345,3939953275,167,334,37,491,167,454
1179167555,165019721,81,417,0,499,336,499
1252627308,3850328364,0,499,169,436,499,267
1043841046,853456107,85,427,48,464,342,416
1119407514,1998121842,137,361,12,485,224,473
1233836804,3682505116,30,422,109,419,392,310
156217730,209356,68,430,0,499,362,499
1248463056,3814958434,124,378,15,462,254,447
865582785,49413933,40,459,35,463,419,428
987911403,294815627,215,224,172,324,9,152
1262310471,3906637016,85,416,14,485,331,471
1176505495,2958505312,2,496,134,364,494,230
1282288736,4055999240,20,483,55,458,463,403
1156656932,2675088295,119,373,166,370,254,204
1139009534,2377651031,100,399,0,499,299,499
1075646601,1351611135,159,350,76,427,191,351
1318380619,3268018449,0,499,77,422,499,345
1281929303,4044227052,39,459,11,479,420,468
869182925,49114784,71,427,0,499,356,499
1243390759,3773729450,19,480,20,479,461,459
1215335218,3470007765,54,444,0,499,390,499
864764248,2778962,133,366,100,399,233,299
857725566,91872668,196,303,175,324,107,149
958250965,227205580,36,462,0,499,426,499
1154724407,2579434959,157,342,100,399,185,299
1322125223,4228958801,0,499,0,499,499,499
871644381,116562284,62,437,0,499,375,499
834072511,7584176,62,436,0,499,374,499
1174585930,2940638579,164,337,7,494,173,487
1255069699,3867157157,34,454,52,479,420,427
1316132689,4200872625,15,473,12,448,458,436
1306797725,4168955646,0,499,0,499,499,499
933621848,54552772,62,436,0,499,374,499
1215529514,3470071386,41,458,0,499,417,499
1323278373,4233426407,181,362,174,364,181,190
1118519269,1984419499,75,425,0,499,350,499
1090899096,1174919642,0,499,126,372,499,246
1100467774,1724859986,90,477,150,348,387,198
1177467057,2974269854,53,445,0,499,392,499
1295336434,4126286853,175,324,147,351,149,204
1231228501,3646741171,0,499,62,436,499,374
1149860277,2168076765,95,411,43,454,316,411
875476278,121519740,87,411,54,447,324,393
1027318304,570701380,104,394,50,449,290,399
683255401,56634115,125,374,167,331,249,164
1088679239,1539504708,0,499,62,436,499,374
1215444486,3470258744,0,499,45,499,499,454
1258692176,3886363393,96,385,16,373,289,357
1269736768,3962346711,19,467,146,338,448,192
1251438346,3842662916,0,499,61,499,499,438
1324186705,4236297082,112,443,178,480,331,302
965176236,249806720,0,499,89,409,499,320
852885786,83796347,62,436,0,499,374,499
1218252732,3460609761,25,457,155,311,432,156
445028730,50232493,141,358,110,389,217,279
1023296157,534551586,0,499,25,473,499,448
1218279067,3508339713,317,337,318,338,20,20
875872335,70455455,74,424,0,499,350,499
1026796449,569566791,103,395,50,449,292,399
1248467398,3814960408,0,499,83,401,499,318
1141920009,2444259434,71,427,0,499,356,499
1273756169,3992789279,21,454,61,464,433,403
1170481813,2897228974,83,408,137,413,325,276
1303785263,4159409126,22,459,62,465,437,403
1100062180,1711736259,110,389,54,445,279,391
971431471,262168215,6,490,23,491,484,468
1042186230,838276845,19,484,56,443,465,387
1136949116,2336068693,57,453,59,432,396,373
1132740562,2229876445,69,429,119,386,360,267
1252627064,3850328246,0,499,62,436,499,374
1317263591,4211716752,0,499,0,499,499,499
1073725789,1324930980,36,499,87,412,463,325
1209387492,3375997405,109,389,0,499,280,499
1261416196,3898724513,0,499,0,499,499,499
1308818447,4177837789,25,475,138,357,450,219
1308810403,4177860408,0,499,0,499,499,499
1275404638,4004172128,0,499,0,499,499,499
1299382353,4140481231,79,419,0,499,340,499
1266352824,3925255056,0,499,0,499,499,499
1307489562,4170895198,21,478,88,437,457,349
1321375835,4222388021,71,429,0,499,358,499
1282943117,4057769508,151,375,98,358,224,260
1233832375,3682617242,0,499,0,499,499,499
1276000785,4010359665,45,440,107,410,395,303
1259204862,3887612591,27,475,55,462,448,407
1316294514,4200882874,0,499,0,455,499,455
1323996639,4235886728,63,435,100,405,372,305
1254428930,3861821742,145,366,50,454,221,404
1261414427,3898723729,0,499,0,499,499,499
1211984033,3414349272,50,466,110,363,416,253
1029511559,591829994,0,419,0,499,419,499
1308884078,4177866586,21,461,148,404,440,256
949387294,212341942,201,296,139,331,95,192
1254654110,3863636134,115,358,17,481,243,464
1189438261,3081258947,109,389,0,499,280,499
1239083072,3732686023,0,340,50,427,340,377
1081032807,1452128244,83,415,0,499,332,499
972922613,266798406,62,436,0,499,374,499
1316232086,4208962861,0,499,0,499,499,499
1192146258,3122587903,68,432,22,488,364,466
1123829894,2063150539,161,281,105,394,120,289
1136325885,2327554457,0,499,163,306,499,143
1217633827,3495662739,15,481,93,404,466,311
1262369511,3906641888,0,499,0,499,499,499
1314582713,4202305359,0,499,0,499,499,499
1155108769,2648984705,35,475,95,442,440,347
1115474233,1945619291,196,300,213,319,104,106
1225887101,1154697602,125,374,125,363,249,238
1221374018,3178081724,172,327,150,349,155,199
1291976542,4105521431,85,434,109,330,349,221
1102725018,1806507772,13,498,88,399,485,311
949386156,212341777,197,303,134,361,106,227
1292835977,4114172720,0,499,0,474,499,474
1273853992,3995248729,68,451,166,362,383,196
1105824467,1857050999,153,345,148,399,192,251
1024949534,364387558,73,420,151,347,347,196
1239512367,3673075091,179,319,150,349,140,199
1200734568,2062723006,18,464,95,314,446,219
1264910012,3928057932,30,472,144,430,442,286
1306890073,4167095232,106,388,51,463,282,412
1279757063,4041456409,0,499,0,499,499,499
493690981,51462458,1,499,72,426,498,354
1310613921,4182262721,0,499,0,499,499,499
1144480728,2482326438,0,499,62,436,499,374
1249535285,3819982140,130,369,170,329,239,159
1257223471,3879896993,0,499,0,499,499,499
1252627795,3850328591,0,499,154,436,499,282
1255339415,3810740124,88,408,85,427,320,342
989025255,296201014,41,452,3,493,411,490
1304127469,4145254279,0,499,83,415,499,332
1244056885,3778592888,9,488,61,433,479,372
1020461300,524019287,39,498,103,380,459,277
862488632,101947272,8,484,113,351,476,238
1100067005,1711735524,110,389,59,440,279,381
1302095867,4153240877,113,384,49,449,271,400
1199592384,3230100580,71,427,0,499,356,499
1190258857,1876687595,93,419,82,424,326,342
1061548672,567635568,21,496,129,370,475,241
1268467062,3951685293,125,374,125,374,249,249
1276288561,4012660094,1,492,19,492,491,473
919989069,165740301,0,499,62,436,499,374
569754930,52809784,83,415,28,471,332,443
1174586417,2940638702,174,307,216,307,133,91
1244988118,3787994525,13,499,9,495,486,486
1264557519,2502387525,93,405,29,499,312,470
1281821249,4053328060,63,435,0,499,372,499
1127665231,285805489,199,305,112,351,106,239
1242870523,2497396471,100,399,14,485,299,471
1283925823,4061632749,203,284,0,499,81,499
1309110690,4179598502,89,413,93,399,324,306
1066930697,1173353302,20,470,19,479,450,460
1103411712,1790549331,185,317,134,369,132,235
1066010307,1159354808,0,499,63,435,499,372
1182181692,3005787220,210,228,234,272,18,38
1233585018,3680917070,76,422,0,499,346,499
1283658700,4061596429,33,449,142,355,416,213
1258856587,3887675164,204,291,161,311,87,150
1261388354,3898719155,103,399,37,461,296,424
1318071435,1749761327,15,479,109,372,464,263
1243171941,3770836215,42,436,215,371,394,156
1022641123,519416165,0,499,62,436,499,374
1325847624,4243031774,52,461,82,415,409,333
1008529103,437370567,0,499,62,436,499,374
1304136531,4160952570,106,388,51,463,282,412
1299536678,4141674879,87,414,61,373,327,312
1307880257,4173008681,0,499,0,499,499,499
1225886918,1965160287,309,347,296,358,38,62
1322022377,4229059870,62,436,0,499,374,499
1303727302,4156161242,0,499,59,328,499,269
1176510116,2958730081,62,437,62,437,375,375
899877281,145573202,130,369,77,421,239,344
1011673951,453841814,40,469,148,355,429,207
1167904066,3707218105,3,492,107,392,489,285
1141325250,2428721476,0,499,62,436,499,374
1133326004,559414489,137,361,100,399,224,299
954276810,57461834,212,287,201,297,75,96
1220929687,3558562208,0,499,62,436,499,374
926324165,46868898,0,499,62,436,499,374
1187828383,3057196838,110,389,54,445,279,391
1314658683,4186534659,13,486,185,260,473,75
940617453,204565606,70,428,0,499,358,499
1015521644,484961754,94,411,171,348,317,177
1007365400,416639655,49,450,0,499,401,499
1301444096,4151259430,119,360,111,375,241,264
1265221810,3929898794,13,490,34,478,477,444
1265611689,3931892712,13,499,16,491,486,475
1282859071,4057529739,98,396,151,395,298,244
1114820976,1936968884,0,499,62,436,499,374
1300146343,4145102480,0,499,0,499,499,499
1124285616,2075014326,99,388,14,492,289,478
1223144809,3578527346,105,394,0,499,289,499
1264040129,3923102337,129,385,69,423,256,354
1321724531,4223027491,12,460,90,396,448,306
1317564325,4213729398,0,499,40,457,499,417
1317017768,4211616011,159,340,20,479,181,459
1283529832,4061583565,0,499,0,428,499,428
1283580325,4061585872,164,333,60,467,169,407
1027001857,569725834,100,399,55,443,299,388
1007518840,435023762,89,410,0,499,321,499
1277529536,4019812525,0,499,0,499,499,499
1136209022,2323052848,34,466,34,465,432,431
1292275604,4108382013,204,307,75,420,103,345
1094847014,1629867412,0,499,225,253,499,28
1275604962,4006500076,132,421,150,397,289,247
933833212,191077923,0,499,62,436,499,374
1275308093,4003958467,54,450,63,446,396,383
1166751912,2823855643,178,320,150,349,142,199
873979919,119754633,62,436,0,499,374,499
1066930798,1173353158,93,404,22,476,311,454
1297631446,431764012,73,426,0,499,353,499
1066280646,1163349717,73,426,0,499,353,499
1283403588,4061577007,0,406,0,481,406,481
1133614012,2258372330,0,499,63,436,499,373
937474479,196692031,177,322,146,352,145,206
1254943048,3867138175,56,464,144,499,408,355
1112995079,1924586596,0,499,62,436,499,374
966962826,253504241,41,458,0,499,417,499
1187964061,3045706319,62,436,0,499,374,499
1311610162,4188730962,1,497,0,499,496,499
1257548426,3881707371,50,462,39,452,412,413
1238294330,3727586267,0,499,79,417,499,338
1104583962,1838552788,62,436,0,499,374,499
1277787778,4024702852,62,436,0,499,374,499
1245643602,3793571477,35,471,69,439,436,370
1317996387,1951685717,0,499,40,499,499,459
870187324,114532502,141,358,0,499,217,499
1088811923,518998288,71,427,0,499,356,499
1064458873,1134076259,229,337,117,284,108,167
1269767449,3962433682,46,452,146,401,406,255
1047536251,917060955,0,499,62,436,499,374
1090819672,1563754694,0,490,121,368,490,247
1257979941,3881213018,8,461,32,484,453,452
1270252749,278410902,100,399,17,482,299,465
1267089327,3941727800,0,499,19,499,499,480
1100070800,1711735268,0,499,109,389,499,280
1107660122,1869201319,41,457,17,497,416,480
1324020166,4235888282,0,499,0,499,499,499
1302365470,4153290887,0,499,0,499,499,499
1323173955,4230775806,142,385,119,406,243,287
1204248193,3287288338,0,499,0,499,499,499
1250690392,3834851916,0,499,0,499,499,499
1011019206,449732598,93,406,50,449,313,399
1276447121,4013276288,36,499,49,454,463,405
1290353870,4092491732,62,436,0,499,374,499
1324035647,4235889700,18,462,38,481,444,443
871247731,99980960,69,429,0,499,360,499
1171530357,2895898634,62,436,0,499,374,499
935826699,195604597,62,436,0,499,374,499
1167613148,238082253,62,436,0,499,374,499
978535642,222623731,143,355,103,396,212,293
1146293513,1964583944,65,411,0,499,346,499
711075826,58948857,73,425,0,499,352,499
1161850691,2744086104,219,251,65,431,32,366
1288031393,4079554393,81,440,25,474,359,449
1283661734,4061596612,76,461,117,383,385,266
1308951981,4174799567,62,436,0,499,374,499
1282773939,4058573931,0,499,9,499,499,490
1009336800,440706226,100,399,53,446,299,393
1143992987,2465066790,79,419,13,485,340,472
1102381740,1798738762,62,436,0,499,374,499
1074147257,1330250633,0,499,62,436,499,374
1292341596,4108693115,0,499,0,499,499,499
1264953867,3927795526,0,499,0,499,499,499
1314390730,4202301952,27,479,34,483,452,449
959218934,231450114,105,394,105,398,289,293
1028888324,589264395,78,420,0,499,342,499
1233824641,3682502152,0,499,0,499,499,499
1242115498,3287288362,35,459,59,417,424,358
1131116294,2191327034,0,499,63,436,499,373
1250256257,3831236037,62,436,65,478,374,413
833880527,65717122,96,402,26,486,306,460
1072894018,1309953586,62,436,0,499,374,499
875685057,112727104,0,499,54,444,499,390
918557184,163990088,0,499,62,436,499,374
861751967,100429971,70,430,0,499,360,499
1118382741,1983971056,202,294,175,319,92,144
1298490745,4139337012,0,499,23,499,499,476
871461551,116209170,118,380,71,433,262,362
1273377347,3992572572,20,458,61,465,438,404
1204249832,3287289954,97,406,50,429,309,379
1142063915,2446326479,95,451,155,371,356,216
1242127074,3762644595,24,461,83,415,437,332
1023553936,537182156,0,499,62,436,499,374
1248833560,3817891008,1,418,6,430,417,424
1313220186,4182813426,31,469,153,409,438,256
941678768,207196190,232,265,249,250,33,1
1319163636,4218235833,0,499,0,499,499,499
1320370187,4224248556,16,480,53,484,464,431
1285918891,4071502792,79,419,0,499,340,499
1265562565,3931849442,0,499,0,499,499,499
1277918037,4027522411,0,499,55,443,499,388
1020463086,523945209,65,434,0,499,369,499
1314528382,4186298568,71,401,42,471,330,429
1206358202,3137246893,173,325,150,349,152,199
1162029988,2737581663,0,499,62,437,499,375
1312708548,4187854064,0,499,0,499,499,499
1257660643,3881992434,29,459,62,464,430,402
933238404,68569761,0,499,69,429,499,360
1300279317,4141429743,75,424,0,499,349,499
1027046707,569652124,112,386,50,449,274,399
1192459607,3128632773,70,429,0,498,359,498
1281989574,4050747809,85,398,102,399,313,297
1307837411,4172829179,0,499,0,499,499,499
1095803880,1641494338,62,436,0,499,374,499
1267262457,3942393655,61,439,12,489,378,477
725898200,59789632,63,435,7,499,372,492
1252627468,3850328434,0,499,62,436,499,374
1262934938,3912815185,0,499,109,389,499,280
1048069775,2146256,107,392,0,499,285,499
1246558497,3800513606,196,306,163,261,110,98
1282018185,4050756264,0,499,0,499,499,499
835995014,70404040,14,485,134,365,471,231
480261551,49292806,150,349,107,391,199,284
1311218035,4186476973,0,499,0,499,499,499
1253145640,3855157862,11,482,139,359,471,220
1249535510,3819982785,137,361,155,339,224,184
1262300832,3906636735,75,421,80,440,346,360
1037955603,742496170,73,426,0,499,353,499
1026971159,569675207,106,393,50,449,287,399
1239950275,3742525426,57,442,19,499,385,480
1006291395,422237928,109,390,50,449,281,399
1260751360,3895425127,3,483,104,395,480,291
1280431709,4044748141,90,394,72,461,304,389
1128284470,2140485339,30,469,0,499,439,499
1274000344,3995263746,2,497,19,495,495,476
976928594,276997668,448,456,230,269,8,39
1277755349,4023041550,0,499,0,499,499,499
1287957644,4079734858,177,317,132,382,140,250
1252603870,3850029235,62,434,153,404,372,251
1215366749,3470034794,97,415,37,481,318,444
1211660370,2005506947,150,348,150,349,198,199
1324191174,4236297465,65,405,18,488,340,470
1313764211,4184044575,67,469,100,384,402,284
1283676049,4061597600,182,322,179,450,140,271
1307387488,4171358252,120,375,89,408,255,319
1240828887,3748368005,146,416,54,448,270,394
1237100713,1613216089,50,429,149,343,379,194
1275117939,4003848031,58,460,62,436,402,374
1168889313,2866888468,180,326,165,386,146,221
1309576379,3275858356,110,396,123,393,286,270
1288864578,4085937132,0,499,0,499,499,499
1325146241,4240471041,0,499,0,499,499,499
939111092,201676039,175,317,195,304,142,109
1277764640,4026047376,148,385,185,303,237,118
1236532523,3708927306,27,438,11,449,411,438
1282008463,4050754151,89,430,114,385,341,271
1156925716,2678801987,0,499,47,451,499,404
1279194199,4037101044,49,458,54,454,409,400
866614621,87014657,183,316,160,339,133,179
1306548986,4167077763,106,388,51,463,282,412
1152113212,2598942114,3,495,0,499,492,499
1027058751,569912077,100,399,50,449,299,399
1253338979,3856415346,17,484,104,404,467,300
887464024,133669366,90,409,130,369,319,239
1002971242,388571558,145,344,196,295,199,99
1292501645,4109731173,0,499,109,389,499,280
873446596,119057813,60,453,148,368,393,220
1276078374,4011002868,0,492,8,499,492,491
1100451744,1723174605,192,306,0,499,114,499
1318267476,1381343841,31,480,72,433,449,361
1235232131,3692481134,33,473,60,460,440,400
1239681206,3735866323,0,499,109,389,499,280
1316163590,4200875761,0,499,0,496,499,496
1232181080,3657873367,29,479,43,468,450,425
1008160076,436094563,160,339,116,382,179,266
1282285627,4055997462,68,431,21,480,363,459
1301545376,4150998486,70,467,39,396,397,357
1305524336,4165983679,12,499,126,388,487,262
1244979413,3787993819,13,499,0,499,486,499
1135788729,2313282275,137,361,100,399,224,299
1111682246,1913513660,53,432,62,457,379,395
1282374291,4056051534,38,450,43,474,412,431
1310495815,4182247159,0,499,33,463,499,430
1314346544,4186266367,45,466,157,353,421,196
1263816904,3921313380,125,378,10,499,253,489
1217414896,3494065287,165,338,182,341,173,159
1079910243,1439049253,31,427,38,456,396,418
1119407937,1998122355,140,363,117,393,223,276
1284589942,4065756121,23,475,56,440,452,384
1254912024,3866914494,31,467,55,398,436,343
1243400672,3773717338,19,480,75,420,461,345
1305533477,4165988758,42,418,226,327,376,101
1289004690,4085959100,0,499,0,499,499,499
1167714662,2844231978,5,493,130,409,488,279
1322998614,4231409725,38,460,122,373,422,251
1279101408,4037092353,25,462,48,458,437,410
1324028751,4235889323,1,499,1,499,498,498
1145215165,2493278787,0,499,0,499,499,499
890067521,132784520,99,403,33,480,304,447
1261409604,3898722404,56,458,26,499,402,473
1008042964,435887221,100,399,147,351,299,204
1273697281,3992775937,80,421,149,450,341,301
1262102202,3904088868,109,389,50,499,280,449
858748480,56748630,67,433,2,492,366,490
1026812960,569555887,108,391,50,449,283,399
1269059009,3953973035,0,499,0,499,499,499
1104328149,1830621772,127,382,50,428,255,378
1307191384,4170894183,0,499,0,499,499,499
1269472540,3957835611,39,456,40,462,417,422
1082761164,727434690,75,424,1,348,349,347
1249535572,3819982814,171,335,140,367,164,227
1026368101,562802406,62,436,0,499,374,499
863615265,104540145,71,428,0,499,357,499
1153102306,2619086619,124,375,124,375,251,251
1311693963,4189035553,43,499,0,499,456,499
1318131337,287482295,115,402,14,466,287,452
1289000278,4085958862,31,489,147,499,458,352
1273106741,3992513034,63,453,77,454,390,377
1308877384,278494701,100,399,13,486,299,473
1276431812,4013272845,0,365,54,499,365,445
1262888440,3910522612,0,499,29,469,499,440
1077838460,1384718802,71,418,102,359,347,257
1144460772,2482253120,0,499,31,468,499,437
1206113094,3320091676,140,359,30,453,219,423
1239447894,1435385660,48,430,149,343,382,194
1225887210,3070027925,125,374,125,374,249,249
1245668474,3793737134,19,480,20,479,461,459
1146575051,2520589920,84,415,0,499,331,499
1273177049,3992577023,49,440,86,441,391,355
1226405750,3592383101,0,499,142,436,499,294
1189999151,3088210100,6,485,7,496,479,489
1237104105,1171965555,79,422,208,331,343,123
847333582,76772317,75,423,0,499,348,499
1276431833,4013272951,0,499,0,499,499,499
454416550,50358389,106,393,45,453,287,408
1157234732,62828650,95,403,12,486,308,474
1267360331,3942401127,16,477,83,436,461,353
1027241006,570623960,106,392,50,449,286,399
1088834955,1543791033,62,436,0,499,374,499
1276288720,4012660115,89,430,114,385,341,271
1264899174,3928053884,6,494,105,389,488,284
1240851433,3750101392,87,416,120,395,329,275
940914071,205339520,0,499,0,499,499,499
623995311,52195140,68,431,0,499,363,499
1074979895,1340994701,62,436,0,499,374,499
1158125708,2695364806,156,343,100,399,187,299
1165616011,2805735879,54,446,34,442,392,408
1203081839,3262839077,62,436,0,499,374,499
1288946963,4085929862,46,446,111,394,400,283
1282796721,4057523078,24,498,7,494,474,487
996900441,321505071,0,499,62,436,499,374
1229803093,3628153079,62,436,0,499,374,499
1146401776,2373489644,1,498,29,470,497,441
1310336620,4182236046,0,499,0,499,499,499
1304004661,4160804234,60,441,59,440,381,381
917447127,163130496,381,479,283,422,98,139
905623575,150190609,66,433,0,499,367,499
868996626,112657609,71,427,0,499,356,499
1010610960,447823370,131,369,163,334,238,171
7190630,927617,175,324,173,326,149,153
1133294324,247669005,181,369,133,321,188,188
1272248603,3988484048,179,336,98,410,157,312
1188005178,3052838805,147,428,166,204,281,38
1311443306,4187125111,0,499,0,466,499,466
1271271461,3976957123,41,457,41,458,416,417
1234712154,3689153038,0,499,0,499,499,499
1137850326,1912319053,0,499,0,499,499,499
1155889021,2659761766,17,473,59,468,456,409
856119395,89101867,168,330,125,374,162,249
1282831281,4058579820,58,423,75,390,365,315
987667599,294487506,61,450,24,483,389,459
998444151,334572136,96,409,35,456,313,421
1008094200,435911792,100,399,59,440,299,381
1295913959,4127720080,0,499,0,499,499,499
1283897853,4061625566,8,484,30,465,476,435
1011988384,456049945,154,345,110,389,191,279
1273707189,3994639997,0,499,15,483,499,468
1249536303,3819984331,126,373,126,373,247,247
1291921142,4105049873,76,424,78,414,348,336
1292919501,4113740041,0,499,0,499,499,499
1059577270,1092483929,88,410,10,491,322,481
1022041145,528520976,28,483,134,374,455,240
1305136154,4164671134,106,388,51,463,282,412
1328336182,4250681200,35,456,39,499,421,460
1301648701,4151001622,16,484,20,483,468,463
925784157,177450319,143,355,141,355,212,214
1072569572,1299311187,73,426,0,499,353,499
1264406301,3925283137,0,499,0,499,499,499
1276319009,4012773977,4,495,99,397,491,298
1265558764,3931848120,9,492,9,491,483,482
1064807472,1142162254,131,408,144,332,277,188
1070333310,1267395414,156,342,100,399,186,299
1195292255,3166994471,98,402,62,437,304,375
1225887284,2118082283,239,303,296,329,64,33
1242799471,3766012567,72,426,0,499,354,499
1215219193,3469568687,24,480,123,373,456,250
1175563966,2948656725,0,499,82,417,499,335
1275379035,4004155132,55,449,63,446,394,383
874728396,77676079,71,427,0,499,356,499
1171536502,2896957613,0,499,63,436,499,373
1118539844,1985749182,61,416,108,357,355,249
1280890872,4047572889,0,499,62,436,499,374
1283482734,4061580369,0,499,0,499,499,499
1283725122,4061606877,60,462,126,454,402,328
1252543097,3850010328,178,312,147,385,134,238
1293826318,4112980506,29,470,9,491,441,482
1255539383,3870235065,50,459,135,359,409,224
1225666788,1374409217,125,374,140,358,249,218
1313866433,4200413885,0,499,0,499,499,499
1313628792,4197538075,62,475,72,438,413,366
835723367,69864613,104,395,50,449,291,399
1317127792,4211706126,12,490,10,487,478,477
1317302653,4210969900,69,419,98,463,350,365
1257405153,3881319361,0,499,0,499,499,499
1295101045,4125334677,26,473,153,347,447,194
1283666121,4061597179,90,403,111,336,313,225
1237129606,3716553973,0,499,0,499,499,499
1186394441,3028261970,57,433,115,369,376,254
1204209004,3287148342,50,449,0,499,399,499
1100064930,1711729788,70,429,145,354,359,209
1030608474,492651903,0,499,63,436,499,373
941622197,207151572,153,354,194,308,201,114
973281015,268472400,0,499,109,389,499,280
1284175809,4063232650,0,499,5,424,499,419
1027109753,569870468,100,399,55,444,299,389
956730229,223026420,73,425,0,499,352,499
1323104164,4231818419,0,499,0,499,499,499
850095543,77856130,67,432,0,499,365,499
939531910,202559269,0,491,84,410,491,326
1190251195,2355003153,187,323,124,377,136,253
1273470867,3992734317,25,469,48,458,444,410
1239143042,3733596374,0,499,0,499,499,499
1317263992,4210987905,107,426,25,461,319,436
1192473584,3128674405,68,441,70,452,373,382
1026617624,567679301,36,473,32,484,437,452
1054895962,824469524,69,484,203,296,415,93
1043841162,853455916,23,487,107,412,464,305
1124410329,2076834637,0,499,37,461,499,424
1246316447,3753602447,23,476,0,457,453,457
1304907125,4164132452,148,349,95,411,201,316
1262538002,3908516708,66,419,94,413,353,319
1287841691,4079436884,97,408,33,469,311,436
1176999517,2967272342,71,427,0,499,356,499
977763700,278811495,112,384,160,339,272,179
1286474359,4173400411,50,448,81,417,398,336
1328344113,4250681592,0,499,0,499,499,499
1061553356,511836476,79,415,3,498,336,495
1248701250,3817439235,175,330,131,368,155,237
1112902564,1925622456,117,422,124,409,305,285
1299176093,4141561572,46,452,56,425,406,369
1124869192,2084576530,137,368,135,351,231,216
906907988,152000322,0,499,62,436,499,374
1306614190,4168967451,0,499,0,482,499,482
1026369533,562801669,0,499,52,447,499,395
941678540,207258156,158,330,161,311,172,150
1161969223,2745827255,0,499,0,499,499,499
1205781539,3304958257,62,436,0,499,374,499
1190258990,2041890234,0,499,83,415,499,332
1281975676,4050744731,162,378,50,420,216,370
1225674035,3587266125,62,436,0,499,374,499
1253004863,3854573519,0,499,62,436,499,374
1311482351,4187529043,0,499,0,499,499,499
1283600735,4061587229,1,499,167,499,498,332
1323017007,4232485203,182,316,19,397,134,378
1136544245,2332095816,0,499,152,392,499,240
1018392963,510784647,224,275,16,465,51,449
1295173430,4125583248,22,459,124,415,437,291
1090373144,1556837564,94,405,27,471,311,444
992713613,300492258,31,448,88,421,417,333
99735230,3132266,165,334,163,336,169,173
1039805590,802884208,73,426,0,499,353,499
1027855735,577066356,0,499,256,261,499,5
915095083,159602287,175,325,153,367,150,214
1287879287,4079551079,140,364,18,488,224,470
1257497226,3881699647,32,497,100,445,465,345
1251439105,3842663140,19,473,64,404,454,340
1121420139,2035478923,8,483,148,370,475,222
1256969645,3876188955,35,463,35,463,428,428
976484103,275972065,125,375,86,290,250,204
1244019050,3777920275,153,339,185,346,186,161
1228152891,3614754481,0,499,109,389,499,280
1127347930,2121747390,0,499,19,479,499,460
1123656206,2059903207,0,499,78,420,499,342
977933381,278562814,83,416,44,479,333,435
1063162499,1119178174,62,436,0,499,374,499
1157482081,2686314613,84,420,168,328,336,160
1293329264,4104740859,87,425,89,319,338,230
889368202,135566748,279,443,199,310,164,111
1287046871,4074713223,0,499,0,499,499,499
1275405111,4003974940,44,458,48,460,414,412
1292914360,4113738883,0,499,0,499,499,499
1295504224,1970829723,81,417,0,499,336,499
966675198,252638884,0,499,62,436,499,374
1092794802,1589145099,0,499,83,415,499,332
1134094838,2271238956,0,499,62,437,499,375
1144742312,1117237354,153,347,55,444,194,389
1126054894,2098510694,68,430,0,499,362,499
941621757,207151321,195,297,216,286,102,70
1261172579,3898707434,33,473,104,391,440,287
1323056002,4231805794,59,447,63,441,388,378
1250268244,3831364227,0,499,98,436,499,338
1252579131,3850028535,92,406,133,387,314,254
9787530,1409991,84,415,0,499,331,499
1117632666,1286146316,142,356,100,399,214,299
1243658971,3775275031,0,499,169,436,499,267
1108088756,1859588207,161,337,100,399,176,299
1262274519,3906572922,67,481,40,354,414,314
1102370407,1798436036,18,482,260,466,464,206
1166665409,2815903562,0,499,38,460,499,422
1271556169,3976952262,27,485,67,431,458,364
1260623356,3894607825,92,420,163,370,328,207
1124191619,1556885049,88,411,0,499,323,499
1282807535,4057523981,154,343,48,452,189,404
1026951453,569772560,102,397,50,449,295,399
1057733579,1081101606,86,413,0,499,327,499
1242975746,3758061902,0,499,83,415,499,332
1009241233,440563796,140,359,100,399,219,299
1301352326,4151575094,18,487,125,418,469,293
1283880292,4061621305,0,499,0,499,499,499
989033223,296203175,149,424,83,444,275,361
1107660060,1869201032,22,467,21,480,445,459
1304047015,4160812704,110,326,130,354,216,224
1007506757,435012806,100,399,27,471,299,444
1304653948,4162691599,25,473,0,499,448,499
933264904,190122358,104,395,0,499,291,499
1220134726,3538519948,108,382,82,413,274,331
1221441448,3563518237,0,499,0,499,499,499
364748831,5005371,0,499,62,436,499,374
1188538832,3067204191,130,369,130,369,239,239
1317249890,4210987092,0,499,0,499,499,499
1070409754,903032764,27,499,85,479,472,394
1238298811,3727588010,38,499,0,499,461,499
1314017071,4201307259,65,435,19,486,370,467
1320148075,4215428030,43,466,94,421,423,327
934638196,193167176,62,436,0,499,374,499
1259127247,3887606761,21,458,61,465,437,404
1133301234,2246902447,83,415,0,499,332,499
1305073163,4164661668,106,388,51,463,282,412
1316248148,4200880299,0,499,0,499,499,499
1275137228,4004557056,158,412,119,467,254,348
363999932,49275469,120,378,24,498,258,474
1029211125,590496895,51,445,18,488,394,470
1269772467,3962600298,0,499,0,499,499,499
1274894708,4001823971,66,423,44,145,357,101
1192147302,3122611091,68,432,22,488,364,466
1279043399,4037089197,95,419,86,403,324,317
1319173986,4214034848,20,483,84,399,463,315
858676923,5567207,80,418,10,480,338,470
847845166,77532665,62,436,0,499,374,499
1203420767,3275515672,0,499,109,389,499,280
1115589236,1947497181,184,314,10,478,130,468
1261381933,3898717369,77,438,132,401,361,269
1066973013,1170268350,21,478,0,499,457,499
1217409542,3494041164,151,311,178,307,160,129
1123353263,2052013689,100,399,150,349,299,199
1017857642,507955624,0,499,85,413,499,328
1292386683,4108907637,0,387,145,369,387,224
1231252215,3646748605,88,410,0,499,322,499
1225664955,286462258,141,357,144,359,216,215
1240396964,3747222556,62,436,0,499,374,499
1282536339,4057634417,0,499,0,499,499,499
1053833183,1033769398,62,436,0,499,374,499
1007517259,435015630,106,392,62,449,286,387
1177593680,2976912236,32,484,145,355,452,210
1155813339,2541635604,0,499,62,436,499,374
1157603625,2686998121,0,499,0,499,499,499
1321884902,4229060133,64,422,43,486,358,443
1257437854,3881467217,28,499,86,377,471,291
1190251864,2887023655,144,348,138,361,204,223
958014212,226228433,4,495,10,489,491,479
910114760,154324702,116,377,11,442,261,431
1166765215,2811345557,0,499,62,436,499,374
1239446377,2953771787,40,459,131,361,419,230
1236377173,3707673893,128,352,96,295,224,199
1257242672,3879893852,36,473,29,491,437,462
1280388299,4044754524,62,436,0,499,374,499
885203964,122680164,69,416,128,370,347,242
1318780572,4217955416,0,435,40,499,435,459
1118253322,1980640791,185,355,184,343,170,159
1076485632,1363951753,84,415,0,499,331,499
1305321361,4165063819,56,430,108,388,374,280
1252563136,3850010712,26,468,126,358,442,232
1217994166,3502750691,0,499,0,499,499,499
1275105170,4004081933,10,489,9,487,479,478
946230975,207672178,0,499,62,436,499,374
988989778,296127283,225,277,21,481,52,460
1093060826,1595633256,80,418,0,495,338,495
1201815812,3249393843,229,277,199,286,48,87
1027002796,569653660,108,390,50,449,282,399
1322360858,4229925268,132,347,94,402,215,308
1232806066,3669163517,109,389,0,499,280,499
879445402,124943180,62,436,0,499,374,499
1266857756,3940019705,173,307,147,384,134,237
1284927933,4066226278,132,363,56,463,231,407
1187026556,3041392425,165,334,132,367,169,235
1191236789,3101210090,122,365,115,381,243,266
894263752,141616709,50,449,9,489,399,480
1026790231,569545760,100,399,74,442,299,368
1243844288,3776684043,189,306,214,326,117,112
1162055355,2746502849,115,390,125,374,275,249
1261183875,3898711376,224,499,282,444,275,162
1061141908,1096836530,226,272,204,314,46,110
1026920706,569617537,108,390,50,449,282,399
1002217451,373245007,26,472,0,499,446,499
1007522781,435059022,70,429,0,499,359,499
1273833093,3988229685,62,436,0,499,374,499
1261381851,3898717335,54,433,119,367,379,248
1323469727,4231420367,163,365,113,480,202,367
1202886112,3265357644,16,483,101,398,467,297
1310255166,4182227944,1,499,0,499,498,499
971050343,261235960,50,449,102,396,399,294
1322880849,4231782121,29,468,59,472,439,413
1313356101,4197666903,0,499,0,499,499,499
1195648502,3174150169,110,389,51,448,279,397
1274611638,4000180257,72,426,0,499,354,499
1270647378,3972430427,5,445,87,413,440,326
1217204508,3491270329,0,499,0,499,499,499
1318547843,4215223153,0,499,0,499,499,499
1252627571,3850328468,0,499,62,436,499,374
1267261636,3942393578,0,499,0,499,499,499
1323688548,4234147391,0,422,0,483,422,483
869403783,113273100,151,337,130,374,186,244
1283975692,4063340732,57,431,77,438,374,361
1319052925,4220469920,125,373,22,477,248,455
872548597,117812205,76,423,0,499,347,499
1268403843,3950826297,47,453,108,390,406,282
1225319540,3589278377,110,389,54,445,279,391
1165517678,2804629277,0,499,62,436,499,374
1294109280,4122228334,34,472,44,442,438,398
1247849836,3813571478,0,499,62,436,499,374
1237138184,3716556229,0,499,0,499,499,499
1232345909,3660065052,20,260,452,485,240,33
1002979028,388573768,164,348,159,332,184,173
1150511008,2576694052,89,409,0,499,320,499
1282798048,4057523112,0,499,0,499,499,499
1249605135,3820242724,79,425,131,374,346,243
1249534151,3819978662,199,301,204,301,102,97
969718245,192675137,126,172,235,269,46,34
1044825022,863366483,4,487,6,498,483,492
1316994507,4210982431,20,484,132,341,464,209
938715190,185254096,56,379,149,333,323,184
1285164570,4066273302,0,499,0,499,499,499
1285824572,4070689908,0,499,0,499,499,499
1273530328,3992747503,65,445,69,430,380,361
1217414914,3494065297,178,321,144,352,143,208
856259337,89332692,0,499,62,436,499,374
1257263474,3879902237,3,465,3,470,462,467
996075982,304797137,107,387,17,490,280,473
1265204077,3929889958,3,497,127,389,494,262
1295222300,4125456446,0,499,117,381,499,264
1211163586,3295426050,183,315,150,349,132,199
834096341,60849284,0,499,118,364,499,246
1020922768,518930372,0,499,62,436,499,374
1043396250,850612519,109,389,0,499,280,499
813405130,62028719,84,415,5,499,331,494
1007740465,435164162,100,399,43,455,299,412
1314354354,4202301435,4,463,10,468,459,458
1254393202,3861383920,51,447,0,499,396,499
1275685614,4006530625,96,416,91,406,320,315
1266486538,3938615184,6,474,180,488,468,308
1114388081,1933141807,100,399,40,459,299,419
1208663292,3360983333,78,427,13,477,349,464
1283736590,4058937954,0,431,97,499,431,402
1213761887,3453161197,150,360,80,390,210,310
1314030058,4200639784,0,499,0,499,499,499
870400939,114813752,0,499,42,457,499,415
1289129372,4087143588,72,441,0,458,369,458
1268868193,3953946277,0,499,0,499,499,499
977736383,278528907,84,415,0,499,331,499
1007542525,435063402,100,399,35,464,299,429
1109448436,1888921121,0,499,62,436,499,374
1158121458,2695198640,10,491,8,489,481,481
550165240,53549209,192,301,216,290,109,74
1027167225,569973827,103,396,50,449,293,399
1275282379,4003955273,0,499,0,499,499,499
248174057,7161564,65,433,0,499,368,499
1136696547,2333894024,95,411,135,366,316,231
1264036643,3923452040,19,478,18,438,459,420
1007884012,435288560,16,499,26,473,483,447
1222652939,3573378355,0,499,126,373,499,247
1290412932,4093394562,142,336,150,349,194,199
1191424022,3107233817,8,494,5,493,486,488
750112291,60855062,50,449,93,405,399,312
1027864804,577166178,61,437,0,499,376,499
987913971,294822032,78,421,11,478,343,467
933255621,190108182,123,395,49,455,272,406
1258880589,3887568154,75,445,77,432,370,355
1220850700,3556350606,0,499,62,436,499,374
1280344915,4044581547,124,399,78,406,275,328
1102212493,138714357,25,474,80,418,449,338
932778122,188980509,0,499,0,499,499,499
1155892962,2659767374,0,499,0,499,499,499
1073242076,1260823296,156,342,100,399,186,299
933240806,190099258,75,423,50,449,348,399
1273846605,3995336293,10,488,44,390,478,346
1151936559,2594162752,222,275,1,496,53,495
1130151407,1944127265,0,499,109,389,499,280
1252177937,3847767705,0,499,0,499,499,499
1285105771,4066267463,138,374,52,486,236,434
832902087,63287781,0,499,62,436,499,374
1282908553,4058777456,53,471,149,407,418,258
1304164925,4160985258,106,388,51,463,282,412
1277248687,4021561872,92,382,59,452,290,393
1219713797,1892606325,156,349,93,470,193,377
1127514367,2121679487,10,488,8,491,478,483
1274895261,3969948876,33,485,9,411,452,402
1079157748,1414930425,71,399,163,346,328,183
1257256281,3879893137,0,499,0,499,499,499
663739320,56069745,126,373,86,424,247,338
970954707,261002760,143,354,86,410,211,324
962457703,240798595,52,447,19,499,395,480
1119406171,1998118745,0,499,240,340,499,100
694452630,55953295,69,430,0,499,361,499
1120710643,2017625800,110,389,51,447,279,396
1223378249,3572923390,86,412,0,499,326,499
1092812384,1548294018,95,407,172,299,312,127
1103317324,1815612401,0,499,92,407,499,315
1283805503,4061614948,188,303,317,443,115,126
845215648,73919839,71,432,9,495,361,486
1243659318,3775275208,0,499,62,436,499,374
1275994776,4010221024,28,499,0,499,471,499
1260383392,3893204976,56,464,40,429,408,389
937053633,197231600,55,428,88,398,373,310
1277461169,4022747922,0,499,0,499,499,499
1240160908,3742398506,10,489,115,384,479,269
1282539991,4057543791,132,456,203,391,324,188
1263280240,3915250846,62,436,0,499,374,499
861304875,99550177,69,430,0,499,361,499
1204197718,3287124385,152,342,123,366,190,243
1104308432,1828625834,0,499,62,436,499,374
1094847387,1629867363,142,365,189,322,223,133
1192052726,3120607033,68,432,22,488,364,466
1304175650,4160987869,106,388,51,463,282,412
1240577125,3748049712,0,366,25,467,366,442
1009341790,440673050,100,399,53,445,299,392
1107312765,1867726040,0,499,109,389,499,280
1075760785,1352145810,146,353,137,380,207,243
1193173537,3138603527,0,499,62,436,499,374
1020003333,518742812,181,314,65,390,133,325
1275708187,4006536667,22,471,14,490,449,476
1030444938,464145115,36,458,24,478,422,454
1313032491,4197560853,125,374,125,374,249,249
1250941381,3836736620,36,489,40,465,453,425
1252627280,3850328355,0,499,169,436,499,267
1130272891,2168066897,63,448,96,404,385,308
1063667409,1129893544,24,482,176,335,458,159
1250268136,3831364113,0,499,62,436,499,374
1075745095,1352136787,118,380,62,436,262,374
1316124413,4200871883,9,476,46,472,467,426
1094909059,1630598282,113,383,113,390,270,277
432171996,49865096,0,499,40,459,499,419
1294103846,4122227073,201,405,92,322,204,230
1232858271,3662553186,64,435,64,435,371,371
1204264942,3219904444,12,495,51,478,483,427
1171830970,2903921585,0,499,36,463,499,427
896568551,281718,97,402,41,486,305,445
978614565,279911708,0,499,62,436,499,374
1031547509,612506495,51,448,51,448,397,397
1212997320,3438576787,210,292,93,402,82,309
927793644,180996221,0,499,69,429,499,360
1251438857,3842663094,166,377,160,350,211,190
1212591957,1846768044,187,312,150,349,125,199
868997628,112780399,34,458,0,499,424,499
921249595,168344519,34,488,55,464,454,409
1007768679,435138582,100,399,51,449,299,398
1225886929,1321013159,139,360,205,312,221,107
1242140652,3762877808,25,475,3,495,450,492
1146380505,921005011,105,395,112,391,290,279
1134466987,2284897736,56,455,98,379,399,281
1324142831,4236042728,58,359,43,350,301,307
1026782626,569543007,105,394,50,449,289,399
1239403809,3737631915,0,499,0,499,499,499
1307268591,2677392955,109,389,0,499,280,499
1113991592,1929905096,22,485,64,441,463,377
1307794617,4172825504,219,306,149,340,87,191
862538072,102338316,118,381,57,427,263,370
1273109190,3992513659,20,485,48,472,465,424
1251325514,3840711650,32,464,24,478,432,454
1318316468,1891366068,34,450,61,444,416,383
927292068,180051249,201,298,185,314,97,129
1178210434,2982329446,84,417,167,331,333,164
1238299056,3727588127,0,499,0,499,499,499
1316235820,3745169761,39,460,0,499,421,499
1218018488,3502933816,0,472,93,411,472,318
1248604943,3816450777,0,499,0,499,499,499
1323636728,4234252899,0,499,0,499,499,499
1136426784,2321773253,32,436,101,399,404,298
1281783098,4050843710,65,448,93,402,383,309
1018373877,3928356983,0,484,71,428,484,357
1319865734,4215099721,196,316,42,458,120,416
1075485412,1345126380,0,499,63,436,499,373
1104742075,1842321444,34,466,121,344,432,223
1046922010,844885985,62,436,0,499,374,499
987678461,294489285,125,375,48,479,250,431
1235870329,278792621,100,399,14,484,299,470
1004648425,284552253,163,335,127,370,172,243
1316303108,4200883181,40,459,160,352,419,192
1252627311,3850328365,0,499,169,436,499,267
1271970553,3986430593,62,452,31,456,390,425
922216635,170942527,0,499,0,499,499,499
1108738786,1878218215,110,389,36,463,279,427
1124991078,2087360205,0,499,62,436,499,374
973394100,99722167,168,310,211,303,142,92
966299382,252393107,113,386,158,341,273,183
1196080839,2767761485,69,416,102,420,347,318
1289060545,4085963898,91,384,275,431,293,156
1274283518,3997829181,167,344,0,499,177,499
1117495892,1974797178,79,419,0,499,340,499
1307364580,4171235609,0,499,0,499,499,499
1143091074,1809974961,4,495,111,387,491,276
1219035067,3523140210,40,463,63,464,423,401
1322830657,4231773761,11,482,30,484,471,454
1233611057,3681134094,0,499,62,436,499,374
1301766171,4151006911,21,487,164,341,466,177
1207902146,3343757711,71,428,0,499,357,499
1244109442,3779186591,165,334,190,308,169,118
1324095280,4233704668,53,461,156,384,408,228
1188538851,3067204197,134,362,161,360,228,199
1201830765,3155074344,72,426,0,499,354,499
1190252007,2647272659,118,369,123,379,251,256
1201833424,3249406439,0,499,3,496,499,493
1123660195,2059868719,64,435,64,440,371,376
1252627610,3850328487,0,499,62,436,499,374
1036341821,700036048,13,490,62,384,477,322
1037728803,738416090,117,381,65,434,264,369
1297600303,4110891379,152,338,34,478,186,444
1255679130,3870848700,48,457,145,366,409,221
1075820320,278509070,150,348,116,399,198,283
1262965552,3910598343,0,499,29,469,499,440
1098789272,1696348280,0,499,83,415,499,332
1027331910,570851632,36,480,162,338,444,176
1323295781,4231695596,149,336,28,486,187,458
1295555147,4126961468,41,442,80,348,401,268
1232274518,3658924117,110,389,145,354,279,209
1219040354,3505284607,17,471,145,329,454,184
1134649536,2288639455,103,398,16,483,295,467
920890056,167489328,0,499,62,436,499,374
1305096382,4164665410,106,388,51,463,282,412
1305111802,4164667910,106,388,51,463,282,412
1078832575,1405473635,60,439,73,426,379,353
1307334255,4171232710,93,395,35,470,302,435
1295220414,4125633460,39,465,88,422,426,334
1275692309,4006535472,0,499,12,499,499,487
859285835,94461421,78,419,10,491,341,481
1236538839,3708928884,0,499,78,499,499,421
1157479632,2686286008,42,447,163,352,405,189
1243400794,3773717372,19,480,75,420,461,345
1302543407,4155423861,0,498,0,499,498,499
1264105292,3923709344,110,389,52,446,279,394
1174589543,2940639497,5,495,88,481,490,393
1308820649,1583499321,111,389,52,438,278,386
1321966238,4229796065,11,486,110,420,475,310
1112939372,1920802975,63,436,0,499,373,499
909351482,153794114,0,499,29,469,499,440
1306558201,4167079297,106,388,51,463,282,412
1041188830,824466948,174,324,7,490,150,483
1322962537,4231794616,70,434,114,476,364,362
1314823063,4186726172,155,345,53,443,190,390
1269725804,3961998370,0,499,0,499,499,499
1324051500,4236041358,26,475,63,485,449,422
1193068579,3067636305,8,490,80,338,482,258
1098668134,1691978627,58,460,184,327,402,143
1027061762,569735601,109,390,50,449,281,399
1027105195,569967129,101,398,50,449,297,399
113892430,3479146,165,333,128,371,168,243
1115477281,1945654886,158,341,125,381,183,256
1250263415,3831237690,53,419,79,463,366,384
858760470,93357813,70,429,0,499,359,499
1309033814,2212009857,100,399,50,449,299,399
1310455761,4183893351,0,499,0,499,499,499
1292403998,4108946623,14,491,173,330,477,157
1169056844,2777248845,154,329,30,460,175,430
1133960508,1161967671,18,480,150,350,462,200
1061977767,1109959083,84,414,12,486,330,474
1266672458,3939550848,6,491,78,463,485,385
1269772188,3962600737,0,499,0,499,499,499
1049896652,808742000,0,499,62,436,499,374
1245371544,3791818840,109,389,0,499,280,499
1075760538,1352145679,5,496,99,397,491,298
1287758113,4079114676,89,401,50,455,312,405
1292556629,4108951453,2,498,130,362,496,232
875961364,88828301,70,428,0,499,358,499
939062777,201533868,132,367,100,392,235,292
1072620059,1287415166,62,436,0,499,374,499
1068813817,1201073323,76,423,9,490,347,481
1116552529,1790549328,180,325,114,367,145,253
1174584780,2940638409,186,314,230,273,128,43
1045042551,864258784,180,327,139,395,147,256
1192147850,3122618118,71,431,241,486,360,245
1323323055,4231808720,73,438,80,444,365,364
846888810,76279797,111,391,218,275,280,57
1307767931,4172823444,31,499,22,499,468,477
1267869714,3942392154,0,499,211,268,499,57
1248611997,3816706028,0,499,0,499,499,499
1279998736,4042587829,18,499,0,498,481,498
1006804161,427870370,19,474,122,397,455,275
985886160,291295364,4,494,64,436,490,372
1255992893,3872872758,20,475,53,433,455,380
1284880958,4066224001,65,422,206,274,357,68
1300136987,3706435810,61,437,0,499,376,499
1307375353,4171236357,58,487,0,457,429,457
982951641,286978888,158,341,130,369,183,239
1035933106,693913749,73,426,0,499,353,499
1050196399,962150141,156,343,156,343,187,187
977854759,278546615,93,405,0,499,312,499
1283323476,4061150498,0,499,253,310,499,57
1282771633,4058944180,10,492,25,496,482,471
1318669102,4216251998,52,499,0,499,447,499
1222138804,3569041861,49,439,108,385,390,277
1235659277,3697164169,100,399,25,474,299,449
1155627667,2657269356,110,389,53,446,279,393
1322978333,4231409363,127,366,119,383,239,264
1026835008,569582214,101,397,50,449,296,399
1080806592,1446889266,62,436,0,499,374,499
1123666049,2059868738,63,435,64,440,372,376
1203464855,3277811713,126,363,70,443,237,373
1241419584,3756669482,83,417,0,499,334,499
1304819743,2541241,73,426,0,499,353,499
1211706604,3408216653,89,410,7,499,321,492
1290627578,4095303718,22,487,124,437,465,313
1211445082,3399884179,25,476,173,369,451,196
1195076481,2340903946,0,499,62,436,499,374
1257406172,3881319404,0,499,0,499,499,499
887142650,133142500,87,439,23,460,352,437
846073474,75188936,0,499,62,436,499,374
1092752570,1586900662,100,398,0,499,298,499
1111845687,1915835530,118,368,168,376,250,208
1172791568,2920940578,65,437,11,458,372,447
1261460960,3900374600,242,291,109,137,49,28
1316494787,4209066927,0,499,0,499,499,499
1231556573,3652412486,67,417,89,441,350,352
1316280397,4209024778,0,499,0,499,499,499
1276445852,4013276130,17,499,22,474,482,452
1076503745,2041112344,0,499,0,499,499,499
1288591363,4083568030,62,436,0,499,374,499
1277812265,4023049852,0,499,0,499,499,499
1230791482,3641714371,154,490,90,486,336,396
1275710757,4006539105,0,499,0,499,499,499
1309629622,4181409426,28,469,20,476,441,456
1301544938,4150998237,34,447,18,486,413,468
1252189906,3847769214,37,357,45,323,320,278
1253151587,3855161599,13,490,34,478,477,444
1226559708,3600698008,81,418,0,499,337,499
387224930,1468169,90,409,12,486,319,474
1283609633,4061592330,0,499,1,497,499,496
1188356756,3055353160,140,359,140,353,219,213
1296210980,4109316352,30,469,106,403,439,297
1079446354,1416711816,0,499,62,436,499,374
1323233125,4231851566,47,447,50,448,400,398
1323894622,4234091560,21,486,84,442,465,358
1268740904,3936362814,24,483,64,388,459,324
1181445869,3002936982,72,436,60,428,364,368
1312277081,4193924384,0,499,0,487,499,487
981948028,284906851,43,455,109,389,412,280
1007668884,435147263,100,399,37,462,299,425
1266967867,3940053520,1,393,38,450,392,412
1134351262,2279904187,0,499,62,436,499,374
1247236798,3808263376,72,426,0,499,354,499
1250608816,3701200193,100,399,35,463,299,428
1046592698,876499891,156,343,100,399,187,299
1190867008,1876686753,46,307,185,295,261,110
1237572690,3719949231,80,419,0,499,339,499
1213863746,3454821019,45,450,134,350,405,216
1235597957,3638923871,62,437,0,499,375,499
1066024131,1159696751,0,499,62,436,499,374
1201831594,3155074504,42,465,47,463,423,416
966157818,251906532,37,471,176,371,434,195
1262338662,3906638971,27,477,54,489,450,435
1316126388,4200871945,8,475,6,414,467,408
977773133,278533909,91,407,0,499,316,499
1273536200,3994362518,71,466,87,439,395,352
1239449877,452385470,39,440,137,357,401,220
1032841716,633834959,55,443,0,499,388,499
1262203855,3905965840,20,439,0,499,419,499
1260595815,3543844688,100,399,9,490,299,481
1040436044,812766434,62,436,0,499,374,499
1313447058,4197677562,0,499,34,477,499,443
1251239421,3789059389,119,383,192,328,264,136
1310067153,4181960180,0,499,0,499,499,499
137567430,3920356,80,418,10,489,338,479
1019030174,498351443,190,309,159,340,119,181
1196212652,3182722352,37,450,112,376,413,264
1218501529,183039365,189,310,150,349,121,199
1172135847,2916184194,64,435,0,499,371,499
1265359820,3930258593,198,322,116,434,124,318
672431944,56416264,167,334,130,364,167,234
938658439,200429387,71,427,0,499,356,499
876287330,103637526,71,427,0,499,356,499
1278774813,4037080991,80,426,93,427,346,334
939939811,202792377,0,499,61,437,499,376
873050481,118533952,201,300,72,428,99,356
1324202618,4236297959,0,499,0,499,499,499
1261362369,3898715389,118,397,49,468,279,419
1304735564,4163340413,71,426,12,498,355,486
1274390788,3999376702,21,480,9,461,459,452
309247541,46513566,161,337,130,368,176,238
1213041361,3439354157,101,415,22,396,314,374
907284869,85865042,165,334,128,328,169,200
847828332,77441548,31,467,0,499,436,499
1261430525,3898729874,0,499,61,499,499,438
1028568724,585327404,7,488,141,399,481,258
1114820570,1936968623,0,499,62,436,499,374
1258196439,3883415142,70,445,64,433,375,369
891745882,138467113,144,354,109,391,210,282
1240237064,3745169429,29,467,8,494,438,486
1012993789,462673348,53,446,0,499,393,499
1304250055,4161705880,109,389,0,499,280,499
1086730973,1514927467,65,434,12,487,369,475
1238404496,3728227861,88,419,83,494,331,411
1323076854,4232650439,34,461,135,414,427,279
1305537306,3608551790,80,419,0,499,339,499
940533701,138727180,181,446,141,296,265,155
1256273234,3873643163,0,499,0,499,499,499
1002148522,374233305,84,396,68,450,312,382
1236061733,3704281776,0,499,0,499,499,499
1276598722,4014160585,0,499,0,499,499,499
1301520894,4150995915,139,381,61,472,242,411
1275390243,4003968106,71,441,74,433,370,359
956387479,138733609,12,479,121,376,467,255
1239355513,3737242036,0,499,0,499,499,499
1169866066,2883303639,0,499,62,436,499,374
1264947320,3928095207,73,426,0,499,353,499
1264894805,3928074977,64,495,227,272,431,45
1053594068,1035140746,79,419,0,499,340,499
1283859317,4061620269,26,458,67,477,432,410
1228803908,3619492748,62,436,0,499,374,499
989868665,179281560,200,299,178,320,99,142
1255455613,3868432574,199,375,152,230,176,78
1263743279,3921176880,15,454,60,431,439,371
1282756043,4057515856,14,479,151,323,465,172
1324145420,4236042780,0,490,0,494,490,494
1286891441,4074700318,26,499,28,486,473,458
1116562918,1962223022,26,456,208,441,430,233
970927761,47416589,60,439,0,499,379,499
1270454702,3971983176,18,481,113,395,463,282
1301667737,4151268422,0,499,0,499,499,499
1295925743,4127721759,31,473,22,466,442,444
1285967393,4071437237,0,499,0,499,499,499
1172022935,2915037376,120,378,125,373,258,248
1220090746,3537712170,87,402,57,422,315,365
1007583481,435038070,73,426,0,499,353,499
1292908088,4113738083,0,499,0,499,499,499
1225139064,3587959922,92,407,12,487,315,475
1116358692,1960012859,110,389,54,445,279,391
1105455833,1849940588,158,341,113,386,183,273
1033886897,668758401,0,499,83,415,499,332
971460184,262247021,137,361,103,394,224,291
1273154654,3993171412,7,489,129,364,482,235
1212857279,2737294896,8,460,113,379,452,266
1275635756,4007155998,47,467,38,460,420,422
1277568902,4023546459,106,433,130,401,327,271
1141727723,2440970109,33,464,0,320,431,320
982015319,285478155,0,499,0,499,499,499
1166126032,2810226329,19,483,161,365,464,204
1019306612,516394759,0,499,83,415,499,332
940529850,138758209,370,370,236,271,500,35
1174592601,2940640352,73,374,32,472,301,440
1266505841,3938617416,33,466,164,357,433,193
305797278,25839050,62,436,0,499,374,499
1054324135,1041703983,187,312,100,407,125,307
1190092061,3088475207,0,499,0,499,499,499
1277177023,4020499115,66,499,61,499,433,438
957078164,223680806,30,468,0,499,438,499
1276530895,4014020412,263,278,14,30,15,16
1301395449,4150985374,51,448,54,445,397,391
1290108597,4091460354,72,428,10,489,356,479
1322092815,4229650922,73,393,134,373,320,239
1302859721,4156239003,75,424,2,496,349,494
1026839755,569579269,107,392,50,449,285,399
1174588158,2940639061,174,329,172,318,155,146
1197620776,3201329858,0,499,108,390,499,282
749890023,48355666,65,434,0,499,369,499
936371678,195916099,57,441,0,499,384,499
1174591085,2940639854,13,481,26,477,468,451
1269483658,3957844495,0,499,0,499,499,499
1239448209,2887776906,40,459,131,361,419,230
1261173745,3898707847,10,481,163,334,471,171
1222138970,3569043859,42,448,124,379,406,255
1243432893,3773723380,19,480,95,403,461,308
1277774515,4026077661,72,416,121,357,344,236
1232369472,3660534466,116,347,121,389,231,268
1156319820,2667884866,18,464,135,388,446,253
1294611989,3603999384,56,442,0,499,386,499
1269836454,3962805139,25,459,14,479,434,465
1266514078,3938620987,2,475,163,490,473,327
1295220647,4125633512,189,312,104,397,123,293
871446796,116271787,26,472,0,499,446,499
1311691019,4188907202,34,492,69,372,458,303
998293303,334563088,158,336,165,373,178,208
1317474650,4212763734,9,482,15,483,473,468
1176503658,2958499436,7,494,124,374,487,250
1275111465,4004083615,0,499,0,499,499,499
1289564867,4087654764,24,472,23,472,448,449
933194183,189980731,62,436,0,499,374,499
1287906193,4079552517,30,446,24,472,416,448
1323193011,4231840562,15,471,59,468,456,409
1295073492,4125281792,0,499,0,499,499,499
971026488,260839992,0,499,11,487,499,476
1074338417,1334202024,20,479,0,499,459,499
876282210,75787915,51,447,0,499,396,499
1188462866,3065095694,0,499,62,436,499,374
1191424278,3107233958,38,468,116,488,430,372
1117561579,1474929889,151,348,100,399,197,299
1057308948,1077635715,133,372,193,327,239,134
1027141629,569795780,114,384,50,449,270,399
1295789459,4126966220,0,474,117,385,474,268
288772233,5492601,135,363,73,426,228,353
1004335806,288166083,0,499,82,416,499,334
1118329629,1983220951,94,405,27,471,311,444
916352176,161178372,0,499,61,437,499,376
995098620,303051694,184,311,157,339,127,182
968706161,254706241,89,409,0,499,320,499
1001630955,371163495,0,499,83,415,499,332
1265214854,3929900531,7,495,2,493,488,491
1294438713,4123234439,0,499,0,499,499,499
1027298003,570694593,110,389,50,441,279,391
1319276611,4218753624,66,429,83,440,363,357
1261193281,3898711248,72,425,67,431,353,364
1243660013,3775275643,0,499,136,436,499,300
445448930,50239262,112,387,39,460,275,421
1288882949,4086011893,51,450,52,439,399,387
1243410224,3773720542,31,469,30,468,438,438
1306641037,4158929919,0,499,62,436,499,374
1244986164,3787994375,0,499,51,499,499,448
1212845424,3428534876,159,339,59,498,180,439
847150886,76517052,88,410,27,472,322,445
1116661681,1963777111,84,223,198,379,139,181
1317689147,4214539655,13,489,7,492,476,485
954590826,219009646,83,415,0,499,332,499
894798894,86430634,70,428,0,499,358,499
1046954806,881961600,108,388,89,409,280,320
1301526723,4151263478,0,499,0,499,499,499
1108738878,1878103743,110,389,63,435,279,372
1262990865,3912894391,21,486,48,467,465,419
1234714107,3689153942,0,499,0,499,499,499
1264888827,3928048648,13,486,151,296,473,145
874539070,109182820,71,427,0,499,356,499
1121064242,2028462802,0,499,62,436,499,374
1260388396,3893245817,85,456,41,444,371,403
1225886850,532978714,173,317,146,326,144,180
1176504194,2958500245,8,491,116,381,483,265
933262997,190111537,73,426,0,499,353,499
1076486216,1363928428,87,383,142,361,296,219
987631192,294477457,0,499,38,460,499,422
1237149187,3717172113,43,459,206,350,416,144
1244541350,3785188016,0,499,62,436,499,374
967154815,254399877,82,415,168,333,333,165
1093796052,1923135451,0,499,0,499,499,499
1287294264,4077181794,1,498,73,426,497,353
1244540970,3785187802,0,499,62,436,499,374
1295960539,4128438395,72,418,161,328,346,167
862304958,101990876,0,499,62,436,499,374
1041951126,1051635005,189,309,186,306,120,120
1252117265,3847029264,18,487,11,485,469,474
1216777406,289128441,159,340,120,399,181,279
948580134,53642875,74,425,0,499,351,499
1048666676,944220397,56,442,0,499,386,499
1260399154,3893246198,0,499,0,499,499,499
1254493954,3861780138,94,234,107,363,140,256
702835525,58515396,93,405,36,462,312,426
1303739592,4159399664,47,451,62,448,404,386
1292516197,4108939590,99,413,48,430,314,382
1191424248,3107233845,0,499,0,499,499,499
850358828,81970063,197,302,175,324,105,149
1202500560,3255504635,28,452,151,281,424,130
1309329647,4180375550,41,456,130,357,415,227
1190251284,2697698988,9,473,121,383,464,262
1082265548,1455084641,0,499,62,436,499,374
909042366,153488598,75,425,0,499,350,499
1317915853,4215693786,32,443,139,391,411,252
1146394407,2514099256,40,459,104,394,419,290
1312858260,4196502022,42,458,144,349,416,205
1139117582,2379359732,0,499,62,436,499,374
1275502028,4006430718,17,499,45,477,482,432
1281723609,4052932552,23,484,14,493,461,479
1014896101,475174561,83,415,0,499,332,499
1243660342,3775276409,0,499,148,436,499,288
1323381376,4231831586,36,445,71,463,409,392
1141005541,2422822543,36,433,115,420,397,305
1174590684,2940639768,231,279,0,499,48,499
1238966636,2916121256,218,316,137,285,98,148
1253214813,3854772539,44,448,22,486,404,464
1323327188,4231757368,130,350,60,440,220,380
1117721850,1976201118,0,499,109,389,499,280
1301639889,4151267567,109,390,152,349,281,197
1256432936,3873663107,50,449,50,449,399,399
1269358501,2496879301,100,399,5,493,299,488
973942860,270330548,203,295,225,339,92,114
1151869995,2591901625,0,499,0,499,499,499
1298050944,4137783472,137,365,24,473,228,449
1294189454,4122554531,97,408,33,469,311,436
1306566002,4167080084,106,388,51,463,282,412
1216132611,3477204682,0,499,58,441,499,383
1055800392,1063521969,0,499,62,436,499,374
1237185213,3716583583,41,406,90,394,365,304
1007735659,435079949,100,399,43,455,299,412
1247477972,3810681281,147,353,82,416,206,334
881834235,126317183,62,436,0,499,374,499
1100063724,1711729227,70,429,145,354,359,209
1115171233,1940531627,61,440,164,374,379,210
1123704020,2061398521,177,343,163,351,166,188
847585740,77042945,62,436,0,499,374,499
1317036997,4201019120,32,468,44,475,436,431
1324088735,4236042000,0,499,0,494,499,494
1202970331,2175478278,281,339,147,276,58,129
1037952950,741670767,0,499,122,377,499,255
1299185242,4140380340,87,411,5,493,324,488
989059259,294407697,178,468,43,427,290,384
1057275855,1077382688,47,452,0,499,405,499
1298803043,4139506715,14,485,14,487,471,473
1008191712,436096492,100,399,140,358,299,218
1282052068,4054652882,0,499,25,473,499,448
1322778162,4231405889,0,499,0,499,499,499
1282840016,4057527392,0,499,0,499,499,499
1237278192,3716306235,16,418,120,487,402,367
971429440,262164859,77,427,16,486,350,470
1243444761,3773724649,28,472,70,418,444,348
1316105360,4200869686,0,499,0,499,499,499
1241431214,3756680198,203,295,190,310,92,120
1249620451,3820269751,0,499,220,284,499,64
1215410456,3470137952,1,497,82,415,496,333
1233610947,3681134104,0,499,62,436,499,374
1251013429,3837274988,0,499,0,499,499,499
1064962371,1139611429,72,426,0,499,354,499
862537935,102355834,136,445,229,271,309,42
1314399560,4200677363,0,499,0,499,499,499
1307841168,4172829561,6,489,6,493,483,487
1232886420,3670934248,0,499,209,436,499,227
1269667442,3961111985,62,436,0,499,374,499
1236129171,3705367317,92,401,3,486,309,483
1132388545,2225533889,73,477,113,413,404,300
1253592829,3857833320,57,488,0,448,431,448
980535628,283682777,82,420,82,422,338,340
1292258080,4108380836,188,322,253,261,134,8
1254437469,3861753748,0,473,0,499,473,499
1267411374,3942681079,63,435,0,499,372,499
1279202090,4037102381,42,448,44,453,406,409
1187114742,3043472134,167,321,176,318,154,142
1111617688,1912360746,0,499,62,436,499,374
1233625252,3681835422,0,499,62,436,499,374
1271248996,3976409347,0,499,1,499,499,498
1203400706,2713994820,193,295,164,345,102,181
1283744260,4061608475,0,499,0,499,499,499
1024435044,543808617,0,499,32,466,499,434
1307879986,4173008670,52,442,95,462,390,367
1304142781,4160953199,106,388,51,463,282,412
1281984358,4050747358,43,447,147,359,404,212
1283559734,4061584415,0,499,0,499,499,499
996786120,318617846,0,499,62,436,499,374
1296372745,4130468683,0,499,0,499,499,499
1249533304,3819977579,47,467,96,388,420,292
1275405187,4003974996,44,457,48,459,413,411
1176503411,2958499382,32,479,124,378,447,254
946517531,179274912,187,274,209,223,87,14
1155138432,2649520219,13,484,57,465,471,408
1204194068,3287117049,64,445,48,477,381,429
1283959621,4061636929,34,473,81,412,439,331
1317993299,4215704912,47,452,60,439,405,379
1236492091,3708916164,0,499,0,499,499,499
1118178347,374989,85,413,0,499,328,499
971429538,262163872,12,491,108,392,479,284
1159854403,2716708699,0,499,0,499,499,499
1127635504,278542976,154,345,100,399,191,299
1150311938,2573224460,0,499,34,499,499,465
893311539,141191269,220,278,189,303,58,114
1215497446,3470042378,165,333,128,371,168,243
1304048080,4160812825,26,464,20,390,438,370
1277443725,4021392983,74,424,0,499,350,499
1234397589,3675090277,0,499,145,353,499,208
1081743369,1461668030,146,376,117,359,230,242
905376900,150028896,62,436,0,499,374,499
780939267,62063702,75,423,0,499,348,499
1310078719,4181962028,8,481,40,494,473,454
1195653707,3173962665,0,499,109,389,499,280
938714366,185253308,25,477,128,372,452,244
1271101517,3974957847,47,475,119,377,428,258
1163471196,2765287416,0,499,62,436,499,374
983733285,288020415,109,386,170,331,277,161
1152207426,2590227452,70,428,0,499,358,499
1140821081,2419989491,0,499,62,436,499,374
1281712040,4052932338,9,485,68,378,476,310
1317004851,4211510979,220,278,246,329,58,83
1244362639,3766473286,100,399,1,497,299,496
486451665,51152307,0,499,73,425,499,352
1246116168,3797081872,29,483,35,401,454,366
1061080069,1100198024,0,499,52,447,499,395
1252627302,3850328362,0,499,169,436,499,267
1177227942,2971173284,137,363,6,491,226,485
1147325104,2531016457,37,462,3,485,425,482
1255119670,3868324101,10,403,138,376,393,238
1294532475,4122848113,0,499,0,436,499,436
1305402595,4165070711,145,351,107,419,206,312
1274626396,3586065776,78,421,25,499,343,474
869086504,112945170,83,416,0,499,333,499
1240110506,3743370998,11,488,0,494,477,494
1093196448,1598498483,156,342,100,399,186,299
1285087069,4063760585,34,469,47,463,435,416
1100075256,1711730668,70,429,145,354,359,209
1294221657,4122562515,22,483,101,365,461,264
1260325642,3894931682,115,403,36,456,288,420
947784553,210194441,68,431,0,499,363,499
887138404,133262161,63,435,0,499,372,499
1203202298,3271216413,0,499,0,499,499,499
1306844658,4167091508,0,499,0,499,499,499
1287879399,4079551080,0,499,0,499,499,499
1266034292,3936503159,146,225,199,201,79,2
1316110811,4200870229,46,458,24,410,412,386
1323285251,4231690439,342,455,36,105,113,69
911165165,154370350,177,322,99,397,145,298
989444881,296664593,0,499,74,425,499,351
1285872358,4017684879,138,365,154,327,227,173
1281997014,4050750047,142,357,121,377,215,256
1298366269,4139573300,24,455,29,453,431,424
1253352707,3856416542,33,433,17,398,400,381
756399767,61153992,90,409,0,499,319,499
1226405741,3591581810,0,499,142,436,499,294
1140311820,2406603829,0,392,161,436,392,275
1257152881,3879365661,0,499,0,478,499,478
1304022326,4160808111,0,499,0,499,499,499
1283420538,4061577666,0,490,142,347,490,205
1211398253,3397444511,39,455,66,431,416,365
1252557086,3850109683,84,442,82,451,358,369
987575585,294419450,0,499,0,499,499,499
874731361,62176788,70,429,45,454,359,409
1167719700,2823853930,31,467,175,401,436,226
1158267711,2694708484,109,389,0,499,280,499
1205940877,3308161189,68,431,0,499,363,499
1116349061,1959779912,151,347,100,399,196,299
845570270,74395632,57,442,142,355,385,213
1301379288,4150984150,0,480,1,499,480,498
1230848353,3642514758,0,499,83,416,499,333
987667430,294484332,15,483,66,451,468,385
1316510363,4209163133,15,456,114,441,441,327
1199591563,3228455404,109,389,0,499,280,499
1215210984,3469564454,9,490,123,377,481,254
1258861207,3886164676,68,431,0,499,363,499
1204203699,3287132530,40,474,16,477,434,461
977698538,278527524,119,380,20,476,261,456
1226397741,3593791253,81,418,0,499,337,499
1261578617,3900590203,17,499,85,499,482,414
1290513252,4094110118,38,461,13,499,423,486
1190252003,2647272658,118,369,123,379,251,256
1246074029,3797080315,0,499,0,499,499,499
1300063943,4144869243,31,351,132,444,320,312
1084605373,1498370317,0,499,68,430,499,362
1267258587,3942389117,61,449,206,292,388,86
1318000052,4216393456,155,286,18,128,131,110
1216496983,3482143852,62,434,13,460,372,447
1258920882,3887578382,25,478,49,472,453,423
1223878551,3584256312,0,499,62,436,499,374
1319498580,4214430881,153,425,70,459,272,389
326483390,47392166,73,426,0,499,353,499
1089474499,1553194800,0,499,196,279,499,83
1269512612,3959938805,0,495,28,499,495,471
1068056158,1188156004,70,428,0,499,358,499
1323674009,4234141345,0,499,0,496,499,496
1218133888,3505578067,92,310,47,483,218,436
1192149415,3122643099,68,432,22,488,364,466
1037827225,740535887,138,361,100,399,223,299
1255067608,3867156936,113,383,111,373,270,262
1259021038,3887599100,65,435,69,438,370,369
1171544843,2896531646,62,436,0,499,374,499
1198112256,278411962,151,347,100,399,196,299
1038854632,767597170,0,499,0,499,499,499
1309668308,4179728623,0,499,0,499,499,499
1161807181,2743410664,24,474,115,384,450,269
1252242593,3848292718,68,431,0,499,363,499
1008826365,439127314,73,425,0,499,352,499
1316962196,4211319224,0,499,0,499,499,499
1025373471,549895910,20,478,0,499,458,499
1314491781,4186278587,29,460,125,348,431,223
1211984007,3414349263,191,459,25,480,268,455
1258096846,3883953311,26,463,195,274,437,79
1282844936,4057527740,98,395,35,476,297,441
1213783789,3453392107,59,453,104,396,394,292
1314466623,4202303218,80,411,45,402,331,357
1254386853,190399680,83,415,0,499,332,499
1174590224,2940639636,176,320,214,294,144,80
1256800900,3875047204,96,407,60,458,311,398
933240150,190095979,73,426,0,499,353,499
1093233204,1596157939,70,428,0,499,358,499
1172791615,2920940594,0,499,68,431,499,363
941621955,207151517,174,289,194,312,115,118
862580398,102357690,53,441,142,356,388,214
1232934345,3426686989,27,472,195,303,445,108
1024752796,547027672,154,343,118,384,189,266
1100121223,1712822932,100,393,147,362,293,215
1259204002,3887612537,22,459,62,465,437,403
1163471195,2765287402,110,389,145,354,279,209
1026850664,569710463,104,395,50,449,291,399
1314310418,4202209077,48,453,27,452,405,425
844838682,73334276,0,499,80,419,499,339
1245058935,3787190630,32,393,76,431,361,355
1272581421,3990246482,32,485,122,377,453,255
1264014892,3923097094,19,483,110,452,464,342
1305348222,4165405782,3,488,32,433,485,401
1285853221,4017675828,202,294,82,448,92,366
1328564493,4250688640,80,455,88,406,375,318
1265197540,3929896717,0,499,0,499,499,499
1204248903,3287289345,21,477,80,423,456,343
1235712694,3202864489,95,404,12,486,309,474
1225886981,604680135,125,374,125,374,249,249
1240859461,3750168878,75,433,17,486,358,469
1062671854,846046757,140,351,111,392,211,281
1007538641,435082444,118,381,50,449,263,399
1053583740,1035095173,80,418,0,499,338,499
1245076641,3788539395,147,364,132,337,217,205
1198455330,548524434,142,356,112,399,214,287
1124420408,2077653074,111,388,98,372,277,274
1089464816,1553194821,53,414,209,300,361,91
1235988170,3702775799,179,318,59,450,139,391
1260365115,3893244605,0,499,0,499,499,499
1277407632,4023706265,56,442,0,499,386,499
988318516,295318054,96,412,179,349,316,170
1116847843,1965615550,0,499,0,499,499,499
1308720195,4177784883,0,499,0,499,499,499
1255741866,3871038599,30,448,64,467,418,403
1086092048,1505842892,17,478,17,478,461,461
1209952794,2661105789,62,434,39,459,372,420
979530847,276447171,62,436,0,499,374,499
1265263045,1888107202,109,390,74,488,281,414
1262610834,3908524753,67,372,14,478,305,464
1102354548,1792122481,0,499,62,436,499,374
1310684107,4182267636,0,499,0,499,499,499
1276565182,4014156078,0,499,0,499,499,499
1283865102,4061620424,71,392,41,459,321,418
984951772,290049737,74,424,0,499,350,499
1127685977,2128700978,0,499,62,436,499,374
1202611202,3256333757,33,460,85,359,427,274
1027018655,569730842,100,399,52,446,299,394
1316232409,4200879675,27,475,4,494,448,490
1008199208,436109978,100,399,31,467,299,436
1260388831,3893245855,252,333,232,308,81,76
874537930,107645354,89,398,37,448,309,411
1138542397,2369960644,110,382,142,358,272,216
1296476590,4130805815,113,399,205,399,286,194
1271070242,3974956195,176,310,144,383,134,239
1104440291,1833235286,62,436,0,499,374,499
1287228892,4077170391,0,499,72,428,499,356
454058930,50334334,100,399,55,444,299,389
1295220756,4125633536,93,395,41,480,302,439
1321129634,4226521192,90,408,81,427,318,346
1012973163,462235783,167,339,158,342,172,184
1292549942,4108945610,28,451,141,360,423,219
1261393133,3898719546,0,499,0,499,499,499
1261203041,3898712374,133,380,29,482,247,453
1261427885,3898729067,46,439,54,480,393,426
1262754929,3908509502,123,499,62,436,376,374
1233234937,3675806551,62,436,0,499,374,499
987624988,294480515,194,305,175,324,111,149
1058870496,1089542485,100,399,164,335,299,171
687525245,57414777,143,356,142,356,213,214
1230740308,3641436362,109,389,0,499,280,499
1079274934,82573470,70,428,0,499,358,499
964629354,247669211,176,320,194,306,144,112
1275987020,4010220780,68,436,85,425,368,340
1299053859,4141586406,130,377,30,466,247,436
1313689011,4183919175,48,465,84,404,417,320
1257219407,3879896761,44,478,153,389,434,236
970924175,260905137,0,499,99,399,499,300
1311491556,4187457871,156,349,37,492,193,455
1289892025,4090388599,21,479,170,350,458,180
1100081571,1711736373,110,389,65,433,279,368
1064969982,1144476577,75,459,162,371,384,209
1306077156,4167128366,37,444,71,462,407,391
1020057209,519116413,199,292,167,333,93,166
942083617,208082265,126,372,107,399,246,292
1007649442,435123636,100,399,41,458,299,417
1038965026,779293070,46,438,208,464,392,256
936596077,196225539,44,468,130,372,424,242
1317194458,4210983479,73,451,133,303,378,170
1260368228,3893244799,80,471,196,474,391,278
1254667737,3863642711,0,499,1,499,499,498
1236050373,1869640513,108,410,52,445,302,393
1252588552,3850185198,84,442,82,451,358,369
757718715,61221795,56,443,0,499,387,499
1275028047,249611995,93,406,0,499,313,499
1299254339,4141569931,23,478,30,468,455,438
1202923851,3266012971,0,499,62,436,499,374
1290628338,4095303791,0,499,0,499,499,499
1139135314,2380564047,100,468,77,468,368,391
1251592684,3844081422,72,426,131,379,354,248
971427851,262164753,67,431,0,499,364,499
921249614,168344608,134,368,17,371,234,354
1026511335,564899063,0,499,85,413,499,328
1306605105,4168874591,0,499,0,499,499,499
1205199563,3304173288,0,499,55,443,499,388
1311219663,4186477442,28,460,56,452,432,396
1297893496,4137581615,22,479,29,469,457,440
1275108769,4003847073,27,483,31,470,456,439
1253252200,3855465386,121,384,33,484,263,451
1267183308,3941811542,55,470,65,388,415,323
1288864426,4085912472,22,462,64,443,440,379
1168575594,2861656974,228,248,70,431,20,361
941621905,207151327,146,349,169,324,203,155
1255795192,3871120062,0,499,0,499,499,499
1313550502,4198469043,0,499,0,499,499,499
1244986670,3787994411,36,499,1,388,463,387
927604280,180671351,23,465,69,440,442,371
589570957,54420423,62,436,0,499,374,499
1143781924,2470471362,137,361,100,399,224,299
1261172592,3898707440,33,473,104,391,440,287
1260617324,3894591896,42,458,15,486,416,471
1317255966,4210987236,0,499,0,499,499,499
1093517494,1601804929,0,499,62,436,499,374
984270607,288908783,0,499,83,415,499,332
1007620042,435157277,104,395,50,449,291,399
1102365535,845434568,1,493,47,498,492,451
1121419834,2035478852,116,386,57,483,270,426
1275215584,4004106131,89,408,99,409,319,310
1079328784,1421544316,100,399,30,475,299,445
1240823168,3749843190,31,468,0,499,437,499
1177630945,2973520545,0,499,0,484,499,484
872670663,118030187,62,436,0,499,374,499
1166399320,2815711479,74,421,8,485,347,477
940298206,203608093,74,417,136,369,343,233
1091960447,1548294617,115,393,314,481,278,167
1104537255,1836101816,20,471,17,499,451,482
1049052733,948206895,88,422,71,425,334,354
875435314,64114059,197,302,170,329,105,159
1237175551,3716576669,0,439,0,455,439,455
1008683551,439052480,73,425,0,499,352,499
1163170271,2764584325,69,445,132,349,376,217
1255202251,3863871699,0,499,62,436,499,374
1053591478,1035133683,79,419,0,499,340,499
1249779021,3819687911,114,384,166,278,270,112
1110495947,1902782654,83,415,0,499,332,499
1282758050,4058942625,0,499,1,499,499,498
1328489060,4250687025,43,499,15,489,456,474
1280708088,4046495413,0,499,0,499,499,499
1194218598,3155743355,0,499,63,436,499,373
1257232361,3879890602,122,374,101,391,252,290
1186356769,3028006630,84,411,170,339,327,169
1089478669,1553194050,62,419,206,301,357,95
1220474367,3542947802,150,349,100,399,199,299
1014680540,473950184,140,358,90,409,218,319
1152178489,2601268874,62,436,0,499,374,499
1014682588,473954855,115,383,59,439,268,380
1244541210,3785187878,0,499,145,436,499,291
931126656,185277398,0,499,62,436,499,374
1240731354,3748075542,0,499,0,499,499,499
1309073403,4179414567,82,435,55,397,353,342
1315237198,4204294637,0,499,0,499,499,499
979582859,282205998,138,360,95,404,222,309
1242924682,3767815115,62,436,0,499,374,499
1186732866,3037202344,107,393,6,491,286,485
874576763,120317074,0,499,62,436,499,374
1177230739,2971177546,59,447,129,376,388,247
1276361666,4012870279,0,499,0,498,499,498
976284000,107508294,109,389,0,499,280,499
1278221732,4030649118,3,494,88,295,491,207
1323287277,4231691432,8,491,39,490,483,451
1179888251,2988102597,0,499,62,436,499,374
1309874210,1898222720,100,399,34,464,299,430
987497531,294393529,97,359,23,470,262,447
1276029420,4010224669,0,499,0,499,499,499
1316139052,4200873171,0,499,0,499,499,499
1318309675,4187006653,27,474,171,349,447,178
449506930,50277276,135,363,88,410,228,322
1321584598,4223046443,69,374,100,355,305,255
1301472711,4151260810,0,499,0,499,499,499
1217511147,3495028869,17,483,114,387,466,273
1316951288,4205759220,62,436,0,499,374,499
1255118303,3868369877,99,399,0,499,300,499
1285108426,4066267803,30,499,8,499,469,491
1128331212,278533940,156,342,100,399,186,299
1057220919,1073165806,86,412,0,499,326,499
1274098318,3997565211,134,341,156,371,207,215
1324197430,4236297798,56,455,26,492,399,466
1240567328,3748044722,0,499,0,499,499,499
1275568504,4006496761,20,499,57,179,479,122
1033292632,560745498,23,475,8,488,452,480
1289695963,4088687483,74,436,112,397,362,285
1138749886,2293207330,49,449,0,499,400,499
1313680651,4199857668,24,477,56,439,453,383
1240817821,3743361388,115,384,10,489,269,479
971431271,262168248,8,482,107,399,474,292
1144314933,2479763521,44,491,95,405,447,310
1130658378,2186232874,52,446,12,487,394,475
1298888224,4141163636,149,369,56,439,220,383
1253510234,3856533359,0,499,0,497,499,497
1257826756,3883134703,0,499,0,499,499,499
1317114072,4211704475,0,499,0,499,499,499
891740962,138463564,112,399,116,376,287,260
1026957089,569730930,110,389,50,449,279,399
1164041485,2779432556,0,499,62,436,499,374
1249535504,3819982782,164,334,165,342,170,177
864527644,105775434,58,441,0,499,383,499
1320102637,4215360949,69,401,41,470,332,429
1263007153,3913252791,104,394,0,499,290,499
731824195,60062016,0,499,62,436,499,374
1304006330,4160804803,154,379,192,308,225,116
1314017135,4201307327,10,489,69,390,479,321
1270219281,3969948678,119,436,22,467,317,445
1243775324,3775268813,0,499,72,427,499,355
1215385649,3470118662,7,494,24,479,487,455
878095666,123316862,181,317,150,349,136,199
1265035870,3929339602,19,494,170,293,475,123
1158308645,2697702719,83,415,0,499,332,499
976499648,276002173,72,426,0,499,354,499
1255936338,3872703832,41,463,7,471,422,464
1036823303,721798689,132,366,108,388,234,280
1057763130,1081506675,7,491,104,409,484,305
1138561427,2359794680,201,295,170,312,94,142
1279214069,4037104091,39,457,55,464,418,409
1284173255,4063433899,0,499,0,499,499,499
1318117858,1529639841,106,393,149,385,287,236
850166528,81775822,91,415,129,373,324,244
1008184480,436077980,102,396,50,449,294,399
966970321,208300866,154,344,89,417,190,328
998333910,334559843,0,499,83,416,499,333
1055369883,1056010230,0,499,62,436,499,374
1155783451,2659728331,0,499,62,436,499,374
1297882568,4137579293,46,455,48,457,409,409
1202262429,3253514991,227,273,184,323,46,139
260168559,2921512,29,470,0,499,441,499
1270292455,3970455360,154,345,114,389,191,275
1307768244,4172823471,47,451,191,454,404,263
1189527647,3082693568,16,499,40,481,483,441
1273445122,278392424,100,399,29,469,299,440
1310607061,4184462279,62,436,0,499,374,499
998403218,52963942,190,309,168,331,119,163
1242370347,1742999509,96,402,0,499,306,499
1178344791,2980297602,62,436,0,499,374,499
1075610099,1349998073,68,430,0,499,362,499
1123666097,2060586951,64,435,64,440,371,376
1133112471,2243248829,81,407,75,444,326,369
1277727797,4023033273,80,419,11,488,339,477
1014112471,470182282,0,499,70,428,499,358
1282540486,4057543952,36,476,86,410,440,324
1061238254,1101595189,79,419,0,499,340,499
1174587304,2940638875,51,462,39,458,411,419
1308748176,4177785435,0,499,0,499,499,499
893312834,141191327,183,302,196,299,119,103
1193271768,2671943264,195,302,41,395,107,354
1200587840,3241922220,68,431,0,499,363,499
1263880461,3921317134,125,378,10,499,253,489
1260376360,3893204667,0,499,0,499,499,499
1102678920,1805213006,83,400,133,365,317,232
1311060031,4182118252,40,446,17,499,406,482
1282351977,4056050104,36,462,110,398,426,288
1027319001,570718987,107,391,50,449,284,399
972242004,3702683,0,498,3,495,498,492
1258621690,3883455540,0,499,23,499,499,476
874732940,74210437,71,427,0,499,356,499
1007808085,435138732,100,399,50,449,299,399
1271660102,3232285347,60,465,64,445,405,381
1198128553,1174554657,161,344,113,386,183,273
1328824385,4252011632,14,481,12,491,467,479
895917110,545558,102,397,12,486,295,474
1324206815,4236298102,67,367,86,445,300,359
975083338,272725083,78,410,0,493,332,493
1281351137,4027065999,20,479,77,421,459,344
933246677,190101130,50,450,2,499,400,497
1284107997,4063219106,49,448,109,405,399,296
1313660963,4198485321,146,344,53,478,198,425
1257289851,3879895325,59,447,125,407,388,282
1167490056,2104856340,35,464,0,496,429,496
1283649957,4061596067,61,485,131,340,424,209
1005587451,413630880,74,424,0,499,350,499
1261413921,3898723700,0,499,0,499,499,499
1317237235,4210986752,40,469,185,404,429,219
1178124645,2981026715,45,454,184,316,409,132
1116791381,1965260408,109,376,136,397,267,261
1311457199,4187650576,26,463,135,393,437,258
1295152346,4125165321,75,424,0,499,349,499
1303903037,4160038879,0,499,100,399,499,299
1311476683,4187650702,0,499,0,499,499,499
872551708,117812059,76,423,0,499,347,499
1285454085,4069225356,62,436,0,499,374,499
1065109808,1146673983,0,499,72,427,499,355
1131031127,2188111240,0,499,77,422,499,345
1316315098,4200883864,7,494,109,396,487,287
1289120726,4085973496,71,420,23,468,349,445
1240731452,3748208011,22,479,164,347,457,183
1223180228,3579182471,84,407,173,340,323,167
468392930,50562889,100,399,29,470,299,441
1324190457,4236297427,66,412,43,451,346,408
1169879895,2886580209,191,308,73,429,117,356
964709738,246965870,74,424,0,499,350,499
1301722454,4151271081,53,499,0,498,446,498
1299555814,4139699737,7,489,104,395,482,291
1324152312,4236042895,0,485,90,499,485,409
1176505316,2958503912,2,498,78,415,496,337
1310336501,4181899606,31,473,28,414,442,386
971050807,261235562,52,431,112,365,379,253
1168014995,2849849932,44,455,62,442,411,380
1006950465,425330653,62,436,0,499,374,499
1307355902,4171235095,42,455,75,440,413,365
1209715365,3382583633,66,463,144,356,397,212
1257246032,3879898573,49,409,83,394,360,311
1100070685,1711731879,110,389,54,445,279,391
1269866663,2657867164,100,399,37,462,299,425
1275983942,4010220677,98,413,37,459,315,422
1166893426,2825944053,69,429,69,429,360,360
1143162045,2455898682,62,436,0,499,374,499
1097274933,1664253570,0,499,62,436,499,374
1275999076,4009654288,0,499,102,436,499,334
874853182,120726446,0,499,106,392,499,286
1239436143,3737759832,128,335,179,318,207,139
452511430,50313130,132,366,100,398,234,298
1064807444,1142162654,169,331,69,437,162,368
1246422837,3795238745,0,499,75,424,499,349
1313452632,4197523196,67,425,61,408,358,347
1276933442,4018446763,2,499,73,428,497,355
1295619309,4127353169,70,428,0,499,358,499
1213623289,3451189328,150,349,115,383,199,268
1240851053,3750100107,185,314,75,424,129,349
1008759672,439146881,73,425,0,499,352,499
947562489,209955707,112,435,49,441,323,392
1054824221,1048452721,56,446,0,499,390,499
1237108090,1684141387,41,441,146,346,400,200
1027176645,569980021,113,385,50,449,272,399
1027028893,569653110,108,391,50,449,283,399
965311724,114998026,75,424,0,499,349,499
1192416364,3125777277,70,429,0,499,359,499
1096120299,1646014266,60,434,0,493,374,493
927603671,180669994,36,466,34,464,430,430
1289237515,4087633298,77,499,62,441,422,379
1275513954,4006688348,21,458,31,496,437,465
1225202338,3588217413,0,499,109,389,499,280
1275475070,4006487956,0,499,0,499,499,499
1313742535,4200225533,46,460,113,482,414,369
1013130249,462935215,0,496,74,423,496,349
1316249057,4200880318,11,487,11,372,476,361
964813502,248090265,76,422,0,499,346,499
975284595,273470564,24,404,94,387,380,293
1163591686,2754505838,87,415,0,499,328,499
851010643,82592862,85,413,0,499,328,499
1279764242,4041457369,0,499,0,499,499,499
1248840011,3817898879,9,492,0,499,483,499
1279079302,4037577778,35,470,97,441,435,344
1247224085,3807289098,69,422,88,404,353,316
1240839760,3749894375,69,449,72,460,380,388
1316456519,4209065204,46,466,60,499,420,439
1274222161,1544272467,63,435,0,499,372,499
1253519671,3857173170,71,458,33,445,387,412
1244009307,3777702110,165,335,76,438,170,362
1283569064,4061481786,95,385,25,483,290,458
1178125653,2981080342,170,342,5,494,172,489
1210105089,3380357053,109,389,0,499,280,499
1192057093,3120611192,68,432,22,488,364,466
1212769561,3433488496,40,461,142,331,421,189
1283927362,4061632989,0,499,0,499,499,499
1276323843,4012703843,34,470,14,465,436,451
1294542893,4123454723,92,406,0,499,314,499
1258914351,3887576857,0,499,0,499,499,499
1316990896,4210982282,20,490,104,422,470,318
1207287617,3330591987,0,499,62,436,499,374
1232192362,3657926805,29,479,43,468,450,425
1313456426,4197678319,145,345,128,460,200,332
1236846433,3707735157,27,466,165,317,439,152
1323297599,4231695787,52,459,83,405,407,322
1273755728,3992788921,19,480,27,483,461,456
870870844,115542665,107,391,147,351,284,204
1176100332,2954029886,26,433,126,355,407,229
1181444997,3002935063,30,468,143,378,438,235
1307389823,4171236771,0,499,0,499,499,499
1282005680,4050753076,0,499,0,499,499,499
858146212,92415619,196,302,175,324,106,149
1140599975,2416206074,76,423,0,499,347,499
1267290620,3942395885,0,499,0,499,499,499
1076989164,143765663,86,413,0,499,327,499
1285918032,4071511986,0,499,129,374,499,245
1120661296,2016605280,126,373,177,322,247,145
1305086186,4164663441,106,388,51,463,282,412
1111151650,360369535,109,389,0,499,280,499
1282283768,4056001410,7,492,24,476,485,452
1284044543,4063215113,0,499,37,499,499,462
1192170099,3122834865,68,432,22,488,364,466
1302247753,4153278679,30,469,30,494,439,464
1009337498,440659005,134,365,98,401,231,303
1258507613,3885602729,73,441,17,419,368,402
1204215291,3287155131,97,396,10,482,299,472
1009253485,440552650,170,328,127,371,158,244
1188462925,3065095748,0,499,62,436,499,374
1127372124,2122406206,0,499,5,494,499,489
897163786,481220,80,419,12,487,339,475
1118587096,1968807437,190,351,164,335,161,171
1258618727,3886016098,101,398,104,394,297,290
911489284,138755497,0,499,0,499,499,499
1317936880,122452649,0,499,40,499,499,459
1282027011,4050759799,43,455,48,456,412,408
1133913800,2268684642,139,360,100,399,221,299
860302223,97140958,71,427,1,497,356,496
1259017070,3888055934,0,499,62,436,499,374
977162557,277419012,70,429,1,499,359,498
1146398151,259581502,100,399,126,379,299,253
922170212,170807790,215,269,109,392,54,283
1227983433,282777037,104,395,100,399,291,299
947460245,209824654,210,289,229,335,79,106
705233593,7207344,89,409,66,423,320,357
1061587704,452377547,106,407,61,432,301,371
1178445912,2247572311,43,491,5,494,448,489
1089053867,1547138559,0,497,110,387,497,277
1270479063,3971912715,68,446,104,398,378,294
1101062361,1746920249,0,499,62,436,499,374
1127994512,478424339,146,352,100,399,206,299
931975478,187231512,146,348,111,391,202,280
1277412590,4023815584,0,499,0,499,499,499
1141564278,2436751053,73,426,0,499,353,499
1275185100,4004993653,154,345,110,389,191,279
847119312,68116401,144,355,200,298,211,98
1283458752,4061578581,0,499,0,499,499,499
927118150,179773820,80,426,153,361,346,208
833249753,63757778,77,421,0,499,344,499
1278810200,4033093940,62,436,0,499,374,499
1025966872,557668124,75,424,5,494,349,489
1275502732,4006490658,59,471,33,458,412,425
1044822033,863334906,65,435,19,478,370,459
1123623208,2059428346,72,432,15,482,360,467
937363300,197622056,135,365,90,407,230,317
1281929306,4044227053,39,459,11,479,420,468
1318104984,2079019544,107,385,49,475,278,426
1002943421,388333619,300,305,187,290,5,103
1280283505,4044245089,0,499,0,499,499,499
1223434570,3580829186,62,436,0,499,374,499
1164823377,2795235287,52,439,32,472,387,440
1264900382,3928054078,34,457,86,380,423,294
850358773,81969022,197,302,175,324,105,149
892307795,139538445,200,299,180,319,99,139
1275183613,4003931876,26,477,52,469,451,417
977879823,278551562,92,407,0,499,315,499
1306619076,4168967517,12,477,26,485,465,459
1144143354,2476508257,6,489,52,461,483,409
1027758783,575938317,98,419,6,492,321,486
1295960362,4128438368,18,474,114,377,456,263
891743728,138468560,147,352,100,398,205,298
1313364390,4197668187,33,425,136,368,392,232
1027243914,570687056,107,392,50,449,285,399
1193638019,3148097555,35,430,0,454,395,454
1104681888,1837919885,77,421,0,499,344,499
1260343888,3893243288,150,453,26,295,303,269
1296381447,4130471835,198,306,349,485,108,136
1269835423,3962804093,13,491,15,489,478,474
1007603802,435047319,63,436,0,499,373,499
852573791,83537272,149,351,104,396,202,292
1235535049,3695058084,122,373,42,451,251,409
1217319439,3899874065,0,499,0,499,499,499
1176505114,2958501442,157,343,156,342,186,186
1133291472,2246757351,0,499,62,436,499,374
1193392085,3142853390,15,487,121,383,472,262
970952902,261001395,128,374,123,327,246,204
1169672484,2879668378,187,312,165,334,125,169
1317936878,122457256,0,499,40,499,499,459
1066908952,1166869378,0,499,123,376,499,253
1111933783,1917225837,62,436,0,499,374,499
1192729977,3123314792,0,499,62,436,499,374
940454468,204051893,92,405,111,394,313,283
1273164901,3993176935,40,461,114,376,421,262
1172791677,2920940617,19,477,70,384,458,314
1316190624,4200876895,13,481,79,423,468,344
1166860469,2825403914,119,381,2,487,262,485
487835167,51283910,0,499,122,436,499,314
1305241537,4163251996,83,415,0,499,332,499
1047355288,902675010,35,461,30,467,426,437
1299325554,4140451687,58,440,0,499,382,499
1314385076,4202301894,0,485,0,494,485,494
1147382669,2531662380,160,339,100,389,179,289
1295220668,4125633518,83,413,21,485,330,464
1253519631,3857173150,38,447,34,409,409,375
1007691110,435054683,55,443,0,499,388,499
894093263,141835628,75,424,0,499,349,499
1248391615,3814898518,98,407,69,422,309,353
1123813429,2062699756,160,339,100,399,179,299
1245896824,3785756847,0,499,31,467,499,436
867863584,58800324,62,436,0,499,374,499
444301830,50223208,100,399,50,448,299,398
1269759478,3962429790,34,470,28,477,436,449
917715836,163364786,117,381,65,434,264,369
1253348246,3856416218,104,393,40,499,289,459
1079668216,1413086641,140,359,100,399,219,299
1047921195,934125468,86,412,0,499,326,499
1310050243,4181953318,233,250,29,466,17,437
1229803825,3628339576,210,260,241,312,50,71
1091537618,1568238766,143,355,100,399,212,299
875830123,103673328,69,430,0,499,361,499
1024874255,547579343,0,499,0,499,499,499
911895430,155983539,179,313,23,465,134,442
1282813153,4058578518,0,499,0,499,499,499
1319413523,4214362459,119,381,182,459,262,277
1307349271,4171233427,229,273,86,416,44,330
1314532505,4202304355,15,499,22,499,484,477
1062837512,278684050,148,350,100,399,202,299
1231796699,3654500160,76,418,146,344,342,198
1125494850,278541946,221,278,119,321,57,202
1261173092,3898707772,17,470,161,330,453,169
1277407318,4023706048,94,410,27,475,316,448
874538642,107645133,71,427,44,455,356,411
1318807669,4217855895,0,462,19,499,462,480
1243380615,3773712438,44,460,20,479,416,459
1007378008,416641536,112,386,50,449,274,399
1199239782,3219452198,100,362,7,466,262,459
1248851496,3817904174,39,462,104,383,423,279
1107916697,1869938659,110,389,49,449,279,400
1284051848,4063353546,29,470,57,487,441,430
1239835614,3740064835,62,436,0,499,374,499
1177147619,2970573499,213,314,52,471,101,419
967569140,254418305,79,421,143,356,342,213
1120531103,2014024968,0,499,62,436,499,374
862582638,102703883,98,406,60,435,308,375
1176504323,2958500337,12,487,156,340,475,184
1267333286,3942399483,12,487,108,328,475,220
8774330,976090,184,314,186,312,130,126
1212767851,3433472815,75,434,130,376,359,246
1258843111,3887560061,34,473,31,459,439,428
934626574,193132051,0,499,62,436,499,374
913256211,157556015,0,499,96,415,499,319
1277407433,4023706221,47,444,48,449,397,401
1323066263,4231410702,13,492,30,392,479,362
1255425013,3868425844,0,499,0,499,499,499
1301522677,4150996210,42,473,119,377,431,258
914530996,158982682,33,350,85,420,317,335
1211983040,3414348115,177,325,183,316,148,133
862223803,89557775,135,367,81,406,232,325
1323991169,4235886170,82,471,76,389,389,313
1308888948,278387488,100,399,20,479,299,459
1323518498,4231858009,96,417,87,402,321,315
1213137722,3439151335,69,430,67,499,361,432
1292812412,4108905189,43,458,93,402,415,309
1092060610,1574064607,62,436,0,499,374,499
1263138790,3914974352,0,499,62,436,499,374
1156623805,2674962933,136,364,1,497,228,496
1240043345,3740015960,100,399,43,455,299,412
1051761622,981229729,86,451,88,447,365,359
1049150466,944297320,62,436,0,499,374,499
1250249622,3831087924,0,499,62,436,499,374
1260695113,3895234728,0,499,0,499,499,499
1026964437,569789313,118,380,50,449,262,399
1148366772,1859464420,54,445,0,499,391,499
1051758858,981229710,328,453,335,459,125,124
1301375101,4150983827,0,499,0,499,499,499
1218255686,3507957914,124,375,14,481,251,467
1320091116,4215357294,14,481,136,386,467,250
1190253012,2832752235,0,499,67,432,499,365
1066435996,1166346149,62,436,0,499,374,499
1158120554,2695196879,191,315,26,469,124,443
1156656794,2675088244,119,373,166,370,254,204
1211834022,3410829497,0,486,34,499,486,465
1257462660,3881645844,131,329,29,479,198,450
1317762934,4213271333,0,499,0,499,499,499
1265205452,3929890010,25,480,160,376,455,216
1321468588,4222999748,9,484,185,316,475,131
998492329,334575028,44,436,117,392,392,275
1008085921,435912501,104,394,50,449,290,399
1082755186,286619153,81,418,2,499,337,497
1007644610,435158053,104,395,50,449,291,399
884190009,124564999,57,440,68,424,383,356
1319127706,4214004974,44,454,43,453,410,410
1008069392,435907538,100,399,142,357,299,215
857336192,91172245,0,499,84,415,499,331
1288094425,4079556263,161,328,132,469,167,337
1005384221,412138125,13,485,21,481,472,460
1037994179,743809010,127,431,64,473,304,409
876375110,73296275,79,419,0,499,340,499
1032459037,623116586,0,499,240,260,499,20
1252699774,3850566256,129,370,129,371,241,242
1281706616,4052946740,65,499,12,482,434,470
941558341,206954135,142,356,100,399,214,299
1316132277,4200872569,0,499,0,499,499,499
1163709503,2767539454,100,411,100,412,311,312
878411448,113894587,190,308,160,339,118,179
926497436,8725091,109,389,0,499,280,499
1037960501,742581186,0,499,62,436,499,374
1123666074,2059868746,63,435,64,440,372,376
608527,929836,80,419,0,499,339,499
1155532565,2655275225,4,495,0,499,491,499
1319411938,4214354229,98,418,50,448,320,398
1256933769,3874797733,0,499,0,499,499,499
946534904,191848447,185,313,150,349,128,199
1221140799,3547878014,63,436,0,499,373,499
1328388011,4250637462,0,499,15,499,499,484
1303219452,4157446223,0,446,0,499,446,499
1324067493,4236041689,0,499,26,499,499,473
1305525936,4165984465,0,499,75,423,499,348
962969857,242238374,202,294,178,336,92,158
1002973893,388574324,173,307,157,339,134,182
1031196349,605711041,0,499,23,476,499,453
1226975472,2208600305,214,287,45,406,73,361
1186394383,3028261957,57,433,115,369,376,254
1281770154,4050842254,0,499,3,499,499,496
1275555311,4006494741,79,482,113,489,403,376
778542231,61557987,67,428,6,499,361,493
966837357,63045013,74,424,0,499,350,499
1046730079,878192932,73,426,0,499,353,499
1232928580,3642239974,109,389,0,499,280,499
1262521675,3908851323,142,360,9,473,218,464
1105684240,1854736878,80,421,86,412,341,326
1179031499,2990110638,74,425,0,499,351,499
920487260,166535392,201,297,182,317,96,135
1026901707,569588139,108,390,50,449,282,399
1190252937,2832752226,97,393,157,394,296,237
977864512,278546503,99,399,8,480,300,472
1220630237,3546298705,0,499,62,436,499,374
1214045563,3458079198,0,499,24,499,499,475
1276362806,4012870465,1,486,18,497,485,479
962194264,239966721,125,374,62,436,249,374
1269536234,1173249851,100,399,24,474,299,450
1232788252,3669128082,31,468,87,413,437,326
1099437077,1703226654,153,346,100,399,193,299
1002979047,388567497,147,351,125,374,204,249
1032591460,626218880,97,402,5,492,305,487
927430706,180377240,0,499,62,436,499,374
1155222504,2650219646,145,354,100,399,209,299
1094643820,1625619097,378,486,209,292,108,83
1265222970,3929899404,33,489,48,410,456,362
1234863541,429593222,72,426,12,486,354,474
867524126,110325895,62,436,0,499,374,499
1226137640,3596052093,91,440,62,411,349,349
895085523,74534017,87,411,0,499,324,499
1185294681,3019075654,0,499,62,436,499,374
1309891533,4182341606,122,374,19,479,252,460
1225410280,3589914268,14,485,56,456,471,400
1231494974,3650677609,0,499,62,436,499,374
1122637142,2048046437,156,343,100,399,187,299
1312303522,4194020750,0,499,0,499,499,499
963314846,201721286,0,499,83,415,499,332
1255026917,3867017054,16,499,0,499,483,499
1283282539,4060835716,0,499,0,499,499,499
1258098886,3020933662,233,249,0,499,16,499
1245674312,3793736330,19,480,21,479,461,458
1039908407,803792582,105,429,167,424,324,257
1272863849,3813572038,0,499,129,436,499,307
1266775440,3939943401,21,479,127,407,458,280
1225887279,3005736489,137,314,134,337,177,203
1304048444,4160929193,106,388,51,463,282,412
1007766524,435281076,139,360,100,399,221,299
1245645576,3793573985,35,471,69,439,436,370
35217630,1717173,86,413,0,499,327,499
866634833,109417907,65,424,53,463,359,410
1141821074,2431934246,88,412,48,452,324,404
1002984856,388576132,125,374,154,345,249,191
940526956,138755466,72,435,100,399,363,299
874729384,84098066,87,413,91,409,326,318
1174594265,2940640695,10,490,9,473,480,464
1245058977,3787209542,62,436,0,499,374,499
1301132847,4150799352,168,353,128,380,185,252
1252627999,3850328790,0,499,62,436,499,374
1312712577,4195919458,144,435,25,458,291,433
1262283065,3906626486,33,425,20,448,392,428
972791652,153724039,18,478,141,368,460,227
1270031236,3506431170,100,399,15,483,299,468
1250248332,3831234042,138,365,154,327,227,173
1119265575,1995883063,0,499,157,342,499,185
858052089,92234124,0,499,9,490,499,481
1266776833,3939946519,0,480,0,463,480,463
1198641838,278789817,128,359,111,389,231,278
941697515,207289359,55,444,29,470,389,441
1223577113,3582299896,24,480,152,366,456,214
1245202831,3789596019,49,462,44,438,413,394
1248830762,3817887235,11,499,74,424,488,350
874987964,120882610,142,357,123,375,215,252
1267357340,3942387124,0,499,100,399,499,299
1284701185,4065770378,0,499,0,499,499,499
1258669231,3885538791,40,456,47,457,416,410
1117974362,1978397518,157,364,98,366,207,268
1143238370,2462954888,213,284,199,294,71,95
1007161287,428870689,0,499,62,436,499,374
1079742997,1432283340,62,437,0,499,375,499
1173517024,2928749087,0,499,62,436,499,374
1075758516,1352145772,23,475,83,415,452,332
1260094252,3889117099,0,499,109,389,499,280
1163957202,2777032147,0,499,68,430,499,362
1195807801,3177051262,16,487,82,396,471,314
1323278187,4233426384,130,362,157,364,232,207
1123829422,2063144717,149,366,172,326,217,154
1301544838,4150998227,27,470,115,406,443,291
966649664,74442742,83,415,0,499,332,499
43968530,1727062,93,406,22,477,313,455
946272865,59839586,153,346,118,385,193,267
1282019804,4050756471,37,452,18,484,415,466
1246409392,3798831751,67,426,142,370,359,228
1065803621,1150893945,0,499,0,499,499,499
1201831154,3249405367,150,349,167,332,199,165
1313420172,4197673809,0,499,0,499,499,499
1088404402,1538682332,87,411,0,499,324,499
1171353479,2907270780,0,499,101,398,499,297
1283655267,4061596320,51,443,216,340,392,124
1027772922,576016035,109,389,61,444,280,383
1190252844,2832752213,18,490,82,432,472,350
1287999742,4079554018,115,357,94,399,242,305
1096186145,1647699428,109,389,0,499,280,499
1303153172,4157452094,0,499,0,499,499,499
1204635958,3294454322,188,241,218,274,53,56
1253601809,3857834246,16,492,125,348,476,223
1230548598,3632912343,64,434,0,499,370,499
964754994,247959273,219,279,194,305,60,111
1009233364,440553458,100,399,51,447,299,396
1283021840,4057772949,0,499,0,499,499,499
1086187753,822808907,74,414,90,419,340,329
1304088143,4160934949,106,388,51,463,282,412
1253259743,3855643181,206,295,84,392,89,308
1309136558,4179726236,48,495,2,445,447,443
1301023391,4105632546,26,488,34,456,462,422
1123355064,2052077653,33,464,166,340,431,174
938928128,200729822,0,499,62,436,499,374
923249246,173538698,125,374,62,436,249,374
216545130,3877566,145,354,100,399,209,299
1100062710,1711736973,110,389,56,443,279,387
1306889964,4167095224,106,388,51,463,282,412
1285803005,4070686643,0,499,0,499,499,499
1246911409,3802833538,34,470,121,399,436,278
1255484515,3868439797,33,495,75,499,462,424
1285840447,4017666115,132,395,29,470,263,441
1065795898,278563176,147,352,118,385,205,267
1279190543,4037100707,0,499,0,499,499,499
862582329,102703711,114,382,52,445,268,393
1234778363,3690658715,32,474,57,460,442,403
1193445756,3144762107,138,360,1,460,222,459
964720783,247966851,208,306,195,297,98,102
1313434359,4197675869,46,468,86,395,422,309
848702296,1042732,29,469,29,470,440,441
1262600404,3908520575,0,499,7,499,499,492
1264149381,3924047656,56,444,55,442,388,387
1026029023,558947767,87,412,0,473,325,473
1269776884,3962605589,10,489,10,489,479,479
1092309297,1581443222,74,425,74,425,351,351
1306539056,4167075826,106,388,51,463,282,412
1309172914,4177916059,106,393,0,499,287,499
873134493,118630095,0,499,244,255,499,11
1240727563,3748206566,0,499,0,499,499,499
1308246469,4175227266,58,427,98,388,369,290
1304055346,4160929950,106,388,51,463,282,412
1295220901,4125633583,14,486,111,383,472,272
1320030400,4215332752,83,396,108,249,313,141
1039689346,800619011,0,499,106,393,499,287
1261193428,3898711271,83,393,126,427,310,301
1188438207,3064471719,23,474,71,482,451,411
1136591954,2332174435,0,499,62,436,499,374
897337744,143216671,50,439,119,370,389,251
1136544249,2332095818,0,499,108,392,499,284
1281415903,4050855920,4,498,19,484,494,465
1313520395,4199252367,13,484,152,353,471,201
1172648460,2917135076,124,374,149,349,250,200
1281329576,4050826255,43,460,73,454,417,381
1070821762,1278211885,109,389,0,499,280,499
1167056245,2826629614,73,425,0,499,352,499
1007364056,416640446,49,450,0,499,401,499
1016849693,458087508,190,309,165,334,119,169
1169544310,2379335621,72,426,0,499,354,499
1063351300,1125431206,176,321,176,319,145,143
1251712937,3837676276,80,419,176,323,339,147
1100076140,1711735996,180,319,151,348,139,197
1225892786,3593785001,81,420,23,474,339,451
1241406954,3756592649,30,479,4,495,449,491
1151817471,2590505517,4,482,86,417,478,331
1071996580,1299637353,91,407,0,499,316,499
1126428574,1790392132,150,349,100,399,199,299
1211865709,3411872263,0,499,109,389,499,280
1283901515,4061626087,102,451,133,448,349,315
981082406,175428354,16,482,119,378,466,259
1115986456,1952331881,51,425,145,383,374,238
1209566241,3379686803,102,369,166,325,267,159
1124743079,2081535990,0,499,27,471,499,444
1030446324,597654301,6,490,83,411,484,328
1256967940,3876188203,0,499,0,499,499,499
1307363793,4171235559,110,213,113,209,103,96
973473103,269093756,72,426,0,499,354,499
1246419210,3797495566,62,436,0,499,374,499
1067143049,1176328647,62,436,0,499,374,499
1301255129,4151269725,100,422,28,475,322,447
1264434580,570479,90,409,0,499,319,499
1005846739,418203904,63,437,24,463,374,439
1071440387,1283632199,63,436,0,499,373,499
1276314173,4012662379,0,499,0,499,499,499
1270219869,3969948804,36,461,158,343,425,185
1192147892,3122618153,68,432,22,488,364,466
1011020686,449732686,111,388,50,449,277,399
1054579948,1042926701,0,499,109,389,499,280
1246392496,3798826245,8,481,110,391,473,281
1184588502,3016515331,76,328,111,409,252,298
1276443009,4013275785,0,499,14,499,499,485
903066461,147798179,68,430,0,499,362,499
1284165641,4063430680,24,481,151,331,457,180
860110175,57960899,180,319,152,346,139,194
1066930732,1173353250,26,469,21,476,443,455
1213122178,3434871950,109,389,0,499,280,499
1324153332,4236042908,0,499,0,499,499,499
1296687500,4129069033,0,499,0,499,499,499
1007749047,435160117,105,394,50,449,289,399
1282538294,4057634880,35,489,83,479,454,396
856587543,89999064,211,284,221,281,73,60
1279757497,4041456472,63,441,25,486,378,461
1265580743,3931855702,0,499,0,499,499,499
850244996,77357819,79,419,0,499,340,499
1176785754,2961316964,58,418,123,378,360,255
1252446993,3849187621,134,346,56,446,212,390
1251501911,3843163620,216,277,14,479,61,465
985732693,102338965,163,335,122,368,172,246
1239240491,3735687167,0,499,75,424,499,349
1127369333,2122041171,110,389,54,445,279,391
1121677502,2041133555,14,484,128,369,470,241
1157907291,2691651412,85,413,0,499,328,499
1152633847,2609809972,146,352,86,406,206,320
1255758188,3871285911,17,479,165,352,462,187
1263067274,3913803737,83,407,71,461,324,390
1313714298,4198494793,0,499,0,499,499,499
1305764703,4166642790,106,388,51,463,282,412
1192033485,3120541503,68,432,22,488,364,466
1314539141,4202304454,0,499,0,499,499,499
1207302014,2997249641,0,499,109,389,499,280
1317161114,4211281440,0,433,0,443,433,443
1015884841,490262748,62,436,0,499,374,499
1274189022,3997819407,101,395,48,479,294,431
1304110257,4160950289,106,388,51,463,282,412
1279253797,4037108652,0,499,0,499,499,499
1131061606,2192156473,0,499,0,499,499,499
1000441257,356912201,92,406,10,489,314,479
1263274426,3915378119,81,419,26,479,338,453
1222138947,3470039393,22,468,85,412,446,327
941678375,207257886,172,322,185,314,150,129
1064963492,1139910327,0,499,0,499,499,499
1257498889,3881470031,29,470,41,462,441,421
1102207893,1792055889,0,499,241,263,499,22
1040252224,809927691,77,422,0,499,345,499
908162070,136783115,103,396,177,463,293,286
1119025706,1990906242,30,468,93,420,438,327
1253519617,3857173140,53,460,219,391,407,172
1127114662,2116372648,91,333,182,344,242,162
941678534,207258064,96,402,143,303,306,160
1156246516,2667244247,0,499,0,499,499,499
1262172838,3905724552,23,476,135,427,453,292
1290015287,4090632164,29,482,30,470,453,440
1307805130,4173012466,13,491,190,362,478,172
1275096388,4004077771,30,448,63,464,418,401
1276766918,4014142967,0,499,62,436,499,374
1258839448,3887586035,163,365,163,343,202,180
1304125868,4148602419,143,421,121,175,278,54
1168066630,2851045772,193,298,153,336,105,183
1225887546,1344624286,125,373,125,358,248,233
1181444038,3002934168,27,430,132,344,403,212
1117992550,1978506803,103,369,88,422,266,334
1250157428,3830391286,33,458,40,466,425,426
1193937461,3151648388,0,499,103,396,499,293
848089375,77793912,62,436,0,499,374,499
982178742,285849251,0,499,62,436,499,374
1175998031,2761056877,51,471,31,472,420,441
1245050689,3788458892,134,368,59,441,234,382
962508042,241026833,94,405,1,498,311,497
1146403919,254414928,106,403,31,475,297,444
1283921660,4061632110,9,490,16,469,481,453
1103856288,3468008332,68,424,46,457,356,411
1127118749,2116391335,37,454,136,375,417,239
1253416849,3856590153,0,499,0,499,499,499
1307821095,4172827149,14,489,30,482,475,452
1163024413,1951574314,64,444,39,463,380,424
1192738552,3131492059,71,426,85,412,355,327
892937826,130415244,71,427,21,499,356,478
1009088076,439842166,73,425,0,499,352,499
1035796157,692093099,100,399,144,354,299,210
1314576439,4202222276,0,499,0,499,499,499
1308865146,4177840461,63,465,154,376,402,222
1192476411,3128685964,32,467,69,455,435,386
1276351585,4012863855,49,459,101,374,410,273
1257601214,3881982358,32,480,93,422,448,329
1155015383,2646730852,102,466,208,297,364,89
857149647,85416241,191,307,160,339,116,179
1287646229,4077039129,0,498,0,499,498,499
1314394324,4202301983,11,412,23,484,401,461
1154744423,2643685677,155,343,100,399,188,299
1289815080,4089927924,0,427,23,499,427,476
958935070,230369141,68,431,0,499,363,499
1321987552,4229796955,35,467,130,367,432,237
1314978426,4204285178,84,434,74,437,350,363
977828020,278812623,115,393,165,336,278,171
1124838503,2085084754,110,389,54,445,279,391
1309989240,4181946336,6,497,60,474,491,414
1269025714,3955080191,184,326,40,464,142,424
1325239494,4240794495,33,464,35,478,431,443
1299069109,4141632257,118,404,32,479,286,447
1068689538,1189066431,137,361,165,333,224,168
941755156,207263631,0,499,62,436,499,374
1174591124,2940639878,130,369,170,329,239,159
1299206118,4141565114,102,416,90,402,314,312
1041115831,823774440,108,404,192,460,296,268
1311070779,4182119402,107,422,43,452,315,409
1258676055,3885548025,28,485,31,470,457,439
1235688951,3697792708,33,471,60,460,438,400
1310613960,4182262722,0,499,147,499,499,352
1265224633,3929899919,23,469,176,370,446,194
1311948077,4188995251,0,499,0,499,499,499
889369365,135566704,120,374,161,339,254,178
652453293,55573385,140,359,151,348,219,197
1161446370,2730802947,64,435,0,499,371,499
1037810310,740411584,143,356,100,361,213,261
750251757,60870001,62,436,0,499,374,499
1268642936,3952397188,188,322,201,439,134,238
1256508003,3874388678,81,413,115,426,332,311
1277788255,4022367727,72,426,0,499,354,499
1270385469,3971705293,142,365,68,284,223,216
1260706681,3895301093,32,466,27,481,434,454
1116630766,1963460748,17,483,211,433,466,222
1288944284,4081744491,24,490,33,484,466,451
347303652,48377463,77,422,0,499,345,499
1313957803,4186094913,78,436,36,451,358,415
1260713904,3891156728,62,436,0,499,374,499
1174594309,2940640703,178,320,166,331,142,165
1260967758,3896605933,143,385,29,476,242,447
1007791097,435139212,100,399,50,449,299,399
1146391573,1338130532,46,478,8,489,432,481
1117978057,1978445242,172,318,104,408,146,304
1307848039,4172911538,86,389,7,490,303,483
1215364226,3470031046,167,324,16,474,157,458
940535617,138768062,208,292,180,308,84,128
1075719925,1352056867,155,344,100,336,189,236
1234492881,3684766878,62,436,0,499,374,499
1229527480,3618926233,0,499,62,436,499,374
1013099152,463908956,147,352,90,408,205,318
1287549021,4071378193,0,499,0,499,499,499
1264911817,3927790481,0,499,0,499,499,499
1278873622,4003693199,62,436,0,499,374,499
947015172,209167679,68,431,0,499,363,499
953088054,216795580,165,334,155,336,169,181
1283556828,4061481232,0,499,0,499,499,499
892133291,139022374,0,499,83,415,499,332
1313451011,4197523153,46,452,0,494,406,494
1013429577,466581761,62,436,0,499,374,499
1238957408,3729584970,62,436,0,499,374,499
299464823,18715370,62,436,0,499,374,499
1307800193,2011462180,52,449,45,467,397,422
1260706654,3895301089,94,443,43,467,349,424
1258271636,3883416848,0,499,0,499,499,499
1307345330,4171075930,110,428,48,449,318,401
1165793956,2807127714,70,399,119,383,329,264
976097033,275324152,0,499,62,436,499,374
869194816,81976580,62,436,0,499,374,499
861978383,101301658,0,499,35,464,499,429
1192739119,3131423701,60,438,0,499,378,499
1240552203,3748041810,115,400,97,404,285,307
1282587516,4057555814,61,446,34,472,385,438
1009210444,440489748,78,421,0,499,343,499
1007065519,425839391,83,415,0,499,332,499
1193637305,3148097418,173,328,186,342,155,156
891725204,138456709,143,355,100,399,212,299
996769316,185119264,28,471,0,499,443,499
1215475831,3470028157,121,329,155,343,208,188
1199276678,833468428,198,301,164,299,103,135
981955468,284905105,116,383,50,449,267,399
1154645220,1182276628,37,482,77,422,445,345
1186356949,3028007094,29,471,207,480,442,273
1016880752,503953295,108,391,50,449,283,399
941494176,206718524,109,389,50,449,280,399
1216271579,3478652254,68,430,0,499,362,499
1038928795,765937677,62,436,0,499,374,499
1301860207,4153651857,1,498,0,499,497,499
1286875805,4074699448,49,463,61,466,414,405
1322843284,4231776036,57,453,74,458,396,384
1252627600,3850328483,0,499,62,436,499,374
1310371437,4183699739,120,380,186,355,260,169
1304171802,4160986974,106,388,51,463,282,412
1253519655,3857173162,11,489,117,390,478,273
1267302856,3942395950,9,490,61,367,481,306
1209809158,2003724872,0,499,62,436,499,374
1192512847,3128809749,91,409,81,363,318,282
1237177309,3716578433,0,499,42,457,499,415
1274078171,3997453443,140,347,27,439,207,412
1299163994,4141881186,110,392,24,484,282,460
1275818400,4009011766,0,499,239,260,499,21
401802630,1629922,82,417,12,486,335,474
696386330,57694596,150,349,107,391,199,284
1319051557,4220469897,117,382,29,470,265,441
1174585976,2940638585,28,449,8,483,421,475
1061806894,1107513216,109,389,0,499,280,499
1316299769,4200883066,82,357,48,465,275,417
1306804074,4167087520,106,388,51,463,282,412
1265215986,3929900590,11,466,120,402,455,282
959921689,234304666,24,477,178,337,453,159
1270654626,3971768411,41,458,58,437,417,379
1060737948,156391746,192,306,150,338,114,188
1035858164,691647028,0,499,0,499,499,499
847717556,76887355,144,350,66,437,206,371
1278769840,4037079748,44,463,44,455,419,411
1043841286,853456175,40,485,53,450,445,397
1308390812,4176107840,103,387,112,349,284,237
1298584533,4139342381,18,434,150,462,416,312
910729850,154769523,100,399,42,457,299,415
1276157144,4011433644,0,499,62,436,499,374
1192176300,3122591124,123,405,96,391,282,295
1264404833,3925283074,111,447,133,412,336,279
1295960130,4128274519,46,453,84,414,407,330
1292744048,4113481153,23,475,39,487,452,448
1316184727,4200876454,23,476,137,333,453,196
1265386542,3930104072,0,499,0,394,499,394
1177151568,2970593539,147,334,167,413,187,246
1318980390,4218263250,0,499,0,499,499,499
1110158307,1118849514,26,472,57,443,446,386
1153762189,2630409776,73,426,0,499,353,499
1310222773,4183281940,100,397,12,440,297,428
1088410584,1539031134,69,429,0,499,360,499
916791659,161920568,0,499,78,420,499,342
1009268804,440567680,140,359,174,325,219,151
1289469910,4087648153,0,499,0,499,499,499
351845448,48591865,75,420,0,496,345,496
932829850,154374083,159,336,124,366,177,242
927858843,180998428,0,499,62,436,499,374
1309319260,1898222237,100,399,34,464,299,430
1313446686,4197677542,49,428,6,482,379,476
1275687141,4006530708,0,499,0,477,499,477
1273434737,3992725559,45,456,47,458,411,411
1191185397,3103713691,33,480,21,467,447,446
987643108,294484095,108,405,28,429,297,401
1328348644,4250681803,0,499,0,499,499,499
1206166561,3320653126,103,435,143,457,332,314
1295549520,4126961201,19,479,135,364,460,229
1108247481,1872730626,0,499,109,389,499,280
323934489,16398102,87,412,6,492,325,486
1067702256,1183436170,116,377,169,330,261,161
1192192436,3123117956,68,432,22,488,364,466
1272120420,3986440995,123,378,35,469,255,434
1292442533,4108914757,8,485,109,408,477,299
488305012,51335816,0,499,62,436,499,374
1168733841,2864339276,117,377,181,405,260,224
1126854183,2108682766,147,351,100,399,204,299
986556684,292674333,11,490,228,270,479,42
1283249003,112909520,125,406,39,499,281,460
1158121204,2695198087,0,499,0,499,499,499
1244540365,3785187318,0,499,62,436,499,374
987541593,294316155,0,499,0,499,499,499
1242873690,2533496780,100,399,62,436,299,374
1311944981,4188994507,34,456,35,461,422,426
1052331333,984473789,62,436,0,499,374,499
1167124834,2830007760,0,499,62,436,499,374
1241885655,3761107920,102,400,147,481,298,334
1178074711,2974675002,75,425,2,496,350,494
1266032249,3936496037,0,499,68,431,499,363
1218602262,3513914256,140,359,100,399,219,299
1258645239,3884284981,168,311,111,449,143,338
937788730,199005585,171,316,147,226,145,79
1270636605,3972532714,0,499,109,389,499,280
1054758738,1048087025,1,498,63,436,497,373
1257151442,3879365350,30,455,49,447,425,398
1311896972,4190489620,79,420,0,499,341,499
1277429853,4023661248,70,429,145,354,359,209
1295781246,4122726635,205,302,204,302,97,98
1324187962,4236297152,75,398,145,410,323,265
1103882914,1821187208,177,322,159,340,145,181
1232965825,3672402112,110,389,51,448,279,397
1282879615,3433370846,36,462,0,499,426,499
1258946121,3887878103,100,399,0,499,299,499
1280695274,4046438003,0,499,32,499,499,467
1321355671,4222984741,51,452,115,361,401,246
1030320166,578210194,73,426,0,499,353,499
1317017781,4211616012,149,368,23,462,219,439
1174589020,2940639400,137,358,147,352,221,205
1188635901,3070170448,126,380,49,434,254,385
835094559,68614078,82,417,0,499,335,499
1302489590,4155419780,0,499,0,499,499,499
1309981210,4181945810,76,308,192,347,232,155
836322607,70949111,71,431,0,499,360,499
1123450528,2049537590,15,481,52,441,466,389
986494679,292557713,123,366,204,300,243,96
1095857468,1643012839,96,462,146,384,366,238
1306789393,4168955404,0,499,0,499,499,499
1174592008,2940640232,10,496,62,459,486,397
1318853331,4217991271,0,499,0,499,499,499
1048489792,942426598,80,419,0,499,339,499
1128487733,2148675573,0,499,104,393,499,289
1249534212,3819978820,215,278,159,338,63,179
1092458477,1582953986,72,427,0,499,355,499
1305526941,4165985148,0,499,100,398,499,298
1138907664,1892606351,172,328,149,353,156,204
1323997204,4235886779,41,460,179,346,419,167
1300468647,4146736253,63,443,76,435,380,359
1230790688,3641714102,0,499,0,499,499,499
852897092,83754337,73,425,0,499,352,499
1238256496,3727068615,0,499,102,436,499,334
1217175240,3490669358,76,416,146,371,340,225
1149219952,1643661021,87,409,114,370,322,256
1011229318,450657960,133,365,136,371,232,235
1149850954,2565819932,116,384,76,424,268,348
1307789490,4172825127,42,436,166,412,394,246
1311607834,4188728928,1,498,0,499,497,499
1274209652,46703715,29,469,0,499,440,499
1063696927,1130423452,64,434,68,430,370,362
1035251709,684199247,65,439,172,360,374,188
1095914537,1643783470,94,405,27,471,311,444
1281735220,4047004056,114,399,74,480,285,406
1075711524,1351973067,103,408,13,465,305,452
1277819334,1913791872,108,380,77,446,272,369
1269868318,278589793,100,399,17,457,299,440
1289493227,4088733780,88,385,123,464,297,341
1282819285,4058579516,71,432,10,461,361,451
1259390915,3887637795,34,478,35,469,444,434
1237105737,2080210650,14,450,142,382,436,240
1265223453,3929899591,20,478,107,394,458,287
1092727216,1585748560,146,356,17,476,210,459
1253454481,3856809715,0,499,0,499,499,499
874766098,2604082,219,280,211,289,61,78
1257261092,3879887813,117,377,24,480,260,456
1203461022,3277724666,12,463,159,340,451,181
1249535203,3819982008,179,324,189,322,145,133
1261428403,3898729248,33,499,0,442,466,442
559979880,71384716,91,408,0,499,317,499
1031848989,614370610,110,389,145,354,279,209
1178733634,2987928232,0,499,1,499,499,498
1283407055,4061577152,9,489,57,458,480,401
1282526975,4057542616,45,452,214,264,407,50
1307641671,4169615942,0,499,62,436,499,374
1250250463,3831234501,50,485,137,312,435,175
885863448,131619161,89,409,0,499,320,499
1114671637,1935687091,73,419,35,471,346,436
1316157228,4200875238,116,381,72,462,265,390
1204659029,542085311,239,256,267,268,17,1
846071749,75187886,0,499,62,436,499,374
941588181,207060662,226,273,11,179,47,168
1256054256,3873075171,79,441,68,414,362,346
1328415837,4250638386,0,499,0,499,499,499
1322778334,4231405892,0,499,0,499,499,499
1096734449,1659654933,0,499,234,264,499,30
1317382459,4212780195,48,430,258,438,382,180
1004896947,410015593,78,421,121,378,343,257
1213931907,3455996688,0,499,0,499,499,499
1098802984,1696634184,109,389,0,499,280,499
933263056,190111027,72,426,0,499,354,499
1027224257,570615944,100,399,60,438,299,378
1257852415,3883194532,54,457,63,444,403,381
1067892468,1185397460,60,438,0,499,378,499
928489849,122458781,75,423,82,415,348,333
1244540523,3785187486,0,499,128,436,499,308
1117416052,1972289471,62,436,0,499,374,499
868360764,111729395,40,459,8,491,419,483
1167455313,2836144190,0,499,62,436,499,374
1026800019,569548761,114,385,50,449,271,399
1146400830,1547767905,11,495,66,433,484,367
1316145101,4200873889,13,467,85,421,454,336
1170305948,2894410491,0,499,25,473,499,448
1311038470,4185971020,0,499,67,443,499,376
1100602865,1733986583,0,499,62,436,499,374
1317310689,4211720263,87,401,32,460,314,428
1093946491,1607842094,66,432,0,499,366,499
1260369449,3893204302,77,425,114,384,348,270
1027188651,569831847,105,394,50,449,289,399
1126248934,2101678193,116,387,145,338,271,193
1252090034,3847047719,70,429,145,354,359,209
1027130689,569765540,116,383,50,449,267,399
977878368,278550115,83,415,0,499,332,499
1261352740,3898734604,122,371,30,453,249,423
1276434189,4013273382,0,499,3,495,499,492
1290698444,4095697136,63,436,87,412,373,325
987609492,294388623,28,458,112,413,430,301
1249536024,3819983851,130,360,129,454,230,325
1265222470,3929899361,8,492,149,353,484,204
1197334173,3206466893,43,458,140,358,415,218
1094617273,1625058036,155,343,135,197,188,62
1324016586,4232367344,104,440,95,444,336,349
1294853897,4124417799,83,415,0,499,332,499
1323870292,4234090575,30,487,32,484,457,452
1008647862,439082243,73,425,0,499,352,499
1282573172,4057551007,0,499,2,499,499,497
1257130821,3878856738,126,374,82,344,248,262
1275986130,4010220754,110,379,155,375,269,220
1313194982,4197493504,0,499,0,499,499,499
1239950303,3742554305,0,499,109,389,499,280
1237170552,3716575579,0,499,0,499,499,499
818498633,62425438,183,316,0,499,133,499
1027855879,577058325,202,319,203,301,117,98
1089149186,275009167,62,436,0,499,374,499
1273431630,3992584540,26,477,52,469,451,417
1105581091,1853167577,158,341,221,277,183,56
1317936890,1951685746,0,499,40,499,499,459
1115432934,1944520260,0,499,0,499,499,499
1213026213,3439087583,72,393,168,367,321,199
925360121,176673035,73,426,0,499,353,499
988509503,295660602,0,499,243,260,499,17
1269473454,3957836190,0,499,0,499,499,499
1027160441,569977726,110,388,50,449,278,399
892756519,140350679,0,499,67,432,499,365
1219405751,3526427207,93,406,145,353,313,208
1236369421,3705398886,87,433,9,493,346,484
1303736555,4157761256,0,499,62,436,499,374
878098768,123358020,76,423,0,499,347,499
1127347948,2121747401,0,499,59,440,499,381
1101800275,1783740007,0,499,31,468,499,437
1264193587,3924514797,64,418,102,406,354,304
1255757855,3871285793,8,486,137,370,478,233
1241682264,3759515371,0,499,0,499,499,499
1161646928,2741169599,0,499,68,431,499,363
1097315183,1670260268,154,344,100,399,190,299
1188751828,3071529046,0,499,62,436,499,374
1261325585,3898733214,60,444,7,490,384,483
1323851509,4231422322,0,499,0,499,499,499
1270431962,3971906154,26,483,60,461,457,401
1311457329,4187455176,133,367,86,451,234,365
1289983292,4090713804,65,433,0,499,368,499
1255269895,3869232478,35,460,41,459,425,418
1300303258,236820900,89,419,8,491,330,483
1289984865,4090785032,90,418,91,428,328,337
1152413380,2605768960,69,429,101,408,360,307
913745658,158166698,0,499,62,436,499,374
1194219736,3155736047,65,451,190,321,386,131
1123660189,2059868717,79,434,65,440,355,375
1069797240,1256331135,167,332,21,484,165,463
897486278,143663643,116,383,0,499,267,499
1027338124,570714366,100,399,52,446,299,394
1313416870,4197673331,34,478,0,433,444,433
1096136016,1640779626,106,392,100,399,286,299
1047706348,928421413,0,499,0,499,499,499
1290892384,4097667780,32,470,21,499,438,478
1323306270,4231412665,54,446,61,429,392,368
1310960043,4182112004,115,364,98,425,249,327
1254494620,3861780171,0,499,0,499,499,499
869554759,57563742,70,429,0,499,359,499
1289728748,4087669829,17,481,143,355,464,212
1264562770,3926120607,62,436,0,499,374,499
1022556775,67680228,190,309,160,339,119,179
362031732,49050762,69,430,0,499,361,499
1324015046,4235887913,94,378,36,460,284,424
1084622953,1499684337,64,433,12,499,369,487
1076353561,1361968473,134,365,176,324,231,148
710009739,58857671,134,365,51,448,231,397
1023827862,524597512,62,436,0,499,374,499
1045934081,872896311,0,499,46,454,499,408
1316319444,4200885095,10,473,89,463,463,374
853954984,85224443,196,302,175,324,106,149
1265035752,3929339593,7,490,143,383,483,240
1191035805,3101161502,80,420,158,355,340,197
1277228903,4020106650,0,499,0,498,499,498
1317472729,4213278726,20,479,77,421,459,344
1307869738,4172854734,104,412,68,459,308,391
1313704964,4200058692,5,490,22,452,485,430
1144074763,2418148137,62,436,39,499,374,460
1246717993,472640590,100,399,1,497,299,496
1283839371,4061618018,82,408,286,409,326,123
1007561917,435040976,68,431,0,499,363,499
1251400836,3842529294,87,421,104,356,334,252
1308096000,4174342237,0,499,0,499,499,499
1171532516,2909690828,0,499,62,436,499,374
1027107111,569663279,50,449,108,391,399,283
1323310534,4231696236,0,499,0,499,499,499
877154241,122593446,16,483,19,480,467,461
1127261844,2115624448,0,499,83,415,499,332
1313466234,4197680280,60,441,59,440,381,381
1128010024,2134907765,9,489,70,447,480,377
1292351556,1555380522,18,485,51,421,467,370
1254727443,3864733243,26,469,163,341,443,178
1223617235,3578646081,60,439,0,499,379,499
1265591010,3931860140,31,480,170,386,449,216
1026616201,567673978,7,493,93,403,486,310
891730909,138461087,100,399,117,381,299,264
1192033726,3120541605,68,432,22,488,364,466
1243444895,3773724661,28,472,70,418,444,348
1323288434,4231691880,76,316,152,419,240,267
1088421737,3952097360,90,412,182,327,322,145
1288064584,4079554893,0,499,0,499,499,499
1265480101,3931442526,13,481,131,420,468,289
1192015930,3120371788,160,314,43,417,154,374
1257734712,3881730107,0,428,0,499,428,499
1275860896,4007183032,114,314,97,390,200,293
898229723,121027559,204,273,299,386,69,87
1282017886,4053879543,68,404,135,415,336,280
340741751,12554406,62,436,0,499,374,499
1027182105,569819034,114,385,50,449,271,399
1281997028,4050750048,62,437,66,431,375,365
1255547662,3868449462,0,499,0,499,499,499
1309096636,4179604919,71,421,94,469,350,375
1114725247,1936443429,194,315,228,302,121,74
900571503,146123317,100,399,100,399,299,299
1265221791,3929898793,10,489,308,488,479,180
581652112,54101103,77,422,0,498,345,498
980292899,283317150,9,475,68,432,466,364
1306229733,4150352688,93,418,57,493,325,436
1255980843,184754776,99,399,0,499,300,499
1282899023,4057531151,0,499,0,499,499,499
1255070038,3867157189,0,499,0,499,499,499
1237276036,3718270945,0,499,0,499,499,499
1150195351,2570362345,0,499,133,499,499,366
1238724900,3729468373,0,499,0,499,499,499
903427407,148137224,101,398,161,337,297,176
1306552590,4167078640,106,388,51,463,282,412
1260342615,3893243212,0,415,39,499,415,460
1050716779,968810883,109,389,0,499,280,499
921948393,170165713,167,377,213,386,210,173
1155973032,2662726153,88,409,119,398,321,279
1135221748,2302948485,154,340,220,285,186,65
1238308847,3721095489,88,410,0,499,322,499
1293365756,4104750163,70,455,36,406,385,370
1269512069,3959383849,103,401,48,412,298,364
1069085892,1222334195,32,472,107,397,440,290
857749591,2922088,0,499,81,418,499,337
933242729,190099418,73,425,0,499,352,499
1169833359,2884429328,0,499,56,443,499,387
1283331841,4060883366,0,499,0,499,499,499
1027189240,569996052,106,392,50,449,286,399
861864453,100645082,62,436,0,499,374,499
1274078034,3997442497,0,499,0,499,499,499
1093408778,1598989556,69,477,52,438,408,386
1113104622,1832989673,137,360,3,498,223,495
1265223798,3929899661,11,493,70,407,482,337
1212768590,3433571395,0,499,0,499,499,499
1256706642,3874768633,0,499,0,499,499,499
1234811391,3684708404,0,499,109,389,499,280
1289206371,3569614213,115,384,0,499,269,499
1259125598,3887606673,52,434,56,424,382,368
1174587817,2940638988,1,481,9,480,480,471
972150828,264138691,73,426,0,499,353,499
1147120955,2528705321,0,499,0,499,499,499
956388328,138764403,52,450,30,465,398,435
1096407144,1653068729,68,431,0,499,363,499
1221447654,3563520229,26,453,23,446,427,423
1145586111,2498869671,104,435,66,393,331,327
1247849641,3813571358,0,499,123,436,499,313
1323310078,4231696224,105,396,64,469,291,405
1244016242,3772633475,131,366,177,346,235,169
1244908812,3787416245,0,499,0,499,499,499
1321555918,4223029075,181,349,7,496,168,489
1114671654,1935687099,51,437,42,463,386,421
1301830509,4151009343,0,499,0,499,499,499
1205947149,3314719243,167,333,115,377,166,262
996083523,304798766,3,497,68,431,494,363
1261388328,3898719151,118,377,38,468,259,430
1310035480,4181950490,70,438,120,381,368,261
977692608,278519908,62,436,0,499,374,499
1068095268,1189061714,0,499,0,499,499,499
921249435,168344626,83,440,100,414,357,314
1310073883,4181961459,28,484,65,435,456,370
1290266416,4092737265,0,499,0,499,499,499
1307767228,4172823401,104,463,118,382,359,264
405367730,49723403,216,285,216,252,69,36
975529194,273449567,74,341,224,396,267,172
1323895136,4234091570,49,440,171,381,391,210
973136364,267929424,0,499,62,436,499,374
1261360996,3898715174,77,406,39,469,329,430
987650006,294481231,68,420,33,463,352,430
1253336094,3856414976,39,460,133,231,421,98
1107660066,1869200315,102,416,163,340,314,177
1014678012,473942631,114,385,50,449,271,399
1026056487,559361891,84,415,19,479,331,460
1145900690,2507824369,110,351,89,409,241,320
1308880376,4177866469,2,499,0,498,497,498
935635906,192715473,0,499,62,436,499,374
1140842394,2420385467,0,499,63,436,499,373
1063865711,1132474825,0,499,62,436,499,374
1254063714,3857765663,109,389,0,499,280,499
1269369427,3957461122,0,499,0,499,499,499
1312104854,4193506517,39,475,154,345,436,191
1007567527,435039543,66,433,0,499,367,499
1265216165,3929900601,19,488,121,408,469,287
957661864,224899117,146,325,142,366,179,224
1281979274,4050745173,0,499,39,499,499,460
1256802054,3874919929,0,499,0,499,499,499
1095489088,1637027062,62,436,0,499,374,499
1062701506,1118849558,75,441,16,493,366,477
1226399745,3593188090,57,443,64,448,386,384
1092258327,1580086947,210,281,29,464,71,435
1209710899,3382580858,108,408,7,486,300,479
1198883244,2101721563,192,326,111,331,134,220
987338991,294175481,136,362,1,497,226,496
1134450742,2284075881,0,499,113,385,499,272
1176896917,2964217446,116,387,95,322,271,227
1243839700,3776676803,100,399,150,348,299,198
1258622104,3885538195,0,499,0,499,499,499
1275843963,4009166962,220,287,387,467,67,80
1272629244,3990481764,110,389,54,445,279,391
983928168,287880821,0,499,62,436,499,374
1007547622,435063434,100,399,35,464,299,429
1292558272,4108952846,76,422,3,486,346,483
1249535474,3819982766,171,335,140,367,164,227
1262764973,3910480059,0,499,29,469,499,440
887752727,133988152,200,299,180,319,99,139
1184116242,3010229553,60,446,0,479,386,479
1317966254,4215701528,0,499,0,499,499,499
903867992,148348979,60,440,0,499,380,499
1242379977,3584766523,94,404,52,489,310,437
1309675454,4179728990,0,499,0,499,499,499
872459505,117603409,71,428,0,499,357,499
1282759167,4058942860,31,476,162,386,445,224
892744293,139465439,139,360,93,434,221,341
1237176445,3716577291,57,428,53,399,371,346
1254929278,3867137416,61,403,137,395,342,258
1237269440,3716301904,22,434,38,443,412,405
1260187244,3891738685,58,454,170,396,396,226
1192155702,3122698776,165,334,132,366,169,234
1317479449,4213248930,0,499,0,477,499,477
1295220897,4125633582,21,478,87,405,457,318
1066088345,1160995183,188,292,186,302,104,116
1269736947,3962346723,0,499,0,499,499,499
1115857364,1347762111,178,321,131,399,143,268
998509963,334573701,48,451,110,367,403,257
254423379,6486525,78,421,0,499,343,499
1316148084,4200874164,59,442,58,480,383,422
1318509725,3106485616,47,464,35,464,417,429
987354480,294185415,4,457,98,419,453,321
1315632680,4204369134,0,499,0,499,499,499
1222861416,3565830772,0,499,83,415,499,332
1260334665,3893242826,206,301,163,475,95,312
1266889087,3940022116,97,400,110,410,303,300
1120925841,2025726956,148,351,123,399,203,276
1241430480,3756679188,201,297,179,322,96,143
1016447296,498797236,71,430,0,499,359,499
1252501110,3849777963,22,471,135,387,449,252
1318128795,200607236,22,481,137,364,459,227
1237197710,3716587505,0,499,0,499,499,499
1072523296,1305862926,111,386,51,438,275,387
941621749,207151285,109,382,140,349,273,209
886645213,132657685,200,299,180,319,99,139
1157614340,2686999530,62,436,0,499,374,499
977732598,278528834,178,321,153,330,143,177
1311797563,4189049981,0,499,83,499,499,416
1294221199,4122562445,45,451,99,405,406,306
1328593017,4250646589,135,401,58,443,266,385
1027228646,570616364,118,381,50,449,263,399
1011932963,456382149,91,407,50,449,316,399
977008184,6028357,147,352,105,394,205,289
1225886771,1936247370,135,350,188,321,215,133
1147238600,2524474975,62,436,0,499,374,499
1224891389,3513757719,31,481,156,345,450,189
834043298,66204732,77,422,126,366,345,240
987878103,294738361,74,428,20,477,354,457
1248840695,3817899022,9,492,0,499,483,499
1308978826,486357122,92,406,0,499,314,499
1220979259,3559023761,0,499,109,389,499,280
1007805769,155871799,108,390,0,499,282,499
1279207196,4037103023,45,474,38,455,429,417
1136337030,2327709820,164,335,136,363,171,227
958003059,203821783,91,419,99,401,328,302
1283705377,4061599283,0,499,0,499,499,499
1273789281,3992773780,80,418,0,499,338,499
1254192081,3860640556,0,499,125,374,499,249
1027250596,570620781,108,390,50,449,282,399
1225666820,3493235804,125,314,132,319,189,187
1136594443,2332867772,0,499,62,436,499,374
935588587,194843978,0,499,62,436,499,374
1316279127,4200882016,1,499,38,460,498,422
1003159797,390794178,86,413,0,499,327,499
1174589965,2940639564,134,364,172,341,230,169
478443930,18518708,98,400,12,486,302,474
1152208719,2589467316,192,328,196,309,136,113
1026969929,569729282,111,387,50,449,276,399
873820545,119668329,0,499,62,436,499,374
956069965,220939551,163,301,218,286,138,68
1135089023,2296516721,57,434,151,359,377,208
1009242072,440547679,109,389,50,449,280,399
1308867073,4177840517,0,499,0,499,499,499
1240979859,3749759250,61,437,0,499,376,499
1295960229,4128274538,106,414,107,393,308,286
1302748453,4107133712,0,499,0,499,499,499
1221060341,3559616284,0,499,69,431,499,362
1007371800,416628698,63,436,0,499,373,499
883082252,128012243,0,499,62,436,499,374
1111836275,1915837340,132,369,18,347,237,329
956395664,138758966,9,495,143,301,486,158
1275406236,4004175894,55,449,58,467,394,409
1258264891,3883416633,0,499,0,497,499,497
1275975021,4010220157,0,448,58,497,448,439
1313189729,4198194960,21,478,21,478,457,457
1205731194,548003910,0,499,0,499,499,499
1323334174,4231757644,84,414,38,465,330,427
1225886323,532978672,125,374,144,355,249,211
1015747775,485899283,109,408,93,411,299,318
1261232725,1888334490,13,486,7,496,473,489
1261978393,3902216198,218,308,210,210,90,500
1281955393,4050741236,126,354,144,373,228,229
1292410624,4108910449,90,397,150,362,307,212
980301174,283323326,5,499,122,377,494,255
1008060222,435909715,100,399,51,448,299,397
1301503073,4150990400,54,462,118,401,408,283
1310322934,4182234812,0,499,0,499,499,499
1323409230,4232531043,124,374,72,427,250,355
1287509340,4076850145,32,445,73,462,413,389
1249534617,3819979539,3,495,40,485,492,445
1148491095,2350051575,49,449,0,499,400,499
865392881,107730534,151,347,100,399,196,299
1275506365,4006687539,197,300,253,347,103,94
1072827811,1307846033,8,490,0,499,482,499
1283763911,4061611349,75,477,68,445,402,377
1270652427,3972779838,25,469,200,373,444,173
1136336221,2327709317,79,387,90,417,308,327
1260338012,3893243074,79,429,34,470,350,436
1313500266,4198465872,156,499,1,499,343,498
1013716139,469478486,0,499,73,425,499,352
1243392102,3773729986,19,480,69,416,461,347
1271580032,3976973064,13,480,57,462,467,405
1236737337,3712535074,95,403,0,499,308,499
1277058073,4011938758,0,499,0,499,499,499
1197454750,3162702619,13,485,37,470,472,433
1297648152,178302443,90,408,0,499,318,499
1147450264,2532147298,62,437,62,437,375,375
1178133412,2981152458,226,269,35,435,43,400
1057178239,1076131016,0,499,62,436,499,374
1318120480,729626232,47,447,4,485,400,481
1296665586,143758827,83,415,0,499,332,499
1123155514,2050110007,165,345,43,481,180,438
1212585000,3429950863,153,337,73,426,184,353
1217919166,3487962313,59,440,0,499,381,499
1323124134,4231824002,87,422,90,423,335,333
1281778448,4050842952,0,499,0,499,499,499
1142913452,2457596256,114,390,162,350,276,188
1316134340,4200872726,45,474,103,333,429,230
1008229036,436164888,189,309,188,308,120,120
453492430,50324216,127,372,76,423,245,347
868997594,112768298,62,436,0,499,374,499
1233287579,736052877,225,271,32,485,46,453
1318654328,4217951196,0,499,0,499,499,499
834739305,59242749,82,417,0,498,335,498
1267342722,3942400397,92,424,34,481,332,447
1237106695,2797034331,50,327,220,361,277,141
1261174094,3898707893,0,499,186,321,499,135
1309058233,4179409951,0,499,0,499,499,499
1286709816,4071959149,15,444,19,465,429,446
955777531,220228813,0,499,62,436,499,374
1299908898,1940509733,141,330,30,468,189,438
848497080,79420205,57,442,0,499,385,499
1239449132,304280047,0,499,219,240,499,21
351202930,48547384,125,374,125,374,249,249
1159760441,2719283637,126,370,166,312,244,146
1248845837,3817902552,53,479,108,374,426,266
938314134,199783227,100,399,130,369,299,239
1317927537,4215695814,45,461,82,456,416,374
1026056024,559361779,36,460,24,480,424,456
1292812196,4108905185,88,363,113,380,275,267
991654144,299224012,0,499,87,412,499,325
1292331241,4108690549,140,358,9,482,218,473
1132599009,2229415382,10,489,145,428,479,283
1013197005,464646927,3,490,31,468,487,437
1277227145,4021237292,127,358,82,373,231,291
1317915362,4215693735,10,490,70,330,480,260
1254204856,3860766156,189,319,270,445,130,175
1253062580,3854420516,0,499,0,490,499,490
1254545282,3861790361,41,470,66,396,429,330
854591898,75034835,62,436,0,499,374,499
1168741575,2864377533,5,488,14,491,483,477
1257465287,3881468933,45,454,102,381,409,279
1072577853,1307074891,63,435,0,499,372,499
1039390890,794067087,0,499,62,436,499,374
1242130510,3762645436,118,381,53,484,263,431
1321565658,4227449692,0,499,0,499,499,499
1254652044,3863635806,0,499,0,499,499,499
1298039562,4137782801,136,370,21,469,234,448
1142139288,2446748513,156,401,76,424,245,348
1062117646,1111054005,89,400,47,454,311,407
978004543,278583017,62,436,0,499,374,499
1051762114,981230129,34,464,42,470,430,428
1237281354,3716308613,35,464,72,490,429,418
956766698,223028476,20,480,77,419,460,342
978003773,278582733,114,384,0,499,270,499
969720272,257400643,200,299,185,314,99,129
1190252748,2832752211,65,466,122,394,401,272
1313367127,4197668327,70,429,46,447,359,401
1251270495,1295633697,95,403,0,499,308,499
1243730177,3775260723,88,414,20,482,326,462
1273463675,3992733133,17,487,20,482,470,462
1242095977,3762248143,16,483,14,489,467,475
1275167662,4004091507,60,441,74,431,381,357
1221379173,3562490130,13,486,58,436,473,378
444984230,50231946,126,373,85,413,247,328
1269775297,3962605103,0,499,113,415,499,302
988440623,295284773,72,426,0,499,354,499
1096607449,1657064488,21,466,191,308,445,117
1317782942,4215040538,0,499,76,424,499,348
1265584442,3931856864,7,493,80,455,486,375
36900930,1178410,93,406,0,499,313,499
1155743676,2646987017,0,499,62,436,499,374
1317276352,4210988896,46,413,60,418,367,358
1070872341,1265121598,0,499,62,436,499,374
872669176,118029453,135,365,90,407,230,317
1242140573,3762877787,58,431,6,489,373,483
1298039006,4111329865,19,477,209,277,458,68
1149623821,2562484717,86,412,0,499,326,499
1045622445,870180179,68,431,0,499,363,499
1214127162,3458602649,79,420,0,499,341,499
1304089360,4160935501,106,388,51,463,282,412
1221442914,3563518557,218,452,198,409,234,211
1248847148,3817903147,46,481,116,380,435,264
1068094929,1189061674,0,499,0,499,499,499
1302557094,4155424522,119,380,137,428,261,291
1055825716,1068154464,0,499,62,436,499,374
1008067193,435891013,160,339,130,369,179,239
55484030,1849037,73,426,0,499,353,499
1068706320,1199073519,63,435,0,499,372,499
1278353864,4033246623,0,499,109,389,499,280
1192481275,3128692348,208,340,47,483,132,436
1320193828,4215489519,166,318,382,406,152,24
1310077569,4181961748,102,420,158,418,318,260
1068327813,1192448110,17,474,137,355,457,218
1313646268,4197543156,0,499,2,491,499,489
1124218792,1599917215,66,433,0,499,367,499
1271026845,3974951921,127,467,101,351,340,250
1258545826,3885500181,64,439,75,433,375,358
1252628109,3850328865,0,499,62,436,499,374
1148304155,2533515079,86,491,67,404,405,337
942034991,207977444,103,396,1,499,293,498
1068943165,1210300976,157,342,112,360,185,248
1076999526,53278918,88,411,0,499,323,499
1243659889,3775275607,0,499,62,436,499,374
1292517032,4109612381,53,445,0,499,392,499
1301537427,4150997507,220,291,88,450,71,362
1254896453,3866821560,0,499,0,499,499,499
1287837881,4079436666,261,453,147,434,192,287
1123895118,278519358,157,342,100,399,185,299
1260620439,3894593285,20,478,126,365,458,239
1178310238,2984373220,13,477,53,450,464,397
1257418081,3881319986,0,499,0,499,499,499
974159605,271113167,0,499,62,436,499,374
1267980417,3944992605,37,466,203,352,429,149
1279357528,4037445884,0,499,0,499,499,499
1324042457,4235890033,80,414,78,409,334,331
941678415,207258161,158,344,159,336,186,177
1178128614,2981088292,91,429,150,321,338,171
966660777,253380155,190,309,34,464,119,430
1316204632,4200877596,0,499,20,499,499,479
1304126046,4160951750,106,388,51,463,282,412
834576444,66781114,162,337,100,399,175,299
1248836363,3817895638,7,491,0,499,484,499
306692386,1130080,185,314,184,314,129,130
1225888213,3593774982,150,349,150,349,199,199
1275565361,4006495234,64,409,45,429,345,384
1002981698,388574534,216,287,197,252,71,55
1256967969,3876188209,0,499,0,499,499,499
1308828712,2271359794,100,399,50,448,299,398
1292297401,4108382895,24,481,99,443,457,344
1306657787,4168968094,37,463,30,469,426,439
1260616784,3894591189,63,430,122,489,367,367
1273047907,3992497333,28,466,53,458,438,405
987914022,294822903,74,428,19,477,354,458
1324059952,4236041570,179,324,76,463,145,387
1027349199,570723880,111,388,50,449,277,399
1247848677,3813570743,66,469,92,366,403,274
1215226895,3469748852,0,499,1,498,499,497
1276525796,4014008041,55,440,101,346,385,245
1304005366,4160804407,0,499,1,497,499,496
1066416666,1165746294,0,499,62,436,499,374
726680883,59850233,0,499,62,436,499,374
1148433591,92508465,75,424,0,499,349,499
862681240,102704735,119,412,84,390,293,306
1117902852,278554602,234,264,162,242,30,80
1296181250,4088130015,142,330,123,355,188,232
1130655020,2186204060,15,483,154,386,468,232
1017070697,446366252,75,423,0,498,348,498
1273166457,3993177418,10,492,107,410,482,303
932049822,187355932,164,331,118,382,167,264
1096682788,1651872785,290,327,105,375,37,270
1219883614,3532982778,0,499,0,499,499,499
929747083,183028958,0,499,62,436,499,374
1235876582,3667518098,62,436,0,499,374,499
1177467809,2974270826,106,366,156,317,260,161
1105043425,1846472182,171,333,148,361,162,213
959552698,232563779,0,499,62,436,499,374
931457557,186039043,85,417,167,297,332,130
892551325,139797068,0,499,62,436,499,374
1264889301,3928049750,109,399,8,457,290,449
1070424049,1258465919,109,389,0,499,280,499
1113095720,1832986449,54,455,180,309,401,129
1123424108,2054651752,62,436,0,499,374,499
1312399558,4194751410,55,443,103,396,388,293
923968241,175052792,0,499,62,436,499,374
1259995627,3889177534,119,380,0,499,261,499
1267482264,3943148203,10,475,93,294,465,201
1113039161,1926528399,13,489,111,421,476,310
1271690836,3979560636,0,499,0,499,499,499
1144293855,1548293450,152,347,157,346,195,189
705683791,58656516,109,389,50,449,280,399
1283808175,4063198498,36,473,27,465,437,438
856025091,88983261,143,356,100,399,213,299
1127120652,2106909281,99,400,41,458,301,417
1007618613,435125739,100,399,43,456,299,413
1254887093,3866820840,0,499,0,499,499,499
848934215,80184809,74,425,0,499,351,499
1281733302,4052948016,0,499,0,499,499,499
1266344740,3938140425,26,468,68,420,442,352
1270257803,2028948454,100,399,38,461,299,423
1114385159,1933006824,110,389,54,445,279,391
1275715835,4006540049,0,499,0,499,499,499
1232779988,1665914215,95,403,12,486,308,474
1026369139,562802147,0,499,52,447,499,395
1044460239,855566573,133,301,172,370,168,198
1009609978,442882234,0,499,63,436,499,373
1249535120,3819981965,180,317,208,304,137,96
1317936886,122452630,0,499,40,499,499,459
1298978780,4139513677,63,418,82,379,355,297
1289490926,4086133826,0,499,14,499,499,485
1196249160,3183521551,100,399,35,464,299,429
975065145,272854790,0,499,62,436,499,374
1061622002,117426362,0,499,33,465,499,432
1273748385,3992784725,28,481,29,470,453,441
941603566,207104290,164,341,155,344,177,189
1041950470,835322805,52,473,175,345,421,170
1186965808,3040294091,79,419,0,499,340,499
1156948674,2670985316,27,469,74,422,442,348
1195025232,3163767945,0,499,0,499,499,499
1159649871,2713547703,0,499,100,399,499,299
1100081538,1711731518,70,429,145,354,359,209
1008226471,436163954,78,475,79,405,397,326
1255377065,3868422775,0,499,0,499,499,499
1306895303,4167095554,106,388,51,463,282,412
1308843422,3366977899,100,399,39,474,299,435
864081623,105395880,0,499,62,436,499,374
1213684250,3451969194,0,499,250,257,499,7
1313559907,4197530966,0,499,0,499,499,499
1151852411,1857044655,145,354,100,399,209,299
1150288927,2572664402,11,485,3,496,474,493
1261174328,3898707907,93,319,70,382,226,312
894741135,142133302,153,345,112,386,192,274
1304033069,4160809595,0,499,16,499,499,483
972597824,266010659,0,499,62,436,499,374
1264845482,3925212002,69,448,55,460,379,405
1203464546,3277837157,53,446,0,499,393,499
1282845336,4057527755,0,499,0,499,499,499
1276026400,4010224432,144,375,94,462,231,368
1248321522,3814339571,32,444,115,393,412,278
987552261,294316469,0,499,0,499,499,499
961409002,237211691,0,499,83,415,499,332
1317973529,4215702103,13,479,145,490,466,345
905535810,150056392,62,436,0,499,374,499
1273550106,3992754977,114,410,97,409,296,312
1178471643,2875864359,11,490,9,483,479,474
1264898125,3928053826,89,453,159,306,364,147
862633646,102356858,50,449,50,449,399,399
1308939082,4177868769,0,453,0,499,453,499
1265222319,3929898846,0,499,0,499,499,499
1244798398,3786757399,62,436,0,499,374,499
980539843,283626176,23,461,23,451,438,428
940019030,203317889,0,499,83,415,499,332
1250327863,3266536534,100,399,17,482,299,465
1051257116,975280061,149,349,157,347,200,190
877321057,122761122,0,499,2,496,499,494
1307443477,4171503699,0,499,0,499,499,499
1320479827,4224628147,29,476,117,372,447,255
1116615023,278580000,146,352,100,399,206,299
1123923079,2065487440,80,418,10,489,338,479
1126710620,2104835730,62,436,0,499,374,499
1066788801,1165236386,0,499,83,415,499,332
1255799368,3871478960,0,499,62,437,499,375
463334830,50511507,82,417,0,499,335,499
1273461956,3992732720,14,472,59,468,458,409
1291773194,163246354,12,486,13,485,474,472
1088835931,195654023,0,499,43,456,499,413
781439600,62087472,0,499,98,401,499,303
1311785703,4189048391,0,499,0,465,499,465
1130650044,2186165550,146,352,100,378,206,278
1169753747,2882828380,122,389,141,375,267,234
1270372881,3971616496,42,477,149,341,435,192
1277406598,4023690789,141,367,80,393,226,313
1274097973,3997565172,142,341,162,371,199,209
1310716595,4182271552,18,481,57,428,463,371
1225873802,2807737626,144,356,143,349,212,206
1101774129,1777721809,83,415,0,499,332,499
1275420600,4004204015,63,443,69,441,380,372
1164834150,2789421853,62,436,0,499,374,499
941598347,207072291,62,436,0,499,374,499
915601653,160313204,70,495,85,389,425,304
1316948943,4202964848,62,436,0,499,374,499
835167382,68595482,0,499,62,436,499,374
1265215017,3929900538,113,439,216,302,326,86
1209830399,3385223865,27,469,117,399,442,282
1188462944,3065096166,0,499,62,436,499,374
1306861757,4167092846,0,499,0,499,499,499
1096609686,1657064333,49,477,156,360,428,204
1269455584,3958959506,176,328,46,472,152,426
1278215194,4030633057,0,493,94,370,493,276
1027124935,569766343,113,385,50,449,272,399
1250268368,3831364255,0,499,62,436,499,374
1115655975,1948868466,0,499,62,436,499,374
385135530,18748219,211,285,222,309,74,87
1245929366,3795573054,152,327,115,386,175,271
1025671490,554019792,124,382,13,479,258,466
1192147326,3122611107,68,432,22,488,364,466
1133710645,2258287971,109,389,0,499,280,499
1104740309,1842307887,161,344,114,245,183,131
1225887488,3209260485,236,359,197,333,123,136
1252257636,3848182922,0,499,0,499,499,499
547330912,46690204,103,418,27,485,315,458
1258071143,3883922995,0,499,0,499,499,499
1323278146,4233426377,164,362,162,364,198,202
1076307566,1361643985,0,499,109,389,499,280
949387247,212343188,144,357,134,365,213,231
1190252019,2647272664,120,384,115,379,264,264
1192161874,3122714558,68,432,22,488,364,466
1174590989,2940639836,12,487,40,499,475,459
987668158,294486053,0,499,60,439,499,379
1004783487,408402818,0,499,109,389,499,280
1023603443,537332866,93,388,153,384,295,231
1225969859,3594124656,84,273,43,444,189,401
1316211091,4200877813,0,499,39,488,499,449
1131495842,1891419408,215,289,221,347,74,126
728892330,59839576,73,425,0,499,352,499
1316272872,4200881700,25,467,98,412,442,314
1195812907,3174805363,105,393,50,449,288,399
1257152821,3879365647,0,499,0,499,499,499
1309966306,4181943868,29,466,150,376,437,226
1292294374,4108382777,112,372,160,395,260,235
1117512501,1974897444,0,499,62,436,499,374
1249534092,3819978144,66,454,45,473,388,428
1314223903,4186215015,51,452,70,427,401,357
1215664649,3471590057,121,380,74,426,259,352
1219992704,3535605382,0,499,109,389,499,280
1320227668,4215694994,71,398,76,395,327,319
1289206021,3608437884,103,396,0,499,293,499
895129279,93692383,88,411,12,499,323,487
1010128117,443335269,0,499,70,429,499,359
1135788809,2313282287,137,361,100,399,224,299
1292513205,4108939101,99,413,48,430,314,382
1135206914,2302479335,15,473,44,471,458,427
1137614790,1830968400,182,322,166,352,140,186
1127991635,2130191185,0,486,85,426,486,341
1287508354,4076850051,0,499,8,499,499,491
1123492728,2056041061,150,349,132,387,199,255
1077296545,641555,133,366,0,499,233,499
958397481,227821854,73,426,0,499,353,499
1016222793,497334835,0,499,95,404,499,309
1311620455,4188743205,2,496,0,499,494,499
1253658474,3858328141,70,429,87,412,359,325
1263283532,3915379124,81,418,26,479,337,453
1220132134,3531086716,62,436,0,499,374,499
1165116146,2791482131,150,349,119,379,199,260
1283707686,4061599462,45,435,148,369,390,221
1267281229,3942394977,0,499,0,499,499,499
1039583191,798828897,0,499,62,436,499,374
1211628718,3406661245,130,359,19,483,229,464
1062183721,1111971640,15,486,230,269,471,39
1317258628,4210987609,43,451,113,442,408,329
1141167893,2425679500,88,479,192,305,391,113
1178456678,1681499587,122,452,33,463,330,430
1083002783,3926667471,62,436,0,499,374,499
1116515447,1959736318,96,371,174,314,275,140
1324661046,4238024360,28,483,163,329,455,166
1231424830,3648808984,130,343,133,457,213,324
987656161,294485149,152,374,72,471,222,399
1289288980,4087954752,136,362,0,499,226,499
1161820095,2740207411,64,435,0,495,371,495
1120559779,1940501407,0,499,83,416,499,333
617449187,55032878,213,286,210,289,73,79
966352823,252579467,0,499,62,436,499,374
1243659694,3775275589,0,499,62,436,499,374
1155274496,2650368428,0,499,62,436,499,374
1111042685,1908564847,31,472,124,388,441,264
1304041706,4160811822,6,452,4,492,446,488
1071342803,278524797,132,366,100,399,234,299
1258886088,3887569862,0,499,0,499,499,499
1178087844,2976898383,85,375,135,499,290,364
1243659019,3775275048,0,499,177,436,499,259
1029022101,590170307,52,459,17,478,407,461
1122079269,2046028024,93,405,146,353,312,207
862700582,103052169,62,436,0,499,374,499
1082994814,1475380338,73,426,0,499,353,499
1105418339,1849019415,101,395,65,434,294,369
1195981352,3005921301,110,384,52,441,274,389
1262374116,3906865328,94,405,0,499,311,499
1275219141,4003937677,30,462,67,472,432,405
1041167556,824448851,0,499,0,499,499,499
887604591,133593895,71,418,0,486,347,486
1190873980,2028213704,13,422,13,461,409,448
1257152627,3879365608,66,435,73,457,369,384
959219655,231451632,128,373,97,400,245,303
1308192555,4174722687,173,290,127,364,117,237
1174587930,2940639005,8,495,24,460,487,436
1261399807,3898720138,0,499,0,499,499,499
956225385,219363590,0,499,62,436,499,374
1297587574,4136062187,0,499,81,417,499,336
1305767664,4166642885,106,388,51,463,282,412
934615968,192980268,0,499,53,445,499,392
958395354,227320810,71,427,0,498,356,498
1277888015,4027058216,20,479,77,421,459,344
1202887233,3265357740,10,484,148,408,474,260
1269835410,3962804089,18,484,14,478,466,464
1198905079,2487836552,137,361,100,399,224,299
1084440968,1497607544,48,416,52,471,368,419
1310658420,4182265682,22,491,53,486,469,433
907058304,152010863,130,369,77,421,239,344
1216097708,3477437700,121,377,63,432,256,369
975675825,273723143,79,420,0,499,341,499
1289172699,4086068411,0,499,0,499,499,499
1061567471,567639486,51,432,4,496,381,492
1026795876,569568802,105,394,50,449,289,399
1058147559,1086753487,176,328,166,393,152,227
1232191617,3657924136,29,479,43,468,450,425
876127316,93242514,0,499,65,433,499,368
1310861601,4184607670,5,481,18,464,476,446
984928750,289801161,0,499,62,435,499,373
1039028479,784460980,151,347,100,399,196,299
1282793065,4057522616,79,441,68,414,362,346
1116575607,393655,62,437,0,499,375,499
938665847,200923701,0,454,0,486,454,486
1276306259,4012720801,0,499,0,499,499,499
1027322559,570702956,84,443,100,399,359,299
1088817601,2077306732,100,399,0,499,299,499
1188462922,3065095745,0,499,62,437,499,375
1088180238,1532580513,145,322,79,424,177,345
1198136178,3211737369,161,337,100,390,176,290
758649,1112289,0,499,27,472,499,445
1261415986,3898724492,0,499,0,499,499,499
1267338240,278932625,100,399,28,470,299,442
742113432,1217640,86,412,108,390,326,282
1311754284,4189641860,0,491,6,492,491,486
1153312626,1035142691,0,499,62,436,499,374
854662502,87524566,167,315,163,335,148,172
1253840103,3833467339,0,499,0,499,499,499
1209288995,3369872523,0,499,0,499,499,499
1324096459,4236042093,60,441,28,475,381,447
1150250553,2571644508,27,473,131,365,446,234
921277178,168425100,66,433,0,499,367,499
1323151262,4232953693,54,434,6,492,380,486
1009867918,130994482,181,318,153,349,137,196
1294104959,4122227243,0,499,0,499,499,499
1276733082,4015992914,31,479,83,416,448,333
1207926167,3347677989,0,499,62,436,499,374
1256070260,3873126451,75,422,73,430,347,357
1313214391,4197496041,46,452,163,393,406,230
1172791617,2920940595,0,499,68,431,499,363
1136087092,2311145520,64,434,0,499,370,499
1256957964,278408766,100,399,10,489,299,479
1027152217,569896765,114,385,50,449,271,399
1191976697,3119908482,73,426,0,499,353,499
294694501,2986515,205,499,42,457,294,415
1026783484,569542375,108,391,50,449,283,399
1264065960,3923558068,0,499,2,482,499,480
1276696271,4015617986,88,435,172,430,347,258
146521730,1595160,74,424,0,499,350,499
1236845707,3707735142,106,383,76,445,277,369
1007543785,435082825,100,399,55,449,299,394
868172588,111506122,64,434,0,499,370,499
1279342307,4037443173,107,403,57,459,296,402
1286977576,4076977496,45,455,93,435,410,342
916567086,161517319,17,481,37,462,464,425
1238145150,3726550826,153,345,174,336,192,162
835713317,69909752,100,399,53,445,299,392
1100082949,1711728536,180,319,153,346,139,193
1008671085,439043708,73,425,0,499,352,499
1095805647,1641814781,4,495,4,495,491,491
1093182683,1598255964,75,424,0,499,349,499
1321558084,4223029716,93,405,22,486,312,464
1064957014,1144274013,210,265,216,286,55,70
1185406273,2806785322,158,348,158,334,190,176
1324211127,4236298229,48,453,144,365,405,221
1295960076,4128274509,98,394,63,457,296,394
1204796517,2582385299,134,364,100,399,230,299
1133144924,2243734121,90,408,22,477,318,455
1026842372,569557264,114,366,50,449,252,399
1155973813,2662754862,0,499,135,363,499,228
1188538933,3067204226,130,369,130,369,239,239
1316151547,4200874449,36,465,86,419,429,333
1297676310,1516184820,71,428,0,499,357,499
1309659344,4179728323,32,443,44,460,411,416
1267307012,3942397044,0,499,0,499,499,499
1119234615,1994818935,0,499,65,434,499,369
1280690541,4046437467,55,459,45,471,404,426
1316286537,4200882367,21,477,141,400,456,259
1239056026,3730701430,0,499,81,418,499,337
1254418794,2063040224,83,415,0,499,332,499
1243384497,3773726298,19,480,20,374,461,354
987345768,294180417,33,469,30,486,436,456
1273177302,3993179623,38,451,130,361,413,231
1181439799,3002932119,0,499,0,499,499,499
1273410081,3992635660,25,465,50,458,440,408
1264104685,3923709279,180,319,153,346,139,193
1048487584,942412737,71,427,0,499,356,499
1323453254,4231850554,70,443,88,444,373,356
1275709032,4006536735,31,475,12,433,444,421
1273896063,3995252636,0,499,0,499,499,499
1282543286,4057544323,108,354,73,443,246,370
1030394283,597429626,76,423,15,482,347,467
1169166584,2872069158,108,353,106,370,245,264
1014675554,473938634,100,399,58,440,299,382
1276034138,4010224855,0,477,62,499,477,437
1101593171,1775224891,0,499,0,498,499,498
1109664639,1892762768,80,418,0,499,338,499
1308846461,4178259473,91,407,0,499,316,499
1239046625,278337818,100,399,9,490,299,481
1258629608,3885542033,65,434,69,439,369,370
1282277645,4055977249,0,499,0,499,499,499
987450201,294327239,0,499,62,436,499,374
1192042308,3120528818,12,480,126,449,468,323
1246559166,3800540985,0,499,0,499,499,499
1096574798,216198788,0,499,63,436,499,373
1039610756,799267963,162,341,106,398,179,292
1146990173,2520500897,0,499,0,498,499,498
1251482557,3842785929,0,499,0,492,499,492
1291290880,4101477374,119,377,62,442,258,380
1261172878,2610184660,104,397,76,427,293,351
1315161729,4204292638,3,479,13,494,476,481
1286933702,4074701816,85,415,93,466,330,373
890999669,137204696,110,389,63,435,279,372
1279457366,4039869393,67,413,171,373,346,202
1092066730,1572569558,62,436,0,499,374,499
1262434370,3908157171,74,421,143,342,347,199
921970079,170026029,499,499,189,310,500,121
1282283806,4056001635,15,484,47,454,469,407
1061566228,511835675,40,469,26,374,429,348
1262991351,3910599905,0,499,29,469,499,440
1257583314,3881983693,0,499,0,499,499,499
1243431952,3773723332,19,480,95,403,461,308
1293371498,4104776778,28,461,162,412,433,250
1109663144,1892729476,69,431,74,447,362,373
1007722027,435251523,170,328,153,346,158,193
499404932,51877552,91,436,0,499,345,499
1057308917,1077635709,133,372,193,327,239,134
1244068939,3778638353,109,390,0,499,281,499
1276298134,4012661136,73,441,41,464,368,423
1210141756,3379999337,0,499,83,415,499,332
1243659297,3775275201,0,499,62,436,499,374
971203672,261063762,0,499,43,456,499,413
1282007158,4050753586,132,380,137,362,248,225
1250199961,3826080611,0,499,109,389,499,280
1065795874,278578440,145,354,100,399,209,299
1327425101,3774350640,14,485,79,419,471,340
1324085379,4236041947,10,476,9,496,466,487
948579243,5680951,74,424,13,499,350,486
1253257805,3855601377,41,491,23,473,450,450
1269494364,3959361458,0,499,0,499,499,499
1235528139,3689209640,109,389,0,499,280,499
1289203618,3613209837,102,397,0,499,295,499
1275974471,4010133415,49,490,39,482,441,443
1119805841,2002930086,62,431,20,482,369,462
1193556506,3145528332,97,422,35,485,325,450
1293086353,4116353612,0,499,0,499,499,499
1292296656,4108382873,0,499,0,499,499,499
1265208646,3929890102,33,499,109,399,466,290
1252293825,3847031548,78,421,0,499,343,499
1279765268,4041457518,34,481,118,435,447,317
1265215182,3929900545,14,485,146,351,471,205
1107660563,1869201422,90,438,97,410,348,313
1313231565,4182833062,49,467,108,395,418,287
1190259070,1876687697,110,377,102,392,267,290
988503456,295647149,174,326,150,349,152,199
861161992,99358161,72,430,0,499,358,499
983100791,287240417,68,430,0,499,362,499
1008014086,435873030,100,399,57,441,299,384
1262990662,3912894382,0,499,0,499,499,499
1316215829,4209005555,0,499,0,499,499,499
1180942240,2998598372,62,436,0,499,374,499
987617846,294477040,13,488,119,384,475,265
1261201896,3898712098,104,380,129,346,276,217
1174588116,2940639042,203,296,233,327,93,94
1110566976,1903008802,74,456,91,420,382,329
1305421827,4165669387,147,329,114,345,182,231
922622867,171707138,100,399,50,449,299,399
1006400741,273580478,104,400,92,403,296,311
1313735159,4200225300,14,499,0,499,485,499
1323552420,4234234180,69,434,33,463,365,430
1317307934,4211720099,0,459,1,490,459,489
1323202137,4229443168,43,421,59,413,378,354
1181662153,3003919862,9,494,90,401,485,311
967162430,254400324,70,429,120,357,359,237
1181445769,3002936717,99,312,199,378,213,179
1271833745,3982166218,0,499,0,499,499,499
1281964512,4050742087,151,344,184,306,193,122
987705523,165919142,0,499,62,436,499,374
1311224727,4186585745,16,489,154,389,473,235
868167157,8870838,0,499,0,499,499,499
1244748162,3786278032,0,499,0,499,499,499
1273380355,3992573020,74,415,94,428,341,334
1305122285,4164669622,106,388,51,463,282,412
1295660813,4126964072,0,499,0,499,499,499
1209160991,3369597038,73,426,0,499,353,499
982248606,286004512,225,294,196,341,69,145
1128744456,2153834776,0,499,0,499,499,499
891730382,138460233,120,378,100,399,258,299
1256518894,3874388966,144,368,146,370,224,224
1100102350,1712289008,228,262,233,258,34,25
1253519500,3857172945,92,420,16,491,328,475
878480825,123759707,62,436,0,499,374,499
1319530780,4214461547,19,451,94,351,432,257
1246593898,3799314584,0,499,62,436,499,374
1211983351,3414348501,137,366,153,357,229,204
1192512030,3128807975,28,466,118,376,438,258
1043284226,850279087,0,499,109,389,499,280
1275795542,4007126609,0,499,0,499,499,499
1246486830,3799494747,61,405,147,348,344,201
1136050762,249773415,31,469,30,469,438,439
1258317276,3881732715,141,358,112,387,217,275
1258505702,3885602684,15,484,93,397,469,304
1188338535,3063690061,62,436,0,499,374,499
1100798458,1736366241,30,472,97,401,442,304
1275488903,4006488647,5,497,145,482,492,337
1254910890,3866914450,29,463,51,441,434,390
1317479992,4213276635,0,499,0,499,499,499
1094825074,1625974387,0,499,77,429,499,352
1199597138,3228115856,62,436,0,499,374,499
1265207062,3929890060,0,499,0,484,499,484
1125591927,2093515634,144,354,100,399,210,299
1252627382,3850328395,0,499,62,436,499,374
1198178617,2341639968,137,361,100,399,224,299
1011821252,211378675,114,385,182,350,271,168
1257087507,3878313771,142,385,89,320,243,231
1065726212,1153751252,81,418,0,499,337,499
1292019493,4105748057,64,431,134,385,367,251
1194537186,3150255676,58,441,0,499,383,499
1225887566,284150667,125,374,208,357,249,149
1104923134,1844049740,0,499,62,436,499,374
1102002340,1787969043,60,373,127,382,313,255
933254565,190107730,87,413,7,495,326,488
1102674701,72841918,71,425,184,314,354,130
1303748393,4158983094,62,437,0,495,375,495
1174590070,2940639589,136,365,174,363,229,189
1316262762,4200881282,11,482,147,366,471,219
1002980372,388575008,145,352,218,281,207,63
1275318667,4003959338,21,458,62,466,437,404
977933063,278563797,72,427,0,499,355,499
835424665,69514638,58,445,0,485,387,485
1239085730,3732686351,0,499,0,499,499,499
1261388261,3898718640,0,499,0,484,499,484
1316968611,4209506593,62,436,0,499,374,499
1247849605,3813571346,0,499,123,436,499,313
1282575537,4057551235,39,434,27,488,395,461
1026805869,569555072,110,389,50,449,279,399
1192055428,3120609153,68,432,22,488,364,466
1130754725,2187477630,153,346,100,399,193,299
1319189386,4214052783,78,374,62,458,296,396
1174586018,2940638595,151,355,215,281,204,66
1227167453,3607251849,50,465,195,346,415,151
982257659,286003073,92,406,0,499,314,499
966512156,253087325,68,431,0,489,363,489
1313355880,4183096262,98,363,133,368,265,235
1248581851,3816165281,0,499,62,436,499,374
856659790,90125655,147,350,92,409,203,317
1282559220,4057547103,19,482,116,388,463,272
1282283427,4055995882,13,487,86,396,474,310
1314231111,4186217543,112,456,58,376,344,318
1169754926,2882744479,110,389,54,445,279,391
1279148463,4037581546,0,499,0,499,499,499
907269049,114113499,180,316,130,301,136,171
1268718808,3951838540,48,467,38,448,419,410
1313239580,4197660468,56,459,57,370,403,313
915581537,160272392,71,428,0,499,357,499
1278788957,4037083033,90,410,91,409,320,318
1240889525,3750564811,0,499,109,389,499,280
1129170307,2162177000,63,436,0,499,373,499
1286415792,4074629793,118,379,183,347,261,164
1100088124,1256481255,151,348,100,399,197,299
1174594283,2940640697,160,327,171,332,167,161
1283665499,4061597151,167,362,61,475,195,414
1109983823,1897595534,0,499,134,365,499,231
891729120,138459015,163,335,100,399,172,299
1218328471,3508772724,0,499,62,436,499,374
910676452,154755032,4,495,0,499,491,499
1188359409,3057651956,115,384,160,339,269,179
779868118,61925422,114,396,55,442,282,387
916571597,161548915,68,431,0,499,363,499
1316225297,4200879089,52,454,48,445,402,397
863668206,104235516,62,436,0,499,374,499
884201805,124408562,50,449,95,380,399,285
1296416725,4130453949,0,499,0,499,499,499
1230536332,3633475737,62,436,0,499,374,499
1260364458,3893244594,122,388,97,393,266,296
1236400596,3480198610,32,472,76,419,440,343
1328290170,4250764872,202,351,139,303,149,164
1273087153,3992397952,25,476,52,471,451,419
909455083,153889997,39,459,140,359,420,219
1314587836,4202305439,62,436,54,429,374,375
1302893603,4156934213,83,499,0,499,416,499
1190251877,2887023670,144,348,138,361,204,223
1194158365,3071155322,183,316,165,334,133,169
1037703302,734974092,83,415,0,499,332,499
1170587305,2889946260,72,427,0,499,355,499
1205954860,3315044547,100,404,95,418,304,323
1032703332,627569582,93,405,0,499,312,499
1119523470,3716248780,110,389,51,448,279,397
1026615937,567674039,19,495,93,398,476,305
1077934213,1387542871,80,418,0,499,338,499
1218399330,938670909,85,425,4,494,340,490
858099111,92349496,52,447,0,499,395,499
1299292329,4141675927,46,453,53,446,407,393
1268391343,3950607291,146,356,99,404,210,305
1017054675,425308406,190,309,160,339,119,179
875359131,121316530,62,436,0,499,374,499
1215502680,3155075031,124,372,162,322,248,160
1162390996,2753437974,70,429,145,354,359,209
915748959,160509280,129,367,139,359,238,220
993209701,300690879,0,499,62,436,499,374
935984283,195770968,0,499,81,417,499,336
1255055884,3867033996,63,499,117,423,436,306
1072423256,1303592176,81,418,0,499,337,499
1263288286,3916137277,17,481,0,499,464,499
1277727988,4023033288,8,491,78,421,483,343
1152357632,2604755257,76,420,2,497,344,495
1222865227,3575765019,0,499,0,499,499,499
1066373945,1164972371,0,499,63,436,499,373
1292441762,4108914288,8,485,109,408,477,299
1281929309,4044227166,0,498,0,498,498,498
946328775,63958052,62,436,0,499,374,499
1056287433,1070784984,83,415,0,499,332,499
1042766082,844684371,99,331,99,388,232,289
1116131609,1953741904,2,488,80,424,486,344
1285865386,4017681250,91,423,148,380,332,232
1282990644,4057855854,88,416,110,408,328,298
1280110864,4042482876,0,499,21,499,499,478
1158120572,2695196897,221,271,200,286,50,86
1282748338,4058569759,0,499,18,499,499,481
1295584135,4126730181,77,421,48,451,344,403
1303705985,4159374300,106,388,51,463,282,412
1243395803,3773715433,19,480,20,479,461,459
935795684,195512285,68,431,0,499,363,499
1288944282,4079520082,0,499,62,436,499,374
1249535929,3819983815,134,360,134,351,226,217
862578904,102702741,145,363,71,424,218,353
1155995062,2663027613,103,394,185,320,291,135
1099817881,1108180872,176,323,125,365,147,240
845854492,74943387,62,436,146,353,374,207
1244979767,3787993855,19,448,68,478,429,410
1241406561,3756592583,185,314,175,324,129,149
1283613366,4061592547,0,499,0,499,499,499
1027209950,570602246,108,390,50,449,282,399
1299519342,4141587417,16,491,149,362,475,213
1013130257,462945424,132,367,76,424,235,348
1172791736,2920940639,0,496,135,364,496,229
1158796654,2703667364,33,466,90,409,433,319
1251225853,3838153626,113,389,3,489,276,486
1307455304,4168852043,50,443,78,455,393,377
1174584460,2940638359,208,288,166,338,80,172
910225259,142704999,62,436,0,499,374,499
1323991420,4235886198,65,437,113,393,372,280
1248371271,3814854661,88,437,126,413,349,287
1314419004,4202302416,90,375,136,308,285,172
1319412016,4214354233,35,463,93,439,428,346
1174591446,2940640092,9,483,6,492,474,486
1265897553,3935507045,4,493,161,342,489,181
1211395785,3397276281,0,499,62,436,499,374
1252637611,3850386813,141,358,104,436,217,332
1067855414,1180861272,62,436,0,499,374,499
1205955816,3314975310,100,399,50,449,299,399
1263346423,3915389039,81,418,26,479,337,453
1162020771,2746485380,0,499,0,499,499,499
997348898,53278963,190,309,170,329,119,159
983549976,158686808,16,484,66,431,468,365
1088048397,1531899886,62,437,62,437,375,375
1285428878,4064705454,51,448,0,499,397,499
1245167709,3789528411,25,464,99,426,439,327
1246044579,3796900502,48,455,13,483,407,470
1043841184,853456135,50,471,143,355,421,212
1196212640,3182722349,43,450,133,376,407,243
1281964502,3631559252,93,405,28,479,312,451
974034087,270442229,0,499,70,429,499,359
1253145548,3855155035,0,499,0,499,499,499
1281990656,4050747914,160,356,40,444,196,404
1304102360,4160938140,106,388,51,463,282,412
908163971,106432926,88,410,54,485,322,431
1214274742,3460427933,117,379,74,423,262,349
1252627267,3850328353,0,499,169,436,499,267
1241416726,3756666065,201,298,193,307,97,114
1321639755,4227454262,0,499,0,499,499,499
1100061496,1711733303,110,389,54,445,279,391
1133052613,2241746801,146,352,111,399,206,288
938716949,185253937,0,499,100,398,499,298
1303046369,4157236326,0,499,0,499,499,499
1310632264,4181826658,62,436,0,499,374,499
1317247297,4210987028,59,442,26,473,383,447
1229080827,3622980884,72,471,32,499,399,467
1246406732,3798830834,75,407,37,478,332,441
1212236546,3420191919,214,286,187,306,72,119
855069757,87914152,198,303,175,324,105,149
1074794264,1338920593,119,383,63,388,264,325
1249605737,3820243108,132,342,149,294,210,145
1254495194,3861780186,96,402,94,458,306,364
1316190763,4200876901,29,476,104,442,447,338
934421148,192544464,132,369,76,418,237,342
1112182346,1921329974,218,465,168,330,247,162
916824291,161955774,71,427,0,499,356,499
1240223391,3728535551,100,399,60,438,299,378
1177192738,2962180012,0,499,8,490,499,482
1068193160,1190277578,88,395,27,476,307,449
1007987009,435851164,100,399,54,444,299,390
908752152,152941958,150,349,107,391,199,284
1116524718,1961738391,166,334,134,365,168,231
1265223764,3929899650,108,397,75,443,289,368
1221451821,3563521254,13,478,19,489,465,470
1071708309,1290996204,100,399,13,485,299,472
1280054033,4042813535,190,307,42,470,117,428
1229770609,3623558765,62,436,0,499,374,499
987637143,294481913,117,380,0,498,263,498
981133266,284202413,140,327,141,348,187,207
1211348463,3396513587,116,363,16,451,247,435
1298848487,97372555,114,384,58,441,270,383
1071867948,278550219,155,344,100,399,189,299
1066930289,1173353245,29,458,89,402,429,313
1256046151,3873074905,26,488,16,484,462,468
1080242707,1346974192,0,499,62,436,499,374
1013239554,462071190,128,318,82,432,190,350
1324239033,4233642435,145,338,114,182,193,68
1102901919,1810164088,0,499,97,401,499,304
1143995874,2465048787,0,499,62,436,499,374
1311920017,4188986456,55,446,65,409,391,344
910775455,154900243,62,436,0,499,374,499
1318410922,4217943411,0,499,0,499,499,499
1209411011,3377003253,28,460,212,288,432,76
1117510230,1974893162,37,465,140,425,428,285
857273913,85418243,190,309,160,339,119,179
1269776745,3962605560,0,499,169,499,499,330
1136544232,2332095811,189,276,28,88,87,60
1328257699,4250627103,25,379,115,444,354,329
1100069009,1711732546,70,429,145,354,359,209
1100063614,1711732494,70,429,145,354,359,209
1156119664,2665209033,0,499,0,499,499,499
848244978,77966890,65,434,0,499,369,499
1193221426,3139415283,165,337,85,322,172,237
1128486876,2148675089,0,499,62,436,499,374
1195967201,3179433987,62,436,0,499,374,499
881224994,123555566,223,275,210,287,52,77
1273512063,3992742695,15,471,59,468,456,409
874731573,13212921,71,427,0,489,356,489
1156971825,2679537659,197,295,234,382,98,148
1261562284,3900589745,0,499,0,499,499,499
1293306123,4116742424,0,499,0,481,499,481
1244726621,3786073969,0,499,109,389,499,280
1215217558,3469567945,62,436,0,499,374,499
991287233,298723858,69,429,18,477,360,459
1231120534,3645278158,98,403,121,383,305,262
1315146379,4204292131,0,499,0,499,499,499
1245964759,3795840453,62,436,0,499,374,499
1315265850,4187769040,23,422,135,403,399,268
1260345105,3893243380,24,475,57,354,451,297
1209714916,3382583424,75,442,69,409,367,340
1208316779,3353824580,25,473,0,499,448,499
1317986840,4215703894,9,490,165,316,481,151
1097464833,1671589787,8,490,9,482,482,473
1094497802,1616899330,52,449,86,465,397,379
1266776377,3939946479,0,480,0,463,480,463
1188761772,3071801991,110,389,145,354,279,209
1187315083,3047276693,26,371,136,348,345,212
933262646,190111054,32,466,0,499,434,499
1304028104,4160883619,106,388,51,463,282,412
1275615337,4007155370,0,499,0,499,499,499
1107659884,1869201332,176,349,165,379,173,214
1108351967,1875551878,71,427,0,499,356,499
89729830,2994775,184,314,150,349,130,199
1264105146,3923709330,110,389,53,445,279,392
1316127107,4200872082,0,499,14,499,499,485
1237303276,3718441724,156,347,61,427,191,366
1144289709,2478930890,29,459,115,421,430,306
1107660171,1869200312,89,437,154,351,348,197
974869301,272292607,0,499,83,416,499,333
1168014972,2849849918,49,441,119,401,392,282
1266214314,3937634676,0,499,0,499,499,499
844573228,72713174,67,431,0,499,364,499
1056490232,862557852,65,434,0,499,369,499
1200636426,3242449220,71,420,69,453,349,384
1125160477,2089758656,154,345,100,399,191,299
1188545867,3067343061,111,388,164,385,277,221
973606602,269653587,0,498,1,342,498,341
974043673,270642951,0,499,67,432,499,365
964310648,246550608,66,442,83,421,376,338
1186966799,3040301279,45,483,67,443,438,376
1242869986,3218807592,115,384,0,499,269,499
1245644579,3793572860,28,474,86,393,446,307
1202967513,1898222599,145,353,100,399,208,299
1092302,1319557,125,374,70,429,249,359
1211375330,3393781999,128,359,13,498,231,485
1261173662,3898707839,24,476,122,340,452,218
1218173918,3500993527,130,369,90,409,239,319
1304172719,4160987102,106,388,51,463,282,412
1323254001,4231686858,19,484,152,364,465,212
1007482707,435008850,100,399,41,458,299,417
1007755333,435132913,66,433,0,499,367,499
1246407647,3798831145,118,380,0,499,262,499
1288110562,4079556652,0,499,0,499,499,499
1234870446,2875489644,58,438,21,481,380,460
1204246986,3287287548,28,476,51,431,448,380
871038672,115726594,0,499,62,436,499,374
956376227,138747748,250,499,197,302,249,105
1174593308,2940640450,56,463,83,427,407,344
1279318642,4037124595,49,463,33,482,414,449
935052598,193856956,125,374,62,436,249,374
1269506760,3959374399,7,491,6,495,484,489
1016715423,501592484,0,499,82,416,499,334
917273936,162851698,0,499,62,436,499,374
988429781,51679644,25,463,32,481,438,449
1193420246,3141433620,0,499,83,415,499,332
1219242890,3523602941,0,499,54,445,499,391
1187111262,3043360406,122,395,12,360,273,348
1096052964,1641918282,0,499,34,464,499,430
1026985078,569843764,101,398,50,449,297,399
1000089455,348990858,75,423,0,499,348,499
1007652284,435045755,65,434,0,499,369,499
1005661135,412369020,71,428,0,499,357,499
1109057106,1881916422,116,389,163,379,273,216
1245218054,3789603199,41,465,43,464,424,421
1138092298,2352573961,114,383,18,490,269,472
918154038,163780751,53,446,0,499,393,499
1323695813,4234147771,68,410,97,337,342,240
1309571919,4179946057,0,499,0,499,499,499
1043862451,233900283,126,393,15,481,267,466
1294108602,4122228209,15,490,110,402,475,292
1174587181,2940638846,51,462,39,458,411,419
1324087259,4236041980,0,499,0,499,499,499
1198713506,3219098376,144,355,100,399,211,299
1317193178,4210982933,79,421,25,476,342,451
911790488,154704597,208,299,19,482,91,463
988317406,295318058,34,477,122,357,443,235
1222041466,3566804107,0,499,62,436,499,374
977853349,278543634,185,347,160,499,162,339
1271791328,3978538720,193,231,0,499,38,499
1278867292,2182912157,112,369,11,473,257,462
1141166202,2414768188,198,311,20,485,113,465
1021272097,526559740,96,403,161,343,307,182
915113694,158341887,103,394,0,499,291,499
1250268104,3831364097,0,499,62,436,499,374
746770530,60594372,180,324,184,314,144,130
1171836599,2901628387,102,396,0,499,294,499
1299569367,4141746331,108,373,87,431,265,344
986377755,292445861,111,380,107,455,269,348
1300680568,4148004474,83,415,0,499,332,499
1289141092,4086219467,0,499,0,499,499,499
462432030,50500088,150,349,111,387,199,276
985457952,290885288,98,98,226,276,500,50
1243659034,3775275155,0,499,177,436,499,259
941110709,205832292,77,423,25,474,346,449
1010983800,449327802,72,423,10,499,351,489
1136378504,2329373100,89,409,0,499,320,499
1211103346,3391186878,119,402,88,485,283,397
538362530,53253783,170,329,189,309,159,120
1289794945,4089924819,14,489,37,482,475,445
1260752754,3895425139,20,465,55,439,445,384
1277773573,4026075827,0,498,0,498,498,498
1278859356,4035532256,62,436,0,499,374,499
1177600918,2976993612,93,421,66,496,328,430
1243389088,3773728742,19,480,20,479,461,459
1281126122,4046990925,19,469,17,467,450,450
1251481052,3842784838,137,361,115,383,224,268
1247849629,3813571354,0,499,123,436,499,313
1205340804,3303129025,0,499,0,499,499,499
872099783,106203475,199,299,150,349,100,199
1276073364,4008191287,0,499,62,436,499,374
1295969768,4127726866,0,499,0,499,499,499
1280178819,4043913550,110,383,264,326,273,62
1150639961,2578185934,69,403,7,480,334,473
1146988758,2527286128,110,389,54,445,279,391
1075839870,1353768639,0,499,62,436,499,374
300981445,19057401,0,499,62,436,499,374
1262504362,3908515822,54,426,23,460,372,437
287281084,1635556,0,499,6,493,499,487
1310592032,4182261561,0,499,0,499,499,499
1316172268,4200876154,39,470,30,479,431,449
868500481,111962160,127,374,94,408,247,314
1289910662,4088693521,152,346,47,451,194,404
1263006030,3913252433,123,383,29,481,260,452
999213929,328202941,70,429,0,499,359,499
874731701,94286969,71,427,0,499,356,499
883535274,48166219,95,404,0,499,309,499
1117040289,1967304405,27,477,15,482,450,467
1319106651,4217992300,84,441,30,430,357,400
1286579636,4075428606,0,499,62,436,499,374
932164934,187516215,189,309,165,334,120,169
1128939160,2156778150,16,491,4,495,475,491
900454220,146128918,48,451,0,499,403,499
1130380787,2183600289,175,356,147,349,181,202
1209808986,3930060248,22,485,84,403,463,319
1141152684,2414301000,62,436,0,499,374,499
1026617797,567679078,20,492,90,413,472,323
1318418228,4217943671,0,499,0,499,499,499
1030444357,597598952,102,396,28,470,294,442
1318473465,846184477,28,489,67,431,461,364
1137058755,103882083,70,430,0,492,360,492
1260342326,3893243200,149,440,54,359,291,305
1168080626,2851675266,13,485,240,395,472,155
1265209699,3929890135,0,499,0,499,499,499
1186691671,3036756750,16,480,18,491,464,473
933236421,190092816,75,424,0,499,349,499
1019329497,516399491,24,479,14,476,455,462
1311379367,4187114191,20,483,92,365,463,273
1218137766,3505584424,0,499,18,499,499,481
1273043677,3992495198,45,458,56,461,413,405
1129073428,2162433520,145,354,0,499,209,499
854179929,85756936,70,429,0,499,359,499
1275554464,4006494716,0,471,12,499,471,487
1188561450,2886143805,5,492,148,349,487,201
1309677919,4181533811,43,460,85,483,417,398
875359003,121316471,101,397,0,499,296,499
1156925875,2678802073,28,410,179,349,382,170
1308832813,731555197,100,399,2,496,299,494
864552991,70344272,125,374,73,426,249,353
975915134,274822547,166,335,136,366,169,230
1137000215,2336119741,30,463,64,472,433,408
1123812266,2062697205,155,343,100,399,188,299
1316163956,4200875767,56,429,60,431,373,371
1199597522,3229353050,83,415,0,499,332,499
1198212234,934795497,152,346,100,399,194,299
1304037293,4160811149,70,438,120,381,368,261
1126530126,2104718304,120,377,0,499,257,499
1133735617,647389516,150,349,100,399,199,299
881098449,125774601,0,499,62,436,499,374
1255299283,3866906027,11,480,145,345,469,200
862632841,102706177,56,228,169,331,172,162
1116513136,1960554234,62,436,0,499,374,499
1133293008,254419969,0,499,238,271,499,33
1282859247,48820224,57,442,0,499,385,499
1268742739,3936362970,97,397,93,383,300,290
935392346,194651151,70,431,38,499,361,461
1211983032,3414348111,177,325,183,316,148,133
933251353,190102330,88,413,3,494,325,491
1287100646,4077524922,0,499,62,436,499,374
1273009932,3992399791,118,436,110,411,318,301
1192192225,3123116478,71,431,252,486,360,234
1096607523,1657064677,32,461,90,395,429,305
1213647381,3451438778,137,362,100,399,225,299
1193022191,3131038915,189,310,184,290,121,106
1252844472,3852791040,183,321,146,480,138,334
1276321551,4012663135,39,435,115,368,396,253
1291975533,4105521105,28,471,69,443,443,374
1308882229,4177866515,0,499,0,499,499,499
1301044791,4150444609,0,499,0,499,499,499
1275248928,4005355958,74,452,10,384,378,374
968771179,254955500,10,489,10,489,479,479
911358622,155596308,0,499,62,436,499,374
1234812675,3690967267,0,499,0,499,499,499
922760121,172307863,88,411,10,489,323,479
1128775403,2155241157,90,408,0,499,318,499
1282837416,4057527169,24,464,116,441,440,325
1213761793,3453153717,39,431,123,343,392,220
1315624069,4206624253,10,422,54,484,412,430
1211983967,3414349043,228,305,40,478,77,438
990745653,297901627,34,462,39,439,428,400
1079895537,1437688011,0,499,13,485,499,472
918761208,164096828,55,443,0,499,388,499
1152403733,2605650116,176,323,10,498,147,488
1165745532,2806787727,24,479,15,498,455,483
1275377291,4004154458,90,444,92,433,354,341
1264902357,3928054306,5,493,171,381,488,210
1270418464,3971709573,0,499,0,499,499,499
1267341763,3942399173,8,499,110,413,491,303
1299537676,4141684994,56,460,102,376,404,274
979743874,282567761,88,412,9,499,324,490
1314017114,4201307301,55,488,130,416,433,286
1299069032,4141631446,122,402,33,478,280,445
1044798965,863052739,73,426,0,499,353,499
1008141627,436067710,170,328,129,370,158,241
1126873338,2109506410,75,423,0,499,348,499
1087851120,1530512706,218,306,88,421,88,333
1215904870,3475638119,102,391,73,475,289,402
1294219106,4122562142,47,437,136,355,390,219
1055491544,1061024028,143,357,5,495,214,490
949383355,212340857,90,409,130,369,319,239
1096607590,1657064136,23,474,194,311,451,117
1007086622,425136227,79,421,8,475,342,467
1290398330,4093214879,49,448,152,421,399,269
1309094169,4179604745,63,464,89,390,401,301
1230830776,3642338126,110,388,52,446,278,394
1310762553,4182106903,0,499,0,499,499,499
957829908,225637834,125,374,62,436,249,374
1226948710,1892586636,23,477,5,495,454,490
1161846263,2743963545,0,499,0,499,499,499
1231763581,3650621420,62,436,0,499,374,499
1318377525,963074207,55,435,86,425,380,339
1261413174,3898723381,0,485,102,425,485,323
1268270813,3947829028,106,393,155,365,287,210
1262558661,3908949364,0,499,0,499,499,499
1273623849,3992769679,29,482,30,470,453,440
1278120279,4029710696,97,439,75,463,342,388
1209405847,3376821568,24,476,1,496,452,495
1212567780,3424095651,62,436,0,499,374,499
1190865612,3098367922,13,484,108,401,471,293
911009695,155007474,9,491,125,380,482,255
1261424257,3898727693,0,499,15,499,499,484
1193908987,3150129996,73,427,0,499,354,499
1227807465,3612904200,114,385,0,499,271,499
1268740883,3936362803,125,375,139,381,250,242
1316377755,4209239105,19,463,16,483,444,467
1237585377,3721546555,44,280,114,415,236,301
1249535614,3819982830,181,317,132,352,136,220
1244540941,3785187794,0,499,62,436,499,374
1280069217,4042479432,27,476,51,445,449,394
1232966649,3672434354,36,459,149,240,423,91
1295128644,4125420303,0,499,49,450,499,401
1275305020,4003958199,21,457,61,465,436,404
1269457832,3957825778,0,499,0,499,499,499
1275411801,4004190885,18,461,60,468,443,408
946230992,207691173,0,499,62,436,499,374
1135350047,189227795,108,399,105,394,291,289
1124977190,1705605184,42,457,187,436,415,249
1252211930,3848025188,12,487,134,321,475,187
1088705094,1542433096,31,456,42,456,425,414
1269220639,3957410719,219,279,196,294,60,98
1233291150,209464226,55,442,0,498,387,498
1169587044,2877060352,58,460,83,408,402,325
1204505482,2290338847,86,412,0,499,326,499
1252286187,3846781990,73,421,177,372,348,195
1298972964,4139513355,17,483,128,373,466,245
286176488,16657904,62,436,0,499,374,499
1117990907,1978505493,163,329,81,443,166,362
1043841009,853456115,136,363,26,469,227,443
919080491,164513742,90,409,130,369,319,239
1261174333,3898707908,122,378,127,371,256,244
1262369292,3906641640,0,499,0,499,499,499
1324050372,4236041327,70,499,55,499,429,444
993209878,300983643,77,421,0,499,344,499
1301217288,4150966954,0,499,0,499,499,499
1305144374,4164672046,106,388,51,463,282,412
1030341969,544371898,7,489,111,387,482,276
1317973505,4215702100,20,478,146,486,458,340
1292450786,4108917995,6,494,103,393,488,290
987641676,294481577,68,429,0,498,361,498
1015556898,485620069,69,434,72,402,365,330
947358221,209339122,122,357,34,476,235,442
1266169879,3935902433,170,355,204,467,185,263
1316146055,4200873944,37,446,133,355,409,222
1244541403,3785188027,0,499,62,436,499,374
1284149061,4063228619,62,440,14,482,378,468
1128419179,2145012354,169,324,106,392,155,286
1320964358,4221638809,52,468,205,297,416,92
1253519633,3857173151,234,293,85,483,59,398
1167243210,2832098209,153,346,100,399,193,299
1308896773,278526185,100,399,21,477,299,456
1253383835,3856211523,19,492,69,442,473,373
1304014989,4160807054,0,499,0,499,499,499
1101025867,1747934060,0,499,62,436,499,374
865928483,79937415,88,415,9,499,327,490
1196549711,86235756,181,317,150,349,136,199
1313124003,4197490207,0,499,1,499,499,498
924348626,175482074,117,381,65,434,264,369
547927306,50893671,0,499,62,436,499,374
1147451114,2531905538,0,476,134,484,476,350
1275627529,4006502142,0,499,0,499,499,499
1140829859,2376339708,105,403,143,416,298,273
1173389238,2927731026,50,449,50,449,399,399
1243660176,3775276361,0,499,148,436,499,288
1171730816,2912258425,7,494,203,288,487,85
1147382740,2531662404,160,339,100,389,179,289
987524852,294303818,138,356,54,474,218,420
1251449363,3842849502,29,485,169,465,456,296
874730688,88482872,71,427,0,499,356,499
1027177671,569821257,118,381,50,449,263,399
1190258121,1927556830,42,464,162,323,422,161
1323613861,4231863423,14,485,16,484,471,468
1096609004,1657064428,43,467,174,327,424,153
1313657920,4197544123,109,382,48,465,273,417
1195848999,2822146273,69,439,153,360,370,207
1028262052,581207907,73,423,0,499,350,499
1310425866,4183916269,24,487,144,396,463,252
1265237043,3929959689,12,489,153,343,477,190
1248856142,3817905074,42,483,106,385,441,279
1259096396,3887604551,71,419,63,441,348,378
1301767263,4148782046,62,436,0,499,374,499
1209717298,3382587127,39,472,100,433,433,333
1116530708,1961768001,43,456,17,499,413,482
346853430,1483193,75,424,10,489,349,479
1056756827,219501976,72,426,0,499,354,499
1027003518,569673591,103,396,50,449,293,399
1042317124,839356558,0,499,83,415,499,332
1265611515,3931892657,12,499,14,492,487,478
1250262487,3831237481,32,470,33,436,438,403
1099557161,1702718407,55,465,187,367,410,180
1266642151,441629336,100,399,26,473,299,447
1276001989,4010221942,62,429,49,460,367,411
1244326232,3782771552,0,499,126,436,499,310
1290306922,4092905844,41,456,112,383,415,271
1219263415,3525741203,73,426,0,499,353,499
910574662,154704330,0,499,63,436,499,373
1276163958,4011564183,53,487,52,482,434,430
1123670964,445840357,143,356,105,399,213,294
1310209389,1192563420,88,418,6,489,330,483
1301844069,4151009573,0,499,0,499,499,499
988501905,295296899,0,499,80,418,499,338
1308745165,4177840941,0,499,21,499,499,478
1223280126,3580109891,86,412,88,405,326,317
1252628133,3850328870,0,499,62,436,499,374
877676758,121929405,97,404,27,475,307,448
1273162981,3992524420,74,425,88,415,351,327
1259190722,3887610843,30,448,64,464,418,400
1146395153,2044168673,87,411,0,499,324,499
1287687767,4078708806,59,439,0,499,380,499
1173381094,2918339421,66,433,0,499,367,499
1126841988,2108353532,100,399,100,399,299,299
1268904655,3947920698,68,431,13,486,363,473
1244324411,3782733259,14,489,0,487,475,487
1036504188,704125568,160,379,160,339,219,179
939720347,88892821,36,463,0,499,427,499
1259090828,3887604055,0,499,0,499,499,499
848342706,78215470,62,436,0,499,374,499
1139333720,2387847359,100,400,20,475,300,455
1254289254,3861081065,53,457,141,383,404,242
1282585721,4057555650,135,401,58,443,266,385
1066784054,1164172500,34,437,75,362,403,287
1249586764,3820236359,132,364,111,392,232,281
1263443437,3918158451,0,499,109,389,499,280
1157594944,2676708467,138,350,144,343,212,199
1074388343,1332320295,209,332,182,322,123,140
1182185578,3005788877,56,446,225,275,390,50
1025671488,554016125,60,437,11,487,377,476
1314526360,4202304211,0,499,0,417,499,417
958199014,227121389,0,499,65,433,499,368
1316189391,4200876861,15,457,19,470,442,451
1283710816,4061600182,0,498,13,499,498,486
1153452051,2628267807,223,279,131,369,56,238
962668089,241784266,167,331,140,359,164,219
1284062404,4063399198,31,473,41,456,442,415
1296864484,4132412458,100,399,100,398,299,298
1007728043,435129829,100,399,43,455,299,412
1257273093,3879904396,33,461,107,308,428,201
1251477852,3842784091,140,354,48,442,214,394
1256970305,3876189211,0,499,0,499,499,499
1115050656,1938778307,112,386,151,347,274,196
1150215646,2570313612,62,436,0,499,374,499
909281116,153775754,111,399,112,387,288,275
1114901046,1937318355,143,356,100,399,213,299
1304037515,4160811178,75,422,93,421,347,328
1039995200,805870815,84,415,0,499,331,499
1280184110,4043977912,38,459,6,493,421,487
1070079875,1262285867,177,335,106,406,158,300
1324215250,4236298355,60,419,31,462,359,431
1104860370,179365222,62,436,0,499,374,499
1309288589,4180055619,111,398,38,466,287,428
1318728137,4215360157,32,480,19,461,448,442
1275804564,4005980526,42,457,133,366,415,233
1219682047,3525432668,0,499,62,436,499,374
1081476977,1458133000,123,390,136,369,267,233
1271051485,3975071031,34,453,11,484,419,473
1234813417,3687155176,109,389,0,499,280,499
1100079364,1711729016,180,319,153,346,139,193
1174591474,2940640101,162,339,142,362,177,220
1250262997,3831237600,38,488,190,471,450,281
1298332038,4137212673,0,499,62,436,499,374
1181703466,2655328034,10,360,114,391,350,277
1158120737,2695197362,67,430,12,488,363,476
1262339231,3906639020,54,456,0,499,402,499
1047280438,896747039,0,499,62,436,499,374
1123579163,2058032497,165,321,177,319,156,142
1156652677,2675086340,196,300,168,294,104,126
1243234420,3765557154,62,436,0,499,374,499
1207628365,3343382511,28,459,114,435,431,321
1275701849,4006536015,53,404,95,488,351,393
1310074577,4182216988,0,499,90,459,499,369
1133326767,2053846249,137,361,100,399,224,299
1252627353,3850328382,0,499,169,436,499,267
979491389,282022532,47,425,52,477,378,425
1293324031,4104740739,44,468,86,403,424,317
1057636380,1078901605,0,499,153,346,499,193
1020391189,523401071,184,311,64,235,127,171
1259612422,3889150168,56,443,197,303,387,106
1323220210,4231849720,34,444,69,463,410,394
995692875,304041176,112,386,72,427,274,355
1291150085,4100318142,113,375,8,493,262,485
1278187211,4030242929,0,499,82,417,499,335
1228099546,3613840516,62,436,0,499,374,499
1061079479,1100198012,62,436,0,499,374,499
1324097700,4236042108,43,455,17,483,412,466
1163862014,2773927876,70,429,145,354,359,209
1094971641,1409599160,142,357,100,399,215,299
1323992380,4235886271,91,346,103,358,255,255
956742276,223028518,0,499,68,431,499,363
1216924826,85749492,187,311,158,342,124,184
906578186,151130019,216,283,201,297,67,96
1266313460,3937637204,0,499,36,463,499,427
1206165909,3320653043,20,454,145,465,434,320
1070549368,1145837497,77,421,6,492,344,486
1146012743,2504426610,90,418,12,490,328,478
1008178353,436107166,160,339,137,361,179,224
1316206500,4200877639,43,455,73,405,412,332
1173216377,2924163769,31,482,33,477,451,444
1248575479,3813421378,100,399,0,499,299,499
1273951363,3995259076,57,456,82,441,399,359
1141040635,2423993594,139,334,113,325,195,212
1324681656,4238135918,171,338,133,461,167,328
1033658946,657687993,67,427,141,370,360,229
1232928139,3668435387,0,499,0,499,499,499
1288351155,4081253594,39,475,141,381,436,240
849770631,81245533,120,364,139,390,244,251
1192183784,3123019026,68,432,22,488,364,466
1065540915,1096801599,75,425,212,293,350,81
1039438789,796345271,0,499,0,499,499,499
1294075355,3605082821,100,399,39,459,299,420
1268711557,495451708,100,399,21,477,299,456
1276221610,4012178514,0,499,0,499,499,499
934024286,191757709,72,426,0,499,354,499
1245656673,3793679841,146,351,58,434,205,376
1153206502,2621721378,236,264,4,346,28,342
1318340490,4216167724,62,436,0,499,374,499
1276286657,4012659923,8,488,11,488,480,477
1316983431,4206626249,62,436,0,499,374,499
1313240197,4197497883,155,361,110,377,206,267
1051761862,981229748,37,465,87,467,428,380
1198622669,3218519387,182,315,136,367,133,231
1271558919,3976954174,40,465,87,444,425,357
1215253331,3467512736,62,436,0,499,374,499
1266823519,2533497196,111,387,0,499,276,499
1156652865,2675086434,112,392,179,357,280,178
1279228846,4037102029,28,471,54,464,443,410
1319127743,4214004975,44,447,52,435,403,383
1273875360,3995550574,91,397,26,464,306,438
857238309,91067160,0,499,62,436,499,374
1157584886,2677713011,0,499,62,436,499,374
972193324,264546080,110,393,153,346,283,193
1223286468,3579885990,11,487,0,499,476,499
894079407,82112566,165,334,186,312,169,126
1250960785,3836821119,106,396,174,325,290,151
874704226,120462567,62,436,0,499,374,499
1260387534,3893245785,46,465,29,475,419,446
1149952838,2558764648,62,436,0,499,374,499
1023349998,536317213,95,403,50,449,308,399
1155231886,2641711789,74,424,0,499,350,499
1249535577,3819982816,141,359,142,365,218,223
1151514383,2104653384,0,499,0,498,499,498
872565039,117820142,71,427,0,498,356,498
1271706748,3979824699,94,406,22,470,312,448
1275711708,4008103540,81,414,28,462,333,434
1301136230,4150829501,209,331,29,485,122,456
1192169032,3122801523,68,432,22,488,364,466
1024511299,544127458,80,405,0,495,325,495
1172791606,2920940591,1,497,0,499,496,499
1321660057,4223010820,234,273,0,499,39,499
1100695549,1738281424,125,374,132,374,249,242
1202232152,3252443134,0,499,109,389,499,280
877630091,122984129,100,399,137,361,299,224
1282023611,4050758340,23,463,23,304,440,281
1307822815,4172827346,119,389,187,356,270,169
1193149800,3137886969,15,483,122,342,468,220
856125608,89146919,62,436,0,499,374,499
1290613345,4093180521,62,436,0,499,374,499
1303830072,4159426922,106,388,51,463,282,412
1281723198,4052932545,0,499,0,499,499,499
1231345007,3648044174,0,499,109,389,499,280
1253519659,3857173164,28,461,187,357,433,170
1283974074,4061638382,50,444,106,426,394,320
845574787,48763269,0,499,63,436,499,373
1261374969,3898716543,0,499,0,499,499,499
1316126306,4200871943,0,499,0,499,499,499
1282036895,4053884882,98,420,103,412,322,309
1178464442,2287950747,45,494,0,394,449,394
921249497,168344629,190,293,137,378,103,241
1097283224,1669352305,113,385,50,449,272,399
1027363414,570686334,116,383,50,449,267,399
960581967,236415498,44,455,0,499,411,499
1250212290,3830986245,30,434,312,402,404,90
1242145456,3763007707,100,399,52,446,299,394
1192482558,3128693681,222,322,157,331,100,174
1192049553,3120597285,68,432,22,488,364,466
1190251521,2793834100,58,437,161,343,379,182
1158121499,2695198707,324,407,105,184,83,79
977825575,278536267,87,412,0,499,325,499
1289815776,4089927990,0,499,0,499,499,499
1100071142,1711729224,70,429,145,354,359,209
1283324032,4061152645,116,370,110,453,254,343
1101564035,1775917399,146,395,183,335,249,152
1204253019,3287293386,46,457,25,485,411,460
1324064870,4236041645,0,499,0,499,499,499
1170587297,2889625013,0,499,62,436,499,374
998316908,87555116,190,309,161,337,119,176
854179232,58776435,196,303,175,324,107,149
1282713619,4057511666,0,499,0,499,499,499
1290393567,4093214288,27,473,102,410,446,308
983730950,287619901,170,320,118,395,150,277
903980149,148595777,144,340,115,359,196,244
1287369575,4076593774,20,459,60,466,439,406
1158121384,2695198566,2,492,71,421,490,350
879363583,124756175,0,499,62,436,499,374
1321865316,4223047898,123,343,153,402,220,249
844791607,73252345,142,357,123,376,215,253
1211444816,3399882270,105,394,30,268,289,238
1139250172,1859587867,137,361,100,399,224,299
1174591514,2940640115,174,311,143,360,137,217
1025104505,548997205,69,430,0,499,361,499
1057308928,1077635716,129,365,190,325,236,135
1223585915,3582305351,26,475,117,395,449,278
1308779278,4177860117,0,499,0,499,499,499
875366622,121363201,49,445,15,499,396,484
1320005599,4215328115,72,418,100,463,346,363
1306808208,4167087715,106,388,51,463,282,412
1284159203,4063229970,9,491,79,431,482,352
1283980936,4061639355,72,427,100,409,355,309
1296456161,4121080075,83,415,0,499,332,499
953088061,216795581,191,334,0,499,143,499
1091785777,1568791319,0,499,62,436,499,374
1027288012,570634840,106,392,50,449,286,399
1236508635,3708918320,23,499,80,390,476,310
1225886733,532978829,176,328,184,336,152,152
1292338514,4108692420,156,347,21,372,191,351
1218282382,3508376645,50,351,54,431,301,377
1308878567,4177866436,0,499,0,471,499,471
1154645171,1182276665,25,475,69,427,450,358
1067652927,276983148,62,436,0,499,374,499
1250963678,3836819647,142,383,159,364,241,205
1076914699,67385342,92,407,0,499,315,499
1254929696,3867137446,36,456,57,443,420,386
351203039,48548561,62,436,0,499,374,499
922394017,171408016,0,499,10,489,499,479
1257228796,3879889663,0,499,0,499,499,499
1143162323,2455719653,0,499,62,436,499,374
1267983520,3944993015,35,486,164,380,451,216
926915874,179378062,102,401,112,396,299,284
1259198519,3887612097,46,455,48,458,409,410
1276320309,4012662957,50,439,75,448,389,373
1128465135,2148130772,36,466,72,490,430,418
981048007,284152088,129,374,84,417,245,333
1226394427,3598214051,0,499,0,499,499,499
1192055501,3120609185,71,431,246,486,360,240
1283434123,4061578121,0,499,0,499,499,499
908195332,152665150,82,417,65,434,335,369
1007790635,435142687,116,382,51,449,266,398
1264895549,3928053463,11,488,154,339,477,185
948065690,210693922,0,499,78,420,499,342
1181662233,3003919879,10,494,93,404,484,311
987623191,294478920,95,398,48,474,303,426
1253471631,3856810185,0,499,0,499,499,499
1050936619,971859361,139,337,11,484,198,473
1061831570,972848007,0,499,0,499,499,499
1283746455,4058938975,42,382,80,499,340,419
1319846622,4215071132,28,474,154,356,446,202
1207638479,3342765418,0,499,62,436,499,374
1300469465,4146736304,0,499,0,499,499,499
1240720588,3748202608,49,463,61,466,414,405
1104322531,1830609024,133,368,213,322,235,109
1088579293,1537604776,62,436,0,499,374,499
1223577060,3582299879,8,493,123,364,485,241
1153323113,2612222887,109,389,0,499,280,499
1198179721,2223310718,158,341,100,399,183,299
1120975498,2028347057,157,364,98,366,207,268
1179638469,2992843817,33,469,57,454,436,397
217837930,5669337,164,334,123,376,170,253
1269188245,3956969235,36,459,187,320,423,133
1097564838,1673100346,80,414,123,311,334,188
1325214231,4240473537,38,439,126,372,401,246
1273136462,3992520793,58,454,84,464,396,380
1236847980,2737292453,0,499,66,433,499,367
1153389738,2622454456,62,436,0,499,374,499
1229906443,3629872233,162,344,116,386,182,270
977706317,278336404,72,426,0,499,354,499
1045994943,870147348,57,441,0,488,384,488
1165750382,2803503466,98,399,160,385,301,225
1007969193,434975758,62,436,0,499,374,499
1324006930,4235887457,0,499,0,499,499,499
1309670617,4179728672,3,496,8,499,493,491
1304084045,4160934423,106,388,51,463,282,412
1254975210,3867141737,0,499,0,499,499,499
1283117751,4060323935,0,499,0,499,499,499
1191424164,3107233824,173,328,256,491,155,235
1305115792,4164668428,106,388,51,463,282,412
1258685723,3885556382,0,499,0,499,499,499
1283655520,4062585848,87,433,102,467,346,365
1276345424,4012861756,91,448,73,360,357,287
1229916090,3630001648,28,442,32,460,414,428
1168291430,2855968158,76,423,0,499,347,499
835020196,68490960,0,499,62,436,499,374
1174589874,2940639544,15,484,61,481,469,420
1273236202,3992539546,0,453,84,499,453,415
1309139633,4179726403,88,418,120,363,330,243
1226888670,3604820660,103,374,295,461,271,166
1170481519,2897228499,16,483,16,483,467,467
1026865703,569664767,102,396,50,449,294,399
1187463245,3046656290,36,462,0,499,426,499
1315651136,4204374057,109,388,0,499,279,499
1270323670,3971188325,49,450,51,448,401,397
1104111177,1825260277,0,499,62,436,499,374
1323315051,4231696519,89,434,80,417,345,337
987348959,294184631,170,328,81,416,158,335
1267300868,3942396520,0,499,0,499,499,499
1174586892,2940638801,234,268,0,499,34,499
1294388351,4123083388,58,447,40,499,389,459
1264888615,3928048635,11,490,29,477,479,448
1071718075,1297155807,125,372,53,455,247,402
898229608,121027499,293,336,209,305,43,96
1230789986,3641713909,0,499,0,499,499,499
1161170143,2733627588,135,364,228,286,229,58
933252754,190107025,74,424,0,499,350,499
1236142909,3705636081,38,273,80,152,235,72
906188400,150634751,156,342,115,383,186,268
1304090233,4160935540,106,388,51,463,282,412
1065905614,1156126701,1,499,19,486,498,467
862580797,102709830,88,403,134,368,315,234
1058082636,1084116163,109,389,0,499,280,499
1231530306,1945740194,100,393,26,463,293,437
1178129890,2981089132,0,499,226,263,499,37
1125562273,2093208090,219,273,255,457,54,202
1162144098,2748527776,0,499,62,436,499,374
1317284274,4211718486,0,499,0,499,499,499
1261389544,3898719237,0,499,241,259,499,18
1110490423,1902781008,83,415,0,499,332,499
1250705825,3835109370,82,416,0,499,334,499
1100083493,1711730684,70,429,145,354,359,209
1283501210,4061479213,117,375,68,410,258,342
987911383,294815618,8,107,230,270,99,40
1227324791,278689082,146,352,100,399,206,299
1310879529,4185406883,13,485,0,499,472,499
1199393351,3229197853,88,401,147,333,313,186
1152434079,2606254536,0,499,0,499,499,499
1307489089,4171080618,128,394,141,411,266,270
1265217846,3929900669,8,492,129,383,484,254
1242828867,3764204898,10,499,37,458,489,421
1301521182,4151263313,0,499,1,496,499,495
1046032257,873694772,0,499,62,436,499,374
970955225,261003344,143,354,106,389,211,283
1098627401,1690634565,21,480,99,333,459,234
1258666438,3885534971,0,499,0,499,499,499
1283535657,4061583815,0,499,0,499,499,499
1278319966,4032786635,14,477,7,488,463,481
1271272355,3977003399,41,457,41,458,416,417
1304659418,4144682755,26,475,144,351,449,207
1271567856,3978105971,15,486,69,347,471,278
1272948087,3992095418,193,307,44,453,114,409
1171883588,2913857061,62,436,0,499,374,499
891724151,138457277,111,399,119,383,288,264
1243385844,3773726763,19,480,20,479,461,459
854223901,85753746,196,303,175,324,107,149
1018399707,510794062,144,354,66,431,210,365
1255757708,3871285743,41,469,72,449,428,377
921948283,170165536,168,311,120,306,143,186
1227162158,3607250622,57,451,78,411,394,333
1283469026,4061476330,32,477,147,426,445,279
1328692899,4250700657,36,439,66,463,403,397
1303631807,4159071389,106,388,51,463,282,412
1299291413,4141675908,39,498,14,499,459,485
1307365877,4171235646,0,499,0,499,499,499
1316292658,4200882804,11,489,144,356,478,212
1301877161,4153221135,0,499,0,499,499,499
990264694,297150749,74,427,13,487,353,474
1236944501,3716248199,180,319,153,342,139,189
1138087831,2359712643,25,474,2,499,449,497
1265223576,3929899613,31,488,86,407,457,321
1255260888,3868411980,156,334,19,479,178,460
1311887703,4189054467,107,462,11,496,355,485
1236436853,3708187904,27,481,75,423,454,348
1247402337,3809516704,7,489,104,370,482,266
1262381194,3907556616,41,452,81,417,411,336
981600926,284756371,74,425,0,499,351,499
959186651,231305784,0,499,259,262,499,3
1066931044,1173353274,29,463,36,461,434,425
1119407389,1998121720,16,482,82,419,466,337
1009290778,440641340,114,384,50,449,270,399
1285408173,4069017981,27,471,130,387,444,257
1275406649,4003976174,41,465,41,455,424,414
1211043072,3384894032,62,436,0,499,374,499
1202322002,3065491909,67,434,126,388,367,262
1287749494,4075835396,6,494,29,488,488,459
1020940427,522642853,34,465,109,393,431,284
1282538544,4057634897,20,493,34,498,473,464
1076913828,143525632,68,430,0,499,362,499
1247815647,3813435234,16,474,117,326,458,209
1306377265,4165127525,83,415,0,499,332,499
1191144167,3102583931,149,359,78,429,210,351
1312139640,4193587782,38,465,73,442,427,369
1165556473,2805179654,0,499,62,436,499,374
1232188720,3657919428,29,479,43,468,450,425
1056986417,1074444618,62,436,0,499,374,499
1248864256,3817906957,30,465,66,441,435,375
1259590290,3889176141,0,499,0,499,499,499
1254317119,3861223333,0,499,110,389,499,279
1317149406,4211519721,60,468,94,427,408,333
1248378951,3814871171,167,324,21,475,157,454
1265615916,3931863962,128,360,15,464,232,449
1211445062,3399884159,115,387,158,341,272,183
1074606220,1336507816,158,341,100,319,183,219
903699721,148125353,57,442,0,499,385,499
911177853,155433978,76,422,0,499,346,499
529577,934484,71,428,0,499,357,499
1260258982,3894928837,47,456,110,381,409,271
1192033241,3120541198,68,432,22,488,364,466
1008065979,435920891,100,399,53,446,299,393
1108079708,1869003687,62,436,0,499,374,499
1317256327,4210987246,45,393,37,488,348,451
1169761514,2882932595,9,499,155,343,490,188
77800630,2603085,57,441,9,405,384,396
1008728486,439162457,73,425,0,499,352,499
1248218921,3814580771,22,479,114,435,457,321
1278634084,4036328086,12,485,14,471,473,457
1300464522,4146735949,0,499,0,499,499,499
1121422104,2035497443,80,418,77,406,338,329
1190248408,1876685514,29,474,117,365,445,248
1256202002,3873818391,40,460,128,283,420,155
1187608022,3052457408,24,495,4,494,471,490
1239632029,3621547619,185,314,150,349,129,199
912677021,156738369,88,410,10,489,322,479
1292904481,4113737225,17,480,127,456,463,329
1027049797,569914352,107,392,50,449,285,399
1212002322,3414969758,150,349,100,399,199,299
1044161212,857184945,63,435,0,499,372,499
1285008837,4066253176,0,499,0,498,499,498
1221201069,3560908988,127,351,154,331,224,177
1122395182,278404130,153,345,100,399,192,299
1256956583,3875044207,71,383,160,324,312,164
1100406247,1721238359,0,499,109,389,499,280
1089461056,1553197132,1,429,161,344,428,183
1284174071,4063434256,73,430,108,454,357,346
1190254252,2832752562,79,414,80,413,335,333
1058105003,1086313255,139,345,216,287,206,71
1276308896,4012661948,0,499,0,499,499,499
885054365,65877411,62,436,0,499,374,499
1007477729,434922913,2,496,0,499,494,499
1271812801,3981625230,118,386,34,428,268,394
1162156368,2748666547,79,419,1,499,340,498
1192013406,3120284893,171,341,17,457,170,440
1268251262,3947543903,62,436,0,499,374,499
1208976135,3366179747,1,498,33,469,497,436
1198902314,278529873,156,343,100,399,187,299
1277528475,4019812316,141,396,147,335,255,188
1038684661,632314417,109,390,50,449,281,399
1260400409,3893581049,151,352,188,307,201,119
1225887499,532978867,154,366,155,366,212,211
957247309,202256802,68,423,2,499,355,497
1295959575,4128274476,63,428,110,394,365,284
1231126504,3645477065,47,454,4,490,407,486
1257234734,3879891271,37,456,131,360,419,229
1115667576,1948918859,13,342,76,420,329,344
1253963048,3859438313,24,479,48,472,455,424
1312623953,4195551269,11,488,79,418,477,339
1009754979,439529333,120,379,76,422,259,346
1261420574,3898726294,28,477,69,449,449,380
1259058292,3887601194,0,479,75,492,479,417
1316337037,4209053004,0,499,0,499,499,499
1269835302,3962804062,9,489,8,481,480,473
875196992,121068836,82,416,18,482,334,464
1285918497,4071502481,79,419,0,499,340,499
1306911240,4168962281,0,499,0,499,499,499
1223434982,3580770933,64,463,83,385,399,302
1062840651,1114701576,0,499,62,436,499,374
1248861769,3817906305,57,441,0,498,384,498
998392311,334570772,21,483,28,470,462,442
1177468093,2974271133,89,408,16,489,319,473
1241406413,3756592565,198,300,185,315,102,130
1309698058,4152945156,0,499,0,499,499,499
1239252137,299210601,100,399,32,466,299,434
1278820947,4032126439,109,389,0,499,280,499
1301496163,4151262100,139,328,130,357,189,227
1104618402,1835000247,0,499,62,436,499,374
865510105,107780573,0,499,83,415,499,332
1323552161,4231859205,40,455,53,454,415,401
1276060158,4010225397,20,431,0,499,411,499
1257420406,3881320025,0,499,0,499,499,499
1027117811,569976387,103,395,50,449,292,399
1313565142,4199252985,36,460,153,339,424,186
1232369518,3660534491,0,499,62,436,499,374
1260379520,3893204804,125,399,190,311,274,121
1145668942,2500885502,0,499,62,436,499,374
997842131,150685670,0,499,85,413,499,328
1255147269,3868342103,0,499,0,484,499,484
1001454620,367036977,73,426,0,499,353,499
1123923032,2065487395,82,417,10,489,335,479
1174588031,2940639016,219,284,206,272,65,66
1207977378,3098368283,0,439,84,378,439,294
1298547470,4139986374,5,414,175,337,409,162
915485488,160184574,137,349,168,330,212,162
463334230,50511501,82,417,0,499,335,499
1088113183,1532211511,154,344,100,399,190,299
1236539297,3707712156,58,441,0,499,383,499
857799529,91954028,73,425,0,499,352,499
1187560805,2806785372,149,358,152,326,209,174
1287879441,4079551081,153,368,20,482,215,462
1141817011,2431961646,33,470,87,410,437,323
1102684423,1701260281,157,342,127,399,185,272
1243659940,3775275616,0,499,148,436,499,288
1273366654,3992624523,31,460,57,457,429,400
1283424667,4061577767,1,499,59,440,498,381
862776804,103156698,55,498,61,454,443,393
1262082193,3904025118,3,499,50,430,496,380
1242956357,2867452801,77,402,143,479,325,336
1269770843,3962600114,0,499,62,436,499,374
977750131,278812311,151,346,160,334,195,174
1214342180,3461177059,24,475,139,394,451,255
874730607,52218021,90,422,91,407,332,316
1274699833,307610332,31,468,0,499,437,499
1007788277,435279627,113,385,50,449,272,399
1285832587,4017664714,188,337,76,422,149,346
1280079027,4042479659,13,487,60,433,474,373
1270642930,3972430221,89,487,27,477,398,450
1227167221,3607251803,27,470,128,359,443,231
1275357650,4003963447,70,430,72,431,360,359
1007562610,435041469,67,432,0,499,365,499
1026617819,567679306,36,472,33,484,436,451
1302893515,4156934210,40,458,129,410,418,281
1046453614,875491053,37,388,100,360,351,260
1006527759,422681353,133,366,76,379,233,303
1295759786,4125586390,62,436,0,499,374,499
935044987,193841743,215,289,197,302,74,105
1237527746,1553278655,18,480,5,494,462,489
1267979729,3944992484,44,455,127,390,411,263
1174592472,2940640328,24,477,154,333,453,179
1253464708,3856809939,132,378,46,448,246,402
1287756650,4078705101,62,436,0,499,374,499
845472805,47977134,88,411,0,499,323,499
907546731,92833916,165,334,119,380,169,261
1283608772,106484064,64,435,0,499,371,499
1249535454,3819982758,3,496,20,459,493,439
1128009816,1892606198,0,499,67,443,499,376
1224495901,3521201461,16,464,104,402,448,298
1170351722,2895513340,0,499,62,436,499,374
926075658,177989759,62,436,0,499,374,499
1304092414,4160936258,106,388,51,463,282,412
1255202411,3868367784,43,460,51,465,417,414
984176168,288725187,109,389,0,499,280,499
1300261206,4145469297,1,451,57,415,450,358
1255896942,3872340710,16,470,86,404,454,318
1257218720,3879896621,0,499,0,499,499,499
979852653,282501066,50,449,100,398,399,298
1136954522,2336217522,162,337,115,384,175,269
1301847646,4153220676,19,418,198,293,399,95
1142016228,2444493878,0,499,62,436,499,374
1079789450,1421609776,82,417,0,499,335,499
1284604708,4065768310,30,469,27,470,439,443
1149996208,2567676136,0,499,62,436,499,374
1280074364,4042872610,152,348,194,340,196,146
1270219329,3969948683,0,499,0,499,499,499
1036273414,698343227,29,499,93,436,470,343
977888796,211378312,85,404,103,412,319,309
1269472878,1099448520,100,399,14,484,299,470
857277067,91066017,190,308,166,339,118,173
1312699782,4195560439,42,473,119,377,431,258
868780049,112562170,0,499,62,436,499,374
1254677458,3863847015,0,499,71,427,499,356
1111934312,1917074931,178,322,9,488,144,479
1093372719,1600652057,0,499,63,436,499,373
1136031706,548275078,41,469,96,407,428,311
599407315,54715206,71,427,1,497,356,496
854592072,87490546,55,444,0,499,389,499
1298540668,4139980672,30,466,121,382,436,261
941678590,207258051,112,383,156,348,271,192
1043467373,460167293,137,361,100,399,224,299
1123821347,2062715370,74,458,86,404,384,318
1270606856,3972427459,0,478,0,406,478,406
1317914884,4215693703,7,490,27,464,483,437
1260267100,3893191933,29,471,119,398,442,279
1248400076,3814892301,14,493,121,349,479,228
1026926036,569840523,107,392,50,449,285,399
1317181109,4211527226,0,499,0,499,499,499
1324201832,4236297935,49,448,18,488,399,470
1075714443,1351999039,76,423,0,499,347,499
1267238658,3942382969,0,499,0,499,499,499
1289133843,4085979277,32,473,26,476,441,450
1062552792,1110811391,0,499,62,436,499,374
1269502691,3959371313,0,499,0,499,499,499
1278209256,4030651574,154,368,176,364,214,188
1126973380,119464706,68,431,0,499,363,499
1282542794,4057635534,61,443,45,359,382,314
7783430,1377695,66,433,0,499,367,499
1256509707,3874388744,0,499,0,499,499,499
1236238945,3706379865,100,398,74,449,298,375
977726316,278528415,178,321,153,330,143,177
1307431579,4171079757,0,499,0,498,499,498
1132334606,2224020065,0,499,62,436,499,374
904208004,148926870,0,499,62,436,499,374
1096604829,1657053971,145,352,29,469,207,440
893310875,141191273,223,281,188,304,58,116
1289792084,4089924320,0,499,0,499,499,499
1194095249,3154689696,110,389,50,448,279,398
1155289449,2650845506,0,499,62,436,499,374
1275619124,4007155428,0,499,0,499,499,499
1193178411,3138622070,76,394,65,431,318,366
453769430,50327171,100,399,55,444,299,389
1067505577,278540240,147,352,126,397,205,271
1041182404,824468579,214,459,182,326,245,144
1275653314,4006516989,2,493,23,493,491,470
1306852714,4167092200,0,499,0,499,499,499
1181516206,3003328118,0,499,232,275,499,43
1184948513,3017645762,45,454,0,499,409,499
1005843351,418201990,10,492,116,380,482,264
530046276,53004922,148,350,117,382,202,265
1237824378,3723477012,0,499,62,436,499,374
1217840657,3498045073,73,426,0,499,353,499
1274908757,4002146528,46,452,0,496,406,496
1229878627,3629151657,150,348,100,399,198,299
1308910378,1389681722,100,399,10,489,299,479
1279059706,4037090162,0,499,0,499,499,499
1296558405,4130915793,73,426,0,499,353,499
1192150524,3122651839,68,432,22,488,364,466
1088276112,1535786650,156,343,100,399,187,299
1282749120,4058939091,25,464,139,370,439,231
1145945173,116484168,0,499,83,415,499,332
1251353796,3841133645,0,499,109,389,499,280
1029184353,590497712,8,492,117,391,484,274
1226405842,3591581835,0,499,142,436,499,294
471016030,50591757,112,387,50,449,275,399
1076696432,1366993839,166,332,131,384,166,253
1192459979,3128633559,1,498,46,459,497,413
1282827036,4057526771,0,499,0,499,499,499
1220576539,3549075714,0,499,0,499,499,499
1275412246,4004192568,35,477,36,469,442,433
1254925234,3867130459,115,384,145,353,269,208
1305133580,4164670916,106,388,51,463,282,412
1088676729,1505009055,0,499,12,489,499,477
1262536117,3908875483,76,434,0,479,358,479
1310806090,4184546056,31,457,10,457,426,447
926663287,178798014,0,499,89,410,499,321
1009756368,74538071,182,317,150,349,135,199
1116671168,1963802099,0,499,154,345,499,191
906691952,150940016,125,374,15,483,249,468
1204208612,3287147997,23,467,8,493,444,485
1308315353,4151836791,101,392,115,440,291,325
1281156966,4050261550,0,499,0,499,499,499
1313759240,4200139583,0,426,41,497,426,456
1324214544,4236298334,153,339,66,447,186,381
1039455947,795870384,51,431,0,499,380,499
1304151387,4160953708,106,388,51,463,282,412
1075587990,1350047926,89,409,0,499,320,499
192770830,5851933,0,499,0,499,499,499
1324035132,4235889659,31,437,88,430,406,342
1008139242,436064371,170,328,132,366,158,234
985925889,291639656,0,499,82,417,499,335
1256311257,3873647321,26,499,4,499,473,495
1039155936,790996676,116,383,0,499,267,499
1061541650,567636564,1,482,95,443,481,348
1099342327,1699135469,76,474,49,449,398,400
1286029966,4072235167,62,436,0,499,374,499
1232556314,3665608676,41,473,160,343,432,183
1276067918,4008660742,0,499,117,382,499,265
1204248971,3287289492,0,499,63,435,499,372
1280478263,4045072321,183,285,37,486,102,449
1015556247,485620251,289,316,164,262,27,98
1251479067,3842784427,81,429,89,402,348,313
1324217226,4236298414,158,361,27,478,203,451
1301665301,4151268322,0,499,0,499,499,499
923240942,173531881,216,277,177,326,61,149
1158121267,2695198152,35,451,75,446,416,371
1117992238,1978506628,67,447,204,375,380,171
856592938,90078939,62,436,0,499,374,499
1311995422,4189045330,0,499,60,439,499,379
998392484,334564034,60,441,130,392,381,262
1085976909,1505876529,163,335,126,373,172,247
1256865308,3868419888,71,427,0,499,356,499
1324159123,4236042967,0,499,0,499,499,499
1311415480,4187118706,42,456,10,493,414,483
1066111479,278802053,143,357,100,399,214,299
1273886792,3995598229,57,448,62,450,391,388
1243811414,289962958,100,399,50,448,299,398
1252560208,3849957493,0,499,0,499,499,499
1316975802,4211260579,62,417,0,495,355,495
1220145933,3539046726,84,410,78,421,326,343
1118667020,1987706277,76,423,0,499,347,499
1190246496,2562241002,102,386,149,399,284,250
1188539287,3060265340,17,482,0,499,465,499
904259070,148657014,141,358,115,384,217,269
1192476763,3128686252,56,436,104,428,380,324
1275464876,4006485719,46,378,82,487,332,405
1207301984,2679527000,0,499,109,389,499,280
1295866164,4126967461,92,392,51,451,300,400
1018394323,510784738,56,441,76,422,385,346
1254684149,3863645338,0,493,18,423,493,405
1316999938,4210982560,24,477,120,412,453,292
1232142334,3657394626,90,415,50,447,325,397
1253468564,3856816679,73,426,1,499,353,498
1304922537,4163043115,83,415,0,499,332,499
1010478035,446888195,62,436,0,499,374,499
1315500210,4206147876,33,464,90,409,431,319
1277503754,4019797176,83,420,36,446,337,410
1029241967,590616013,193,261,226,290,68,64
946638314,208617401,62,436,0,499,374,499
1292950197,4114989590,0,499,62,436,499,374
1075633275,278403484,154,346,118,363,192,245
1248835143,3817893472,45,456,0,499,411,499
1277699502,4023016587,0,499,0,499,499,499
874537779,113846790,71,427,0,499,356,499
1275422874,4004208538,45,472,32,456,427,424
964964225,248876269,0,499,62,436,499,374
1239448803,303783200,39,461,137,357,422,220
1099088893,1923133236,0,499,0,499,499,499
1251227625,3838167687,114,376,139,362,262,223
1261192387,3898711197,177,320,67,432,143,365
1314391492,4200677267,0,499,0,499,499,499
1276426753,4013265445,21,468,101,414,447,313
1262432106,3908156653,0,499,0,499,499,499
1243785594,3775997594,139,361,64,447,222,383
1261405489,3898721145,156,414,93,432,258,339
1245076512,3788539390,125,374,125,374,249,249
1186394408,3028261962,26,438,158,355,412,197
1211793733,3410051686,0,499,22,499,499,477
1261410593,3898722474,0,499,0,499,499,499
1266791900,3939953259,0,499,0,499,499,499
1269508570,3959382387,0,499,0,499,499,499
1304095111,4160937247,106,388,51,463,282,412
1165775549,2804150400,171,322,66,472,151,406
1209717110,3382587060,28,474,80,478,446,398
1023908503,538882750,47,443,120,415,396,295
1240716552,3748071661,0,499,0,499,499,499
1116609692,1961411162,72,427,113,403,355,290
1008628763,439024786,73,425,0,499,352,499
1283455355,4061578509,28,459,68,422,431,354
1314497719,4186283392,30,477,112,401,447,289
1012928526,462239183,125,374,62,436,249,374
1293782498,4120513305,0,499,62,436,499,374
948476867,211186170,138,395,106,363,257,257
1208587469,3359197104,110,389,54,445,279,391
1280686611,4046392338,0,499,27,472,499,445
1139624223,2397542262,91,392,124,377,301,253
1250471147,71652594,97,401,0,499,304,499
1306527057,4167074123,106,388,51,463,282,412
1255550722,3868449769,0,499,0,499,499,499
874704060,2919444,125,374,130,374,249,244
1214827176,3463195185,25,478,89,404,453,315
1292399692,4108946111,0,499,0,499,499,499
1124720402,2074982268,64,434,0,499,370,499
1164553154,2787115197,60,431,123,374,371,251
1068160974,1190180229,82,413,19,482,331,463
1176505485,2958505149,18,479,100,421,461,321
1257888968,3883244002,0,499,0,499,499,499
1118182077,1978816189,0,499,62,436,499,374
1305113136,4164668103,106,388,51,463,282,412
1063996569,1122139672,0,499,15,484,499,469
897117880,117408486,71,427,93,406,356,313
1322116952,4229653681,119,388,43,463,269,420
1221462338,3563524604,60,424,87,404,364,317
1243788132,3775270895,0,499,0,499,499,499
1248075452,3813796240,4,498,4,461,494,457
1092090064,1575979322,127,371,50,449,244,399
1152201997,2587987795,67,432,0,499,365,499
1317654048,4213261566,0,499,23,499,499,476
1316202200,4200877550,0,499,0,499,499,499
1002943754,388333613,300,305,187,290,5,103
1073773450,278580200,145,353,100,399,208,299
1275974868,4010133445,43,455,98,406,412,308
916310836,161130813,97,423,13,499,326,486
1308883368,1924241776,100,399,11,487,299,476
1273633864,3992770575,34,453,57,449,419,392
1282965523,4057770750,46,455,70,432,409,362
979016141,281098411,170,329,118,396,159,278
1262443587,1399414846,92,407,0,499,315,499
1002980162,388574343,173,307,157,339,134,182
1319412457,4214354254,35,481,136,452,446,316
1275368901,4003964588,16,458,59,473,442,414
462048030,50496125,101,397,50,449,296,399
1103441608,1815813459,130,372,35,459,242,424
1157331703,163162274,62,436,0,499,374,499
1169581636,2877031353,0,499,62,436,499,374
1242108232,3762504185,15,409,8,492,394,484
932694720,188992242,0,499,62,436,499,374
1191557420,3109819937,0,499,62,436,499,374
1007620308,435148152,150,349,109,390,199,281
891726570,138460724,120,379,100,399,259,299
1028727903,570965836,79,419,0,499,340,499
1047746007,931524275,166,336,196,386,170,190
845171597,72948067,80,418,0,486,338,486
1261193660,3898711314,42,452,154,389,410,235
1227314984,3608437465,154,344,112,399,190,287
1267873019,3944532736,0,499,0,499,499,499
1225886921,1977068605,135,365,142,361,230,219
1010281642,445644313,57,442,117,409,385,292
987404305,294288782,50,449,113,386,399,273
1289967317,4090712982,70,431,10,487,361,477
1304028936,4160809213,29,457,123,387,428,264
1316267819,4200881484,15,490,57,447,475,390
859777890,95597888,62,436,0,499,374,499
1282755979,4058940308,156,446,223,370,290,147
1303701760,4159374080,106,388,51,463,282,412
1061895304,1108415048,152,306,155,357,154,202
1309675281,4179728981,55,417,148,383,362,235
1307799795,4172825977,40,445,78,398,405,320
1279554223,4040046744,101,403,109,439,302,330
921249987,168344641,62,437,103,431,375,328
1271559155,3976954219,67,461,70,461,394,391
1318783473,4217852490,64,434,67,432,370,365
1292800994,4108904948,17,385,193,334,368,141
987577951,294420911,116,466,105,402,350,297
1303687130,4159316065,106,388,51,463,282,412
1133483269,2251076916,109,389,0,499,280,499
920361555,166192476,39,477,124,390,438,266
1304029599,4160809296,87,438,109,378,351,269
1022951331,531638679,105,394,50,449,289,399
1027127515,569941124,124,375,50,449,251,399
1009327086,440691310,100,399,53,446,299,393
1316239284,4200879979,33,486,30,479,453,449
1286717176,4071960448,57,463,104,410,406,306
1008819983,439190415,73,425,0,499,352,499
1283966735,4061637506,45,479,11,466,434,455
1288386906,4081500086,38,450,195,323,412,128
1178079589,2980664985,96,387,13,461,291,448
1304133402,4160952367,106,388,51,463,282,412
1275608682,4006500561,34,467,31,471,433,440
1324021105,4235888309,0,499,0,499,499,499
1215385182,3470078891,3,495,23,474,492,451
1227597263,3610187186,118,393,57,449,275,392
1172791636,2920940601,117,401,102,355,284,253
1029511580,591830011,6,476,78,427,470,349
1311057593,4182118107,5,491,5,494,486,489
1174591698,2940640143,10,496,62,459,486,397
1243389378,3773728846,19,480,20,479,461,459
1008941836,439658549,73,425,0,499,352,499
1275317503,4003959253,30,448,64,464,418,400
1304034904,4160809971,51,427,65,439,376,374
1041114871,823773421,0,499,0,499,499,499
1011671718,453900896,92,407,0,499,315,499
882675635,127403394,14,485,91,427,471,336
1310315544,4182129122,86,417,68,433,331,365
1102526163,1798839558,62,436,0,499,374,499
1261180115,3898708765,116,384,79,404,268,325
1295933414,4127722489,31,481,32,470,450,438
1133085838,2195092735,11,486,58,420,475,362
1247849097,3813570931,0,499,62,436,499,374
1275102838,4003846445,0,499,0,499,499,499
861752637,100363836,69,430,0,499,361,499
1262736906,3910404637,86,412,0,499,326,499
1145847479,2505797934,73,426,0,499,353,499
941693581,207287166,140,359,140,359,219,219
1192028810,3120529682,68,432,22,488,364,466
1008994257,439653779,73,425,0,499,352,499
1163936697,2776866289,0,499,34,465,499,431
1240164635,3743864686,0,499,67,432,499,365
1245997678,3796530864,0,499,0,499,499,499
1188953572,3075343301,126,388,111,379,262,268
984272174,219772307,20,480,34,469,460,435
1213715478,3452327276,150,349,117,381,199,264
1196328153,3185583968,77,428,76,428,351,352
1301430147,4151736212,68,430,0,499,362,499
940532380,147743604,119,353,147,353,234,206
964713662,247685676,103,427,104,398,324,294
884112356,53774592,86,427,87,412,341,325
851208178,82743335,21,482,226,273,461,47
1215539661,3470612530,58,453,91,410,395,319
1217482128,3494114533,136,363,154,297,227,143
1114819467,1936967106,0,499,62,436,499,374
1046639833,876750616,142,406,0,499,264,499
1156040408,2664046257,64,435,74,445,371,371
1271450483,3976921166,67,466,23,499,399,476
1328497449,4250687158,54,474,104,409,420,305
1127721637,2125972770,0,499,62,436,499,374
1241398380,3756587909,208,292,185,315,84,130
1250268454,3831364272,0,499,62,436,499,374
1261172738,3898707456,15,495,134,366,480,232
1148358868,2541671545,68,429,194,440,361,246
1112118417,1920559178,110,389,50,448,279,398
1263636006,3919347268,73,426,51,499,353,448
1281153874,4050260814,0,499,0,499,499,499
876560442,64610952,187,305,150,335,118,185
1139159420,2381183471,49,449,98,390,400,292
936792263,196494402,62,436,0,499,374,499
1248500043,3815330508,49,443,157,394,394,237
848130674,53750089,68,431,0,499,363,499
1311314593,4186970236,14,488,61,419,474,358
1267312861,3942396563,12,486,173,368,474,195
1284208490,4058896587,0,499,0,499,499,499
966957516,252963443,0,499,97,401,499,304
1305526086,4165984502,56,424,99,399,368,300
1259701284,3889209662,17,484,24,448,467,424
1241425764,3756673446,205,291,187,310,86,123
1304634354,4162153464,0,499,109,389,499,280
1324088590,4236041997,0,499,26,499,499,473
1213527429,440226604,180,319,150,349,139,199
1268118015,3945748840,19,482,22,479,463,457
1307323257,4171075557,31,478,51,499,447,448
1279237687,4037104183,30,452,118,356,422,238
1265204549,3929889971,7,492,158,355,485,197
1255326216,3869439747,171,324,2,497,153,495
1116844093,1965613801,54,418,36,470,364,434
1078831654,1405986285,76,422,0,499,346,499
965046094,248512266,69,429,0,499,360,499
1181920847,3004893655,71,428,0,499,357,499
1257425033,3881320310,0,499,0,499,499,499
1324111138,4236042244,0,499,0,496,499,496
1244672284,3784917679,15,485,8,488,470,480
1235502687,3694385486,32,473,60,460,441,400
1265214074,3929900493,20,481,98,434,461,336
1109422803,1888623712,80,419,79,408,339,329
1168888011,2866761972,24,470,54,449,446,395
1265224618,3929899914,29,444,111,413,415,302
1146404703,2341653595,22,480,66,424,458,358
1027038611,569680389,100,399,56,443,299,387
1269455595,3958959521,132,370,6,491,238,485
1281949950,4053768073,62,436,0,499,374,499
1269560352,3959926248,0,499,0,499,499,499
864703648,95912818,0,499,62,436,499,374
1238976336,434560459,158,337,76,403,179,327
1297298711,4130408511,83,415,0,499,332,499
1023264514,534595296,0,499,63,436,499,373
1253040212,3854417323,87,420,25,481,333,456
1250268232,3831364221,0,499,99,436,499,337
1321537395,4227996130,118,375,98,340,257,242
1101856673,1785917132,153,346,100,399,193,299
1185906456,3025180839,73,426,0,499,353,499
1306971493,4170158265,89,410,13,453,321,440
923317938,173412087,70,428,0,499,358,499
1190118795,3090578073,36,448,47,433,412,386
1018394726,510785905,82,367,178,309,285,131
1133111980,2243292789,0,499,0,499,499,499
1190250869,2394039628,113,285,81,408,172,327
1275704923,4006536205,109,381,19,476,272,457
1043841263,853456110,93,402,2,497,309,495
1146981189,2527236618,110,389,54,445,279,391
1212617197,3430287013,21,477,2,499,456,497
854956115,912095,100,399,50,449,299,399
1205825859,3312189774,235,263,11,477,28,466
1300068851,4144870397,121,378,129,370,257,241
1270224461,3969256822,0,499,0,499,499,499
1068210506,1190505130,52,444,30,438,392,408
1211763262,3410030220,0,499,0,499,499,499
1313766683,4184075780,25,487,170,341,462,171
1280706457,4046438766,0,499,95,499,499,404
1275406601,4005847450,153,359,88,373,206,285
1017445492,500774619,54,445,0,479,391,479
1232941742,3667119644,62,436,0,499,374,499
1172204591,2909574471,0,499,109,389,499,280
1115624960,1948348986,114,383,22,477,269,455
989046150,1846717,174,325,136,362,151,226
1063653490,1129664765,51,458,150,480,407,330
987526147,294316483,100,399,2,497,299,495
1316921736,4211077023,83,425,138,457,342,319
1044824954,863365174,132,379,22,483,247,461
1303160385,4157517510,0,499,8,499,499,491
1309674187,4181533483,20,487,109,388,467,279
1287835820,4079436545,7,464,143,389,457,246
1295959584,4128274478,62,437,169,325,375,156
1324195637,4236297700,198,302,15,488,104,473
1273351529,3992566875,0,499,0,499,499,499
1273893973,3995598420,26,476,78,492,450,414
1135288672,2305237427,0,499,109,389,499,280
1273179906,3992578049,67,451,70,459,384,389
1217562590,1049303896,179,320,165,349,141,184
958568160,228489671,147,353,168,346,206,178
1249533661,3819977766,75,424,7,497,349,490
1061544637,567634969,18,471,4,490,453,486
1303701038,4159374053,106,388,51,463,282,412
1176505088,2958501363,72,427,72,426,355,354
1272902215,3991503475,112,387,0,499,275,499
1008164622,436107435,150,348,100,399,198,299
1188815052,3072422134,86,412,0,499,326,499
1122249623,278395655,163,335,100,399,172,299
1140715452,2405653817,165,334,130,369,169,239
1108942984,1879839925,126,378,8,492,252,484
1271106526,3974958290,63,418,22,407,355,385
1279334357,4037125823,59,448,68,431,389,363
1293323822,4104740732,35,456,47,451,421,404
1249534248,3819978899,195,269,192,245,74,53
1276924253,4018139565,18,490,28,470,472,442
933827007,191327678,0,499,22,476,499,454
1193314476,3138603740,35,391,143,421,356,278
1289589395,4086141961,0,499,0,499,499,499
1136999077,2336119393,26,478,49,471,452,422
1057803995,975436936,30,472,99,393,442,294
1248015236,3811069963,100,379,16,485,279,469
1317124442,4211705884,0,499,0,499,499,499
1271130075,3766473264,100,399,6,493,299,487
1162981553,2759951506,0,499,109,389,499,280
1323313655,4231696347,177,329,32,499,152,467
1087292243,1519192289,71,428,0,499,357,499
1240841021,3749882111,67,432,20,489,365,469
1112678791,1924580604,199,323,112,397,124,285
1307569697,4172126553,18,476,128,320,458,192
975674123,273776934,0,499,32,466,499,434
1174590581,2940639707,30,470,1,492,440,491
1243659983,3775275632,0,499,134,436,499,302
1019272466,516347605,71,428,0,499,357,499
1247849839,3813571481,0,499,62,436,499,374
940531013,138733956,125,374,166,332,249,166
1264207826,3924746251,0,499,0,499,499,499
987192256,293891888,0,499,62,436,499,374
893312563,141192332,183,313,188,308,130,120
867198572,110054257,185,314,192,306,129,114
1027292264,570633537,105,393,50,449,288,399
1102363263,500602658,40,463,89,423,423,334
1264853627,3925271844,62,449,164,325,387,161
1128649541,2152081864,0,499,0,499,499,499
1127840009,2126859855,0,499,62,436,499,374
1261129818,3898306431,55,445,0,498,390,498
1259022374,3887599154,0,499,0,499,499,499
1213353166,3443705691,29,469,0,499,440,499
1256575623,3872798541,0,499,62,436,499,374
963483302,243780015,0,499,62,436,499,374
1190753011,3093873113,165,334,142,341,169,199
1124736921,2081361605,118,372,121,383,254,262
1075166696,1341834937,68,430,0,499,362,499
1105740279,1855902185,84,416,7,499,332,492
1295157769,1940511987,86,393,55,499,307,444
1313438965,4197676342,0,499,0,499,499,499
1281911725,3721146082,17,483,11,488,466,477
941635457,207159381,247,251,0,499,4,499
981956034,284905277,36,469,59,439,433,380
1209003805,3356930418,0,499,63,436,499,373
1192164346,3122723233,71,431,261,486,360,225
1118459202,1984587678,0,499,62,436,499,374
1226160037,3596128331,82,418,113,455,336,342
1260352238,3893244069,22,477,131,436,455,305
1181392580,2991672068,151,348,122,376,197,254
1265574556,3931854289,20,479,45,455,459,410
1283923181,4063204880,10,485,26,458,475,432
890380174,136563736,82,416,2,499,334,497
1021272285,526559736,96,402,161,342,306,181
1306915303,4167096782,106,388,51,463,282,412
1250625283,2649024980,34,468,105,386,434,281
1141638323,2421869524,15,482,0,499,467,499
850311398,81910143,69,429,4,499,360,495
1325976215,4238480169,62,436,0,499,374,499
1310763161,4182275048,31,456,98,399,425,301
1321448232,4222997266,125,374,29,322,249,293
1320881133,4221609021,7,478,10,467,471,457
958992397,229661530,0,499,83,415,499,332
1308736917,4177822400,94,402,59,399,308,340
1113114987,1832996221,54,445,55,451,391,396
1203471111,3275914905,109,389,0,499,280,499
914507013,158925090,148,386,103,413,238,310
1230215900,3634117893,63,435,0,499,372,499
1241848857,3757580629,62,436,0,499,374,499
1283658209,4061596406,24,479,121,401,455,280
941250007,206015465,0,499,62,436,499,374
1100059948,1711734639,110,389,54,445,279,391
1249535090,3819981950,183,310,205,290,127,85
1307397202,4171238215,0,499,0,499,499,499
1273325452,3992615087,81,436,81,425,355,344
1277890531,4023211394,6,496,82,403,490,321
1317506226,4213496296,0,499,0,499,499,499
845358571,73808871,0,499,62,436,499,374
1273113877,3992563424,62,441,77,424,379,347
1310050784,4181953554,103,395,64,451,292,387
1244288343,3782196783,27,470,28,471,443,443
971356006,261781870,0,499,32,466,499,434
874731567,73872464,71,427,0,499,356,499
1242098898,3762504175,23,475,34,393,452,359
1009287898,440641246,120,379,50,449,259,399
1264887878,3928048554,0,499,0,499,499,499
1123638293,2059806483,64,446,10,489,382,479
1257607965,3881986750,0,499,0,499,499,499
1280212123,4044139644,71,432,10,461,361,451
1264344972,3917934664,0,499,109,389,499,280
1175649293,2939669791,133,365,0,499,232,499
1181447328,3002998581,62,436,0,499,374,499
1311489290,4187530897,0,499,0,499,499,499
1264024417,3923099233,64,471,45,460,407,415
939271322,201922835,49,449,0,499,400,499
1258313387,3881732489,61,439,105,394,378,289
1127347912,2121747381,147,359,149,349,212,200
1316157145,4200875226,46,460,26,477,414,451
835394329,69484736,61,438,0,499,377,499
1276722598,4015984047,75,429,87,434,354,347
1232152907,3657490314,70,429,145,354,359,209
1100071278,1711729058,180,319,153,346,139,193
1292295087,4105491006,0,499,62,436,499,374
874731505,81236922,71,427,0,499,356,499
482986,928626,195,304,185,314,109,129
1164498581,2786150070,62,481,46,424,419,378
1020458428,522414458,77,421,0,499,344,499
1306811023,4169545480,70,429,145,354,359,209
1323285989,4231799574,0,499,0,499,499,499
957950719,223297857,71,427,0,499,356,499
1315054093,4187088609,100,400,96,301,300,205
1276027062,4010224477,0,352,109,499,352,390
1293874249,184320682,65,433,0,499,368,499
1258725950,3503875970,100,399,39,459,299,420
1169765008,2882961541,59,440,0,499,381,499
1034534198,677121522,0,499,62,436,499,374
1316115741,4200871098,30,495,29,491,465,462
1255866473,3829233385,110,388,0,499,278,499
1323506242,4231855424,0,499,0,499,499,499
1121209127,2033308019,99,416,75,440,317,365
1007779706,435278523,160,339,144,355,179,211
1261171852,3898707341,0,499,0,436,499,436
1313449620,4197677723,167,309,194,354,142,160
1174589246,2940639453,5,492,7,481,487,474
1039829663,61788312,75,431,9,499,356,490
1255300002,3868682937,0,499,0,499,499,499
1031539245,612280956,46,448,19,462,402,443
1310869730,4184607949,15,476,65,452,461,387
1277537834,4019816572,113,378,140,359,265,219
1127172070,584679210,68,431,0,499,363,499
1084173017,1494375893,110,395,124,389,285,265
1026500941,564005275,75,423,0,499,348,499
1291288947,4101477012,93,401,92,383,308,291
1324186723,4236297086,125,428,14,480,303,466
1293736144,4120382975,0,499,21,499,499,478
1180988080,2999320293,128,128,220,278,500,58
1275506635,4006490928,108,401,18,499,293,481
1278741100,4036990554,46,446,55,443,400,388
1282614903,4057740161,12,492,73,383,480,310
1260347974,3893243861,60,341,66,437,281,371
1273407167,3992577044,55,449,63,443,394,380
1252266138,3845057344,35,387,48,382,352,334
947991778,210518459,201,298,185,314,97,129
1243238455,3766498351,62,436,0,499,374,499
1239281118,3736006032,0,499,62,436,499,374
1316102945,4200869217,1,487,137,380,486,243
1313221287,4197496600,3,494,120,428,491,308
1283537200,4061583866,32,466,114,421,434,307
963479538,243217490,130,369,199,289,239,90
1280022267,4042478197,74,401,69,432,327,363
970460929,259454227,91,400,143,354,309,211
876981193,122249921,0,499,62,436,499,374
1299709530,4143439546,19,493,100,423,474,323
1267425766,3942853529,166,341,255,370,175,115
1100658903,1737401840,152,347,100,390,195,290
1101535264,1772922590,62,436,0,499,374,499
1075759264,1352145774,0,499,88,401,499,313
658585,413293,121,378,37,461,257,424
1318442191,4217944389,27,449,110,383,422,273
1072916643,1936981832,140,350,257,494,210,237
1262571907,3908952670,0,499,0,499,499,499
1159490418,2714804918,51,463,27,423,412,396
1324018464,4235888136,0,499,0,499,499,499
986561269,292680765,148,349,158,353,201,195
1026010943,558486065,28,468,92,406,440,314
1243659919,3775275611,0,499,148,436,499,288
987141677,293719543,0,499,62,436,499,374
1144249440,2478184367,101,395,18,497,294,479
975147356,272682947,40,459,0,499,419,499
972627896,265756340,67,432,0,499,365,499
1258927247,3887581729,64,437,68,440,373,372
463443130,50512597,53,446,0,499,393,499
1276357759,4012866719,67,462,34,478,395,444
1006440449,296834368,146,348,223,357,202,134
605104866,54813587,27,471,0,499,444,499
987173917,293870905,62,436,0,499,374,499
1301532073,4150996919,0,499,0,499,499,499
1237460653,726585616,132,357,162,341,225,179
941457262,206633451,75,423,0,499,348,499
1237118343,3716725065,62,436,0,499,374,499
1247893878,3813440172,0,499,0,499,499,499
1210354319,3387489495,9,475,90,413,466,323
1296150085,4128187519,63,446,12,488,383,476
935741337,195410786,75,424,0,499,349,499
1260368271,3893204226,0,499,0,499,499,499
1196881491,3194942373,17,484,176,374,467,198
947819447,209895346,0,499,83,415,499,332
1248841429,3817899793,5,493,104,376,488,272
987677350,294489564,163,388,55,412,225,357
1008080448,435920915,112,387,50,449,275,399
1316899705,4201012647,0,499,0,455,499,455
1275090997,4004075627,34,466,89,411,432,322
1243403854,3773718084,19,480,75,420,461,345
1255074923,3867903356,0,499,62,436,499,374
1261173097,3898707774,17,470,161,330,453,169
1064116487,1134098568,50,467,144,386,417,242
1233522995,3680556110,97,411,51,468,314,417
1239241989,3735687785,0,499,0,499,499,499
1290409273,4093215602,43,460,145,341,417,196
1323381626,4233775648,79,421,180,404,342,224
1100086907,1711732114,180,319,153,346,139,193
1323011203,4231409906,41,451,37,358,410,321
1312599456,4195543032,88,412,55,424,324,369
1138039732,2355393390,135,383,32,481,248,449
1322143536,4229654091,90,408,81,427,318,346
1234424194,3684378347,85,414,82,418,329,336
1172646900,2915994596,67,432,0,499,365,499
971540078,3952094678,108,403,102,397,295,295
154087730,4966921,150,349,108,391,199,283
1218268604,3502573665,70,428,0,494,358,494
1269233593,3955126900,62,437,0,499,375,499
1249535626,3819982836,169,325,145,335,156,190
1251476503,3842783853,78,431,139,388,353,249
1248290082,3814759927,71,427,0,499,356,499
1190252541,1876684321,62,440,71,422,378,351
1196637864,3195346221,0,499,0,499,499,499
1026897337,569639553,100,399,57,441,299,384
1316293606,4200882835,31,463,189,386,432,197
1172791584,2920940583,1,497,0,499,496,499
996372212,298035664,71,427,0,499,356,499
1279852373,4041957030,0,499,0,484,499,484
1131841498,2212009747,153,345,100,399,192,299
1321647574,4227454954,274,282,404,443,8,39
1242109333,3762488144,0,499,62,436,499,374
1064808531,1142218907,28,480,112,363,452,251
1260858747,3896139172,95,433,67,426,338,359
1252562817,3850121190,84,442,82,451,358,369
1220137653,3538103836,0,499,62,436,499,374
1267864991,3944486235,4,495,99,397,491,298
1253405678,3856609877,72,427,0,499,355,499
1309676384,4179729016,0,423,15,483,423,468
1154379983,2635182741,155,344,100,399,189,299
1273177742,3993179701,38,451,130,361,413,231
1316113169,4200870779,0,499,0,499,499,499
1128759234,2154820308,114,385,170,328,271,158
1154646502,1182276908,11,487,149,369,476,220
1151578537,2586228880,29,478,27,468,449,441
1262291476,3906636027,31,477,177,318,446,141
1283947779,4061636171,31,461,113,411,430,298
1241416201,3756664250,210,290,193,310,80,117
1069675870,1253889255,61,468,238,377,407,139
1313695540,4183926296,113,372,20,477,259,457
987344214,294180023,121,379,18,487,258,469
984633081,289348734,99,400,0,499,301,499
1308121039,4102123035,207,300,224,283,93,59
1192476707,3128686119,60,441,99,460,381,361
1161254999,2726074800,0,499,62,436,499,374
1050786466,970396166,0,499,109,389,499,280
958202456,227122341,14,484,0,499,470,499
1245049847,3788457960,81,421,170,347,340,177
1322988173,4231798683,51,421,105,456,370,351
1143604126,2386015622,0,499,62,436,499,374
1167700037,2842082696,99,408,27,466,309,439
1240920363,1135482713,77,423,169,384,346,215
1312398492,4194030213,0,499,0,499,499,499
1108365513,1875804592,110,389,58,449,279,391
958828721,229749586,0,499,62,436,499,374
933238916,190095358,73,425,0,499,352,499
922014758,170303861,66,432,0,499,366,499
1274843087,4000743967,83,415,0,499,332,499
1115235069,1180830553,152,346,100,399,194,299
1115208631,1940688114,110,389,58,441,279,383
1311941256,4188993693,0,499,0,499,499,499
1286473505,4074837695,129,375,19,437,246,418
1196212763,3182722375,43,450,133,423,407,290
1069680228,1253948141,90,407,19,472,317,453
1218721402,3516577575,38,457,50,463,419,413
1285747452,4070179305,7,438,36,244,431,208
1276284276,4012659668,80,398,155,375,318,220
1300240833,4141394221,83,415,0,499,332,499
1278241867,4031030627,0,499,0,499,499,499
1026886811,569739374,104,394,50,449,290,399
1009343796,440674211,150,349,118,380,199,262
1294806560,3119046486,83,415,0,499,332,499
1047936119,934195428,0,499,294,313,499,19
1218542882,2864838740,84,420,93,414,336,321
1101965336,1786890050,135,359,100,394,224,294
1285792199,4070685454,88,402,152,400,314,248
1283894660,4061625348,0,499,1,499,499,498
1098585478,1689657234,102,416,30,469,314,439
1267327678,3942319346,0,499,0,499,499,499
1323273336,4231688829,55,447,121,290,392,169
1316221394,4200878653,0,499,0,499,499,499
1038839998,767597203,0,499,0,499,499,499
1311869912,4188957506,0,499,0,499,499,499
1286867828,4074698357,41,455,32,474,414,442
1321747763,4223031202,184,338,70,475,154,405
1062486285,1115318108,70,429,0,499,359,499
1279403575,4037925179,165,321,20,499,156,479
940888196,205319035,189,318,226,341,129,115
1096667107,1658044640,31,168,195,342,137,147
973933688,248294651,71,427,12,499,356,487
1323862137,4231423165,68,418,60,437,350,377
1211983048,3414348124,21,475,54,457,454,403
1261876437,3901377710,0,499,0,499,499,499
1043841344,853456170,8,493,21,499,485,478
1121420190,2035478939,26,437,32,467,411,435
1295783088,4126966088,40,478,139,388,438,249
1292261563,4108381044,12,477,46,462,465,416
1075774351,1352330269,101,399,110,396,298,286
1200267556,2533496809,150,349,100,399,199,299
1260361384,3893203571,0,499,19,447,499,428
1121038309,1937811160,76,422,0,499,346,499
1256993256,485409000,76,422,0,499,346,499
1294486945,4122564798,70,381,126,371,311,245
1289597231,4088819510,15,483,0,499,468,499
1121264895,1118849551,8,490,10,487,482,477
1099616624,1704973230,73,426,9,499,353,490
1295220826,4125633551,128,374,14,482,246,468
1303270448,4157270475,33,466,11,487,433,476
1322179393,4229776672,40,467,90,420,427,330
1066930622,1173353311,17,484,19,479,467,460
1147466117,2525517239,96,404,162,343,308,181
1253519693,3857173179,83,406,53,455,323,402
1252219791,3848197703,100,399,100,399,299,299
1289816231,4089928041,0,499,0,499,499,499
1316971400,4211260251,86,427,14,452,341,438
1196212729,3182722368,38,466,112,423,428,311
1147015504,2527481263,86,412,0,499,326,499
1237259156,3718114020,0,499,83,416,499,333
1279756798,4041456365,20,492,101,418,472,317
1190251344,3063058827,61,453,180,361,392,181
1246201394,3797478003,207,294,205,293,87,88
1324071604,4236041754,43,499,79,468,456,389
1236304654,3704879859,63,410,22,477,347,455
937776939,197193965,71,427,0,499,356,499
1221348917,3561979916,51,450,77,383,399,306
1270637822,3972429808,53,442,12,486,389,474
1195075094,168009516,62,436,0,499,374,499
1150217112,2570797668,200,296,208,336,96,128
1203139756,3267048146,183,315,150,349,132,199
1325141238,4240466234,152,336,198,407,184,209
1188615272,3069230469,0,499,62,436,499,374
1281483096,4050863864,0,409,21,499,409,478
1064561721,1128888133,0,499,62,436,499,374
1283875310,4061621091,137,360,54,461,223,407
1282804840,4057523529,82,417,29,480,335,451
1145910903,2507952868,226,280,218,325,54,107
876255030,980356,99,399,0,499,300,499
1270438372,3971906818,177,331,24,480,154,456
1212848737,3435255386,61,438,0,499,377,499
1100062524,1711736881,110,389,52,447,279,395
1190250776,2349852283,74,429,97,410,355,313
967164152,254400775,85,420,163,335,335,172
1164764966,2792888928,0,499,62,436,499,374
1177467684,2974270687,88,469,129,376,381,247
1188462938,3065096161,0,499,62,436,499,374
1266385635,3938260914,149,352,231,494,203,263
1219592555,3527435589,155,344,69,430,189,361
1025671475,554019783,141,347,145,392,206,247
1251485504,3842786324,95,464,45,416,369,371
1314167051,4186173533,26,484,51,476,458,425
1229744632,3627717299,18,487,167,290,469,123
1324100099,4236042133,14,499,14,498,485,484
1289713068,4086154280,0,499,0,499,499,499
990903971,297685621,0,499,62,436,499,374
867974632,109770892,94,399,0,472,305,472
1163790214,2771247953,53,445,0,499,392,499
1301868207,4153638763,0,499,33,499,499,466
1308315534,4151836815,38,462,58,446,424,388
1274511245,3999828045,120,389,67,454,269,387
1215521345,3470059810,205,292,27,224,87,197
1261410633,3898722478,0,456,0,490,456,490
1107660326,1869200451,44,458,46,406,414,360
948124730,210584974,74,424,0,499,350,499
1030444530,597596972,99,405,21,479,306,458
1196803141,3198883038,24,486,72,320,462,248
1311887287,4189054349,0,484,35,410,484,375
1262542247,3908516826,108,354,73,443,246,370
1026831021,569604110,50,449,119,380,399,261
1154647202,1182277356,33,467,129,361,434,232
1159687976,2718172568,14,485,114,390,471,276
1278816724,4037444129,30,473,26,463,443,437
1245662961,3793743350,0,499,55,443,499,388
1290389401,991557,87,412,0,499,325,499
1244340443,3783077283,123,364,141,362,241,221
1260399216,3893246204,0,499,0,499,499,499
1287362829,4076593192,0,499,0,499,499,499
923250200,173540356,181,321,62,436,140,374
1275997639,4010221344,113,405,48,452,292,404
1241422754,3756671369,193,303,187,315,110,128
964760307,248185291,175,324,144,354,149,210
1042493794,841368664,73,448,129,373,375,244
1268742301,3915841518,202,294,3,490,92,487
1254192020,3860640528,141,365,34,480,224,446
1218711986,1161951998,149,350,148,397,201,249
1002980012,388571741,125,374,125,374,249,249
1320324447,4224215501,0,499,48,452,499,404
1069053124,1218891514,109,389,0,499,280,499
981406902,284484150,23,487,107,412,464,305
940800020,205143454,92,402,67,424,310,357
1011194541,448995242,58,440,0,499,382,499
864584350,106120555,69,430,0,499,361,499
1192402430,1157842022,17,488,157,386,471,229
1257268688,3880035301,34,457,92,437,423,345
1275576053,4006497222,75,425,51,486,350,435
1073197965,1316124457,62,436,0,499,374,499
1044045150,855940086,11,482,139,359,471,220
1282026855,4053881277,10,481,18,476,471,458
1285126805,4066270866,0,499,0,499,499,499
1270130728,278414838,100,399,14,485,299,471
1282753311,4058940058,13,480,16,483,467,467
1270647454,3972430437,126,327,122,436,201,314
1049671042,858167251,87,419,180,327,332,147
1309967800,4182509095,189,317,27,471,128,444
1321455414,4222998360,79,428,49,468,349,419
980292844,283317074,4,497,87,411,493,324
1282004907,3968086370,0,499,62,436,499,374
1023349904,536316915,95,404,50,449,309,399
1270627026,3972428211,0,463,0,494,463,494
1265927454,3935695232,0,499,0,499,499,499
1192886793,3136095911,109,389,0,499,280,499
1267522729,3943296100,36,460,24,489,424,465
1260366581,3893244645,68,281,196,288,213,92
1036238814,697532802,83,415,0,499,332,499
1151635617,1151140709,49,455,56,418,406,362
1244326097,3782771535,0,499,126,436,499,310
975388513,273380383,186,307,32,462,121,430
1192186295,3123034798,68,432,22,488,364,466
1032900368,636699121,100,399,0,499,299,499
1243171951,3770836222,0,499,62,436,499,374
1047611554,922877554,159,339,121,399,180,278
1131527240,2205996441,0,499,104,394,499,290
1218472582,3511358916,0,499,62,436,499,374
1265214674,3929900526,0,499,0,499,499,499
1305764821,4166642793,106,388,51,463,282,412
1047123359,876686987,79,423,16,489,344,473
1309660030,4179728340,0,499,0,476,499,476
1227160481,3607250326,133,415,120,371,282,251
1243843324,3776682073,68,430,0,499,362,499
1027132515,569945959,114,384,50,449,270,399
1266482564,3938258877,0,499,0,499,499,499
938614439,200829451,0,499,68,431,499,363
1028582652,585278325,62,436,0,499,374,499
1063534185,1128287307,0,499,38,461,499,423
1027287932,570634672,104,395,50,449,291,399
1267458869,3943121721,71,427,0,499,356,499
1116936880,1965123785,52,475,47,499,423,452
1054478744,1044043208,0,499,109,389,499,280
1188526101,3067005339,102,406,22,484,304,462
1207832979,3346821626,186,336,126,398,150,272
876615923,121926627,62,437,0,499,375,499
1307395983,4171238191,83,419,84,438,336,354
928702326,182032243,123,375,73,426,252,353
1319411806,4214354221,191,307,25,476,116,451
1208138566,3351249081,42,458,197,304,416,107
1298145821,99099122,75,424,0,499,349,499
1310073546,4181961236,13,449,23,474,436,451
848932394,80185105,70,429,0,499,359,499
1277612828,4023549948,0,499,78,499,499,421
1087914084,1287384782,108,391,48,450,283,402
1190868889,3089835305,109,389,0,499,280,499
1225887113,1154697606,125,374,125,363,249,238
875775651,74247519,94,404,0,499,310,499
549051,933458,53,445,0,499,392,499
1204618785,3284587984,62,436,0,499,374,499
448781730,50269776,111,388,50,449,277,399
1225887540,1344624283,125,374,125,374,249,249
1273767875,3994953819,0,499,0,499,499,499
1156971823,2679537649,205,301,191,408,96,217
1126794072,2107404814,118,381,1,489,263,488
992668734,300399425,25,474,25,474,449,449
1075508488,1348364922,17,483,3,482,466,479
1005834241,418194972,25,480,187,324,455,137
1226392083,3593135792,90,428,16,465,338,449
1188504906,3066593380,40,460,95,405,420,310
1282897808,4057531105,22,384,29,464,362,435
935120353,193719242,0,499,62,436,499,374
1189574890,3034752677,62,436,0,499,374,499
861751706,100367301,69,430,0,499,361,499
1276359973,4012869395,101,406,126,312,305,186
1177148238,2970574127,0,499,77,422,499,345
969712851,256735725,70,428,0,499,358,499
1261415005,3898723811,0,499,3,499,499,496
981985867,285428761,85,413,23,474,328,451
1323995593,4235886544,0,499,0,499,499,499
1174591649,2940640136,9,493,69,490,484,421
1227155859,3607249223,23,471,83,430,448,347
1249535539,3819982800,138,361,157,352,223,195
635828,929525,53,446,0,499,393,499
1204217019,3287159584,6,493,88,412,487,324
1282548268,4057545688,39,437,112,344,398,232
1267257724,3942393072,4,491,48,445,487,397
1190258934,1876687634,0,499,83,415,499,332
1251699035,3838521533,128,370,0,499,242,499
1318383970,1475661848,167,354,64,463,187,399
1215355218,3470026904,40,499,29,495,459,466
1192552835,3128910901,39,441,11,370,402,359
1119984745,1864494354,145,353,100,399,208,299
1119467591,1995957245,0,498,0,499,498,499
947738747,210128578,0,499,62,436,499,374
1281872592,1643721302,46,450,5,490,404,485
1264910268,3928057970,136,390,34,129,254,95
1264268476,3925191857,0,499,0,499,499,499
885197598,122672208,70,406,53,395,336,342
1299355851,4112603818,143,383,135,441,240,306
1222867329,3560682354,84,419,84,462,335,378
1037999217,234345934,78,424,7,492,346,485
1141830979,2442792669,116,392,11,485,276,474
1157005169,2680251327,47,476,132,356,429,224
1232343286,3451938296,36,467,199,302,431,103
1249536609,3819984719,165,334,155,344,169,189
1109679957,1893007150,176,322,11,492,146,481
966923358,253828511,157,351,207,357,194,150
946714009,208715304,147,373,175,332,226,157
1115381293,652462964,181,317,121,361,136,240
1274203927,3998454019,79,416,49,479,337,430
996076334,304798254,132,398,6,497,266,491
983264467,283940210,0,499,63,436,499,373
955976361,220660427,0,499,62,436,499,374
1289081917,4086048394,0,499,60,435,499,375
1029490086,591809088,198,302,151,343,104,192
1169864735,2861999468,0,499,62,436,499,374
1278096497,3764001360,113,393,56,451,280,395
1232193680,3657930226,29,479,43,468,450,425
1324230157,4236298728,0,499,0,499,499,499
1002699220,384427382,0,499,62,436,499,374
1308891681,278382421,100,399,25,474,299,449
1261416032,3898724495,0,499,0,499,499,499
1127154158,2117181230,228,484,15,410,256,395
1248866204,3817907593,11,489,156,332,478,176
863031041,103420262,221,278,209,291,57,82
1260086282,3889378113,0,499,0,499,499,499
1313748054,4183981459,38,462,15,437,424,422
1255944672,3872798645,100,399,106,399,299,293
291810226,6942307,145,354,102,397,209,295
1252628016,3850328804,0,499,62,436,499,374
911789223,154704933,31,482,142,372,451,230
1320607002,4224637275,26,483,33,382,457,349
936567160,196223148,0,499,61,437,499,376
1008825120,439159366,73,425,0,499,352,499
1208783386,2825941333,71,428,0,499,357,499
1192150250,3122651609,68,432,22,488,364,466
1323418240,4231840364,35,444,69,463,409,394
1246407019,3798830932,129,354,42,465,225,423
1243660195,3775276379,0,499,148,436,499,288
1204322337,1289952608,187,312,150,349,125,199
1008701024,439119398,73,425,0,499,352,499
1321532163,4223020460,164,351,51,499,187,448
987638219,294461315,18,480,148,391,462,243
1027301300,570694496,115,384,50,449,269,399
1275643626,4006510096,40,446,110,412,406,302
1242124374,3762635288,5,492,2,497,487,495
1296159112,4129773946,0,499,0,499,499,499
1027117791,569972105,100,399,62,436,299,374
957643561,138728888,22,461,27,475,439,448
1128293771,2140564024,78,408,66,472,330,406
1123006697,278535350,161,338,107,395,177,288
914530513,158983068,93,499,85,436,406,351
993357847,301239609,90,409,130,369,319,239
1177593745,2976912467,120,377,29,460,257,431
1160535343,2724422325,73,426,0,499,353,499
1131240331,2198745069,68,431,0,499,363,499
1231193165,3644500245,96,403,0,499,307,499
291755325,8015908,66,433,0,499,367,499
1209710911,3382580862,126,374,66,482,248,416
905952051,150484192,0,499,18,480,499,462
851009849,82570626,34,472,231,286,438,55
1137661697,2350070338,0,499,90,408,499,318
1254933790,3866826310,0,499,0,499,499,499
1213024369,614357020,150,348,100,399,198,299
1102675115,100777684,85,415,81,418,330,337
1316619388,4200947909,106,386,24,474,280,450
1113097639,1832987146,114,425,50,487,311,437
1268489880,3951722534,38,433,191,415,395,224
1248013609,3814071890,0,499,0,451,499,451
928010153,543823345,0,499,206,499,499,293
1174594408,2940640719,181,305,134,364,124,230
1273901367,3995355801,61,452,69,454,391,385
1046017904,873533957,101,402,75,429,301,354
1248222466,3814580832,15,484,93,397,469,304
1192055472,3120609171,68,432,22,488,364,466
1124352836,1600143662,68,431,0,499,363,499
1007736230,435237314,100,399,100,399,299,299
1253151143,3855161583,0,499,0,499,499,499
1238294976,3727586507,101,416,96,375,315,279
1251595601,3844056092,0,496,21,499,496,478
1128202132,2138313831,0,499,74,424,499,350
1255781396,3871116373,0,499,0,499,499,499
1265214998,3929900537,8,492,149,353,484,204
1240715394,3748199100,112,447,67,440,335,373
927643069,180711935,85,414,0,499,329,499
851445095,83464929,70,429,0,499,359,499
1297906005,4103244291,137,361,62,447,224,385
1134793249,2292391903,95,433,97,482,338,385
1169014897,2868980780,108,391,115,384,283,269
1185910655,3025507177,71,427,11,499,356,488
1077708954,1376223162,62,436,0,499,374,499
1290333307,4091232453,62,436,0,499,374,499
906253895,492524,0,499,113,385,499,272
1264154161,3923189933,0,499,0,499,499,499
1273638789,3992770911,15,467,59,468,452,409
1006434571,424876587,130,369,150,349,239,199
1262528357,3908176702,20,470,22,448,450,426
1193286515,3140780325,13,493,19,479,480,460
1260367184,3893244770,101,398,116,418,297,302
1243659282,3775275194,0,499,62,436,499,374
144973330,3578617,63,436,0,499,373,499
1200589046,3242278057,70,429,145,354,359,209
1289490631,4088730921,93,417,39,454,324,415
1305159110,4164673847,106,388,51,463,282,412
1304013361,4160806898,0,499,0,499,499,499
1276651603,1998372387,53,446,0,499,393,499
1282781946,4059069751,0,499,0,499,499,499
1204201774,3287130000,161,337,4,492,176,488
1291958261,4104904324,80,431,68,454,351,386
1147021943,2527595861,83,415,0,499,332,499
1273149187,3993167693,41,426,191,346,385,155
1100488469,1725588454,72,427,6,493,355,487
966341239,252514893,56,443,0,499,387,499
1141810558,2041789559,140,363,21,443,223,422
977682204,278520110,83,416,42,479,333,437
1315342450,4205414269,0,499,109,390,499,281
1243975632,3777486091,48,461,51,450,413,399
1111838641,1915836980,117,402,3,421,285,418
1120126284,2010221678,0,499,234,264,499,30
1260251379,3894927471,35,444,66,461,409,395
1219472364,3526568953,47,475,146,335,428,189
1052929882,986113637,90,411,102,416,321,314
1168014783,2849848139,75,421,46,393,346,347
1299291208,4141675905,64,451,78,466,387,388
1289308169,4087909478,18,487,46,492,469,446
932248639,187431789,0,499,62,436,499,374
1278120460,4029710886,124,378,43,428,254,385
1311500962,4187459297,47,425,113,418,378,305
1119376033,1997652852,100,398,30,469,298,439
1100082711,1711729171,180,319,153,346,139,193
1289823076,4089928898,23,473,25,464,450,439
1325237813,4240794473,98,393,37,492,295,455
1260432170,3888081673,0,499,109,389,499,280
1321762974,50430046,32,441,44,448,409,404
1276365994,4012754528,75,435,78,443,360,365
956219668,221140260,0,499,131,367,499,236
1063002404,1122119504,38,462,152,334,424,182
930775325,184856253,72,425,22,476,353,454
847562408,77023635,158,341,122,377,183,255
1260357869,3893244328,24,386,152,429,362,277
1149481231,2552212707,11,484,106,391,473,285
1276019907,4010223969,127,380,224,474,253,250
1310079706,4181962186,17,479,88,416,462,328
1304091282,4160935900,106,388,51,463,282,412
1276989787,4018146309,0,490,50,499,490,449
1051618585,975348171,62,436,0,499,374,499
1169248901,49045930,179,318,148,348,139,200
1026902225,569585162,118,381,74,425,263,351
1041185312,824465732,0,499,247,252,499,5
1095404651,1636558389,16,494,28,474,478,446
916779570,161779456,90,409,0,498,319,498
973607243,269653573,124,380,174,334,256,160
1054843476,1048361753,0,499,62,436,499,374
749868681,60814791,38,460,91,407,422,316
1133233463,2240963933,0,499,62,436,499,374
1040927790,821662332,63,436,0,499,373,499
1078643779,1402794458,19,480,0,499,461,499
1275548230,4006692525,0,499,0,499,499,499
1232954572,3672258290,67,483,75,429,416,354
1062320935,340303710,157,342,100,399,185,299
1192043993,3120529926,129,353,55,499,224,444
1310609583,114697111,72,427,0,499,355,499
1243419980,3773722097,79,418,118,393,339,275
1268909611,3953954049,81,486,0,499,405,499
1312228084,4193795655,0,499,118,499,499,381
914124339,158464735,107,391,148,351,284,203
1075759677,1352145692,6,492,110,386,486,276
1253051224,3854759458,0,499,0,499,499,499
1294485248,4122564652,81,422,87,416,341,329
980601105,6815377,0,499,62,436,499,374
1257833714,3883189012,29,451,63,464,422,401
878721472,124092414,220,280,210,289,60,79
1008095303,435923709,113,386,50,449,273,399
1285042375,4066256102,152,343,8,496,191,488
1075912859,1352262099,0,499,109,389,499,280
1243659995,3775275638,0,499,136,436,499,300
1271102605,3974958004,195,307,207,287,112,80
1311937687,4190902457,37,456,76,423,419,347
1275412587,4004193834,38,447,73,444,409,371
1032095496,618426504,0,499,0,499,499,499
1282904021,4057767309,16,487,23,470,471,447
1192042082,3120527741,8,481,146,343,473,197
1248380597,3814873284,13,480,140,366,467,226
1280707493,4046495398,80,422,86,447,342,361
1261173804,3898707855,20,480,138,357,460,219
1196549781,282429144,182,317,150,349,135,199
1251699039,3838648328,128,370,0,499,242,499
354401574,48722565,0,485,75,422,485,347
1165616017,2805735884,83,415,0,499,332,499
1226111782,3595820524,85,445,50,460,360,410
1241685020,3759523437,79,419,0,499,340,499
1224814444,3513759596,2,499,164,335,497,171
1304084880,4160934442,106,388,51,463,282,412
962972371,242238072,218,290,169,285,72,116
1298043311,1996840570,83,415,0,499,332,499
1300170208,4145216149,62,432,145,359,370,214
1174584480,2940638366,0,499,0,499,499,499
969622387,257098966,0,499,62,436,499,374
1275706983,4006536482,0,499,0,499,499,499
1012322639,457949822,71,428,0,499,357,499
1282578206,4057554292,0,499,0,499,499,499
1231192239,3646275232,0,499,0,498,499,498
1308152860,1370515807,100,376,67,463,276,396
1209883700,1892600703,55,344,167,333,289,166
1116748262,1790066725,169,330,100,399,161,299
1324042482,4235890035,81,413,82,408,332,326
1190258046,1876686942,0,499,62,436,499,374
1282284568,4055996672,164,336,28,478,172,450
1008180168,436076178,100,399,51,442,299,391
1004010196,401115599,69,430,0,499,361,499
923149580,4266447,72,427,0,499,355,499
1223360360,3575452885,62,436,0,499,374,499
1283729352,4057165577,205,278,318,367,73,49
1253208711,3854771990,90,499,28,499,409,471
1100068631,1711736132,110,389,54,445,279,391
1318709382,4217953484,0,499,0,316,499,316
1113104552,1832989647,137,361,3,498,224,495
977996787,278576290,178,321,153,330,143,177
1297881006,4137579009,43,456,46,459,413,413
1308906453,4177867320,8,499,6,491,491,485
1244788835,3786759063,216,285,197,269,69,72
1047481781,909917282,6,493,102,395,487,293
1231592084,3621907469,0,499,76,436,499,360
1068097392,1188968635,92,412,92,403,320,311
1259018582,3887598888,90,444,92,433,354,341
898169017,144567092,29,400,134,386,371,252
1301543611,4150998114,83,406,48,473,323,425
1313348953,4197513835,153,347,56,454,194,398
1127830770,2131960413,100,399,149,349,299,200
1174599015,2940542334,0,499,83,415,499,332
1328510985,4250644101,104,416,159,346,312,187
931805802,186637412,90,408,130,368,318,238
941175679,5489740,84,415,0,499,331,499
1115599147,1947641579,97,222,184,305,125,121
878489697,123751475,120,379,76,422,259,346
1264513732,3925920911,0,499,83,415,499,332
977966236,278565689,56,442,0,499,386,499
1255085481,3868030602,0,499,131,436,499,305
1294388125,4123083372,58,430,27,499,372,472
1258417356,3883434759,0,499,9,499,499,490
941621978,207151524,168,336,186,320,168,134
1158120568,2695196893,221,270,182,267,49,85
981828925,284871287,65,434,0,499,369,499
1281780523,4050843271,0,499,0,492,499,492
1290762757,4095115949,62,436,0,499,374,499
1265206786,3929890050,157,341,202,483,184,281
1053223542,1028497474,63,443,121,377,380,256
1283471466,4061476541,58,446,22,486,388,464
995098575,303051083,166,336,95,429,170,334
1265172856,3929846126,0,499,0,499,499,499
1027601964,571075916,20,481,0,499,461,499
1258680838,3883457236,0,499,0,499,499,499
914847192,159385465,62,436,0,499,374,499
1192152777,3122671327,68,432,22,488,364,466
1070869581,1253553930,0,499,62,436,499,374
1166866837,2825471665,43,454,43,453,411,410
1276379714,4012756234,31,480,33,470,449,437
1116349056,278527084,144,355,100,399,211,299
1248860610,3817906057,35,486,105,393,451,288
1281243231,4050591354,29,447,24,499,418,475
893011609,140451093,88,413,116,430,325,314
994682741,289001051,36,463,10,489,427,479
995103660,303051637,77,411,117,382,334,265
1250905149,3836685874,66,432,126,372,366,246
940396871,203830701,0,499,62,436,499,374
1174585736,2940638538,3,491,159,353,488,194
1192175610,3120179903,52,484,149,435,432,286
1257991668,3882501305,62,436,0,499,374,499
1022839153,2041117430,0,499,0,499,499,499
1243234425,3766014196,0,499,62,436,499,374
1275455712,4006484988,38,463,39,465,425,426
1082671891,1471239511,0,499,51,447,499,396
1276015681,4010222950,0,499,0,499,499,499
995101853,303051726,190,272,40,434,82,394
1309079091,4179420539,0,499,0,499,499,499
873134940,118630801,65,380,233,265,315,32
1033188975,533875731,16,493,75,421,477,346
985685746,291196707,146,332,121,387,186,266
921667769,149405340,51,448,0,499,397,499
1246580764,3800709896,0,499,62,436,499,374
1163753454,2766907299,10,485,21,484,475,463
1251112669,3837624759,0,499,62,436,499,374
1320186305,4215473021,91,410,127,489,319,362
1137955677,2350052267,102,387,41,458,285,417
1307347360,4171370640,104,395,152,347,291,195
1111241949,1909568645,68,424,117,363,356,246
1324268117,4235887951,0,499,0,499,499,499
922170542,170807126,215,267,112,391,52,279
1270627788,3971759549,0,499,0,499,499,499
1013201264,464636556,47,448,13,490,401,477
1246104316,3797081223,228,273,0,499,45,499
1306084855,4150348590,101,396,61,452,295,391
1294190226,4122554677,0,499,2,499,499,497
1260427313,3887873111,0,499,34,465,499,431
1321514267,4223013064,144,369,32,438,225,406
1313344642,4197513484,0,499,2,492,499,490
1276298443,4012661255,26,414,47,437,388,390
1323141139,4231829147,33,455,137,391,422,254
910564706,154683877,0,499,62,436,499,374
1221710838,3565826050,68,431,0,499,363,499
1240748700,3748221066,93,423,99,464,330,365
1190250890,2394039633,55,395,199,318,340,119
1162995918,2760722966,112,390,15,481,278,466
1275404642,4003974429,27,478,31,458,451,427
1267327527,3942397515,28,477,36,470,449,434
1065833755,278786912,136,363,100,399,227,299
1049265920,945351552,0,499,62,436,499,374
1261383491,3898717484,0,499,0,499,499,499
1226160144,3596128551,82,418,113,455,336,342
1163886414,2768739963,3,488,31,444,485,413
980692837,283748222,62,436,0,499,374,499
1265216180,3929900602,31,488,86,407,457,321
1317986090,4215703822,10,486,92,406,476,314
1277513841,4019800501,0,401,0,488,401,488
1078846531,1408043875,62,436,0,499,374,499
1260284424,3893195657,141,215,145,341,74,196
530522630,52992510,83,414,0,498,331,498
1250960764,3836821115,17,482,60,442,465,382
1007567699,435061857,61,438,0,499,377,499
1187453724,3049576710,25,492,56,433,467,377
37171230,607843,92,405,0,499,313,499
1192622587,3130609941,26,476,130,383,450,253
1262359868,3906641001,0,499,142,499,499,357
1161248443,2735551374,150,476,55,381,326,326
1025287711,550639103,73,426,0,499,353,499
930930436,183027458,0,499,62,436,499,374
1100235734,1643661009,90,410,20,478,320,458
1283324880,4061153289,169,330,64,420,161,356
1323450436,4231850300,0,499,0,499,499,499
1324126332,4236042499,15,496,13,477,481,464
1262463896,3908160921,0,499,0,499,499,499
1045589330,293227446,0,499,245,254,499,9
1241810639,3760838726,0,499,0,499,499,499
868337654,111702861,13,489,174,338,476,164
1249535622,3819982834,143,351,183,312,208,129
1186526082,3031830957,0,499,0,499,499,499
1251692817,3840386305,133,366,90,409,233,319
1274173980,2682718292,77,421,0,499,344,499
1314017158,4201307474,108,395,21,494,287,473
1126861926,2107360428,0,499,109,389,499,280
1190253073,2832752239,0,499,67,432,499,365
1316793374,4200964370,0,499,0,499,499,499
1245399479,3792049817,0,499,62,436,499,374
1308288186,4105657260,105,353,49,433,248,384
1296057138,3773872176,37,439,73,474,402,401
1135951450,2315593293,0,499,96,402,499,306
1283820177,4061617023,46,450,49,450,404,401
971431953,262168580,112,366,119,361,254,242
1275235585,4004113597,26,473,129,371,447,242
941710580,190099239,154,345,114,385,191,271
1248096716,3813797498,29,462,81,400,433,319
1102400063,1799394296,177,339,182,341,162,159
1247440871,3810184744,100,399,25,474,299,449
1136994804,2336115538,28,469,59,472,441,413
869424389,111847209,191,303,175,337,112,162
1004004861,401114043,68,431,0,499,363,499
1298419820,4139703954,131,350,127,374,219,247
990634979,297562661,70,428,0,499,358,499
1007657628,435123754,100,399,41,458,299,417
1018565532,511372424,73,426,0,497,353,497
1290601664,4095115954,0,499,0,499,499,499
1238981330,3731231162,0,499,0,499,499,499
1118387087,1983972974,125,374,178,322,249,144
1241845910,3760786542,70,426,35,472,356,437
1266503995,3938616575,22,476,166,327,454,161
986503856,292557711,140,333,201,314,193,113
1295220332,4125633116,0,499,0,499,499,499
1052303103,981949456,0,499,62,436,499,374
1314009585,4186120099,65,394,134,470,329,336
1127654584,278557660,157,342,100,399,185,299
1057455257,1076372587,63,435,0,499,372,499
1305529874,4165987065,0,499,93,405,499,312
1024061490,541607062,62,436,0,499,374,499
1134377112,2281969258,167,377,108,499,210,391
986181306,292021241,0,499,63,436,499,373
963608833,244194725,30,476,74,450,446,376
1225888084,3593774906,150,349,150,349,199,199
1229953010,3630302174,0,499,62,436,499,374
880025500,69801251,0,499,62,436,499,374
1163771899,2769353975,0,499,62,436,499,374
1250741159,3835044302,83,415,0,499,332,499
1236744246,3712617541,0,499,62,436,499,374
941620799,207151564,153,354,194,308,201,114
1287388694,4077197371,0,499,72,427,499,355
1283110169,1069914345,90,409,0,499,319,499
1144458591,2482252062,137,361,0,499,224,499
1195787359,3176719376,84,414,58,441,330,383
1298332128,4088129993,178,292,208,362,114,154
1236836863,3713893444,87,412,0,499,325,499
1131075605,2192686945,41,466,51,471,425,420
1316224112,4200878734,28,454,35,464,426,429
1220638890,3549680411,2,494,6,499,492,493
1112969734,1924608542,75,498,60,479,423,419
926962220,2632256,0,499,62,436,499,374
1169148229,2871608744,85,414,0,496,329,496
1221762907,3566488873,10,482,26,473,472,447
1314014253,4201273272,86,429,197,422,343,225
1239797657,3740527482,49,446,17,480,397,463
1008043271,435884222,150,349,104,395,199,291
1282979421,4057855525,32,466,50,436,434,386
975866306,211378761,12,389,5,447,377,442
1099371827,1701180484,14,483,214,474,469,260
1273107921,3992561187,0,499,0,499,499,499
1257234835,3879885716,0,499,0,499,499,499
946273912,62995885,153,350,113,391,197,278
1205826003,3312221971,64,449,87,479,385,392
1314283309,4186224612,112,420,48,473,308,425
912220165,156155637,72,421,4,482,349,478
1212046662,3415934270,48,450,6,499,402,493
1288041964,4079554530,0,499,0,499,499,499
1257262932,3879902203,0,499,0,464,499,464
1241429336,3756677732,194,305,191,310,111,119
1316170070,4200876000,41,457,46,465,416,419
1294182493,4122552646,21,474,19,447,453,428
1093201481,1584839743,0,499,67,431,499,364
1008082768,435923382,160,339,133,365,179,232
1008932487,439661961,73,425,0,499,352,499
1303084339,4157459140,165,384,53,438,219,385
893115088,141197353,200,298,180,319,98,139
992186832,299985640,117,318,69,378,201,309
1243660189,3775276372,0,499,148,436,499,288
1233233833,3675760715,0,499,62,436,499,374
1043841057,853456130,9,490,126,374,481,248
1151637835,2587321979,96,403,110,387,307,277
1248395714,3814885428,107,413,155,375,306,220
1132424170,2081597678,69,429,4,499,360,495
1104707520,1841149804,79,419,0,499,340,499
933255598,190108433,86,413,8,495,327,487
1314740776,4186623686,101,376,186,460,275,274
1322271366,4230954529,9,497,0,491,488,491
1270343833,3971347131,0,499,0,499,499,499
1158796553,2703667267,44,455,95,404,411,309
1299929632,4130897474,0,499,123,376,499,253
1328436245,4250640906,38,499,0,499,461,499
1036721520,718507143,26,473,91,412,447,321
1225887144,3128604493,125,374,125,363,249,238
1048413940,935039939,0,499,62,436,499,374
1260349737,3893243945,30,437,123,337,407,214
1104324553,1842307831,157,351,33,455,194,422
1058097645,1086079135,0,499,62,436,499,374
1196407935,3188016256,15,486,14,484,471,470
1313623122,4198481566,55,488,0,499,433,499
1263864155,3921315371,125,378,10,499,253,489
1193019831,3136569762,103,422,10,493,319,483
927683878,180812683,52,447,0,499,395,499
1243659949,3775275619,0,499,148,436,499,288
1148763764,2546838801,0,499,3,496,499,493
1246418242,3798934115,13,486,62,445,473,383
1274296976,3997832720,0,499,72,427,499,355
1301450515,4151054329,0,499,0,499,499,499
1304927411,1867656551,69,429,0,499,360,499
1264497431,69021256,77,422,0,499,345,499
1025935303,508626970,0,499,0,499,499,499
1275463048,4006485667,74,460,154,389,386,235
1313905294,4200414286,56,443,110,404,387,294
1328627313,4250693567,69,466,13,485,397,472
1123549053,278557033,153,345,100,399,192,299
559370783,47952385,72,427,1,497,355,496
192656830,5647296,77,421,0,499,344,499
1322932614,4231788505,31,499,15,483,468,468
1242117013,3762612927,1,499,12,484,498,472
1132978391,2240198039,0,499,62,436,499,374
1295220765,4125633539,87,411,23,488,324,465
1232369759,3660534512,0,499,209,436,499,227
1273261412,3969776921,62,436,0,499,374,499
1276269073,3897272078,18,477,68,448,459,380
1115449323,1938779324,10,489,88,416,479,328
861528121,99917458,0,499,62,436,499,374
1164553156,2787115199,115,383,154,342,268,188
1260079588,3889374109,20,492,70,442,472,372
1261369347,3898715946,97,335,98,467,238,369
1323377602,4231830732,63,436,78,429,373,351
1027269367,570689289,61,438,0,499,377,499
1257262345,3879923202,0,499,0,479,499,479
1226985365,3605600485,39,461,9,433,422,424
1096606894,1657065078,32,466,185,314,434,129
1289152150,4087152772,63,436,0,499,373,499
1008788687,439124151,73,425,0,499,352,499
1030752161,602213130,62,436,0,499,374,499
1299069217,4141632266,116,400,32,477,284,445
1280478074,4045072312,0,499,0,472,499,472
1107660348,1869201265,131,373,12,487,242,475
1000392,1257596,175,324,175,324,149,149
1261399793,3898720137,0,499,0,499,499,499
1310703041,4184543713,70,458,147,359,388,212
1262943750,3910597735,0,499,29,469,499,440
1292294800,4108382805,72,457,164,411,385,247
1308710406,4177588978,0,499,0,499,499,499
863527443,104238390,0,499,62,436,499,374
1252307733,3848189448,0,499,50,449,499,399
1324043564,4235890082,78,437,102,403,359,301
1308929002,4177868543,49,499,0,499,450,499
1269090889,3955490345,135,364,19,479,229,460
1322777836,4231405884,0,499,0,491,499,491
921249632,168344625,83,440,100,414,357,314
1191238475,3100404653,41,461,65,415,420,350
1117882943,1640974964,167,325,113,379,158,266
1008265307,436614178,0,499,68,431,499,363
1209545990,3379029197,63,435,110,389,372,279
1303625694,4159071099,106,388,51,463,282,412
1304115009,4149370639,147,352,168,319,205,151
1039509213,796127720,96,403,34,464,307,430
1144289474,2478930631,29,458,103,421,429,318
912693350,156644914,164,326,187,327,162,140
1254546595,3861790517,0,499,0,499,499,499
531072644,53005570,69,430,0,497,361,497
1236845713,3707735146,124,399,62,313,275,251
921250093,168344510,179,360,16,359,181,343
1290007969,4090631836,39,465,51,471,426,420
1268465728,3951008353,0,498,0,499,498,499
1019325003,516401952,39,460,21,492,421,471
1256926858,3875025263,0,499,0,499,499,499
1322084471,4229650512,88,412,67,458,324,391
1265223705,3929868097,9,490,133,391,481,258
1294210846,4122559802,25,476,142,372,451,230
1285858420,4017676759,0,499,74,444,499,370
1007848186,435239122,0,499,138,360,499,222
1002657887,377749909,22,477,0,499,455,499
1096853360,1333303548,0,499,62,436,499,374
1017472156,506178924,66,482,62,436,416,374
1208800411,3363323611,106,389,6,424,283,418
1275707594,4006536538,0,499,0,499,499,499
1313518266,4199252342,0,496,2,481,496,479
987857888,294544898,42,467,85,346,425,261
1274098010,3997565177,132,341,164,371,209,207
1174590037,2940639582,135,363,175,345,228,170
1296766498,4109958115,28,480,24,469,452,445
989020848,296199645,14,485,133,366,471,233
1323973573,4232365380,0,441,65,499,441,434
1323615134,4231863617,15,484,16,483,469,467
1084150270,1493839542,19,407,10,483,388,473
1252108118,3846829681,0,499,0,499,499,499
1288609192,4084104069,71,428,0,499,357,499
1156570515,2673298878,50,462,128,386,412,258
1209070112,2765293538,33,467,161,331,434,170
957031188,223584948,58,441,0,499,383,499
1189448425,3082185809,0,499,0,499,499,499
1065139656,1146991452,99,397,102,403,298,301
1307389246,4171236753,225,287,0,499,62,499
872397110,117212457,62,436,90,499,374,409
1236535038,3708928230,0,499,0,499,499,499
967009903,253504158,95,415,122,408,320,286
1193038694,3136650816,152,351,128,433,199,305
1066930688,1173353267,29,463,36,461,434,425
893774492,141666911,101,398,0,499,297,499
865785370,108233358,0,499,62,436,499,374
1269455564,3958959498,96,444,135,375,348,240
1135237632,2304202893,167,353,36,446,186,410
1109639872,1847458103,0,499,0,498,499,498
1321535631,4223021354,0,499,26,472,499,446
1198718940,1099447321,154,344,100,399,190,299
1310860246,4184606844,13,465,86,499,452,413
977728793,278801670,0,481,0,499,481,499
1103762299,1817326432,109,389,0,499,280,499
847230430,76624223,0,499,62,436,499,374
1296057124,3773872167,22,467,135,401,445,266
1096612993,255662924,59,441,83,415,382,332
1143142387,2460558458,0,499,103,396,499,293
1286718270,4071960659,25,482,34,472,457,438
970432492,259364744,183,316,0,499,133,499
1276308983,4012721126,0,499,0,499,499,499
1146980874,2527236568,70,429,145,354,359,209
1281724413,4052947784,16,499,85,499,483,414
1312267650,4193922948,20,476,56,451,456,395
1275611690,4006500990,22,470,59,380,448,321
1308182102,4174721981,0,499,0,499,499,499
1153073953,2617710593,80,419,0,499,339,499
1301682062,4151269121,50,456,171,342,406,171
1255139467,3868341732,163,333,13,485,170,472
1309684272,4179729592,41,452,28,444,411,416
1299226835,4139571917,0,499,0,499,499,499
1311419218,4187452527,0,499,0,499,499,499
1324197148,4236297785,122,354,75,432,232,357
1271699174,3979564593,43,458,106,379,415,273
1320100786,4215360632,51,445,135,384,394,249
1208059183,105375780,175,324,150,349,149,199
1283818511,4061616959,119,499,0,499,380,499
1118384697,1980638102,0,499,62,436,499,374
1020457041,518093822,69,429,0,499,360,499
1077324932,143719513,97,395,24,478,298,454
1276309232,4012721146,26,462,139,359,436,220
1114370501,1928728519,52,447,0,499,395,499
1305024217,4164611632,106,388,51,463,282,412
1255143922,3868751678,3,497,102,399,494,297
1113141601,1926957447,40,452,102,394,412,292
1012229970,450132092,62,436,0,499,374,499
1005492064,412804145,72,423,56,440,351,384
1180068090,2994221526,62,432,48,443,370,395
1275816180,4009001431,120,378,68,431,258,363
865514074,107850968,62,436,0,499,374,499
1162886624,2757518969,110,389,145,354,279,209
977853285,278540210,82,417,0,499,335,499
1072736981,1304168477,212,284,216,287,72,71
1102364672,500602668,8,485,52,447,477,395
539506830,53299111,80,419,12,486,339,474
1176505374,2958504337,18,483,69,412,465,343
1209715149,3382583591,15,481,101,411,466,310
956385587,138757695,20,447,102,359,427,257
1301558230,4150999287,48,499,43,499,451,456
859227108,94301299,153,343,100,399,190,299
1230224355,3634586152,88,397,7,485,309,478
846400289,75711215,17,481,0,499,464,499
1065834179,297740690,152,346,100,399,194,299
1175612382,2940834159,29,470,0,499,441,499
290990453,17389440,62,436,0,499,374,499
1244540385,3785187326,0,499,62,436,499,374
1290018755,4090632463,43,453,56,459,410,403
977653468,278517292,103,395,0,499,292,499
1234454689,1434661011,0,499,0,499,499,499
1298959372,3287160002,14,489,41,455,475,414
991588979,299139627,141,281,152,333,140,181
1267306750,3942385098,111,396,145,343,285,198
1234813414,3687268175,50,441,100,395,391,295
1242764588,3765722901,13,486,36,464,473,428
1151733656,2588476053,78,421,0,494,343,494
1252840803,3852546889,72,424,128,371,352,243
1209139513,234811767,210,289,185,314,79,129
1243390729,3773729441,19,480,20,479,461,459
1280499621,4045346273,100,399,137,361,299,224
1264216243,3924747082,0,499,0,499,499,499
1283469857,4061578839,0,499,0,499,499,499
1188538975,3067206750,130,369,130,369,239,239
1121569403,1858348512,137,361,100,399,224,299
1007782336,435117123,54,445,0,499,391,499
1309986912,4181946207,11,453,153,319,442,166
1204218425,3287166503,150,349,184,315,199,131
1243660353,3775276417,0,499,148,436,499,288
1189162493,3066558257,0,499,62,436,499,374
1261631706,3900591055,20,475,53,433,455,380
1262382470,3907678588,101,396,49,455,295,406
1324024140,4235889128,14,452,18,472,438,454
1285836119,4017665378,90,499,0,499,409,499
1310008211,4181948599,32,476,32,475,444,443
1285907504,4071435279,0,499,0,499,499,499
1304114419,4144863401,44,437,87,403,393,316
1252306801,3848487457,123,357,126,356,234,230
1228231356,3615492219,0,499,0,499,499,499
1266849334,3940019191,47,457,181,372,410,191
1280418704,4045104233,14,482,119,457,468,338
1311390462,4187115113,78,447,159,347,369,188
1128198222,2138424420,59,437,4,488,378,484
1248592786,3816444913,0,499,0,499,499,499
891727196,138460642,121,378,100,399,257,299
1007661267,435124089,100,399,45,453,299,408
1008131255,436061261,100,399,53,445,299,392
1252796858,3851795419,63,446,15,487,383,472
919370491,164989936,0,499,62,436,499,374
1258249976,3883967690,45,448,78,421,403,343
1223056263,3568233815,62,436,0,499,374,499
1008716909,439166225,73,425,0,499,352,499
1269017274,3953860641,0,499,0,499,499,499
1123814315,2062701126,160,339,100,399,179,299
941622146,207151281,158,347,201,313,189,112
1294819223,4124216445,57,442,0,499,385,499
1273864547,3995334020,0,499,0,499,499,499
1033138829,645588938,91,407,0,451,316,451
1269332146,3958048004,116,382,25,488,266,463
976330104,275634244,0,499,48,450,499,402
1273319992,3992560886,68,429,95,432,361,337
1178129156,2981088750,60,441,17,489,381,472
1309058134,4179409845,115,391,66,422,276,356
1278212833,4030677012,44,475,125,323,431,198
1285859204,4017676864,112,412,119,387,300,268
1075481526,1347832398,42,468,94,394,426,300
1223341438,3580196594,0,499,83,415,499,332
928753168,180385008,62,436,0,499,374,499
1261184986,3898709180,21,480,69,421,459,352
869183892,112897501,62,437,0,499,375,499
998500484,334575316,195,368,164,328,173,164
1236934968,3716121454,180,319,166,346,139,180
1227300567,2886591750,138,359,199,329,221,130
1121279248,146548740,88,409,52,443,321,391
1245076540,3788586634,167,354,27,437,187,410
1177445731,2860389963,50,449,113,387,399,274
1212148213,3413442858,62,436,0,499,374,499
1097651675,146543415,24,450,115,395,426,280
1254419432,3861646449,0,499,0,499,499,499
983257191,286684962,23,488,44,444,465,400
1096081131,1645314745,73,426,0,499,353,499
1119406179,1998118749,88,406,131,361,318,230
1316204545,4200877594,24,478,139,386,454,247
1122891664,2048952169,150,349,127,388,199,261
1260365415,3893244609,63,253,196,293,190,97
1099131720,1696067285,0,499,100,398,499,298
1254955726,3866916486,20,480,51,452,460,401
1201852025,3249438070,143,343,130,341,200,211
1301431312,4060919388,0,499,0,499,499,499
1308921250,4177868278,0,499,0,499,499,499
1234768195,3690228620,94,411,193,362,317,169
1009333494,440665325,150,349,101,397,199,296
891730244,138459464,163,335,100,399,172,299
1285973336,4071437534,0,499,0,499,499,499
499647061,51846122,203,301,185,317,98,132
993645075,301700417,114,367,113,381,253,268
1262565937,3908517538,57,465,22,457,408,435
1032473013,623604244,42,442,126,366,400,240
1318825690,4217376580,17,486,145,347,469,202
848680365,79644763,100,399,61,438,299,377
987635272,294479434,0,499,0,499,499,499
1242126440,3762644252,137,361,138,361,224,223
1209035184,2886670524,52,415,186,375,363,189
1318652598,4216251210,145,360,176,405,215,229
453598130,50325310,118,381,50,449,263,399
1105831018,1857269398,61,416,108,357,355,249
1191424231,3107233842,18,492,110,386,474,276
1177151802,2970593785,0,499,70,428,499,358
1235490249,3681353014,106,392,77,414,286,337
1190257721,1876686877,80,405,90,431,325,341
971647883,262873334,50,449,100,399,399,299
1026763480,569375660,102,396,50,449,294,399
937415963,197495480,0,499,62,436,499,374
1282282701,4055995508,41,459,24,451,418,427
1069254230,1231314985,76,420,236,330,344,94
1257946023,3883793181,46,434,57,488,388,431
1284182106,4063235394,0,499,0,499,499,499
1156925917,2678802112,65,422,169,344,357,175
1243659973,3775275627,0,499,134,436,499,302
1232343298,3451938282,60,488,204,278,428,74
984307528,257426562,27,473,69,394,446,325
1156971813,2679537644,201,306,122,438,105,316
997671167,331347559,0,499,63,436,499,373
1308745193,4177840942,0,499,17,499,499,482
1301013435,4105613738,42,450,40,466,408,426
1301410253,4151256968,0,499,0,499,499,499
1192459746,3128632825,91,408,26,473,317,447
1318929511,4213792988,60,448,104,395,388,291
934272668,192175592,0,499,0,499,499,499
932963917,189697923,0,499,62,436,499,374
1053735919,1037211690,80,419,169,351,339,182
1281913947,4048730144,0,499,109,389,499,280
1240731001,3748207822,64,468,33,495,404,462
940801465,205143452,188,311,125,375,123,250
1190251673,2647272543,62,437,62,436,375,374
1274661461,19204472,49,449,0,499,400,499
1002708268,384461145,127,372,170,328,245,158
1289179797,4086071880,0,499,72,427,499,355
1052190006,983389294,0,499,137,430,499,293
895895651,121705359,83,415,0,499,332,499
922170552,170808087,228,270,113,391,42,278
1255197093,3862006674,25,478,85,422,453,337
1161727594,2742684007,6,494,106,385,488,279
1259382800,3887635561,35,477,36,469,442,433
972628409,156007604,32,469,152,346,437,194
1259544616,3889142601,121,373,13,475,252,462
969082664,254550912,0,499,60,439,499,379
1318567317,4217948645,0,499,0,499,499,499
1131781450,2209228761,0,499,0,499,499,499
1257232854,3879897557,25,479,210,281,454,71
1231133812,3645635856,157,341,100,399,184,299
987298248,293969747,68,431,0,497,363,497
1317771061,4213444469,64,421,52,420,357,368
1268414722,3951005180,0,499,0,499,499,499
1273051204,3992546666,25,474,49,471,449,422
1316575922,4210245375,46,455,146,357,409,211
1313474602,4183330571,49,446,114,442,397,328
1236934830,3716121263,180,319,153,346,139,193
1151821825,2581187918,114,387,32,407,273,375
1247849582,3813571336,0,499,123,436,499,313
1026012585,558495500,146,350,27,475,204,448
1040339036,811507481,151,335,32,482,184,450
1317478405,4213276600,93,421,25,488,328,463
846585158,18155785,163,335,135,364,172,229
1283316569,4060900127,0,499,62,436,499,374
1246038478,3796900261,2,499,7,497,497,490
1226681574,3603288106,142,423,32,358,281,326
1114671656,1935687100,61,426,33,472,365,439
1257222871,3879896968,0,499,0,499,499,499
1289809278,4089927428,0,499,0,499,499,499
1275675591,4006528471,40,423,67,495,383,428
1261414157,3898723714,71,417,53,445,346,392
1323429206,4231847688,21,458,61,464,437,403
868215676,111664292,83,415,0,499,332,499
1276829414,4017265460,37,461,147,354,424,207
1312708006,4187714876,0,499,0,499,499,499
1283809291,4061615350,0,499,0,499,499,499
1310498942,4183896981,25,468,48,458,443,410
1307843002,4172829802,92,382,38,472,290,434
1316114666,4200870849,23,483,16,465,460,449
1234768193,3690228619,121,386,176,371,265,195
1070776341,1275593033,86,410,28,472,324,444
925998643,91836923,62,436,0,499,374,499
981051253,284152065,162,368,190,315,206,125
1305106116,4164666985,106,388,51,463,282,412
1121315958,2033964009,33,441,33,479,408,446
1321973921,4229796358,41,444,108,464,403,356
1038090697,745514528,109,389,0,499,280,499
1299517617,4141587372,44,405,86,360,361,274
875145210,120998472,192,304,8,496,112,488
1007547836,435060468,56,443,0,499,387,499
1108316121,1874942271,110,389,51,448,279,397
1089458403,1553199421,162,424,189,296,262,107
1311213183,4186472097,0,386,120,381,386,261
1190989960,3100446058,27,486,17,498,459,481
934571528,193049919,205,317,220,291,112,71
1305523282,4165983087,0,499,135,363,499,228
1322273946,4229837142,48,451,182,310,403,128
941620827,207151537,171,302,184,332,131,148
1113113858,1832995314,115,399,48,466,284,418
1306192491,4150350711,26,470,10,485,444,475
1188547368,3067345726,148,329,43,467,181,424
1286437181,4072552672,0,499,62,436,499,374
1248850711,3817903912,30,484,103,380,454,277
1130832906,2188445983,86,334,144,420,248,276
1261386803,3898718563,0,499,241,259,499,18
1273124445,3992403535,63,439,68,441,376,373
1266046900,3931938049,67,432,0,499,365,499
1265204684,3929889978,0,499,0,499,499,499
1113100282,1832988012,80,419,29,473,339,444
1027246207,570621989,107,392,50,449,285,399
1124791338,2083708361,176,321,6,494,145,488
1140310400,2406558331,12,498,157,339,486,182
1265448956,3931004341,16,479,97,396,463,299
1010116889,444455007,65,434,0,499,369,499
1261316178,3898728478,42,499,53,499,457,446
1298822810,4139507432,22,473,67,467,451,400
1182180386,3005786744,0,499,50,449,499,399
1316144642,4200873861,25,483,82,414,458,332
1304008994,4160805347,26,414,47,437,388,390
1317273444,4211717587,0,499,0,499,499,499
1166636929,2823144023,3,495,145,354,492,209
1211402670,3290284171,43,463,37,462,420,425
1260242282,3894922771,46,452,186,401,406,215
1250129329,3829985365,62,436,0,499,374,499
1269179979,2076928382,100,399,25,474,299,449
1310863612,4184607719,0,496,2,481,496,479
322319454,47087999,49,450,97,401,401,304
962862874,6004658,0,499,3,495,499,492
1304016481,4160807217,11,493,85,448,482,363
982219540,285962253,91,407,0,499,316,499
1206634196,3330472094,0,499,0,499,499,499
1178733519,2987928216,126,379,27,470,253,443
1089468108,1553194270,98,425,184,334,327,150
1042983995,380555495,84,415,87,412,331,325
1277588180,4022758165,0,499,0,499,499,499
1027607303,573978407,0,422,63,436,422,373
876357625,121607338,68,431,0,499,363,499
1309329653,4180375552,188,343,18,476,155,458
1291744801,4096910636,188,313,196,308,125,112
958201229,227123788,30,468,0,499,438,499
1269262395,3949163439,94,405,27,471,311,444
1275608979,4006500575,109,384,114,399,275,285
941433050,206579655,156,353,109,404,197,295
1027150475,569801210,107,392,50,449,285,399
1176505318,2958503926,2,498,78,415,496,337
1024794363,547420932,129,358,0,482,229,482
1263295805,3916263383,166,334,130,367,168,237
1247849634,3813571355,0,499,123,436,499,313
1266505576,3938617243,13,480,124,486,467,362
1134166814,278395316,145,354,100,399,209,299
933255469,190107559,73,426,0,499,353,499
1283480342,562228723,119,455,20,489,336,469
1156703338,287813497,0,499,166,332,499,166
1273438868,3992643844,55,450,62,446,395,384
1113113754,1832995280,87,420,41,467,333,426
1291272816,4101062907,67,432,0,499,365,499
1275357484,4004149066,30,457,53,455,427,402
1285874865,4017685280,0,499,0,471,499,471
1051759113,981230463,33,342,27,311,309,284
1023808113,537899081,146,353,98,402,207,304
1258885202,3887569535,15,485,91,407,470,316
1314397009,4202302015,106,404,75,451,298,376
1054749307,1048003590,94,428,98,404,334,306
987629287,294477468,116,390,18,484,274,466
1324130283,4236042548,0,423,40,312,423,272
1288377887,4081441058,115,399,84,434,284,350
1116172715,1953867515,0,499,100,399,499,299
1320167230,4215438407,112,395,76,409,283,333
1307796263,4172825631,21,493,3,494,472,491
1084602636,1498751504,167,351,110,390,184,280
1158664540,2702363257,14,471,87,422,457,335
862213878,101741459,70,430,0,499,360,499
1023238860,534334370,0,499,62,436,499,374
973161294,268056504,120,376,164,353,256,189
1307329582,4171232575,26,477,144,399,451,255
1273033004,3992538248,30,463,68,440,433,372
1303090925,4157550648,50,449,117,379,399,262
1246433342,3794183901,0,499,86,413,499,327
1271082465,3975259154,0,499,83,415,499,332
1100077279,1711732964,70,429,145,354,359,209
858078445,92235081,69,430,0,499,361,499
937438324,116497435,77,421,0,499,344,499
1317474646,4209815648,20,475,57,477,455,420
1007359082,416618122,66,433,0,499,367,499
1277588675,4023548272,67,421,39,466,354,427
1041132613,823775706,115,368,88,437,253,349
1177271250,2971764990,106,379,123,389,273,266
1244547523,3785102765,37,443,32,482,406,450
1289985195,4090787083,93,406,157,356,313,199
1233300100,1161967697,19,481,92,433,462,341
1077531022,1374056867,70,429,0,499,359,499
1285919594,4071503244,79,419,0,499,340,499
1309094851,4179594672,36,452,57,450,416,393
1264003010,3923304860,71,429,86,385,358,299
1281720047,4052932479,63,424,94,422,361,328
1199320402,3222899074,71,427,0,499,356,499
1012181128,458426201,191,307,165,334,116,169
1068812905,1201073336,77,423,4,489,346,485
1108315720,1874931046,110,389,63,435,279,372
1278119201,4029712477,113,403,51,416,290,365
1215516655,3470057965,76,425,16,491,349,475
1292793820,4109612357,62,436,0,499,374,499
1226473283,3599086892,111,389,11,356,278,345
1181662513,3003920239,19,493,96,387,474,291
1289197476,4086076107,0,499,51,451,499,400
1155782061,2660100427,88,409,119,398,321,279
1190250735,1940303062,87,399,169,352,312,183
1153319940,2610731673,0,499,62,436,499,374
1260706700,3895301097,117,401,11,483,284,472
673317388,56581704,79,419,0,499,340,499
1096625518,1657224853,141,340,104,437,199,333
983617826,287751456,141,431,50,455,290,405
1226149397,3596078492,209,290,293,392,81,99
1208681617,3361567733,40,451,40,469,411,429
1192151705,3122669582,71,431,243,486,360,243
1227034110,3604831238,0,499,0,499,499,499
1258317967,3881732864,105,475,139,383,370,244
1282918813,4057768247,131,261,177,342,130,165
1047983688,934936819,91,386,0,491,295,491
1188696500,3070564546,115,386,229,321,271,92
1292380584,3118471175,12,488,40,492,476,452
920985839,167607618,203,296,180,319,93,139
1078596152,1400174090,0,499,0,499,499,499
1008112958,435932325,107,392,50,449,285,399
1204251434,3287291737,92,406,9,489,314,480
1313214661,4197496057,64,452,67,426,388,359
1286521841,4075304662,88,413,4,466,325,462
1146403397,208532945,42,463,30,499,421,469
1119508331,1999085013,109,389,0,499,280,499
1087851346,1530512707,190,299,30,460,109,430
1127282037,2117436051,71,427,0,499,356,499
1309658476,4181416160,61,438,0,499,377,499
1144198526,2476577455,26,473,110,389,447,279
1313432443,4197675760,161,294,124,339,133,215
1108360901,1875781968,0,499,109,389,499,280
1264814579,3927679773,140,358,142,364,218,222
1117497666,1974797935,70,428,0,499,358,499
1244540955,3785187798,0,499,62,436,499,374
853543752,82485294,19,479,0,499,460,499
1243044145,3770240469,0,499,0,499,499,499
1311468116,4187455841,76,406,104,406,330,302
1171809951,2525210352,74,425,0,499,351,499
1254066875,3860071260,0,499,0,499,499,499
1308732485,4177821885,0,499,0,499,499,499
1312710912,4167679455,50,448,0,499,398,499
1321067304,4221735521,119,379,15,475,260,460
881171418,125443965,0,499,63,437,499,374
1153288429,2604809950,26,464,161,346,438,185
947001157,209139076,236,265,0,499,29,499
1240239420,3745173357,145,354,101,398,209,297
1160518010,2724864560,122,430,233,373,308,140
978861825,158980500,0,499,62,436,499,374
1152760240,2610686842,0,499,178,391,499,213
1244540932,3785187791,0,499,62,436,499,374
833833609,4310998,62,436,0,499,374,499
1275411963,4004191451,21,476,61,467,455,406
1151945974,2594124627,0,499,109,389,499,280
1275575871,4006497218,30,465,79,429,435,350
1190866134,3098368171,0,499,83,415,499,332
1176505352,2958504239,1,497,78,421,496,343
1237108023,669658678,24,448,157,344,424,187
978990849,280929176,62,436,0,499,374,499
1250268434,3831364268,0,499,62,436,499,374
1096634596,1657367050,87,339,150,324,252,174
1309139569,4179726402,0,499,0,499,499,499
1311532753,4187535469,0,499,0,499,499,499
684919436,51164775,67,432,0,499,365,499
1237152062,3716559599,126,391,104,398,265,294
1233827169,3682502426,0,499,0,499,499,499
1221763428,3566348919,0,476,0,490,476,490
835281057,66829896,90,409,130,369,319,239
1276351751,4012863877,19,466,0,418,447,418
1294225717,4120729415,62,436,0,499,374,499
1130183177,2178446011,0,499,109,389,499,280
1260723403,3895295270,25,471,65,466,446,401
1292554345,4108950964,20,427,110,405,407,295
1166801945,2824833593,104,370,10,478,266,468
1276020097,4010223982,97,398,239,487,301,248
977729006,278801690,0,499,65,445,499,380
1190256187,1876686106,23,475,187,345,452,158
1265222374,3929899352,7,495,2,493,488,491
991263734,286573191,62,436,0,499,374,499
1033296241,648387770,0,499,62,436,499,374
933245406,190101667,21,499,24,475,478,451
1146396529,179375454,55,443,45,455,388,410
1324268029,4233666394,162,348,13,400,186,387
1314759678,4186672705,93,427,190,412,334,222
1253521007,3857186522,150,363,12,488,213,476
1042800879,844829151,0,499,83,415,499,332
1317007272,4211512665,23,476,53,441,453,388
1068066730,1182240403,88,417,13,481,329,468
957886869,131675115,26,472,82,417,446,335
1015250210,479310956,0,499,84,415,499,331
1273433637,3992724843,29,464,48,441,435,393
900684729,112585600,42,457,0,499,415,499
1209404864,3376805403,207,377,226,267,170,41
1038261356,621687446,13,483,158,359,470,201
995597790,303844039,130,367,38,475,237,437
1215510993,3470054223,49,474,93,405,425,312
892039068,138671578,130,369,77,421,239,344
1267261288,3813572007,0,499,140,436,499,296
1302557174,4155424525,0,499,0,499,499,499
1239448967,303783338,48,430,149,343,382,194
1128171317,2131912612,182,312,209,287,130,78
1282932938,4057768809,111,361,109,488,250,379
1255664424,3870711998,41,484,50,429,443,379
1243659304,3775275203,0,499,62,436,499,374
1281779902,4053081566,47,460,82,421,413,339
1311216609,1892637805,58,437,160,341,379,181
1192264613,3119841596,138,361,120,375,223,255
1243404966,3773718295,28,471,28,471,443,443
1067179698,1178069661,69,429,0,499,360,499
1278672586,4036609528,0,499,0,499,499,499
1301453575,4151063010,0,499,0,499,499,499
1301528636,4150996680,1,499,17,499,498,482
1265238795,3929959950,9,490,128,321,481,193
1041180509,824467277,77,457,39,421,380,382
1276318474,4012662781,0,499,58,441,499,383
1321341257,4225630057,0,499,109,390,499,281
995609931,303885191,141,366,29,475,225,446
1279764384,4041457393,0,499,0,499,499,499
1136005353,2317203986,41,459,106,425,418,319
1137975392,2357779588,43,452,49,461,409,412
1024064180,62078342,78,421,2,499,343,497
1244540369,3785187320,0,499,62,436,499,374
1026861082,315515963,105,393,50,449,288,399
1301670153,4151268514,128,373,35,464,245,429
882041913,121670565,71,427,44,455,356,411
1195500969,3170652618,87,410,165,389,323,224
1252627763,3850328577,0,499,154,436,499,282
1225836505,3593073363,17,485,118,377,468,259
1154598090,2641294106,50,450,194,345,400,151
1255815745,3871169113,40,499,40,499,459,459
1263831015,3921186065,172,323,20,478,151,458
1311057312,4182118101,3,362,60,499,359,439
1298277235,4137059337,31,453,62,417,422,355
1270027391,3966589039,19,492,70,442,473,372
1037852743,148812587,109,389,0,499,280,499
500093907,168819084,106,391,65,434,285,369
1252628043,3850328830,0,499,62,436,499,374
1313620762,4198481300,0,499,0,499,499,499
1257254210,3879893041,0,499,0,499,499,499
1124968751,2078278505,137,361,100,399,224,299
1319957913,4215274652,93,344,28,453,251,425
1067926982,1185760655,43,443,114,392,400,278
956388517,138755297,20,474,8,484,454,476
1275473412,4006487886,16,486,148,471,470,323
1323368915,4231826294,30,448,64,464,418,400
1241794695,3760822748,84,415,0,499,331,499
1273346645,3992565251,21,470,63,468,449,405
1260268384,3893192098,46,460,45,485,414,440
1064777337,1141539183,0,499,79,419,499,340
1110344093,1829005665,0,499,62,436,499,374
1103566561,1811944609,10,488,0,499,478,499
1320968250,4221642652,367,470,208,408,103,200
1283856361,4061620177,0,499,0,498,499,498
1243842614,3776680644,95,406,13,477,311,464
1186690951,3027493560,62,436,0,499,374,499
1303779983,4159407750,0,499,0,499,499,499
1149163205,2554165876,73,454,113,378,381,265
956368395,138715325,9,491,167,331,482,164
1067865557,1184986799,0,495,64,428,495,364
1049197671,949954399,9,490,0,499,481,499
1285867405,4017681931,5,497,129,443,492,314
1234468167,3684647052,31,468,31,468,437,437
1234812020,3685045901,200,295,204,292,95,88
1010840477,449010583,74,425,1,498,351,497
948553170,211282557,214,299,182,267,85,85
1033910106,669445714,130,379,25,475,249,450
922406662,171276417,162,336,0,499,174,499
1273136976,3993154510,39,461,137,356,422,219
1007577106,435036423,81,418,0,499,337,499
1172791638,2920940602,0,415,84,415,415,331
1305809837,678677301,72,426,0,499,354,499
971423671,262158796,68,466,233,263,398,30
1189475983,3080270177,161,338,125,374,177,249
1023351592,529916833,62,436,0,499,374,499
1235182924,3692449678,34,474,60,460,440,400
894093923,141958625,65,433,142,357,368,215
1328278687,4250628404,0,499,0,499,499,499
1066127732,205353566,0,499,109,389,499,280
905730902,150258638,67,431,0,499,364,499
1263766819,3921311829,125,378,10,499,253,489
1284109552,4063219184,66,408,133,352,342,219
1321341325,4216376224,0,499,109,389,499,280
864764082,48284403,68,431,0,499,363,499
980042819,282840342,80,411,3,494,331,491
1077312117,187803991,88,412,0,499,324,499
1155983370,2662886874,103,394,185,320,291,135
1220883389,3557659512,0,499,62,436,499,374
1232886416,3670934243,56,440,208,331,384,123
1274750472,285746431,12,486,46,453,474,407
1067505449,278584553,143,356,100,399,213,299
1292446761,4108916962,88,428,194,328,340,134
1262884036,3910519186,0,499,29,469,499,440
1262113952,3904649698,67,427,116,395,360,279
1305108677,4164667266,106,388,51,463,282,412
1192164362,3122723239,71,431,248,486,360,238
1123723411,1118849517,4,494,13,486,490,473
1323093198,4231812944,0,499,0,499,499,499
1252627746,3850328569,0,499,154,436,499,282
1252627700,3850328536,0,499,62,436,499,374
1252796856,3851795418,63,446,15,487,383,472
1013302745,465212988,0,499,63,436,499,373
1289983536,4090774974,143,362,80,428,219,348
1009667780,123528139,183,315,150,349,132,199
1257675115,3882288842,62,436,0,499,374,499
1271686094,3976851749,1,499,130,367,498,237
858283700,92561219,108,391,50,449,283,399
1101535327,1035052943,75,424,0,499,349,499
939063023,201533790,141,357,100,399,216,299
963324373,243208781,0,499,75,423,499,348
1049839140,956016282,107,390,38,464,283,426
1026838441,569563202,115,383,50,449,268,399
1286959080,4077010940,198,380,19,131,182,112
505795144,52240172,62,436,0,499,374,499
1279811278,4041646782,78,421,97,402,343,305
1230789898,3641713894,0,499,0,499,499,499
894417024,85750002,187,311,167,330,124,163
1124141644,2071767744,0,499,110,388,499,278
1256782888,3875046388,1,499,20,499,498,479
1124782827,2083255229,75,424,0,499,349,499
989022958,296201394,0,499,181,317,499,136
962792728,51775456,62,436,0,499,374,499
1304131381,4145254331,116,395,106,328,279,222
1207477844,3334311440,71,428,0,499,357,499
1252819519,3852099998,185,316,68,431,131,363
1098421216,1686023789,0,446,100,375,446,275
1276833739,4017270107,0,499,0,499,499,499
1119972870,2006302194,79,419,0,499,340,499
973908873,270193583,112,339,175,348,227,173
833209478,60895873,64,434,0,499,370,499
1155658801,2640726223,62,436,0,499,374,499
1017223666,505308763,73,426,0,499,353,499
1323054726,4231410371,39,471,18,466,432,448
854988682,47697453,70,429,20,499,359,479
1258322493,3883969189,0,499,61,499,499,438
1260375001,3893244944,0,499,0,499,499,499
571750422,54099559,158,340,122,377,182,255
1258683255,3885554328,0,499,0,499,499,499
1174591378,2940640067,130,369,130,369,239,239
1316221468,4209005741,0,484,7,481,484,474
1318934474,4213812361,121,347,31,490,226,459
1252747657,3851264134,202,289,117,352,87,235
1029475995,591475417,13,476,103,399,463,296
1249535062,3819980439,169,329,192,303,160,111
1251069868,3837506645,4,497,117,383,493,266
1156971789,2679537632,97,429,65,440,332,375
1269387798,3957785111,0,499,0,499,499,499
1323305962,4231802658,0,499,0,499,499,499
1230499728,3638961047,0,499,0,499,499,499
1166894035,2825944952,69,429,70,429,360,359
1317007236,4211512449,135,399,118,373,264,255
1211753818,3409961804,0,499,15,499,499,484
1225889733,1254094424,179,319,157,341,140,184
922170087,170807951,215,251,0,499,36,499
920798960,157356851,0,499,62,436,499,374
1207557067,3342082608,168,344,85,440,176,355
1289018884,4085960129,0,361,67,499,361,432
1256969172,3876188863,0,499,0,499,499,499
1245956839,3269605082,76,422,0,499,346,499
1283113285,149832018,89,409,0,499,320,499
1282986576,4057771695,0,499,0,499,499,499
1041679574,831959389,74,431,16,484,357,468
1007610663,435071592,100,399,40,459,299,419
1041682089,831980316,17,479,20,490,462,470
1027759797,575937900,69,430,6,492,361,486
1118680970,1987681989,0,499,110,388,499,278
857513871,91610967,0,499,132,367,499,235
1240355835,3746818825,109,389,0,499,280,499
1254227481,3859873729,145,348,133,443,203,310
1312672163,4195558652,92,402,35,467,310,432
981985911,285428194,51,454,35,499,403,464
1057013749,1074646347,62,436,0,499,374,499
1299069434,4141632274,116,378,33,477,262,444
1292554363,4108950967,20,427,110,405,407,295
977773266,278534706,90,408,71,499,318,428
965169803,249708447,0,499,83,415,499,332
1320604710,4113866577,0,499,84,415,499,331
1311389292,4187115068,54,473,147,365,419,218
1273205446,3992587832,46,471,47,459,425,412
1123605850,278576748,156,342,100,399,186,299
1305323143,4165343752,0,499,0,499,499,499
1287314242,4077184404,0,499,0,499,499,499
1228899901,2648986926,133,366,0,499,233,499
1308860865,1832219726,100,399,22,477,299,455
1202846570,3222047404,62,436,0,499,374,499
1268110869,3944649569,24,469,41,477,445,436
1123822518,2062707017,160,339,100,399,179,299
1267326271,3942398295,7,491,74,402,484,328
1124191289,1556884812,88,411,0,499,323,499
1027243468,570686693,105,394,50,449,289,399
1312515741,4195186883,114,385,180,320,271,140
1077896121,1386466770,78,420,0,499,342,499
933884486,191475422,33,465,0,499,432,499
1105412121,1848933719,204,303,70,426,99,356
957149370,223925862,0,499,67,431,499,364
1308857157,278406043,100,399,183,405,299,222
1066929060,1173352231,134,366,10,480,232,470
1255192672,3868403639,50,448,73,418,398,345
1282813803,4057525312,118,358,38,478,240,440
1281326209,4050825354,19,492,69,442,473,373
845377051,74165719,75,376,91,423,301,332
1124391794,1600285257,53,445,0,457,392,457
1076680158,1366909691,109,389,0,499,280,499
1026959093,315515837,105,393,50,449,288,399
1253960698,3859438028,24,454,63,464,430,401
969830786,257790801,117,381,65,434,264,369
1319429848,4214364236,32,178,169,325,146,156
1265224186,3929899770,12,487,137,364,475,227
1117495994,1327088501,62,436,0,499,374,499
1253620931,3853548671,0,499,62,436,499,374
1265207569,3929890078,126,403,9,493,277,484
847886072,77563000,194,305,171,328,111,157
1048018561,935612728,0,499,62,436,499,374
1156925863,2678802066,54,418,15,466,364,451
13913530,1436094,73,426,0,499,353,499
1313216103,4182809590,122,378,44,462,256,418
1283914330,4061627588,0,499,115,499,499,384
1301527127,4150996584,0,499,0,499,499,499
930980058,185176937,0,499,62,436,499,374
1275165281,4003929231,32,479,38,469,447,431
1308773682,4177815169,34,473,22,468,439,446
860020080,96613277,144,360,108,387,216,279
1113102587,1832988999,139,358,0,499,219,499
1008105537,435913870,100,399,68,430,299,362
1128194024,2138420076,177,337,96,462,160,366
1066566739,1159350623,62,436,0,499,374,499
1269953706,3964949163,11,478,88,469,467,381
1174586736,2940638765,70,481,91,495,411,404
1100079011,1711734835,110,389,51,447,279,396
1305017792,4164610954,106,388,51,463,282,412
1243659384,3775275367,0,499,157,436,499,279
1272876238,3991283913,91,407,12,487,316,475
1177147607,2970573477,144,355,5,494,211,489
1304093542,4160936314,106,388,51,463,282,412
1160545287,2724912207,102,401,167,327,299,160
1311904671,4188974400,60,446,85,408,386,323
854032951,85367724,203,301,179,324,98,145
941678742,207196200,104,393,152,342,289,190
1027127397,569940050,101,397,50,449,296,399
1122397257,2047572149,150,349,124,388,199,264
1159922309,2721370555,58,462,238,274,404,36
1311369958,4187040647,0,499,0,499,499,499
158770930,3093206,73,425,0,499,352,499
1143681703,2470123199,0,499,83,415,499,332
1125858669,2095110753,6,494,4,497,488,493
973612643,269649402,0,499,62,436,499,374
1320452799,4224615839,76,443,172,473,367,301
1289794701,4089924783,45,451,99,405,406,306
1253227926,3855386949,50,466,110,363,416,253
874538569,109675285,71,427,0,499,356,499
1283652921,4061596192,227,343,199,354,116,155
1316915017,4210960380,0,499,0,499,499,499
1271091403,278572220,100,399,38,460,299,422
1265181880,3929867520,0,499,0,499,499,499
1176274365,2952983848,0,499,109,389,499,280
1235521894,3690459069,0,499,62,436,499,374
1084653323,1500092718,93,405,0,499,312,499
1300149241,4145102661,27,480,90,427,453,337
1285060378,4063748953,20,459,37,467,439,430
1131290476,2196583530,61,438,0,499,377,499
1123518401,2056555175,0,499,70,429,499,359
1144941646,2483986738,62,436,0,499,374,499
1249533210,3819977529,0,499,0,499,499,499
1154709821,2643705562,62,436,0,499,374,499
326469132,13977270,103,395,13,485,292,472
1177978693,2979246053,0,499,0,499,499,499
1275462468,4006429100,16,481,142,406,465,264
1302785285,4156529947,45,474,10,486,429,476
1101346638,1761754378,84,415,0,499,331,499
1104072830,1755232647,0,499,82,417,499,335
1118441110,1984419401,49,482,38,474,433,436
965244786,249993822,0,499,62,436,499,374
1143086220,2459579581,0,499,9,489,499,480
1271573099,3978108652,19,483,157,423,464,266
1297000277,828290329,83,415,0,499,332,499
1282287380,4055998560,8,493,11,488,485,477
1276353444,4012864113,0,499,0,499,499,499
1283508781,4061479340,0,499,0,499,499,499
1310079937,4181962199,0,479,0,499,479,499
1250268190,3831364140,0,499,167,436,499,269
1211300207,3373852664,150,349,100,399,199,299
958568164,228489656,160,344,185,336,184,151
1310460977,4183893772,76,434,78,441,358,363
1244137211,3779508853,51,414,134,363,363,229
1255943926,3872798310,100,399,100,399,299,299
1308827090,1120050550,100,399,42,442,299,400
447412072,50300509,54,444,0,499,390,499
1323941134,4231944881,29,499,32,499,470,467
1309145290,4179726527,153,477,131,473,324,342
1141219835,2426230750,0,499,62,436,499,374
1089483813,1553255291,3,478,37,463,475,426
1313304008,4197507123,53,456,100,420,403,320
1317334364,4122566317,0,499,83,416,499,333
863819719,105048935,191,307,258,339,116,81
861903467,100771989,71,430,0,499,359,499
1066112942,278553743,156,342,100,399,186,299
1276225298,4012179128,0,499,0,499,499,499
1027083137,569929807,107,391,50,449,284,399
1283877499,4061621254,119,363,67,459,244,392
1117041866,1967323837,0,499,109,389,499,280
1093607691,1605235353,0,499,62,436,499,374
1136447246,2330691580,37,454,136,375,417,239
1261199191,980042499,0,499,62,436,499,374
1228493935,3617308007,0,499,62,436,499,374
1305332826,4165064901,23,484,137,374,461,237
882890451,6932379,56,442,0,499,386,499
1301528615,4150996678,40,455,51,434,415,383
1320217943,4215691591,32,462,37,459,430,422
1241429357,3756677755,194,305,191,310,111,119
1240713088,3748198543,19,480,63,499,461,436
888150110,134291310,0,499,83,415,499,332
939600624,202628019,84,412,26,472,328,446
1300060210,4144868039,92,382,38,472,290,434
1311422946,4187452885,53,436,44,499,383,455
977175288,211379242,79,401,24,473,322,449
876796522,122184881,0,499,62,436,499,374
1254944367,3867138220,26,473,66,412,447,346
1323276334,4231689281,138,371,62,447,233,385
1255717349,3871019023,27,426,92,439,399,347
931246632,185644991,53,446,11,499,393,488
926659324,178984766,73,425,0,499,352,499
1311615765,4188734691,1,498,0,499,497,499
1209717100,3382587057,90,427,31,469,337,438
1279767437,4041458200,18,481,71,434,463,363
889215544,135304930,61,438,0,499,377,499
977890853,278555680,87,411,0,499,324,499
1099009912,1698894161,85,403,119,472,318,353
987461503,294327351,77,421,0,497,344,497
933244877,190099931,116,391,31,476,275,445
1276975143,4017745672,0,499,0,499,499,499
926913993,179376132,65,427,67,430,362,363
980535618,283682779,85,419,84,411,334,327
925347511,176161371,0,499,67,431,499,364
1323283110,4231690378,0,499,18,499,499,481
1226445202,3598558926,0,499,68,431,499,363
1232369482,3660534472,9,499,176,405,490,229
1212887011,3435959009,68,431,0,499,363,499
862680725,102703596,123,325,163,333,202,170
1279767651,4041458222,71,428,0,447,357,447
1099707084,1706101668,57,447,66,499,390,433
1275405771,4004175274,16,463,59,468,447,409
973631449,269674343,48,456,97,407,408,310
1261127864,3898268851,0,499,83,415,499,332
1243659390,3775275370,0,499,157,436,499,279
1218649090,3515437237,129,355,147,357,226,210
1240241765,3745176642,68,429,96,401,361,305
275684685,13304452,62,436,0,499,374,499
1174126534,2934297472,62,436,0,499,374,499
1048598116,942806714,73,425,0,499,352,499
366614430,2458650,100,399,12,486,299,474
1110257780,1901112732,137,361,100,399,224,299
1234768135,3690228572,0,499,0,499,499,499
600763277,54730531,62,436,0,499,374,499
1317371435,4212779807,50,464,100,385,414,285
1158078094,2694678898,0,499,62,436,499,374
1270090701,3968224370,71,427,0,499,356,499
1251803818,3845095347,88,409,0,499,321,499
1149635570,2554528414,0,499,0,499,499,499
1268542858,1099448714,100,399,4,494,299,490
1328339684,4250681393,0,499,6,499,499,493
1192152065,3122669612,71,431,254,486,360,232
1148794243,2548095255,0,499,62,436,499,374
1215369761,3470036350,112,489,118,388,377,270
1323323356,4231808866,30,448,64,464,418,400
928155447,181462152,219,284,25,399,65,374
1321324858,4222981054,117,392,40,433,275,393
1007701913,435250523,90,408,0,499,318,499
1283926755,4063333970,49,446,58,443,397,385
876333517,81983829,91,408,0,499,317,499
1172463069,541746681,27,481,5,495,454,490
1276031207,4010224775,18,499,32,499,481,467
1308835510,1556301864,100,399,16,483,299,467
1233500945,3680237243,0,499,62,437,499,375
1031798076,613661485,62,436,0,499,374,499
1243406158,3773718797,19,480,20,479,461,459
1294489444,4122565178,40,483,175,335,443,160
941884476,207548491,67,431,0,499,364,499
1267336172,3942399875,9,490,48,454,481,406
1123533397,2055983279,64,412,58,432,348,374
1255096042,3868241715,31,499,75,499,468,424
1313413135,4197673017,56,465,110,392,409,282
1190973165,3099140990,0,499,62,436,499,374
1253151888,3855161613,113,439,216,302,326,86
1324020442,4235888289,0,499,1,483,499,482
1124787079,2083532265,109,389,0,499,280,499
1174590384,2940639672,22,477,72,453,455,381
1250934001,3836749831,104,433,32,489,329,457
1264894929,3928053060,44,448,149,342,404,193
1308898999,4177867157,24,447,74,463,423,389
1193637357,3148097427,205,311,178,307,106,129
995836740,304276169,62,436,0,499,374,499
1308849475,4177839540,143,346,81,431,203,350
257855406,6861950,112,387,46,445,275,399
1126248696,2101676737,116,386,145,338,270,193
1325141275,4240466238,83,405,137,354,322,217
1280429266,4045060537,72,453,94,438,381,344
1280816781,112384859,75,426,16,484,351,468
1128338014,2134858058,153,325,150,358,172,208
1070876548,1280649264,0,499,77,422,499,345
1283566254,4061584739,0,499,0,499,499,499
1301846338,4151009604,62,499,40,499,437,459
857278958,87252942,155,344,174,334,189,160
1019296084,516391259,89,409,1,497,320,496
1291760366,4103567859,68,430,0,499,362,499
1306634596,4168967806,0,499,0,496,499,496
1066125485,1152390042,0,499,62,436,499,374
1102364255,845432794,2,498,63,435,496,372
1269763612,3460029528,100,399,36,471,299,435
1240859784,3750169111,56,449,102,433,393,331
1156654297,2675087221,137,349,132,366,212,234
1306827098,4167089374,106,388,51,463,282,412
971680107,262868105,116,382,150,349,266,199
1108215832,1871867490,0,499,109,389,499,280
1192458761,3128632294,124,374,0,499,250,499
1064687475,146543128,124,375,106,393,251,287
932895398,189446713,128,374,66,436,246,370
1252157216,3847735155,172,322,115,495,150,380
1007611045,435096319,84,414,0,499,330,499
1283559071,4061481249,0,499,0,499,499,499
1009064233,439708464,73,425,0,499,352,499
1076172891,364387369,0,499,109,389,499,280
1083570401,1483567554,86,410,110,398,324,288
989459652,111362110,25,474,0,499,449,499
1244326330,3782771599,0,499,126,436,499,310
1037418562,558827900,0,499,62,436,499,374
925364872,176977360,0,499,0,499,499,499
1318450032,2061814291,110,377,34,468,267,434
884900689,130397679,78,420,2,499,342,497
1278186005,4030225590,49,468,60,420,419,360
1100061581,1711736913,70,429,145,354,359,209
1235980539,71292083,107,391,51,448,284,397
1275508749,4006491160,0,456,64,499,456,435
1278772661,4037080191,52,467,52,457,415,405
1311952113,4188996375,139,353,72,451,214,379
1282538948,4057543664,0,499,0,499,499,499
38461730,1387292,1,497,0,499,496,499
1282891223,46353554,54,445,0,499,391,499
1185681598,3021616436,108,393,162,355,285,193
1125494728,2092270073,137,361,100,399,224,299
1293976149,4121132029,0,499,83,415,499,332
1029667554,592752064,62,437,0,499,375,499
1248845443,3817902011,35,491,51,499,456,448
1318106444,618925700,44,452,3,485,408,482
1208976070,3366179456,1,498,154,363,497,209
833322677,63901698,170,329,137,361,159,224
1084058996,1492456437,0,499,62,436,499,374
927338170,543823294,0,499,206,499,499,293
1214929908,3464089973,20,479,0,499,459,499
1318611011,4215227602,25,491,2,497,466,495
979852681,282524575,0,499,84,415,499,331
1008197731,436076819,107,391,50,449,284,399
1253972842,3859456296,0,499,0,499,499,499
1118312260,1982418937,109,389,0,499,280,499
1271444015,3976920312,0,358,102,471,358,369
833347280,2457170,68,431,0,499,363,499
1307460192,4171080341,0,437,94,499,437,405
1030550924,598797035,0,499,109,389,499,280
1190257684,1876686870,134,361,82,424,227,342
1044259312,859172774,130,368,107,386,238,279
1223974043,3585085385,131,353,139,390,222,251
1188538892,3067204213,130,369,130,369,239,239
1083000086,1332447428,116,382,155,343,266,188
1305526586,4165984733,0,499,238,258,499,20
1279915036,4042292752,0,499,62,436,499,374
1318660962,4217951608,0,499,0,499,499,499
1079215040,1416543092,156,343,100,399,187,299
1289611087,4087657311,0,499,0,499,499,499
1007252916,433522908,100,399,100,399,299,299
1158491885,2700104866,83,416,31,465,333,434
1027024357,569921261,101,398,50,449,297,399
1251716169,3287386,46,453,0,499,407,499
1098163838,417327127,0,499,62,436,499,374
1301550732,4150998837,0,499,0,499,499,499
1256926947,3875713940,66,499,154,427,433,273
1073303355,1317007270,62,436,0,499,374,499
1278299475,4031689386,110,389,54,445,279,391
1298650239,4111994387,32,473,74,428,441,354
1148921833,2550109409,0,499,84,415,499,331
1033781185,658767211,62,436,0,466,374,466
1273782283,3992810673,34,472,25,463,438,438
1280371374,4044742485,37,375,50,462,338,412
1243424915,3773722594,39,470,62,425,431,363
1244540608,3785187509,0,499,122,436,499,314
1213706854,3452223480,66,432,0,499,366,499
1308934719,278560024,116,399,30,447,283,417
1295960113,4128274515,134,382,124,397,248,273
607208205,54843148,62,436,0,499,374,499
1255206242,3868368378,20,479,0,410,459,410
1313460991,4197523726,149,351,27,499,202,472
1240625182,3748054106,0,499,0,499,499,499
1257571791,3873781727,96,466,107,473,370,366
1296418130,4130473658,0,499,0,499,499,499
1306877403,4167094657,106,388,51,463,282,412
1319965752,4215293008,139,359,34,460,220,426
1109650079,1881884784,17,491,110,383,474,273
927708555,180810567,0,499,62,436,499,374
1121420239,2035478952,20,481,20,482,461,462
1260706203,3890882789,62,436,0,499,374,499
1139690962,1830970785,213,285,189,301,72,112
1123363066,2052491352,62,436,0,499,374,499
1319695116,4214669438,52,433,74,469,381,395
1266785220,3939951039,235,262,10,491,27,481
1255693115,3870850319,90,396,36,466,306,430
1319404307,4220799544,0,499,109,389,499,280
958865350,229938780,4,495,10,489,491,479
954436473,218449680,106,381,161,343,275,182
858385268,92692968,86,413,0,499,327,499
1223591480,3582307698,90,406,10,455,316,445
1110774347,1901256457,155,343,100,305,188,205
1027084268,569795415,101,398,50,449,297,399
862499702,58546150,104,394,0,499,290,499
1281929325,4044227180,24,471,135,365,447,230
1174589041,2940639409,197,313,137,365,116,228
1242946394,3767946811,100,399,31,467,299,436
1105823512,1857047536,152,346,100,337,194,237
1309260670,4180054957,0,499,0,499,499,499
1033899971,462695595,72,427,0,499,355,499
1124370030,2076183129,97,427,43,457,330,414
1249534242,3819978894,214,279,219,272,65,53
1057879290,1082687881,83,416,0,499,333,499
1069191194,1228315199,86,413,0,499,327,499
1064567649,1129208319,97,402,0,499,305,499
1247849831,3813571476,0,499,62,436,499,374
998117168,331852564,62,436,0,499,374,499
1163604488,2765964518,62,436,0,499,374,499
1068089209,1188923645,62,436,0,499,374,499
1304094964,4160937118,106,388,51,463,282,412
1268414623,3951005160,120,405,96,399,285,303
1120661239,2016605260,137,362,186,313,225,127
1192170337,3122834938,68,432,22,488,364,466
1311965082,4188999789,15,485,84,415,470,331
1291751585,4100980269,0,499,62,436,499,374
1156844759,2678249339,186,368,102,468,182,366
984423124,289011432,11,466,92,411,455,319
1279036836,4037877172,12,485,22,480,473,458
933236690,190093804,75,424,0,499,349,499
1278044463,4029213888,38,461,13,499,423,486
1196197861,3180057587,62,436,0,499,374,499
1275698678,4006535512,39,436,79,412,397,333
1103768453,1818961258,92,445,85,412,353,327
1220467659,3546050503,33,467,112,387,434,275
1174580448,2940637029,30,491,8,477,461,469
1310004018,4181948230,0,471,10,475,471,465
1249535195,3819982005,188,313,193,320,125,127
1304634322,4163226582,0,499,62,436,499,374
1252358320,3848478666,0,499,0,499,499,499
587641008,54380220,0,499,64,434,499,370
980541720,283678026,73,426,0,499,353,499
904593117,149350319,62,436,0,499,374,499
1282712487,4058565746,0,499,50,449,499,399
1080826656,1452449237,145,353,100,399,208,299
986085289,291431181,81,421,12,488,340,476
1245167614,3789528399,186,350,87,333,164,246
1249535533,3819982797,136,365,168,337,229,169
1069018056,401111857,62,436,0,499,374,499
1297897524,4137582120,55,448,64,442,393,378
1046653924,858167087,152,400,125,397,248,272
1262912108,3910535669,0,499,29,469,499,440
1141625715,2438352667,0,499,62,436,499,374
965080722,249468501,0,498,72,426,498,354
1316134134,4200872711,62,436,0,499,374,499
1289172142,4086221748,8,490,12,493,482,481
1047355164,902675031,190,312,102,449,122,347
1324016818,4235888031,87,376,70,451,289,381
1314561559,4202304830,115,391,79,436,276,357
1276063217,4010225469,62,423,115,385,361,270
1322975395,4088900934,57,439,2,496,382,494
874729421,82614949,71,427,0,499,356,499
1271135081,3975764094,0,499,73,422,499,349
1102757549,1805032307,205,294,81,418,89,337
941678447,207258117,218,281,211,288,63,77
1190258898,1876687623,50,446,91,402,396,311
1265224160,3929899765,4,478,210,399,474,189
1279967002,4042172149,0,499,88,411,499,323
1220838449,3556068604,83,415,0,499,332,499
1042015240,834169237,62,436,0,499,374,499
1009298403,315542033,154,345,100,399,191,299
1142148855,2446976948,111,405,133,480,294,347
1317240220,4210986845,106,430,57,457,324,400
1282790865,4058577384,0,499,0,499,499,499
1277515545,4019800772,236,343,175,378,107,203
1156157484,1952784355,26,479,52,452,453,400
848840311,79579839,147,352,100,399,205,299
1156374733,2668011629,109,389,0,499,280,499
1316305997,4200883237,62,433,161,322,371,161
845272765,73993979,0,499,62,436,499,374
991756958,281986771,72,426,0,499,354,499
1019263023,516350807,89,408,22,472,319,450
1323618046,4231863875,18,472,15,478,454,463
887869503,82204937,70,429,43,455,359,412
1123357480,2051980710,0,499,109,389,499,280
1111619247,1912577932,11,483,79,438,472,359
1038804148,766468966,0,499,0,499,499,499
1126257059,2101620034,0,499,109,389,499,280
1119405877,1998118349,145,197,203,306,52,103
1009257683,440576907,160,339,122,376,179,254
654422745,55263656,74,425,0,499,351,499
940787077,205122519,206,288,136,395,82,259
1320172929,4215450642,136,362,22,473,226,451
1120064425,2009069957,42,470,12,489,428,477
1283524681,4061583390,138,369,68,411,231,343
1004274571,403005618,159,354,138,384,195,246
1295261904,4125437574,86,412,0,499,326,499
867569184,106969368,54,443,0,499,389,499
1121151709,2031899389,32,466,40,470,434,430
1108943564,1879840237,140,341,6,493,201,487
857241566,90956368,62,436,0,499,374,499
1279754086,4041470977,104,395,157,346,291,189
1177691051,2977610147,32,479,20,451,447,431
1146401915,189361473,78,421,3,493,343,490
1002976726,388574549,0,499,214,272,499,58
1312830416,4195572863,18,384,154,452,366,298
1265207288,3929867963,103,472,91,368,369,277
1166739165,2824094074,157,357,143,369,200,226
1298286715,4130226709,109,389,0,499,280,499
1043841311,853456051,12,487,40,483,475,443
935229366,132502233,8,487,115,393,479,278
1314267178,4186221098,18,486,35,460,468,425
1178129608,2981088998,240,257,0,499,17,499
941622067,207151563,153,354,194,308,201,114
997603929,98574272,190,309,157,341,119,184
1275652270,4006511645,176,341,38,483,165,445
1031061809,606638734,105,394,46,452,289,406
981950868,284907754,51,448,11,490,397,479
1030877001,604695447,192,306,165,334,114,169
1260397398,3893246049,67,433,41,468,366,427
1299198684,4139571252,34,488,53,492,454,439
1248833411,3817890833,54,392,79,292,338,213
1266919629,1181277899,100,399,13,486,299,473
895187866,67489908,55,444,0,499,389,499
1061548701,567635927,2,492,123,376,490,253
1274078302,3997454195,41,462,28,464,421,436
1248852385,3817904451,34,480,107,379,446,272
1310067106,4181960176,105,399,7,494,294,487
1002980938,388575005,166,331,223,277,165,54
1264343347,3921811467,19,499,62,372,480,310
1254366136,3861177614,26,479,32,478,453,446
1214479672,3461672737,0,499,83,416,499,333
774653561,46669329,73,425,0,499,352,499
1141487525,2352894246,181,319,165,333,138,168
1241403123,3756588944,205,293,190,309,88,119
1076200395,1319093700,31,466,232,458,435,226
341507936,11600400,150,349,107,391,199,284
987676315,294489226,125,390,20,488,265,468
1027271233,570743904,113,385,50,449,272,399
1070951100,1283189899,0,499,62,436,499,374
1100064382,1711729964,70,429,145,354,359,209
1237104641,3430061474,120,442,185,314,322,129
1248367700,3814853381,83,416,0,499,333,499
1019341484,516407278,44,479,52,479,435,427
1265222564,3929899369,114,439,216,302,325,86
1258521907,3885604672,115,371,117,372,256,255
1262585315,3908518379,3,496,9,497,493,488
1281982204,4050745566,70,458,147,359,388,212
1302534389,4155421216,230,268,0,499,38,499
1152065401,2584456998,37,481,116,388,444,272
1024948332,548195382,141,358,122,377,217,255
999734080,346044445,86,413,4,495,327,491
1086341822,1511216238,62,438,65,436,376,371
1280352590,3593985936,61,438,2,497,377,495
1073884082,1326647374,27,472,120,392,445,272
1156678810,2675642799,62,436,0,499,374,499
1309675479,4181533591,7,483,180,352,476,172
1168576397,2789222591,8,489,90,395,481,305
1238731028,3729468887,0,499,90,499,499,409
1265375136,3930103473,0,499,0,499,499,499
936886542,196353394,125,373,72,426,248,354
977853319,278543918,82,416,67,499,334,432
1232191691,3657924276,29,479,43,468,450,425
1024783464,545007973,0,499,62,436,499,374
1260292841,3894930868,68,430,76,431,362,355
1325151781,4240471711,36,368,165,406,332,241
1073940523,1326450916,108,364,130,356,256,226
919756360,165471033,92,404,4,489,312,485
1112934894,1925956752,44,448,182,399,404,217
1283782555,4061612297,61,445,61,458,384,397
1048494013,942422823,118,385,147,358,267,211
1127347946,2121747400,0,499,19,479,499,460
1248840265,3817898928,9,492,0,499,483,499
933697064,190501488,79,420,15,497,341,482
1103825318,1819878290,0,499,20,479,499,459
1319429455,4214364222,79,432,43,499,353,456
1317275699,4212615392,96,403,0,499,307,499
1059967925,1093784151,67,435,141,479,368,338
1226137570,3596052072,17,477,84,410,460,326
1027332108,570722040,47,451,0,499,404,499
1301765102,4145277712,28,470,99,417,442,318
1209769794,3371457689,6,492,80,471,486,391
1317924227,4215694395,217,291,66,97,74,31
301683455,19414204,62,436,0,499,374,499
1257232389,3879890612,103,457,106,376,354,270
1280144631,4042488319,1,486,18,497,485,479
1252628206,3850328886,0,499,62,436,499,374
983732368,288020476,144,389,127,371,245,244
1010243904,445337053,68,431,0,499,363,499
1275518223,4006491409,113,351,36,459,238,423
1265910132,3935630862,17,469,84,408,452,324
1244326361,3782771614,0,499,126,436,499,310
1252627828,3850328608,0,499,154,436,499,282
1192164287,3122723210,68,432,22,488,364,466
1040410776,778738993,53,447,27,489,394,462
1161274111,1723588660,159,340,131,399,181,268
1233869398,3682529144,0,499,0,499,499,499
940633660,204642892,73,426,14,499,353,485
1108073734,1854242563,0,499,31,455,499,424
1269359535,2585674837,100,399,30,469,299,439
1255688601,3870820712,15,473,40,462,458,422
1276428684,4013272260,0,499,0,499,499,499
1193469290,2977505354,101,398,0,499,297,499
1241823072,3760884433,71,427,0,499,356,499
1048112510,937519593,0,499,231,264,499,33
1273147075,3993166571,19,485,159,366,466,207
1261421714,3898726969,0,499,0,499,499,499
1107269642,1867706752,116,386,120,378,270,258
1323690981,4234147552,57,408,69,423,351,354
1196092307,3180726126,0,499,196,302,499,106
1043841176,853456079,13,487,156,355,474,199
959087431,229252229,12,487,93,426,475,333
941642524,207170097,153,352,175,327,199,152
1137673470,2351166565,151,348,111,399,197,288
1313217241,4197496359,62,460,63,447,398,384
1248863644,3817906799,53,479,108,374,426,266
1276022970,4010224190,52,366,160,364,314,204
1271807131,2883012813,24,470,204,361,446,157
1319214618,4219553775,98,401,43,456,303,413
1286985799,4074704835,66,447,60,442,381,382
1260706685,3895301094,28,466,62,441,438,379
1255678380,3870848608,90,408,31,468,318,437
316914598,46660144,0,499,95,404,499,309
1174592405,2940640316,20,483,18,490,463,472
1274392924,3999382476,7,495,2,493,488,491
1294185147,4122553200,0,499,0,499,499,499
1205179074,3303118518,0,499,0,499,499,499
1006666649,427155275,152,372,106,475,220,369
1283927992,4061633007,0,499,0,499,499,499
989321887,296453167,10,488,91,399,478,308
1260320436,3893242440,0,499,54,445,499,391
958638424,138763236,15,469,108,378,454,270
1315631589,4206625171,0,499,0,499,499,499
1318825138,4217858515,71,442,140,499,371,359
958386965,227681201,0,499,57,441,499,384
1045973038,869599982,137,368,69,441,231,372
956411524,221695114,0,499,62,436,499,374
1229292789,2063678855,61,438,0,499,377,499
1253474337,3856810287,0,499,0,499,499,499
1166324896,2813295127,227,271,220,281,44,61
1242186524,3762890807,12,489,41,406,477,365
1240735427,3748076886,50,449,0,499,399,499
1258236255,3883967405,0,499,0,499,499,499
1044156656,857148684,62,436,0,499,374,499
1234697403,3689148754,0,499,0,499,499,499
1188538898,3067204215,130,369,130,369,239,239
301077730,19120727,0,499,62,436,499,374
1034499799,604095125,13,485,35,456,472,421
1174592035,2940640247,134,361,133,356,227,223
1229952993,3630302171,0,433,85,436,433,351
1156965806,2303092743,14,475,16,477,461,461
1057540702,1079936591,158,341,100,399,183,299
1027169861,569810936,107,391,50,449,284,399
1274417838,2800685685,103,393,30,469,290,439
1265242852,3929960508,183,342,160,326,159,166
887864068,134037498,94,405,0,499,311,499
1123666036,2059868736,63,435,64,440,372,376
993836485,301826484,70,479,141,381,409,240
1146397242,242238210,89,394,34,439,305,405
1206168170,3320653661,103,435,143,457,332,314
1077838839,1384754259,80,419,0,499,339,499
1269197405,3957119139,13,485,38,444,472,406
1317996370,1951685748,0,499,40,499,499,459
1305329924,4165064784,152,394,140,342,242,202
891723862,138457487,111,399,116,383,288,267
1267397340,3942328032,0,499,0,499,499,499
1138609003,2361172417,104,404,14,493,300,479
1280344224,4044581535,41,477,88,421,436,333
961970680,239246663,72,426,13,499,354,486
1142882465,2428287860,0,499,109,389,499,280
1292497073,4108936134,99,413,48,430,314,382
1227169210,3607252269,0,499,0,499,499,499
1267954086,3944719707,84,434,131,396,350,265
1032799999,631909083,0,499,62,436,499,374
1316282392,4200882172,0,499,7,458,499,451
1301703841,4151270676,20,474,64,441,454,377
1178310235,2984373218,13,477,53,450,464,397
1287512705,4078699698,39,469,20,478,430,458
1262571247,3908951588,156,340,146,439,184,293
1151344744,2582444983,50,449,100,399,399,299
683955666,54982924,81,417,22,488,336,466
1209717418,3382587259,201,288,36,193,87,157
466117030,50536721,100,399,51,447,299,396
1304127993,4149373585,11,488,125,384,477,259
1016577152,500049161,118,380,58,421,262,363
874700481,120559396,76,423,0,499,347,499
1265223338,3929899449,37,465,109,406,428,297
1317316577,4211720597,0,499,0,499,499,499
1122954644,240036914,88,411,0,499,323,499
1216082455,3477293328,23,479,9,441,456,432
1296292102,4130122665,25,478,101,378,453,277
443582930,50214544,109,390,67,431,281,364
1241221077,3754334575,79,419,24,473,340,449
964631895,247668910,0,499,241,294,499,53
1309658087,4179728289,23,452,165,352,429,187
1057880568,1082680604,0,499,109,389,499,280
1150026155,278536681,147,351,100,399,204,299
1280304684,4044682633,0,499,0,499,499,499
1096689475,1657857648,51,471,125,388,420,263
1198179399,2219512859,137,361,100,399,224,299
1259086863,3887603763,47,451,54,448,404,394
1211369487,3392750252,62,436,0,499,374,499
1096605441,1657058325,192,306,229,271,114,42
977714908,278773123,0,499,62,436,499,374
1026054895,559361963,102,392,29,475,290,446
1121988556,2045156949,56,457,68,437,401,369
1243844270,3776684011,0,488,78,421,488,343
193516330,5864843,87,411,0,499,324,499
1317004892,4211511104,9,479,39,462,470,423
493969960,1441371,63,435,0,499,372,499
1288028914,4079554351,0,499,0,499,499,499
1192165279,3122724074,68,432,22,488,364,466
1264896298,3928053535,13,465,143,353,452,210
1250141560,3830232395,0,447,18,499,447,481
1091870863,1569485072,0,499,0,499,499,499
1275511933,4006892342,122,364,2,478,242,476
1277669036,4023007385,0,499,0,499,499,499
1175091965,2361170324,128,382,22,487,254,465
1016411234,495437696,68,431,0,499,363,499
940540229,138735050,181,314,178,315,133,137
1279279575,4037120478,53,457,65,460,404,395
1313337974,4197665352,7,499,41,441,492,400
1307345079,4171075926,106,380,45,458,274,413
1309576630,1037132644,100,399,67,431,299,364
1269945600,3964906643,0,499,0,499,499,499
934725264,184320221,168,331,156,342,163,186
1214149616,3453593892,29,478,119,383,449,264
1306805288,4167087566,106,388,51,463,282,412
1292375263,4108906204,0,470,124,362,470,238
1155756733,2659537423,101,395,90,410,294,320
1064973119,1144549150,105,395,115,421,290,306
1008060689,435911572,150,349,110,389,199,279
1309963453,4181943463,25,470,112,471,445,359
1069698722,1161958738,8,459,102,392,451,290
1057891672,1082772366,0,499,62,436,499,374
1249850652,3824641932,116,335,208,377,219,169
1107660548,1869201195,82,419,19,460,337,441
946250445,208333647,0,499,255,266,499,11
911964142,156064976,62,436,0,499,374,499
1029475442,591454570,71,424,13,486,353,473
913991680,158458012,0,499,62,436,499,374
1323299297,4231412467,138,363,14,482,225,468
1027242862,570624962,100,399,56,443,299,387
1188538895,3067204214,130,369,130,369,239,239
441335040,50246861,80,418,0,499,338,499
1067458354,1181278228,131,367,123,389,236,266
1273085999,3992397902,0,499,88,499,499,411
1283530566,4061479628,2,497,2,497,495,495
1009232791,440546230,105,393,50,449,288,399
1265213407,3929894955,12,446,73,427,434,354
847187918,59735146,62,436,0,499,374,499
1096276731,1645154991,25,480,31,442,455,411
1320734804,4221597861,24,461,77,442,437,365
1213614540,3451111851,62,436,0,499,374,499
1260282846,3893212709,140,363,166,342,223,176
1140185602,2401704847,72,426,0,499,354,499
941676654,207257877,243,260,0,499,17,499
1168639365,2862279146,0,499,30,468,499,438
1138041712,2168076463,338,409,213,287,71,74
1321102153,4221740458,65,393,105,396,328,291
1316272707,4200881692,78,409,31,475,331,444
1191424193,3107233830,40,485,16,492,445,476
1268740217,3937036117,55,445,17,480,390,463
1214827212,3463195208,26,471,58,439,445,381
980058502,282940357,85,415,4,495,330,491
1009252357,440576613,160,339,120,378,179,258
1300735394,4148441359,105,396,133,477,291,344
1174591180,2940639884,35,491,4,489,456,485
994679624,297838875,189,326,137,355,137,218
1117566522,1472806477,156,343,100,399,187,299
1240995076,3751056529,62,436,0,499,374,499
1026936750,569840881,109,389,50,449,280,399
1292301702,4108582821,85,411,28,482,326,454
1158032670,2694028065,110,389,67,445,279,378
1172114921,2916184179,64,435,0,499,371,499
1032772959,542140212,90,408,47,499,318,452
1234761628,3690070465,48,422,95,404,374,309
922213153,170941882,178,323,40,452,145,412
1248309929,3814339072,20,295,134,423,275,289
1215263175,3465329223,0,499,42,456,499,414
710026186,58859142,68,431,0,499,363,499
933259880,190110872,72,426,0,499,354,499
1317001065,4211507087,146,373,40,469,227,429
1211947537,3413972206,128,364,115,385,236,270
1314582398,4202222408,0,499,0,499,499,499
1311057641,4182118108,4,487,12,487,483,475
1250268152,3831364121,0,499,62,436,499,374
1316140398,4200873249,19,488,111,386,469,275
1230550662,3635742565,87,412,0,499,325,499
1316332472,4209052569,18,485,61,436,467,375
1312467181,4195081018,0,499,0,499,499,499
1030225552,596125086,3,494,127,372,491,245
1249535272,3819982126,130,369,170,329,239,159
1148830258,2540628567,0,499,0,484,499,484
1300878993,4149373752,0,499,87,412,499,325
1141906441,2444200663,36,463,0,499,427,499
1261410957,3898722502,113,370,24,481,257,457
1195911734,3179266204,73,426,0,499,353,499
1108319650,1869886572,0,499,0,499,499,499
912126243,156225345,147,321,57,489,174,432
1307398711,4171238236,113,428,294,407,315,113
1124192870,1599849356,88,411,0,499,323,499
1243659266,3775275189,0,499,62,436,499,374
1008132396,436059604,150,349,117,381,199,264
1210138058,3386642295,53,437,180,383,384,203
1323269786,4231795114,30,482,30,470,452,440
1324269433,4235888042,15,484,155,350,469,195
1023923940,538981961,50,449,7,486,399,479
957861468,225197885,62,436,0,499,374,499
1075975512,287813522,0,499,87,412,499,325
1316194817,4208961464,59,480,127,341,421,214
1167835321,2844430404,0,499,131,368,499,237
969239174,256481088,115,384,70,428,269,358
991801413,299492747,157,299,141,362,142,221
975371816,273464048,216,278,228,304,62,76
971426173,262163227,113,352,135,318,239,183
1257262402,3879923206,182,318,36,482,136,446
1117565898,1472805038,160,318,111,382,158,271
1105978924,1859451867,86,412,0,499,326,499
1030821167,604377488,22,456,85,411,434,326
1295960116,4128274516,0,499,165,349,499,184
1303920727,3003929907,172,329,40,477,157,437
1027331525,570702979,126,373,50,449,247,399
1251229652,3838168671,151,348,6,483,197,477
1174593222,2940640440,48,453,43,490,405,447
860450063,87863113,62,437,0,499,375,499
1266513928,3938620959,213,228,175,300,15,125
1150557770,2577248935,0,499,109,389,499,280
1328578347,4250646061,0,499,0,499,499,499
1260357677,3893260238,11,484,198,428,473,230
1188524192,3067035995,171,350,142,345,179,203
1024643325,545612303,19,465,115,390,446,275
1277075048,4019948341,135,365,186,316,230,130
1053577154,1035052879,81,417,0,499,336,499
1257237462,3879897877,10,492,6,491,482,485
1124292212,2075082423,154,346,169,328,192,159
984015656,284297962,161,337,137,361,176,224
926885086,179341209,62,436,30,468,374,438
1117492819,1971290378,62,436,0,499,374,499
1281990181,4050747863,63,488,142,380,425,238
1282290868,4056000901,52,436,4,493,384,489
973933580,242788842,71,427,43,456,356,413
197583030,1996670,83,416,12,486,333,474
1260258080,3894928787,0,499,0,499,499,499
1286543945,4074817051,184,341,208,339,157,131
1322091341,4229650808,0,499,1,499,499,498
1235588694,3211265210,100,399,9,490,299,481
1292016082,4105727441,34,463,68,499,429,431
1255517194,3868446192,152,320,67,442,168,375
1197573922,3208369514,110,389,54,445,279,391
348051640,4608625,60,439,0,499,379,499
1301444680,4060923242,0,499,0,499,499,499
1094644837,1625634894,363,468,209,292,105,83
1069618973,1199964720,0,499,62,436,499,374
1174589113,2940639427,28,456,26,474,428,448
977326671,277876317,13,464,120,388,451,268
940002912,203300411,186,313,165,334,127,169
977708829,278439778,62,436,0,499,374,499
1316310694,4200883319,21,478,17,443,457,426
1256864866,3874568565,103,405,171,354,302,183
1287292765,4074135732,45,479,11,466,434,455
901891493,146694527,130,369,77,421,239,344
941678386,207258199,158,343,204,299,185,95
1314897895,4204281527,31,466,35,454,435,419
1257922061,3883412510,119,276,172,370,157,198
1308904426,4177867279,0,499,0,499,499,499
1243852044,3776796761,110,406,29,476,296,447
854228840,85756742,70,429,0,499,359,499
1068212007,1190505882,52,479,51,462,427,411
1265574345,3931854212,0,499,0,499,499,499
1067413901,1174583353,88,411,15,484,323,469
1288851635,4085934755,15,480,66,432,465,366
978912252,280660571,170,328,186,304,158,118
1282884835,4057530705,58,354,22,478,296,456
1147824883,2534281658,0,499,62,436,499,374
1190252260,2811120758,163,367,95,394,204,299
1254480940,3859879038,0,499,0,499,499,499
1206166715,3320653136,103,435,143,457,332,314
907478868,112826614,186,314,159,349,128,190
1168597386,2859534438,0,499,62,436,499,374
1186464151,3029560211,31,494,0,492,463,492
921721256,169680354,197,302,181,317,105,136
1048492193,942422795,136,364,101,391,228,290
1244385724,3777838154,62,436,0,499,374,499
1117502322,1974800725,70,428,0,499,358,499
1054856534,1035130490,63,436,29,499,373,470
1267260314,3942393271,35,479,40,450,444,410
1074386180,1332733150,0,499,62,436,499,374
1252628086,3850328860,0,499,62,436,499,374
1169904081,2887191382,4,485,64,434,481,370
1283925721,4061632744,123,377,159,342,254,183
938767192,201136890,0,499,64,435,499,371
1217606517,3492615366,65,433,0,499,368,499
1181439868,3002932166,94,362,139,465,268,326
1274662210,426656,93,406,0,499,313,499
1273109966,3992562383,55,427,80,435,372,355
1252627726,3850328564,0,499,154,436,499,282
1316275811,4200881877,0,499,0,499,499,499
1275647128,4006510659,0,499,0,499,499,499
1249943369,3827791792,0,499,0,499,499,499
1281721388,4052932507,0,499,0,468,499,468
1058046759,1085053601,0,499,62,436,499,374
1100077249,1711734684,0,499,109,389,499,280
1258303605,3883421943,0,499,0,499,499,499
1039820232,803200791,104,419,198,386,315,188
1196844807,3199397415,84,414,0,499,330,499
1131959838,2215165832,197,302,170,329,105,159
1231792536,3654499644,56,440,74,431,384,357
1273838014,3986779612,62,436,0,499,374,499
1007803746,435259521,118,381,50,449,263,399
1262464539,3904138051,100,399,0,499,299,499
1181140437,3000466490,43,468,24,489,425,465
1311485527,4187529631,0,499,0,499,499,499
966776412,242238156,18,490,55,449,472,394
1188462919,3065095741,0,499,62,436,499,374
1105947757,1858981877,26,475,0,499,449,499
1083113029,1476439704,0,499,84,415,499,331
940548290,204390032,116,407,230,273,291,43
1301089999,4150481094,0,499,0,499,499,499
892723301,139894412,0,499,62,436,499,374
1323258805,4232521355,156,338,176,323,182,147
1315458293,4204345623,91,418,60,433,327,373
1015189264,421606743,168,303,134,383,135,249
1248705906,3816714152,54,456,106,392,402,286
1251481862,3842785661,38,499,0,499,461,499
1030500536,597515806,62,436,0,499,374,499
1027360017,570732102,100,399,57,442,299,385
982249831,286002244,195,308,155,349,113,194
1156076311,2664721696,226,273,10,451,47,441
893311697,141190720,178,323,186,302,145,116
1286879296,4074699651,39,461,116,386,422,270
1222148175,3569006950,114,382,8,475,268,467
1301652956,4152892005,0,499,0,499,499,499
1280369190,4044875862,30,465,19,454,435,435
978118199,279212773,125,374,62,436,249,374
1017257569,505454971,86,399,75,453,313,378
1198836745,3219285162,150,349,100,399,199,299
1259137604,3887607221,38,468,38,463,430,425
1316201218,4200877325,0,499,68,432,499,364
1313289103,4197503760,56,499,110,499,443,389
1282175732,4055589348,18,469,102,435,451,333
894219040,208529,58,439,0,499,381,499
1268913667,3954530800,0,499,8,499,499,491
961866835,238664653,99,396,76,396,297,320
874730418,3319100,71,427,0,499,356,499
1154600956,2641357697,22,404,83,421,382,338
1148843300,2542353450,83,415,0,499,332,499
1295220429,4125633472,128,408,90,421,280,331
1245254199,3790395041,73,426,23,499,353,476
1173379482,2920227073,27,467,118,390,440,272
1301530399,4150996789,100,476,121,337,376,216
1289803317,4089926411,12,494,30,495,482,465
1192013427,3120284902,72,453,123,370,381,247
980427189,283491822,67,431,0,499,364,499
1287489087,4078701764,182,343,109,408,161,299
1231496534,3650633320,0,499,100,399,499,299
1190253768,1876684338,0,499,67,432,499,365
1007606615,435119705,100,399,40,459,299,419
1048526976,940984848,62,436,0,499,374,499
1204198571,3287125249,13,487,56,446,474,390
915799594,160458473,0,499,62,436,499,374
1323996233,4235886691,197,306,28,457,109,429
1276283192,4012611037,0,499,0,499,499,499
1292744606,4113481197,107,396,12,485,289,473
1054650069,1046145709,25,471,91,409,446,318
1245886931,3795260761,31,468,31,468,437,437
1300460698,4146735449,35,477,36,469,442,433
1146016905,2509905915,0,499,154,407,499,253
1288385413,4081499747,40,475,17,479,435,462
854950273,87756419,100,398,0,499,298,499
937788755,199005588,211,271,190,299,60,109
1271792163,3981208136,27,418,76,493,391,417
1316644922,4200950015,52,448,14,467,396,453
1006532361,420754156,0,499,106,392,499,286
1317693949,4213745626,0,499,0,499,499,499
987327892,294174457,10,480,67,430,470,363
1265216205,3929900603,31,488,86,407,457,321
857448286,91521349,76,430,0,499,354,499
1321271400,129717704,39,471,211,281,432,70
1254087480,3860122075,25,465,192,351,440,159
1102363745,845435216,11,488,54,451,477,397
1317996355,1951685674,0,499,40,499,499,459
1093180861,1598002832,0,499,62,436,499,374
1258863607,3886110702,241,263,0,499,22,499
1139564837,1952782638,102,384,97,398,282,301
1007614370,435175653,110,388,50,449,278,399
1277353561,4022249084,0,499,0,499,499,499
1269734905,3962344624,20,479,71,443,459,372
1027276830,570740664,100,399,54,445,299,391
941622258,207151544,246,263,244,263,17,19
1243928822,3775263799,39,447,155,459,408,304
1059526987,1092370799,0,499,62,436,499,374
941622071,207151331,146,349,169,324,203,155
1323317697,4231413030,0,499,0,499,499,499
1268547966,2176931427,100,399,50,449,299,399
1276795408,4016015990,13,486,37,452,473,415
900585625,130081278,46,445,126,368,399,242
1311854390,4189052381,27,470,115,403,443,288
862035165,101379842,170,328,136,362,158,226
1278751065,4036993306,35,477,36,469,442,433
1257543944,3881706608,16,481,159,365,465,206
1277527539,4019808431,98,412,36,446,314,410
1256483872,3874326947,73,419,83,380,346,297
920826594,167360975,58,441,76,439,383,363
1258631350,3885547390,87,412,86,412,325,326
1033936656,670177809,0,499,62,436,499,374
1268740899,3936362813,24,483,64,388,459,324
1209715009,3382583582,90,427,31,469,337,438
844455961,72562438,140,355,102,393,215,291
1265604272,3931891001,105,387,22,414,282,392
1255767840,3871050847,0,499,0,499,499,499
964628107,247668529,182,316,148,359,134,211
1190252035,2647272668,120,384,115,379,264,264
1219886312,3532976166,39,466,112,433,427,321
1199470994,3226928946,71,428,0,499,357,499
1014621612,472712526,57,441,0,499,384,499
946589879,208035660,61,437,0,497,376,497
1289323202,4087910282,36,466,14,491,430,477
1255120368,3868324273,19,491,190,499,472,309
1242866357,3766818998,209,294,176,328,85,152
1274228713,3995038084,0,499,0,499,499,499
851074940,82649953,165,333,187,324,168,137
1276289805,4012660214,0,499,0,499,499,499
1142562946,2452582438,70,428,0,499,358,499
1283845869,4061618183,0,499,16,499,499,483
1109423790,1888769853,14,107,161,250,93,89
1267308061,3942385134,7,491,64,406,484,342
1001488601,367798769,181,401,159,292,220,133
1086093355,1508416174,22,468,78,426,446,348
985607847,290244199,71,428,0,499,357,499
1278187357,4030243589,157,350,62,397,193,335
946557204,205560139,188,310,156,342,122,186
1268035825,3945025534,0,499,63,436,499,373
818764400,62450050,151,347,110,382,196,272
1192013425,3120284899,24,460,59,440,436,381
1240519276,3748194951,3,495,74,393,492,319
1323334495,4231757752,37,466,21,476,429,455
1158120733,2695197358,95,404,6,494,309,488
1260064642,3889362551,155,385,87,398,230,311
933683822,190994205,84,416,5,494,332,489
1020181672,520744869,0,499,0,499,499,499
1275330086,4003960856,22,479,48,472,457,424
1226088911,3595690161,109,395,95,499,286,404
1245885913,3795258970,28,471,27,397,443,370
1219028147,3522953051,0,499,62,436,499,374
1232187313,3657909951,29,479,43,468,450,425
1018392514,510785109,187,396,0,499,209,499
1075758327,1352146000,160,339,64,434,179,370
1148146423,2536664664,27,467,109,390,440,281
1265375076,3930261473,0,499,0,499,499,499
1234768223,3690228634,128,438,112,309,310,197
1041682094,831980317,17,479,20,490,462,470
1169146886,2777249707,9,463,90,414,454,324
1200636514,3242449228,31,459,44,467,428,423
1037694297,737432376,73,426,0,499,353,499
1304376791,4144645921,44,429,104,499,385,395
1251282339,3838834065,0,499,62,436,499,374
1202255537,3253327986,0,499,109,389,499,280
1077785918,1383085614,79,364,91,448,285,357
1204759760,3289612354,56,428,42,431,372,389
1309683369,4179729562,0,499,0,499,499,499
941643048,207170089,148,344,191,321,196,130
1084055750,1484770747,77,422,19,479,345,460
1236896465,3576928117,113,385,0,499,272,499
1313583691,4183581907,27,463,68,435,436,367
1025129948,549283579,0,499,62,436,499,374
1061812174,1107782551,0,499,84,415,499,331
1289977903,193353398,42,467,19,486,425,467
1190252948,2832752228,144,341,148,351,197,203
1161845162,2743923085,18,476,136,474,458,338
1000228891,355017693,0,499,108,390,499,282
1075659540,362322891,152,346,100,399,194,299
1283479083,4061477338,0,499,0,499,499,499
1042007548,833891184,62,436,0,499,374,499
1251276359,3839181148,157,341,115,384,184,269
1019268330,516356310,46,362,29,374,316,345
933262851,190110838,73,425,0,499,352,499
1280083578,4042479793,3,497,2,496,494,494
1191363918,3068746364,228,269,0,499,41,499
1299291850,4141675915,48,452,55,446,404,391
1020458411,522177957,74,425,0,499,351,499
949396445,212375869,92,414,145,385,322,240
980021213,282269571,130,368,0,499,238,499
1192175605,3120179862,52,484,149,435,432,286
1065485369,1152121807,127,371,6,492,244,486
1018193824,510048166,60,390,229,270,330,41
1038105559,744509653,0,499,62,436,499,374
1167373220,2833659367,38,443,69,386,405,317
1026949401,569855186,108,390,50,449,282,399
1307828521,4172828165,49,480,162,364,431,202
1254926754,3866824450,28,468,25,440,440,415
1245027545,3786033711,66,432,0,499,366,499
1292521959,4108940541,0,499,141,358,499,217
1304157240,4160954081,106,388,51,463,282,412
1208951409,596440962,142,331,184,319,189,135
1047515486,914366995,80,419,0,499,339,499
1229905753,3629851842,165,371,98,389,206,291
1009310772,440699694,150,349,122,377,199,255
857171473,85737467,192,307,160,339,115,179
1058183802,1087313377,44,446,149,387,402,238
1275585940,4007367565,110,389,54,445,279,391
1007598759,435097884,56,443,0,499,387,499
1221177851,3553420780,62,436,0,499,374,499
1257148786,3879196117,0,499,0,499,499,499
1317959740,4215701166,0,499,0,499,499,499
209390030,6194419,73,425,0,499,352,499
1306787254,4167084503,106,388,51,463,282,412
893309285,141192377,180,314,208,287,134,79
1298084187,4133020507,12,373,202,294,361,92
965129032,203642088,0,499,143,356,499,213
1209187321,3368563589,137,361,100,399,224,299
1004009496,401114629,70,428,0,499,358,499
1265216076,3929900596,20,478,107,394,458,287
1239243083,3735422838,157,341,115,384,184,269
1297005434,4129721976,62,436,0,499,374,499
1261400109,3898720357,0,499,0,499,499,499
1312399532,4194751407,55,443,103,396,388,293
1026859230,569611541,100,399,54,445,299,391
1275175964,4003930782,32,464,46,456,432,410
1029356377,591161661,197,292,31,438,95,407
1247849109,3813570939,0,499,62,436,499,374
1207913249,3340726489,118,381,0,499,263,499
1178455406,1794850659,64,458,28,487,394,459
1084613761,1497466605,109,389,50,449,280,399
1241673307,3759390903,139,360,9,499,221,490
1250676595,3834850898,0,499,0,499,499,499
1199597521,3228455385,42,433,94,412,391,318
1301521096,4150995940,42,471,117,386,429,269
1226021768,3594116404,12,437,13,466,425,453
1266345031,3938140477,32,466,73,438,434,365
1005832548,418195638,190,310,171,332,120,161
1323078920,4231810806,21,480,28,469,459,441
1247120461,3218778548,101,398,0,499,297,499
1310677555,4182266982,12,485,19,468,473,449
977148739,277516970,152,347,115,384,195,269
1294266728,4122867604,67,431,0,499,364,499
1040927724,821793797,63,436,0,499,373,499
1058142004,1086703422,158,331,81,426,173,345
1198896069,3212856570,165,334,111,388,169,277
1319965705,4215293003,48,466,123,341,418,218
982515900,285677922,0,499,62,436,499,374
1316125261,4200871906,0,499,32,466,499,434
1301582178,4151265771,132,378,103,431,246,328
1267921252,3944627713,0,499,0,499,499,499
1249791295,3822710719,62,436,0,499,374,499
988577947,295183805,0,499,62,436,499,374
993839235,301827518,73,426,0,499,353,499
1316325761,4209031235,0,499,0,499,499,499
1293326588,4104740804,28,377,172,320,349,148
1007467900,434922634,0,499,2,497,499,495
1305094756,4163177958,82,415,0,499,333,499
1250565844,3832880742,0,499,109,389,499,280
1283478820,4061580178,0,499,142,394,499,252
1320844139,4221605272,84,353,29,450,269,421
1022300689,529683216,0,499,62,436,499,374
1271491442,3976924838,67,461,96,456,394,360
1195077063,3155506679,0,499,83,416,499,333
1324070846,4236041742,0,499,0,487,499,487
1049268539,12086436,62,436,0,499,374,499
1062831291,1119763802,31,447,106,397,416,291
1287391845,4077197699,0,499,0,499,499,499
948680705,211385713,165,326,129,379,161,250
1031809096,613834234,85,413,0,499,328,499
1136326741,2316889466,62,436,0,499,374,499
1257638780,3881419825,0,499,0,499,499,499
933425072,190524104,0,499,0,499,499,499
1271130384,3974138440,62,436,0,499,374,499
1316233656,4200879709,23,483,22,483,460,461
1034640788,679610884,0,499,76,436,499,360
1311760937,4188950685,37,465,96,403,428,307
1288017368,4079554171,0,499,0,499,499,499
1259277892,3887622407,18,459,60,467,441,407
1058971767,1089674496,90,408,0,499,318,499
1248860059,3817905971,28,486,105,395,458,290
1300068364,4144870033,87,410,40,466,323,426
991459872,298811400,54,445,0,499,391,499
946714006,208715296,162,328,195,320,166,125
1226414147,3598440394,148,324,127,399,176,272
1193641421,3148098027,59,435,163,366,376,203
1289776134,4087673531,10,489,13,459,479,446
1328620000,4250690406,62,441,25,469,379,444
1275071712,4003840449,36,444,69,463,408,394
975165598,273069938,176,323,165,334,147,169
1185800874,3022770477,12,476,56,441,464,385
1262517693,3908847288,15,485,19,499,470,480
850420327,82013100,163,340,175,281,177,106
309117947,46497356,203,271,210,281,68,71
1313786023,4200115127,0,499,0,499,499,499
1236531405,3708926820,27,474,168,342,447,174
1301701631,4153115159,67,431,65,478,364,413
1305526539,4165984717,24,416,140,362,392,222
977701205,278527097,178,321,153,330,143,177
1088709897,1542537215,2,498,138,358,496,220
976832276,276713686,0,499,62,436,499,374
1275736189,4008260009,120,446,184,313,326,129
1168291254,2855968077,71,428,0,499,357,499
1276226104,4012179477,17,499,38,461,482,423
862581946,102704526,61,329,153,347,268,194
1316112089,4200870620,20,474,27,478,454,451
1311687010,4188905406,0,499,0,499,499,499
1317492991,4213277012,0,499,0,496,499,496
1311783260,4189048193,19,480,146,353,461,207
1309591509,4152870521,0,499,64,394,499,330
1307772845,4172823765,40,453,21,443,413,422
1310868098,4184607913,94,377,62,450,283,388
935072127,193910091,0,499,62,435,499,373
469200530,50571765,112,386,50,449,274,399
1287785151,4079212892,95,499,62,414,404,352
1009576751,440914348,229,275,120,361,46,241
1008165124,436091132,100,399,55,444,299,389
1158113105,2694983979,68,431,0,499,363,499
1186461841,3027444140,0,499,109,389,499,280
1294693972,4122868355,23,485,108,390,462,282
1188462875,3065095698,0,499,62,436,499,374
1108738611,1878218255,110,389,52,447,279,395
1150407982,2574686432,137,361,100,399,224,299
1062989000,1122016782,52,453,77,422,401,345
1257973472,3883413483,0,499,0,499,499,499
1178448243,2406541910,14,496,0,452,482,452
1164192947,2777249571,0,499,0,499,499,499
1255519716,3870104048,19,480,20,479,461,459
996053802,304615720,165,291,186,313,126,127
927592224,180657845,82,427,196,337,345,141
1205979311,3316344963,150,349,100,399,199,299
1054652307,1043653475,79,419,0,499,340,499
1280693498,4046437819,54,445,123,441,391,318
1273015401,3992382503,0,499,0,499,499,499
1301052334,4150446255,0,499,0,499,499,499
864787913,106752798,0,499,68,431,499,363
1286460388,4074730553,12,488,0,337,476,337
1095036958,1631457255,185,310,198,293,125,95
1177147772,2970573686,167,329,140,359,162,219
1077845842,1380911311,63,436,0,499,373,499
1120666549,1910907424,49,450,0,499,401,499
1273189368,3992409387,26,474,33,465,448,432
1319134857,4214006452,64,444,63,422,380,359
1244810360,3707874614,160,388,38,423,228,385
866260823,108908167,0,499,62,436,499,374
662776504,56054829,132,363,86,420,231,334
920721863,166819310,75,423,0,499,348,499
1246036023,3796890506,32,442,32,482,410,450
1242305850,3233910873,121,303,36,464,182,428
1276911547,4018138841,0,499,0,499,499,499
1148744901,2546193263,175,321,14,482,146,468
1102365824,500603227,13,488,54,499,475,445
873206878,118761036,10,489,70,429,479,359
1173672672,2754257309,114,373,137,383,259,246
1304040700,4160811622,86,422,159,395,336,236
1240776799,3749416612,122,387,51,467,265,416
1318772218,4217955098,81,418,81,418,337,337
873702006,119437680,62,436,0,499,374,499
1047874362,933715972,128,371,0,499,243,499
1306300240,4150465769,116,397,80,405,281,325
482710,929166,195,304,181,317,109,136
1260342237,3893243195,149,440,54,359,291,305
1117984725,1978501643,89,390,44,377,301,333
1212836836,3429317501,62,436,0,499,374,499
1153206509,2621721386,242,258,0,499,16,499
1212103778,3416892011,62,436,0,499,374,499
1133728436,2259987454,62,436,0,499,374,499
1139566952,2394308009,62,436,0,499,374,499
1053588332,1035122575,79,419,0,499,340,499
1192478599,3128688263,0,499,0,499,499,499
1299351208,4112603770,0,499,222,252,499,30
1245185072,3789531720,0,499,14,499,499,485
1276029163,4010224654,113,341,84,438,228,354
1280491676,4045073641,0,499,0,492,499,492
1234466231,3684644234,150,341,121,452,191,331
1284285026,4063249762,66,420,87,431,354,344
1256710716,2067781823,83,415,0,499,332,499
941620807,207151500,99,388,186,320,289,134
1275665428,4006518435,44,415,195,355,371,160
1271129986,3766473952,101,398,0,499,297,499
995103637,303051870,135,370,33,449,235,416
1133289863,2246623664,109,390,50,449,281,399
1271064485,3974956039,48,495,63,489,447,426
1309686521,4179729647,131,349,39,456,218,417
1322096649,4228953825,0,499,0,499,499,499
942069842,208038176,157,342,114,384,185,270
1029118546,590369020,127,369,14,470,242,456
1138860320,2372468589,40,458,0,499,418,499
1313802851,4200493269,168,383,33,449,215,416
1302893371,4156934204,56,445,132,381,389,249
1261427432,3898728963,0,499,0,499,499,499
1192152098,3122669627,71,431,251,486,360,235
1133292770,102340968,124,373,72,430,249,358
1278819089,4037086750,68,435,80,432,367,352
1252627511,3850328447,0,499,62,436,499,374
1225663309,3563429280,125,374,125,374,249,249
941622215,207151299,144,358,186,343,214,157
1077831738,1380528318,0,499,62,436,499,374
1268776239,3608439901,100,399,16,483,299,467
1220474375,3545848890,154,345,100,399,191,299
1138704004,2374637160,50,459,73,427,409,354
1126947242,2113247368,153,345,100,399,192,299
1175649297,2939669841,103,396,0,499,293,499
862633930,102357685,57,441,139,355,384,216
1185796579,3022761992,2,416,122,341,414,219
911163843,153365371,151,306,151,286,155,135
1167983450,2847606295,26,474,164,334,448,170
1306017748,4167105277,10,490,194,336,480,142
1116825617,1965523557,69,445,86,467,376,381
1008162377,436094573,100,399,51,448,299,397
1274614363,19015517,72,427,0,499,355,499
857432398,91082240,76,430,114,360,354,246
886422273,74421236,59,439,0,499,380,499
1283683006,4061597922,0,499,0,499,499,499
1221443078,3563518585,57,410,161,366,353,205
1324212044,4236298258,15,499,0,499,484,499
1217895925,3499709070,62,436,10,499,374,489
1309982650,4181945877,57,465,92,364,408,272
1265901614,3935516340,21,480,140,363,459,223
1043183228,805151733,127,374,36,414,247,378
1005027481,410439203,140,359,42,462,219,420
1309998307,4181947886,62,434,153,404,372,251
1323304183,4231696019,44,478,82,418,434,336
1241674903,3759398224,54,444,221,283,390,62
1157547213,2686774855,43,467,128,412,424,284
1243380669,3773712468,47,464,100,415,417,315
1141937222,2444534595,11,491,138,357,480,219
1293177825,4116840199,16,485,32,498,469,466
1308842954,1883096997,156,342,110,388,186,278
1264888883,3928049253,43,459,12,472,416,460
935075574,193902432,0,499,62,436,499,374
1202133207,3252320373,0,499,62,436,499,374
1239004334,3731584451,11,490,43,413,479,370
1250248356,3831234047,37,441,83,406,404,323
1190253236,2833039400,0,499,67,432,499,365
1234770688,3690392495,38,456,65,446,418,381
1323310063,4231696223,118,410,72,481,292,409
1190009565,3088387158,58,441,117,382,383,265
1276436764,4013273957,12,487,11,483,475,472
933253718,190107032,75,423,0,499,348,499
1282578080,4057554266,0,499,0,499,499,499
1234822639,3691244430,98,415,116,393,317,277
868653798,112355468,0,499,121,378,499,257
1257214983,3879838151,0,499,0,499,499,499
1125142695,2088622245,0,499,109,389,499,280
844267211,72070341,75,426,0,460,351,460
1252627007,3850328055,168,332,130,409,164,279
1220847240,3556350565,0,499,99,399,499,300
1312021747,4189092682,174,324,36,343,150,307
1249534209,3819978784,197,298,162,336,101,174
1278206276,4030657936,7,499,46,443,492,397
1285852081,4017675596,231,426,173,322,195,149
1164075324,2779632500,0,499,0,499,499,499
1202411492,3254866327,0,499,0,459,499,459
1036467301,208927740,40,459,0,499,419,499
1215373166,3470038631,86,407,85,449,321,364
289722030,17235859,62,436,0,499,374,499
1277071284,4019882547,130,387,10,451,257,441
1262858555,3910508244,0,499,29,469,499,440
1277671269,4023007599,26,483,33,466,457,433
1200269515,2682820309,150,349,100,399,199,299
921380047,168729565,38,475,136,426,437,290
1223975170,3585085411,110,389,54,445,279,391
1088281626,1532587710,62,436,0,499,374,499
971485686,262248239,80,421,11,488,341,477
985510531,290841637,106,386,148,350,280,202
1188743188,3071085654,16,480,157,357,464,200
1259046241,3888239259,189,308,185,296,119,111
987471033,294315416,120,377,0,498,257,498
1086773891,1512193733,0,499,62,436,499,374
1005828135,418192902,107,392,180,318,285,138
1083556787,1395203478,154,344,154,347,190,193
1323292766,4231695312,30,468,116,419,438,303
1231793372,3654499742,106,388,40,456,282,416
1190258542,2832758137,99,374,166,300,275,134
1065414099,1146081019,63,436,0,499,373,499
958568176,228489661,147,353,168,346,206,178
1024325001,246705489,0,499,0,499,499,499
1026925156,569741137,104,394,50,449,290,399
1091941558,1573888048,0,499,174,324,499,150
1100811177,1736484156,51,448,0,499,397,499
1273203054,3992586989,64,437,71,442,373,371
1276525897,4014008221,177,370,74,257,193,183
1275469446,4006486132,17,479,31,424,462,393
1220202476,3540981462,29,417,126,373,388,247
1100248194,1716099348,10,489,95,402,479,307
849514906,80985549,0,499,0,499,499,499
1077530614,1374056793,70,428,1,499,358,498
1282342051,4056049612,67,432,32,485,365,453
1226405776,3592383119,0,499,142,436,499,294
1131063116,2192157820,0,499,0,499,499,499
1316311309,4200883342,0,499,0,499,499,499
1190250960,2041884742,176,324,84,384,148,300
1277791013,4020980654,90,378,5,474,288,469
1274371657,1059920279,112,386,0,499,274,499
1007372352,416624889,64,434,0,499,370,499
1039804849,802945119,67,431,0,499,364,499
1148752419,2546349436,42,464,68,443,422,375
1252745446,3851151203,88,448,50,427,360,377
1148403502,2539001254,66,432,0,499,366,499
1255757830,3871285777,23,468,140,397,445,257
1041230561,825127003,188,267,224,290,79,66
1260252466,3894928246,45,459,51,463,414,412
977705805,278499946,62,436,0,499,374,499
1261990982,3902389658,6,492,119,380,486,261
1084616016,1497611801,0,499,62,436,499,374
1280353413,2763635251,80,416,32,468,336,436
1253658488,3858328144,178,320,132,366,142,234
1274644773,1110692954,73,426,0,499,353,499
1308327625,4152019674,22,455,156,376,433,220
1258380094,3883432086,69,479,22,459,410,437
920936238,167569583,69,430,0,499,361,499
1255202311,3865770741,62,436,0,499,374,499
1253252685,3855496300,138,359,68,444,221,376
894899292,86528690,186,312,160,339,126,179
1225887318,3147168861,134,360,142,363,226,221
1120541887,2014114957,94,394,73,459,300,386
1311009879,4184402988,55,415,75,418,360,343
1151820364,292472263,199,344,206,283,145,77
1267987009,3944791932,217,277,414,452,60,38
1215231656,3469590713,5,493,44,454,488,410
1011464874,452869615,0,499,73,426,499,353
1324033988,4235889575,4,494,9,496,490,487
1068210923,1190507116,73,460,5,491,387,486
1274436907,820081600,88,410,0,499,322,499
1254907781,3866912653,0,499,0,499,499,499
1321335727,4227064208,158,342,33,493,184,460
1132592244,2229307976,0,499,90,409,499,319
1189999556,3088211517,74,432,88,405,358,317
1258238590,304065893,102,396,30,499,294,469
1127263780,2116437195,62,436,0,499,374,499
1282034701,4054199950,73,425,0,499,352,499
1241247611,3754652233,62,436,0,499,374,499
1024277393,541854967,0,499,62,436,499,374
1248653860,3817091192,0,499,0,499,499,499
1188462912,3065095734,0,499,62,436,499,374
1100621833,1090782223,91,418,25,499,327,474
1123944803,2066049779,86,405,206,310,319,104
1252608087,3850029430,40,455,51,434,415,383
1011871701,450376834,82,415,0,499,333,499
923652383,124663105,135,371,129,396,236,267
1271453854,3976921496,0,499,0,499,499,499
1232369469,3660533590,60,455,150,370,395,220
1283823149,4061617126,32,473,52,447,441,395
1279177594,4037584573,25,475,43,374,450,331
1265223920,3929899697,112,443,123,370,331,247
1236024442,3695947618,62,436,0,499,374,499
1317250384,4210987101,71,400,48,455,329,407
1007815601,435301438,150,349,110,388,199,278
1318123805,4211237372,95,413,14,499,318,485
1085967504,1503481013,62,437,0,499,375,499
1237167977,3716573859,139,498,156,442,359,286
1094147470,1615106141,32,448,136,394,416,258
1174590525,2940639700,19,482,65,455,463,390
1269779747,3962606112,0,499,0,499,499,499
1162994241,2759455518,62,436,0,499,374,499
1271319702,3976904664,16,499,0,453,483,453
1013178658,464603082,83,415,0,499,332,499
1154987520,2646579420,0,499,57,499,499,442
1215270036,3465099777,62,436,0,499,374,499
993937137,301910977,0,499,62,436,499,374
862579222,102704948,100,398,54,439,298,385
1008023318,435881310,103,396,50,449,293,399
1276063121,4010225464,0,499,0,499,499,499
1002669051,188929256,0,499,62,436,499,374
1276356431,4012866562,145,361,135,413,216,278
1321055207,4221731530,133,370,184,327,237,143
892208823,138920330,94,405,0,499,311,499
972300435,195037731,72,453,26,473,381,447
1273309645,3992558505,0,499,0,499,499,499
1022785037,530239295,63,470,20,482,407,462
1242846884,1100682124,100,399,11,487,299,476
1250268252,3831364231,0,499,99,436,499,337
1198922220,290895407,146,352,100,399,206,299
1308988036,3470092087,66,430,6,489,364,483
1260116824,3890276662,0,499,102,397,499,295
976873447,276933958,1,497,2,489,496,487
1274392031,3999379600,0,499,0,499,499,499
1328373699,3732839975,58,454,4,496,396,492
1309024681,4179119494,15,499,83,414,484,331
1323073197,4231410875,49,458,55,436,409,381
1124525277,2078642998,126,373,128,368,247,240
1090907962,1565138830,68,431,0,499,363,499
1308438226,4152162668,7,494,72,385,487,313
1121672040,2037517812,109,389,0,499,280,499
889127550,135296726,47,442,146,357,395,211
1113061561,1926714908,14,486,99,402,472,303
874731693,82204924,71,428,0,499,357,499
1313382504,4197669375,28,465,116,345,437,229
874132710,119903333,149,358,44,467,209,423
1240687087,3748994359,100,399,9,490,299,481
1257592077,3881236514,0,499,0,499,499,499
1266514279,3938621006,2,475,157,490,473,333
117516130,3667003,10,489,81,417,479,336
1313855215,4200628306,0,499,0,499,499,499
1124923715,2085759007,0,499,0,499,499,499
1243659008,3775275045,0,499,177,436,499,259
955973302,220602106,62,442,0,499,380,499
1220962350,3559023750,0,499,62,436,499,374
1178124127,2981080027,88,411,0,499,323,499
982243187,286003045,150,349,150,349,199,199
941622217,207151494,191,312,170,351,121,181
1010589036,270712053,0,499,62,436,499,374
197426130,5918752,73,426,0,499,353,499
1014796225,475153709,62,436,0,499,374,499
865989420,108652994,0,499,62,436,499,374
1279124905,4037094203,64,439,69,442,375,373
1251230345,3838169162,40,448,104,405,408,301
1266157695,3935897421,82,393,18,492,311,474
1267956337,2014068610,85,414,0,499,329,499
1242868490,1100134425,100,399,15,484,299,469
1147035564,1960324385,84,415,120,389,331,269
306009942,6150389,79,421,0,499,342,499
1242124966,3762638445,44,455,0,499,411,499
1209664560,3380691649,183,315,150,349,132,199
964709765,199195109,173,307,139,379,134,240
874731724,81531858,71,427,0,499,356,499
1262364267,2807580316,63,438,30,476,375,446
968654956,250293682,42,457,0,499,415,499
935470901,177465437,153,346,120,379,193,259
1154770763,2643939284,10,499,20,499,489,479
1267522735,3943296101,34,457,20,485,423,465
1260197330,3891846553,0,499,62,436,499,374
1248833846,3817891304,71,439,120,383,368,263
1305846391,4166953917,106,388,51,463,282,412
1143073837,586203545,107,405,21,483,298,462
862631270,102704005,97,413,77,433,316,356
1288351144,4081253592,114,385,42,452,271,410
935259815,194324699,15,499,12,486,484,474
1140133207,1887688043,141,358,141,358,217,217
1042991635,819713463,105,393,101,403,288,302
1323386981,4231832524,24,485,19,481,461,462
913696754,158121054,62,436,0,499,374,499
1002934753,384086372,62,436,0,499,374,499
1282287218,4055998395,15,484,31,472,469,441
910644468,154761546,62,436,0,499,374,499
1044471065,857079882,62,436,0,499,374,499
1248846944,3817903108,33,483,107,380,450,273
1166363051,2774969028,0,499,62,436,499,374
855679057,88367970,62,436,0,499,374,499
1169582293,2877043012,30,471,31,499,441,468
1320471369,4224627799,180,354,42,482,174,440
903207822,133363073,186,312,160,339,126,179
1222664861,3559623290,173,326,150,349,153,199
1307193266,4170894237,0,499,0,499,499,499
1237461160,3198883560,202,312,266,356,110,90
1289336135,4087641093,0,499,0,499,499,499
1158121220,2695198104,135,327,140,359,192,219
1142000040,2445522250,137,361,116,399,224,283
1204205259,3287145275,182,315,25,498,133,473
1238292486,3727585091,43,499,0,499,456,499
1266417825,3938194806,109,389,0,499,280,499
1193219235,3135922741,62,436,0,499,374,499
389544554,18154779,150,349,107,391,199,284
1236003900,3703070861,34,474,60,460,440,400
1039845447,802950558,44,454,0,499,410,499
1301027514,4105632841,153,347,190,386,194,196
987348819,294185126,1,498,86,412,497,326
1146397890,504197229,76,422,78,411,346,333
1275631293,4007155833,6,499,40,468,493,428
1319127962,4214004981,34,465,38,462,431,424
1176994905,2966514496,62,436,0,499,374,499
1058980122,1089660507,96,402,0,499,306,499
862213915,101738161,70,426,0,499,356,499
1257153104,3879365705,45,437,63,464,392,401
1239702158,3739054053,183,312,193,333,129,140
1137665064,2336931320,0,499,62,436,499,374
1143394782,2465091621,176,356,129,309,180,180
1255100613,3868242126,131,382,188,359,251,171
1243407198,3773719765,19,480,20,479,461,459
1277567227,4022757432,0,499,51,453,499,402
1276970897,4017744345,0,499,0,499,499,499
1318333079,4216318588,85,413,0,499,328,499
1307560626,4172098057,127,385,127,384,258,257
1270346565,3969776876,3,496,0,437,493,437
947189380,209026723,0,499,62,436,499,374
1320572239,4225125152,0,499,6,493,499,487
1116559298,1962189036,216,281,166,345,65,179
921249213,168344653,62,458,103,487,396,384
1317473695,3392717846,227,273,197,317,46,120
860164547,97587272,71,427,1,497,356,496
938022505,199331424,25,474,94,403,449,309
891728654,138460738,121,378,100,399,257,299
1170041490,2890599167,0,499,0,499,499,499
884187984,124561423,137,353,151,331,216,180
1121303082,2033863060,0,499,109,389,499,280
987456015,294325679,159,391,47,467,232,420
1320399390,4224453183,17,486,17,483,469,466
1213727248,3452563018,150,349,104,394,199,290
1018543970,511543267,73,426,0,496,353,496
1160744823,2725727362,42,454,144,375,412,231
1167672477,2843262187,0,499,0,498,499,498
987410605,294292056,3,494,78,420,491,342
1249535142,3819981976,179,317,198,298,138,100
1190866548,3098368225,0,466,84,415,466,331
1254162072,3860490687,81,411,119,370,330,251
1145207749,2493128691,109,389,0,499,280,499
1322793711,4229293005,27,473,143,349,446,206
1294218273,4122562030,20,467,98,374,447,276
1275484490,4006488457,0,499,0,499,499,499
1255194236,3868367109,74,443,64,477,369,413
1275674336,4006527491,0,499,0,499,499,499
996084759,304801125,116,379,66,459,263,393
1292924105,4113743140,0,499,0,499,499,499
1102204833,1790549279,21,478,0,499,457,499
1033528961,654827084,151,359,75,427,208,352
1165616004,2805735510,172,322,138,390,150,252
966185808,250842292,91,407,0,499,316,499
1262137757,3904884971,0,499,86,413,499,327
1274649475,400493,68,431,0,499,363,499
1186394402,3028261961,11,489,108,391,478,283
1019425910,516240671,62,436,0,499,374,499
1292019657,4105727979,0,499,0,499,499,499
1026763694,569377723,102,396,50,449,294,399
976520383,275883787,85,395,4,475,310,471
1265224262,3929899793,11,489,13,484,478,471
1100062265,1711733042,70,429,145,354,359,209
1236934765,3716121132,180,319,153,346,139,193
1319429476,4214364223,93,407,33,361,314,328
1285873201,4017684984,0,499,0,499,499,499
1283626786,4061593633,0,499,0,499,499,499
893277568,140454597,76,423,0,499,347,499
1132676989,2230073326,62,436,0,499,374,499
1298610967,4139344081,60,441,59,440,381,381
1292045464,4105789307,109,389,0,499,280,499
1301561843,4150999584,32,458,77,388,426,311
1200003007,3239758471,0,499,114,385,499,271
1027189302,569997691,113,385,50,449,272,399
1311571833,4188109782,101,384,39,478,283,439
929441057,183026196,160,338,87,412,178,325
1128743663,2153834488,0,499,0,499,499,499
1297206584,4110365772,38,461,57,437,423,380
1189276448,3078859378,0,499,109,389,499,280
1168539146,2853405258,0,499,83,415,499,332
1053581376,1035087101,81,418,0,499,337,499
830646751,48826300,62,436,0,499,374,499
1047047580,886740994,224,268,41,42,44,1
1247515528,3811186040,0,499,197,436,499,239
171413830,5445168,85,419,9,487,334,478
1100085903,1711731551,180,319,153,346,139,193
1307799613,3831044114,19,408,55,447,389,392
1123341906,2048493792,60,438,0,499,378,499
1166512353,2818198872,68,431,0,499,363,499
1258520604,3885604567,35,406,46,422,371,376
1272248598,3988484030,0,499,127,371,499,244
1220775456,3553335684,0,499,62,436,499,374
1220239243,3535736582,62,436,0,499,374,499
1302210489,4153248751,0,499,0,499,499,499
1181472355,2995655480,131,363,120,446,232,326
1177151678,2970593661,59,448,122,377,389,255
1252627131,3850328311,0,499,154,436,499,282
1315142319,4204271198,62,436,0,499,374,499
1324205936,4236298072,144,339,42,471,195,429
1318384729,259581159,55,442,12,470,387,458
1147713823,2529776555,159,339,111,388,180,277
1255207939,3863480233,9,490,84,412,481,328
1057872553,1082632793,160,339,105,376,179,271
1318404400,1916125239,36,472,36,455,436,419
1105047232,1846472230,170,332,113,323,162,210
1113061677,1926714966,11,488,23,487,477,464
845458796,74266594,0,499,62,436,499,374
919717500,165453614,62,436,0,499,374,499
1211445389,3399885291,87,486,13,420,399,407
1290769154,4096333962,18,497,0,492,479,492
857448295,91521287,70,430,0,499,360,499
1318317336,1951685672,0,499,0,499,499,499
1119680295,2001675993,157,364,98,366,207,268
1275261990,4003951749,57,441,74,436,384,362
1186355731,3027968226,141,353,87,411,212,324
1237636221,3721905337,0,499,104,436,499,332
1324114670,4236042272,0,460,0,486,460,486
1144934511,1611775608,10,486,65,429,476,364
1270857954,3974377720,0,499,1,498,499,497
1188469988,3065459449,125,411,5,485,286,480
857470032,91481334,59,440,0,499,381,499
1304073149,4160932206,106,388,51,463,282,412
1269454047,3957824464,0,499,67,427,499,360
858454594,92817402,72,426,0,499,354,499
1283719329,4061606224,89,396,49,391,307,342
1275402471,4003972471,56,446,57,437,390,380
1267122692,3941809214,11,329,86,451,318,365
1198170266,3212819686,144,355,100,399,211,299
1258568726,3885505549,70,456,46,425,386,379
1275611453,4006500975,0,361,67,499,361,432
1228852645,3620893993,0,499,73,426,499,353
1295910997,4127719444,30,456,64,464,426,400
1176504975,2958501074,84,405,67,395,321,328
1202896951,3256269300,54,445,0,499,391,499
1038917406,774756960,0,499,62,436,499,374
1189953765,3082472071,173,357,55,466,184,411
1275457299,4006485254,118,390,167,417,272,250
1033726350,659136477,96,403,0,499,307,499
1265495834,3931445490,99,412,12,482,313,470
949385947,212342900,128,394,149,351,266,202
1279143575,4037095505,21,456,62,467,435,405
1064116466,1134098570,0,499,108,391,499,283
1106064557,1861020620,0,499,63,436,499,373
976928605,276997659,57,481,229,270,424,41
1280590453,4045706720,2,494,94,401,492,307
972193474,264546162,110,393,153,346,283,193
1215204768,3155066490,96,402,25,474,306,449
1054577981,1041665269,12,443,282,499,431,217
1308858883,278415119,100,399,2,497,299,495
1328535172,4250688178,52,457,14,496,405,482
1261192729,3898711219,272,368,204,286,96,82
1235678261,3697517928,179,349,30,479,170,449
1227499397,3610679085,43,453,28,477,410,449
1295960415,4128438383,117,351,32,479,234,447
1193102632,3081167002,190,308,38,471,118,433
1192147744,3122618055,68,432,22,488,364,466
1168512007,2861538230,11,485,11,499,474,488
1169904058,2887191298,41,462,1,496,421,495
1301873305,4153639651,172,305,70,419,133,349
1268882537,3953950847,0,499,0,499,499,499
874731286,46704360,71,427,71,428,356,357
1314507025,4202303828,0,499,0,499,499,499
835295185,66630578,95,404,50,449,309,399
1111912210,1916409529,80,419,0,499,339,499
1119048214,1991504602,38,462,120,387,424,267
1119367666,1997310094,0,499,62,436,499,374
1125184025,278526403,156,343,100,399,187,299
1258270183,3883968058,203,322,189,454,119,265
985962301,222624353,111,360,204,295,249,91
1027021838,569746098,114,385,50,449,271,399
1112173610,1857572552,45,459,73,427,414,354
1258448227,3885339881,155,343,125,374,188,249
1267238859,3942391181,25,484,85,346,459,261
1299537659,4141684993,0,499,218,258,499,40
1064720262,1132405514,0,499,0,499,499,499
310584384,46578668,62,436,0,499,374,499
1007573568,435058437,77,422,0,499,345,499
1322468889,4229979858,0,488,0,499,488,499
1128775186,852915735,25,479,34,489,454,455
1200698322,3232142569,0,499,0,499,499,499
1190863406,3090534656,190,302,166,372,112,206
1301337021,4150978457,0,498,0,498,498,498
1261173927,3898707874,0,499,195,315,499,120
1316187505,4200876764,23,466,35,475,443,440
1226405764,3591581816,0,499,142,436,499,294
1289491203,4088648654,93,400,144,472,307,328
1287462199,4076850883,55,450,62,446,395,384
1188538805,3067204182,130,369,130,369,239,239
1063238050,1123966759,92,406,0,499,314,499
1244542140,3785102246,62,460,77,434,398,357
1057423220,1078766707,148,202,105,299,54,194
1168039815,2850585288,62,421,99,401,359,302
1052719091,984709843,68,430,0,499,362,499
1143238066,2462954077,143,354,122,374,211,252
1251496573,3843082163,0,499,0,499,499,499
1203463944,3277810172,125,355,18,468,230,450
1257401010,3881319158,167,324,214,452,157,238
1009299205,315524534,100,399,46,453,299,407
1032685220,627253093,94,405,27,471,311,444
1296390728,4130562420,0,499,62,436,499,374
1002520781,180153207,177,321,150,349,144,199
959070579,230866266,96,402,10,489,306,479
1269950407,3964906416,0,499,0,499,499,499
987404795,294290654,43,454,23,488,411,465
971041820,261217093,130,370,93,403,240,310
1000076039,580161,0,499,62,436,499,374
1250960687,3836999783,146,363,198,301,217,103
1169247995,2870437821,62,436,0,499,374,499
1300817686,3134877648,85,413,0,499,328,499
931974239,187230533,153,319,114,366,166,252
1319153246,4218235206,14,470,17,484,456,467
862582846,102704990,100,398,54,439,298,385
996867609,321177391,71,428,0,499,357,499
1197718679,3208832038,62,436,0,499,374,499
1078239257,1396645152,5,441,52,451,436,399
1220137446,3491615658,62,436,0,499,374,499
1232935692,3667339268,39,466,84,412,427,328
1234404598,3681890161,62,436,0,499,374,499
1284115433,4063221280,59,428,52,459,369,407
1237445773,3719951860,79,420,0,499,341,499
1158120745,2695197368,0,499,39,458,499,419
489214021,51373555,0,499,73,425,499,352
1141007284,2390598572,56,440,108,430,384,322
1128430781,2145680453,150,349,125,388,199,263
1314720904,4203376229,58,412,135,331,354,196
1246418247,3798934118,25,473,118,382,448,264
1052071190,979217004,29,499,125,356,470,231
1197958278,3210578008,156,343,100,399,187,299
1275096157,4003845682,58,437,68,454,379,386
1241423544,3756672265,185,314,152,346,129,194
1270853480,3974251485,0,499,0,499,499,499
1117694765,1975208963,63,436,0,499,373,499
1252627533,3850328458,0,499,62,436,499,374
1319986111,4215314909,15,481,134,367,466,233
1283502290,4061581221,18,499,23,499,481,476
1264480517,3925828310,70,429,145,354,359,209
874731879,61387681,71,427,44,454,356,410
1306115211,4167608252,3,489,25,468,486,443
1311678713,4188903936,0,499,0,499,499,499
1117876706,418195652,246,256,229,289,10,60
1096278330,1644734620,0,499,62,436,499,374
1170182497,2892529486,147,356,42,467,209,425
1136967867,2336089291,40,444,134,360,404,226
1292288185,4108382449,0,499,0,499,499,499
1174169386,2935496079,165,388,108,319,223,211
1260350656,3893198039,41,464,27,471,423,444
1077735686,1381344316,166,336,120,410,170,290
1128752132,2154662690,150,349,132,387,199,255
1272968305,3992156318,0,499,0,499,499,499
847844412,77531798,0,497,0,499,497,499
939294124,201935603,0,499,62,436,499,374
1260284873,3893195703,0,499,32,499,499,467
1295929424,4127722178,31,473,20,465,442,445
1069680836,1253949478,79,419,25,469,340,444
1171954920,2914100205,19,471,152,365,452,213
1307799111,4172825935,0,499,0,499,499,499
1104910100,1829185684,52,462,175,436,410,261
1248865931,3817907510,71,234,232,362,163,130
1324200713,4236297900,20,462,102,416,442,314
1316107635,4200870007,42,460,101,461,418,360
1250125422,3829940866,62,436,0,499,374,499
1055361842,1059184666,94,405,27,471,311,444
176071930,1760955,74,425,0,499,351,499
1205779236,3300176401,0,499,6,464,499,458
1257419559,3881222797,0,499,0,499,499,499
993339907,300685109,10,482,14,484,472,470
1053151003,988342979,66,432,29,470,366,441
1260350689,3893243972,37,499,0,499,462,499
919323010,164915582,139,360,100,399,221,299
1246586641,3799497850,16,482,0,499,466,499
1025057908,548896055,88,411,0,499,323,499
1319697640,4214669728,97,455,44,469,358,425
1243386445,3773727365,19,480,36,461,461,425
1249513942,3819875771,136,363,31,481,227,450
1213817048,3444602372,0,499,62,436,499,374
1216759879,3480222211,77,421,0,499,344,499
905285889,149878702,208,288,201,292,80,91
1317923808,4215694341,121,379,17,476,258,459
1272248641,3988484078,120,379,0,499,259,499
1106109747,1862555079,62,436,0,499,374,499
1257299279,3879897508,3,496,3,496,493,493
874729537,76156745,103,395,0,499,292,499
1124845088,2077829062,0,499,63,436,499,373
885065428,129501670,0,499,62,436,499,374
1218255667,3507957870,56,441,42,458,385,416
1261425907,3898728587,41,484,39,456,443,417
1045932478,872777715,62,436,0,499,374,499
836220979,70746351,147,347,110,382,200,272
968868341,254429412,71,427,0,499,356,499
1285849534,4017672396,0,499,0,499,499,499
1215531044,3470074184,107,391,1,498,284,497
1232152901,3657490313,70,429,145,354,359,209
1174586104,2940638618,192,349,152,346,157,194
959984230,234596070,125,374,62,436,249,374
938700744,201010056,0,499,74,425,499,351
662776496,56054820,127,377,82,425,250,343
1282185937,4053110857,62,436,0,499,374,499
1276225628,4012179196,44,456,95,372,412,277
1102518560,1798811737,0,499,0,499,499,499
1281706365,4052946726,116,385,76,419,269,343
1287779052,4077142394,77,421,0,499,344,499
1195469777,3170640046,78,427,74,416,349,342
1309556407,4180148704,13,470,48,435,457,387
1077540693,1374123722,79,418,0,499,339,499
1273488676,3992738151,25,468,48,458,443,410
1288925097,4086025045,86,407,33,451,321,418
1257238901,3879898096,44,430,23,473,386,450
1196814971,3198840593,0,499,86,412,499,326
1293176627,4116840159,47,465,115,407,418,292
927358006,169084065,74,421,10,496,347,486
1275420692,4004204481,46,457,48,459,411,411
1247731190,3196622269,91,408,5,491,317,486
1265585111,3931857134,88,392,9,491,304,482
1007545292,435034865,83,415,0,499,332,499
1275090930,4004075617,34,466,89,411,432,322
1249535732,3819983488,173,309,177,315,136,138
1304166912,4160985374,106,388,51,463,282,412
1090249910,567807449,159,340,100,399,181,299
1282828509,4058579742,24,471,28,470,447,442
862488209,101947069,0,499,80,418,499,338
308010909,46350344,5,494,0,499,489,499
1109479543,1889794223,101,427,51,361,326,310
1264848303,3927675251,31,499,11,488,468,477
1061038748,143750862,109,389,0,499,280,499
1289180891,4086072255,0,499,72,427,499,355
1032437628,622666628,0,499,84,415,499,331
1032597416,626264232,0,499,238,260,499,22
1065140433,1146995870,151,348,62,437,197,375
520194883,52705347,81,418,0,499,337,499
1026021626,557990859,136,363,100,398,227,298
1283982791,4063983722,52,448,30,468,396,438
1219952505,3534576449,53,447,11,488,394,477
1284210298,4058897375,0,499,0,499,499,499
1328272630,4250678300,26,449,99,446,423,347
1276309776,4012721189,0,499,0,499,499,499
441335016,50248267,13,489,208,288,476,80
1131229815,278573997,147,351,100,399,204,299
1243401323,3773717496,19,480,75,420,461,345
881910922,126377874,149,350,104,395,201,291
1324106574,4236042205,0,499,0,499,499,499
1323344016,4231758087,132,361,16,481,229,465
1066930299,1173353204,75,425,15,483,350,468
1276444618,4013276008,29,482,0,472,453,472
1244326367,3782771617,0,499,126,436,499,310
1302929289,4154933432,111,426,29,417,315,388
588117443,49889082,109,389,50,449,280,399
1257475385,3881469572,52,456,65,454,404,389
1114671635,1935687090,93,397,20,485,304,465
1190252334,2943131383,0,499,62,436,499,374
1271389010,3976910124,120,435,194,373,315,179
1108247475,1871354201,0,499,109,389,499,280
1274506664,3999816756,0,499,0,499,499,499
1277509187,4023128687,149,333,59,444,184,385
1308954580,4176654471,117,381,65,434,264,369
1304227519,4161631220,83,415,0,499,332,499
1280448540,4044822074,0,499,0,499,499,499
1212833893,3242675003,34,465,146,364,431,218
1273392058,3992630714,86,425,83,421,339,338
858596466,93040635,86,412,0,499,326,499
1161484784,2739440415,0,499,0,499,499,499
1261173695,3898707844,65,430,184,312,365,128
1204247158,3287287718,61,405,14,490,344,476
1309995152,4181947506,67,434,71,438,367,367
1257673700,3881724340,0,410,77,433,410,356
1273735433,3992780071,41,460,96,407,419,311
1303149947,4157451444,0,499,0,499,499,499
1313420897,4197673841,28,466,155,357,438,202
968493090,253006008,0,499,62,436,499,374
1188886648,960385511,62,436,0,499,374,499
1167613404,2841184991,0,499,62,436,499,374
835815583,57561307,181,297,23,477,116,454
1046151355,874239753,90,400,152,346,310,194
1291956223,4103164466,62,436,0,499,374,499
860283150,97866688,69,430,0,499,361,499
1044470604,857237540,19,472,121,435,453,314
1279202897,4037102555,71,435,73,421,364,348
1306654984,4168968014,38,461,38,461,423,423
1198681171,1100134065,154,344,100,399,190,299
1192060551,3115501902,0,499,62,436,499,374
833130849,61985267,180,318,150,349,138,199
985456699,290210573,71,427,0,499,356,499
1231760204,3649612800,0,499,63,436,499,373
1239097486,3730701167,115,344,132,366,229,234
1112557906,1119742910,10,489,28,470,479,442
1307374584,4171236238,69,396,65,407,327,342
1190253277,2832752246,0,499,67,432,499,365
1156555549,2672945668,0,499,73,426,499,353
1308073800,4174233619,41,430,23,499,389,476
1028220441,582189668,0,499,109,389,499,280
1160544675,2724913546,45,479,161,404,434,243
961882100,238595679,90,400,73,477,310,404
971434591,262168137,53,465,67,382,412,315
1261397822,3899874620,137,359,184,341,222,157
1250268236,3831364223,0,499,98,436,499,338
1312447499,4194036559,0,499,0,499,499,499
1308737692,4177822431,0,499,0,499,499,499
1083215516,47089578,71,428,0,499,357,499
1273975216,3995261332,0,499,0,499,499,499
917068041,162371311,82,417,4,498,335,494
1254319292,3861175879,110,399,64,492,289,428
964841811,248359199,75,423,5,493,348,488
1296882673,4129364774,0,499,62,436,499,374
1047061082,838642557,0,499,63,436,499,373
1302187701,4153246029,22,482,35,453,460,418
1196341167,3161468912,56,443,98,400,387,302
1168639273,2862279125,71,428,70,428,357,358
1211714047,3408585204,0,499,0,499,499,499
870151784,114476079,101,397,82,416,296,334
1251091279,3837522361,0,499,0,499,499,499
1075485429,1345328641,72,441,66,439,369,373
1178324976,2984244887,47,427,116,421,380,305
1268601120,1181279975,100,399,10,489,299,479
1280536607,4044247936,35,465,16,482,430,466
1313034665,4197572652,92,403,157,405,311,248
845005795,73672662,81,420,6,494,339,488
1032428552,622613630,26,472,266,450,446,184
1283948102,4061636183,86,406,128,376,320,248
1257587378,3882088132,0,499,149,349,499,200
1192208025,3123326393,33,465,0,499,432,499
1239403914,3737631966,0,499,0,499,499,499
1140310082,2406558136,0,499,114,385,499,271
1240902022,3750740450,0,499,176,436,499,260
850073346,81586457,201,298,175,324,97,149
1216276655,3479068024,70,429,0,499,359,499
1008148315,436064109,143,355,100,399,212,299
1117987234,1978503520,91,439,88,449,348,361
1239509752,18663956,191,317,162,349,126,187
1307347130,4171233360,145,369,103,411,224,308
1324192335,4236297538,142,351,62,455,209,393
1252799250,3851807850,128,372,88,411,244,323
1321365871,4222777430,62,436,0,499,374,499
1270583649,3972426816,65,428,0,420,363,420
1294210995,4122559826,0,499,0,499,499,499
1311755458,4189044243,43,455,55,454,412,399
1155891924,2661383746,0,499,78,420,499,342
1321640436,4227454320,0,499,0,499,499,499
1151339565,2582442799,50,449,100,399,399,299
1239449007,303783371,48,430,149,343,382,194
917364730,162975397,121,387,53,449,266,396
1201827372,3249398687,53,435,36,471,382,435
1072611813,1307708445,44,452,144,357,408,213
1146981061,2527236596,110,389,54,445,279,391
1299067271,4139564954,0,499,0,499,499,499
1062167158,143687848,39,459,0,499,420,499
1273124501,3992566092,109,395,124,387,286,263
961234534,237022014,190,309,172,327,119,155
1239687717,3736281627,0,499,109,389,499,280
1246006798,3796698769,143,362,156,359,219,203
836465065,71258440,172,327,151,359,155,208
1313873289,4200413925,37,454,134,419,417,285
1307842677,4172829770,111,362,152,347,251,195
1071994081,1299632979,68,409,5,499,341,494
1256514449,3874388861,0,499,0,499,499,499
1066930642,1173353286,18,481,25,473,463,448
1176505239,2958502080,191,316,86,410,125,324
1305529998,4165987109,18,477,105,384,459,279
1297538541,4135941773,0,499,62,436,499,374
1027098906,569736967,106,393,50,449,287,399
1211983958,3414349041,233,303,17,482,70,465
1201835032,3249407396,14,485,38,460,471,422
579382585,54214989,227,266,201,304,39,103
1272684972,3990157297,52,482,91,393,430,302
1164078101,2779632762,0,499,1,497,499,496
1193168999,3138442280,4,497,128,406,493,278
966722720,253524820,100,397,137,364,297,227
1258573607,3885786115,0,499,0,499,499,499
1311859730,4189052635,0,499,0,499,499,499
1262170034,3905699639,69,406,107,372,337,265
1321799499,4227486489,95,399,27,475,304,448
1178140347,2882910167,56,443,0,499,387,499
1313058545,4197487501,0,499,0,499,499,499
1295960147,4128274525,46,453,84,414,407,330
1206441563,3326339844,210,419,199,293,209,94
1263975141,3923184153,0,499,0,499,499,499
763211018,61095117,81,417,0,499,336,499
989049536,296205730,0,499,54,445,499,391
1174590125,2940639603,206,300,183,302,94,119
1066933875,1173453501,183,331,138,389,148,251
1316300017,4200883077,139,357,88,430,218,342
689916136,57636974,0,499,64,435,499,371
1314557516,4202304736,77,425,177,411,348,234
1173695922,2930782559,105,395,31,409,290,378
1012321405,457026603,71,428,0,499,357,499
1310459718,4182245366,31,464,124,403,433,279
1110091451,1885015913,62,436,0,499,374,499
1283875115,4061621083,19,426,93,369,407,276
1283722830,4061606759,75,423,91,407,348,316
1261408726,3898721890,0,499,0,499,499,499
920887912,167489331,0,499,100,398,499,298
1192150330,3122651685,68,432,22,488,364,466
864880852,106800603,0,499,62,436,499,374
901889880,147108094,52,447,0,499,395,499
1268568320,3952099496,89,405,197,364,316,167
1051761812,981230125,224,489,367,466,265,99
933239195,190096774,73,426,0,499,353,499
1235381378,3693369051,0,499,62,436,499,374
452505330,50313031,100,399,56,442,299,386
1158121450,2695198632,10,491,8,489,481,481
927603233,180669985,122,379,74,434,257,360
1274249022,182847501,68,430,0,499,362,499
1128556543,2150573497,103,375,21,485,272,464
1275292593,4003956085,0,499,0,499,499,499
1167669747,2843164946,190,319,18,478,129,460
1125236534,2090803192,47,347,180,326,300,146
1238219510,3726797501,122,380,73,407,258,334
1297637743,4131315131,53,448,5,488,395,483
949294388,212221284,0,499,62,436,499,374
1305914847,4167020938,61,447,60,427,386,367
1252628037,3850328824,0,499,62,436,499,374
1300138139,4145102017,0,499,0,499,499,499
1213868439,3454643240,0,499,62,436,499,374
1283939354,4061633789,14,483,27,392,469,365
1283541722,1363419,85,413,0,499,328,499
1026056012,559361551,476,480,138,359,4,221
956392953,150163036,18,494,179,321,476,142
1123494656,2050919618,0,499,109,389,499,280
1156240146,2655406843,0,499,109,389,499,280
1299697033,4143428878,195,300,228,295,105,67
1312400380,4194758850,68,422,129,368,354,239
874731276,54348800,71,427,0,499,356,499
988495683,295648977,117,381,65,434,264,369
1275458814,4006485345,0,499,0,499,499,499
1244837591,3786950136,98,410,164,372,312,208
1245644185,3793572222,28,474,86,393,446,307
1161817310,2742150045,110,389,0,499,279,499
1166909985,2823881077,0,499,62,436,499,374
1240298731,3746463592,132,368,66,302,236,236
1257706469,3881725325,43,499,0,499,456,499
1068962885,1193499556,0,499,138,360,499,222
1141839448,2442752181,102,357,127,378,255,251
1324088305,4236041994,202,297,38,463,95,425
1275546275,4006494284,20,464,42,497,444,455
1249851689,3824874964,85,414,0,499,329,499
1274284100,3998839923,19,485,48,262,466,214
951576730,3214438,100,399,143,355,299,212
1027193910,569831330,114,385,50,449,271,399
1145366511,2494082741,84,442,132,443,358,311
1324165816,4236353706,51,451,229,458,400,229
1260349615,3893243939,51,180,144,340,129,196
1318934449,4213812360,166,384,33,478,218,445
1275516949,4006491383,0,499,6,499,499,493
833044506,63397756,145,353,0,499,208,499
924833451,80152652,0,499,62,436,499,374
1275999749,4010221432,0,499,33,499,499,466
866916015,109797186,83,416,0,499,333,499
1029511503,591830007,138,345,12,442,207,430
1194347078,3157730753,0,499,109,389,499,280
1204220175,3287231560,26,479,79,429,453,350
205710030,6109505,196,302,176,321,106,145
1261193273,3898711247,4,493,80,422,489,342
1215065257,3466195036,109,389,6,499,280,493
911647070,155788659,62,437,0,499,375,499
1216803938,3485300210,0,499,134,422,499,288
1299790047,4143497484,75,430,49,465,355,416
1008137688,436061491,111,388,69,429,277,360
1273171476,3993178430,10,492,107,410,482,303
1008363303,437600973,0,499,124,374,499,250
1008086566,435911802,115,384,50,449,269,399
1241396654,3756587142,186,314,174,334,128,160
1115857844,1951738466,66,451,121,352,385,231
1066931092,1173353194,4,497,86,415,493,329
1231786732,278541271,146,352,100,399,206,299
1295941095,4127723395,21,480,22,474,459,452
1186950524,3040165360,62,436,0,499,374,499
1127874436,278535701,169,331,113,384,162,271
1275100417,4003846149,73,437,94,442,364,348
1121264902,1118849568,8,491,7,485,483,478
1008227798,436164853,188,309,187,308,121,121
1009249765,440550211,150,349,101,397,199,296
1248862195,3817906363,57,441,0,498,384,498
1313565263,4199252989,28,479,157,329,451,172
961568130,543822655,0,499,0,499,499,499
1032827575,626808060,152,349,151,348,197,197
1150025524,2561650048,17,482,185,314,465,129
1305140990,4164671742,106,388,51,463,282,412
1209737047,2562241263,50,466,109,362,416,253
1215334969,3470007679,0,499,0,499,499,499
1121315605,2033960202,0,499,85,414,499,329
937874452,199174621,74,426,0,499,352,499
834043144,66204203,77,421,124,374,344,250
1134139976,2273762726,46,415,148,387,369,239
1306791030,4168955468,0,499,0,499,499,499
1026854856,569611405,101,398,50,449,297,399
999551194,344088783,38,452,29,465,414,436
1308825585,1779573934,100,379,22,476,279,454
1127575848,2126259026,118,392,27,450,274,423
1291075442,4099647929,62,436,0,499,374,499
1255420300,3869744212,31,468,95,404,437,309
1070716015,1274510278,0,499,84,415,499,331
659806,184758,0,499,0,499,499,499
1243785585,3775997591,84,411,141,343,327,202
1256827598,3875048431,0,499,0,499,499,499
1196146822,210777792,180,318,150,349,138,199
507951074,52325726,62,436,0,499,374,499
1165522770,2804685229,21,444,28,470,423,442
1083509902,1482094182,93,397,88,410,304,322
1177204516,2970979401,84,398,11,475,314,464
1301598635,4151000284,10,485,26,458,475,432
1250924880,3836828985,46,423,19,347,377,328
1283726549,4061606947,139,385,132,416,246,284
1316245987,4200880278,15,492,127,364,477,237
251689624,6506263,151,346,110,390,195,280
1231424507,3648970160,69,420,59,411,351,352
1192153800,3122685331,68,432,22,488,364,466
1239002450,3731581886,0,499,0,457,499,457
1235245871,3692659222,103,398,70,430,295,360
1323194536,4231841011,54,448,56,443,394,387
1061073718,278527155,150,349,100,399,199,299
1283413450,4061577380,117,407,58,396,290,338
1080023455,1441106771,93,406,0,499,313,499
1167672473,2375039130,89,401,16,479,312,463
1299570683,4141746376,30,453,92,409,423,317
1277075100,4019948346,141,363,181,331,222,150
1077589504,1375778946,166,297,100,399,131,299
1252627349,3850328381,0,499,169,436,499,267
1150015499,2561650000,39,446,148,359,407,211
1253262827,3855781056,113,455,98,391,342,293
1237103800,1684126509,39,461,186,356,422,170
992932334,189227775,185,301,200,304,116,104
1275718149,4006540396,0,499,0,499,499,499
1279144060,4037581018,48,461,85,499,413,414
1299883978,4143878000,62,436,0,499,374,499
1128451485,278588957,183,336,111,388,153,277
1252880867,3852847851,0,499,62,436,499,374
1174136109,2931990719,169,329,137,361,160,224
1102379723,1798749079,83,420,28,460,337,432
1220749426,3551876421,73,426,0,499,353,499
1260249775,3894926875,17,488,12,485,471,473
1254390018,3861757272,5,499,0,498,494,498
1054791581,1048715801,156,343,100,399,187,299
1248862667,3817906536,36,455,30,470,419,440
1123829460,2063144737,156,370,232,271,214,39
1317091700,4211501910,53,438,66,364,385,298
1010572482,447634846,34,479,39,462,445,423
1129569262,2168070102,26,475,163,336,449,173
1292496871,4108936118,99,413,48,430,314,382
1119852312,2003437585,18,469,10,490,451,480
1324093240,4236042050,2,480,1,493,478,492
1278972187,4037571284,0,499,0,499,499,499
1275054081,4004069497,33,481,33,470,448,437
1220252629,3534823846,0,499,62,436,499,374
1270055728,3967126948,82,460,36,416,378,380
1313198832,4198225225,160,337,67,417,177,350
1301368893,4149373933,121,465,94,395,344,301
1191142172,3102583281,0,499,0,499,499,499
964769434,247906982,0,499,62,436,499,374
1187411970,2767551791,66,467,131,399,401,268
1146179738,2510759365,129,312,106,377,183,271
899295468,144984275,76,422,0,499,346,499
1291861608,4104068964,155,340,31,471,185,440
1027327425,570708285,72,427,0,499,355,499
866643122,109504479,92,407,144,355,315,211
946714023,208715291,162,328,195,320,166,125
865107341,48434207,89,410,0,435,321,435
1251501941,3843163627,41,472,127,383,431,256
1124033106,2067605534,0,499,109,389,499,280
333417179,47769698,73,425,0,499,352,499
1255948583,3872799822,155,349,164,344,194,180
1247095648,3803627231,0,499,109,389,499,280
1241788909,3760780325,13,499,16,499,486,483
1289759541,4086160437,0,496,0,499,496,499
1069204631,1198125790,169,330,0,499,161,499
1261416004,3898724493,0,499,0,499,499,499
1267234380,3942390745,62,453,72,418,391,346
1312042970,4189096436,0,499,0,499,499,499
1283651891,4061596151,0,499,0,499,499,499
1280112998,4042483157,15,475,91,490,460,399
1223309171,3578851017,0,499,109,389,499,280
1217152307,3490252452,1,498,77,455,497,378
1204249646,3287289841,83,418,153,342,335,189
933261610,190110966,36,463,0,499,427,499
1119041160,1991362742,24,470,122,412,446,290
1238292412,3727585056,48,457,13,490,409,477
1295041615,1940510493,144,380,23,492,236,469
1260611964,3894565256,6,492,10,492,486,482
1204247976,3287288129,77,421,35,465,344,430
1289270659,4086085803,0,499,0,499,499,499
1158553259,2700692982,0,499,62,436,499,374
1158664622,2702363268,6,488,107,421,482,314
1316116711,4200871144,34,476,46,472,442,426
1174589367,2940639472,27,490,123,481,463,358
1321748502,4223031478,174,358,49,485,184,436
1159715669,2718729712,62,436,81,441,374,360
1262348382,3906639477,31,463,117,369,432,252
978861737,227141497,8,495,85,405,487,320
905285490,149878775,191,306,205,308,115,103
1291778780,4103604890,0,499,84,415,499,331
1053838321,1034023253,0,499,63,435,499,372
987691073,294532257,0,499,62,436,499,374
1283598959,4061587178,32,481,154,333,449,179
1282519622,4057540289,54,425,58,469,371,411
1246418207,3798934095,19,482,62,468,463,406
1324206104,4236298079,56,429,15,488,373,473
1191736973,204390191,42,465,82,416,423,334
844568188,72738954,77,422,0,499,345,499
1282931612,4057768646,120,385,146,439,265,293
1023421702,536523202,0,499,62,436,499,374
1319412408,4214354252,129,479,64,414,350,350
1101583168,1479589079,153,345,130,399,192,269
1277222315,4021174706,104,499,78,499,395,421
1304099371,4160937884,106,388,51,463,282,412
987646930,294463305,75,424,0,499,349,499
1243659064,3775275163,0,499,62,436,499,374
1046032071,873694563,25,471,109,387,446,278
1181359782,3002359989,185,320,212,292,135,80
1198895912,2543853154,151,347,130,399,196,269
876790544,122168182,100,386,113,386,286,273
1214827190,3463195196,32,474,111,373,442,262
1314634527,4186448047,24,475,131,377,451,246
1269771986,3962600646,0,499,62,436,499,374
1323298785,4231695813,0,499,0,499,499,499
1136604757,2333018860,0,499,62,436,499,374
1230498656,3638923807,74,422,103,380,348,277
1321984534,4229796715,11,492,6,447,481,441
1220530397,3547571725,62,436,0,499,374,499
1120933912,2025880931,81,418,0,499,337,499
898066724,144402962,19,487,102,432,468,330
1306772476,4169536843,85,414,0,460,329,460
1301521382,4150995971,20,483,118,395,463,277
1282525953,4057542390,7,488,86,400,481,314
1205982564,3316455299,47,455,147,381,408,234
1041188543,824466874,146,344,235,266,198,31
1309079110,4179420543,0,499,0,499,499,499
1314014652,4201273321,138,361,65,499,223,434
1275683923,4006530436,54,428,109,433,374,324
1312602113,4195543100,42,466,64,451,424,387
941621921,207151318,125,393,155,333,268,178
1205828671,2760728845,44,453,164,368,409,204
1324194913,4236297673,86,426,58,462,340,404
1011434605,451840101,34,496,52,448,462,396
1054866373,1050469133,0,499,94,405,499,311
1311388396,4187115038,0,499,21,499,499,478
1205264993,3303135508,49,443,223,291,394,68
1241655943,3759137526,141,194,310,362,53,52
1087803991,69871503,0,499,0,499,499,499
1283993335,4063342100,32,465,48,449,433,401
1285034600,4066255309,51,499,24,469,448,445
1282006087,4050753170,0,499,0,499,499,499
916865659,161956812,200,298,180,319,98,139
1267581163,3766473373,100,399,7,492,299,485
1108332411,1875291698,156,343,100,399,187,299
1266508511,3938618786,0,499,222,285,499,63
1161700748,2733520291,70,429,0,499,359,499
603185345,72697774,72,430,37,499,358,462
973967220,270300010,35,465,15,478,430,463
1267277212,3942394791,8,487,176,377,479,201
1303698829,4159373636,106,389,51,463,283,412
1017827863,433663429,190,309,157,341,119,184
1249758741,3821565965,0,499,62,436,499,374
1287855845,4079437852,70,485,147,485,415,338
1243659126,3775275179,0,499,62,436,499,374
1254978811,3867142380,0,499,0,499,499,499
1287879002,4079551072,0,499,0,490,499,490
1115471579,1945574710,58,434,60,453,376,393
1038929517,761362977,35,469,73,417,434,344
1105980747,1859462233,95,404,0,499,309,499
1118919143,1989328275,73,426,0,499,353,499
861399502,3643755,62,436,0,499,374,499
1007385644,416649351,56,442,0,499,386,499
1135932591,2315607490,94,405,120,393,311,273
982957056,287027756,0,499,62,436,499,374
1085976096,1504249211,62,436,0,499,374,499
1007982025,435848773,108,390,50,449,282,399
859266066,94400191,0,499,86,413,499,327
1125050024,278550713,158,341,100,331,183,231
1121419955,2035478877,11,494,120,399,483,279
1299303451,4141676572,111,409,45,453,298,408
1190253718,2697700284,0,499,67,432,499,365
1308945520,4177869029,0,499,0,499,499,499
1186811311,3039408971,0,499,63,436,499,373
934914409,193173877,0,499,62,436,499,374
1087305382,1511017736,138,361,100,399,223,299
1215022420,3465721591,0,499,109,389,499,280
1230969236,3643039202,37,474,180,340,437,160
1304163384,4161290997,67,432,0,499,365,499
1324021758,4235888330,88,376,147,499,288,352
1261409561,3898722396,0,499,83,416,499,333
1089390652,1544812329,129,369,100,399,240,299
1121419861,2035478862,10,454,170,325,444,155
1257671618,3881724285,62,432,62,444,370,382
1276023708,4010532284,55,450,3,498,395,495
1279232900,4037102934,30,466,38,455,436,417
1274650616,1767369,68,431,0,499,363,499
1259027250,3887599516,24,479,48,475,455,427
1009053812,439719642,73,425,0,499,352,499
1268261392,2089332842,83,415,0,499,332,499
1245674152,3793736119,19,480,21,479,461,458
1141456123,2432840416,94,405,93,405,311,312
1323344552,4231816954,35,477,36,469,442,433
1314562910,4202304876,50,443,32,382,393,350
985269812,290236469,62,436,0,499,374,499
987612123,294454395,114,385,100,399,271,299
1017948177,443083463,190,309,154,345,119,191
997020504,326598732,62,436,0,499,374,499
986562131,292680857,53,415,194,245,362,51
1007209695,433300377,73,425,0,499,352,499
1167059119,2825567768,75,423,0,499,348,499
1313100932,4197653374,157,367,12,442,210,430
1099085298,1923133998,0,499,0,499,499,499
1032931342,636502958,62,436,0,499,374,499
1290307697,4092909712,31,433,162,338,402,176
1174592427,2940640318,44,454,43,483,410,440
835629196,68090742,130,369,142,356,239,214
1100066136,1711731509,70,429,145,354,359,209
1025367158,549270483,14,487,89,417,473,328
1239375973,3737344048,0,499,62,436,499,374
1274880155,4001396819,12,489,145,346,477,201
1275632122,4007155867,192,308,71,303,116,232
1242194403,3763064393,0,499,75,436,499,361
1309976062,4181945580,26,473,122,452,447,330
1159909252,2721224571,107,415,79,409,308,330
1257307061,3879899888,45,318,143,382,273,239
1251592752,3844081434,145,309,167,337,164,170
1125216589,644225017,68,426,0,495,358,495
1301492734,4151261966,0,499,0,499,499,499
1251020778,3837275163,0,499,0,499,499,499
867996077,111333061,72,430,0,499,358,499
1269068083,3953974675,0,499,0,499,499,499
1145615128,2495680752,196,269,138,152,73,14
1033128868,645449093,0,499,62,436,499,374
1007625044,435126952,100,399,57,442,299,385
1319530743,4214461543,18,481,209,347,463,138
1042991217,819713487,166,343,132,340,177,208
1219603914,3527676972,124,377,74,269,253,195
1007684414,435057914,89,410,0,499,321,499
995612453,303886951,76,397,60,438,321,378
1117874924,1977506377,150,349,128,388,199,260
1095049953,1631551337,122,384,112,389,262,277
1321200897,4221763266,182,303,46,456,121,410
1103073743,1814026976,169,340,111,392,171,281
1163897732,2775255327,85,412,163,325,327,162
1156813485,2677620209,11,435,34,471,424,437
1245820023,3794708221,3,98,235,269,95,34
1241671125,3759385097,85,414,10,489,329,479
1263639338,3918692304,0,499,62,437,499,375
1176503832,2958499694,10,488,143,324,478,181
949387297,212343150,157,339,139,358,182,219
1169970993,2889233107,183,315,150,349,132,199
932050330,187355793,137,367,115,384,230,269
1314659686,4186534729,167,331,61,458,164,397
1225886748,532978835,220,298,249,367,78,118
942087006,138732065,50,449,100,399,399,299
1051761828,981229852,324,470,340,478,146,138
1172528608,2919347136,58,444,122,355,386,233
1308726535,4177820511,86,407,88,408,321,320
1178734218,2987928614,71,499,0,492,428,492
1306560486,4167079532,106,388,51,463,282,412
996646453,315364218,160,338,35,464,178,429
1316289107,4200882574,52,456,39,461,404,422
908634975,127116288,11,487,75,463,476,388
1196673412,3195714960,128,374,25,444,246,419
1263010595,3913252719,109,389,0,499,280,499
1100249639,279562276,26,473,203,295,447,92
1273405377,3992576634,40,457,64,457,417,393
1323311943,4231696284,0,499,0,499,499,499
1275706082,4006536310,99,416,114,435,317,321
1324122441,4236042451,9,485,16,495,476,479
1239916506,3702416453,107,391,0,499,284,499
940835500,205228980,217,278,226,267,61,41
1301906831,138621811,0,499,119,379,499,260
1277241697,4021475332,72,428,14,449,356,435
1273753209,3992786809,80,412,89,436,332,347
1108079660,1868890991,62,436,0,499,374,499
1258981987,3887596123,87,415,112,445,328,333
966425148,252892502,32,474,113,378,442,265
909547187,153585403,70,428,0,499,358,499
1138756361,1508856249,153,345,100,399,192,299
1079341967,212725715,0,499,32,467,499,435
1133639203,2252300179,0,499,62,436,499,374
1008080104,435923282,100,399,146,353,299,207
1118192443,1066031972,144,355,100,399,211,299
1300063280,4144869140,0,499,17,499,499,482
1276032685,4010224806,66,427,60,446,361,386
865754034,107673200,0,499,62,436,499,374
1113112375,1832994033,212,263,0,499,51,499
1286397901,4074596863,68,430,0,499,362,499
1192487124,3128713265,123,376,0,498,253,498
1280168106,4019925370,111,388,109,465,277,356
1114682860,1935962655,150,349,100,399,199,299
1064515496,1138089534,68,430,0,499,362,499
1112950932,1922670380,84,415,0,499,331,499
1254671517,3863844918,78,427,121,387,349,266
1121419855,2035478859,9,487,79,410,478,331
990638513,297712461,79,410,21,473,331,452
1109471555,1889731324,108,493,152,493,385,341
985768680,291319299,162,327,72,418,165,346
1277560226,4023546061,0,487,30,499,487,469
1088797672,1544227453,71,428,0,499,357,499
1319429596,4214364228,54,447,62,433,393,371
1308930998,4177868619,110,401,156,404,291,248
1282528197,4057542897,32,499,34,499,467,465
933254085,190108718,71,428,0,499,357,499
1237278472,3716307680,0,499,0,429,499,429
1026899039,569669626,100,399,57,442,299,385
1188953872,3075343433,127,378,114,327,251,213
1308913312,4177867875,0,499,0,499,499,499
1241286363,3716248888,154,345,110,389,191,279
1289409928,4086138768,0,499,62,436,499,374
1316294032,4200882853,84,422,10,497,338,487
1258797097,3887467830,98,386,33,416,288,383
1299804274,4143699364,148,342,7,269,194,262
860559098,98591082,193,306,170,329,113,159
1238386861,3728027803,62,436,0,499,374,499
1194562095,3160906857,8,490,137,408,482,271
1264057722,3923557454,41,481,142,360,440,218
1137536516,2342747476,56,442,0,499,386,499
925628356,177241793,116,394,91,423,278,332
1283864556,4061620414,19,465,81,401,446,320
1155530537,2655202387,137,361,165,333,224,168
1028083549,579992907,156,343,116,383,187,267
1318253396,870382389,110,380,7,495,270,488
1000692914,359078892,0,499,62,436,499,374
1048439676,941241103,62,436,0,499,374,499
1272890775,3991386185,70,440,17,482,370,465
1054215836,1040416958,0,499,0,499,499,499
1014036707,471531022,190,309,195,303,119,108
1203326071,3273584451,121,356,123,366,235,243
1066930507,1173353192,4,497,86,415,493,329
919058466,159641226,64,467,26,477,403,451
1206414656,3324451602,0,499,0,481,499,481
1242934066,3767965053,63,436,0,499,373,499
783490941,62158995,63,435,0,499,372,499
1247292667,3800708346,0,499,62,436,499,374
1283903102,4061626132,0,499,0,499,499,499
1008650114,439041261,73,425,0,499,352,499
1307771039,4172823674,18,384,154,452,366,298
1283098849,1182551358,12,486,65,450,474,385
1225520404,3314026258,116,450,142,386,334,244
1322007293,4229797548,87,415,148,364,328,216
1052190233,983389288,140,387,17,488,247,471
1161288846,2736515052,63,436,0,499,373,499
1096436192,1653744860,0,499,62,436,499,374
1229968794,3630394310,110,389,52,446,279,394
1207118743,2773430820,24,480,21,476,456,455
1069002972,278528510,146,352,100,399,206,299
1305321001,4165063795,100,413,75,445,313,370
919753345,165522290,120,378,100,399,258,299
1253152085,3855161626,38,475,72,455,437,383
1132600181,2229415708,20,496,23,496,476,473
1000425043,349046352,62,436,0,499,374,499
1314062684,4186140005,69,455,167,405,386,238
889133990,60430296,62,436,0,499,374,499
933243626,190098276,76,423,3,496,347,493
1027123653,569792702,111,388,50,449,277,399
1253658578,3858328163,58,440,2,497,382,495
1315854692,4207547675,142,357,142,357,215,215
1087509705,1223771222,180,318,41,462,138,421
1275504294,4006490737,0,499,47,499,499,452
1007648239,435101416,55,444,3,499,389,496
981057563,284152526,77,226,228,271,149,43
1232151777,3657489782,116,400,18,434,284,416
1316511034,4209067672,75,387,22,462,312,440
1260620609,3894593659,0,499,0,499,499,499
1136261659,2326027199,0,499,58,440,499,382
927793057,180778849,0,499,62,436,499,374
1145353488,2494070086,0,499,0,499,499,499
1179777250,2993318260,46,465,48,480,419,432
1293339397,4104726036,128,458,102,379,330,277
977708757,278485239,73,426,0,499,353,499
1120188407,2010725008,22,474,21,473,452,452
1243412158,3773721050,31,469,30,468,438,438
1275027601,4003905094,0,499,0,499,499,499
1259138413,3887607289,28,459,57,458,431,401
1283463353,4061578692,37,468,42,472,431,430
1093911279,1606627895,62,436,0,499,374,499
1098631022,1686884619,0,499,0,498,499,498
1271791425,3981194325,35,465,38,463,430,425
1319530633,4214461535,69,430,95,400,361,305
1298952416,4141168791,14,471,15,481,457,466
1299716287,4143441322,0,499,0,499,499,499
1283959523,4063616865,0,499,72,426,499,354
927603843,180669971,139,364,92,413,225,321
1247876782,3813439328,0,499,0,499,499,499
905285465,149878691,187,302,192,308,115,116
1269770797,3962600088,0,499,62,436,499,374
941256475,205961306,72,426,0,499,354,499
1123775123,2058702930,62,436,0,499,374,499
1152435970,2602862316,212,285,405,490,73,85
1283652242,4061596159,0,499,0,499,499,499
1108085904,1869276281,0,499,109,389,499,280
1162085744,2747596486,29,462,125,349,433,224
1123815420,2062702282,160,339,100,399,179,299
1261817406,3901212401,123,376,10,464,253,454
1215522924,3470061282,71,428,0,499,357,499
1060088696,1095513112,141,352,29,479,211,450
1323696798,4234264982,64,430,25,471,366,446
1049152752,945582592,145,354,100,399,209,299
1196212546,3182722321,32,464,58,398,432,340
1126825838,2108050545,67,444,13,482,377,469
1281951260,659575,84,415,0,499,331,499
1327085195,4246902397,179,325,162,325,146,163
1111675253,1913424552,0,499,0,499,499,499
1227398687,3605755715,62,436,0,499,374,499
1123926108,1118849557,5,494,20,486,489,466
1045606852,870033333,70,429,0,499,359,499
1253121296,3854435482,10,499,0,499,489,499
1008190226,436097266,150,349,117,381,199,264
1123419304,2054499547,150,349,133,387,199,254
1196331317,3185649335,77,428,76,428,351,352
1027239056,570638947,107,392,50,449,285,399
851037227,82605664,75,423,8,499,348,491
1124966490,532978869,0,499,0,499,499,499
1264575498,3925823606,83,415,0,499,332,499
1212166615,3417770208,0,499,63,436,499,373
1273299846,3992556978,22,457,62,465,435,403
978032505,278213238,0,499,125,374,499,249
1165109416,2798892131,64,445,23,477,381,454
958387124,227759702,125,374,62,436,249,374
1134230000,2168084482,42,453,0,499,411,499
1277363236,4019827972,0,499,0,499,499,499
1300459541,4146735187,37,447,121,354,410,233
1188462896,3065095719,0,499,62,436,499,374
1262355013,3888370919,0,499,35,499,499,464
1209717098,3382587056,90,427,31,469,337,438
1254479421,3861825976,92,409,19,488,317,469
1283504268,156985787,82,427,10,484,345,474
1177615504,2976938146,165,334,137,361,169,224
1262195271,3905965379,0,374,70,499,374,429
1118212782,1979564550,62,436,0,499,374,499
1100076025,1711736943,110,389,54,445,279,391
1238298633,3727587829,40,455,51,434,415,383
1271102507,3974958000,54,454,154,353,400,199
1156655443,2675087715,143,393,149,360,250,211
1069491300,1251587324,0,499,109,389,499,280
860133209,97466579,115,431,26,499,316,473
1292019608,4105748077,171,331,34,465,160,431
1007369607,416621659,63,435,0,499,372,499
857000252,89732853,218,280,210,294,62,84
1261430502,3898729872,0,499,61,499,499,438
1257335289,3879908085,0,499,0,499,499,499
1316143810,4200873807,29,472,22,488,443,466
1291978371,106201619,98,416,0,499,318,499
1305841928,4166953486,106,388,51,463,282,412
1316949687,4205271781,62,436,0,499,374,499
1254281803,2756804220,214,270,129,365,56,236
1112748266,1924718105,62,436,0,499,374,499
1262330111,3906638408,30,492,40,469,462,429
1267244707,3942391763,7,493,97,409,486,312
1083125407,1476529498,73,426,0,499,353,499
1270219705,3969948757,16,444,208,308,428,100
1308726681,4177785078,0,499,0,499,499,499
1232943030,3670408525,0,499,62,436,499,374
883801156,128808455,0,499,62,436,499,374
1260358342,3893244345,58,352,179,450,294,271
1323315085,4231696521,49,437,16,480,388,464
1252525215,155890694,88,410,0,499,322,499
1285554318,4069787558,62,436,0,499,374,499
938539460,200625350,68,431,0,499,363,499
1275740050,4008269839,10,489,8,493,479,485
1274604604,1518901,64,434,0,499,370,499
1275497641,4006489174,22,499,0,499,477,499
1295364888,4126136716,58,441,0,499,383,499
1192190482,3123068085,68,432,22,488,364,466
1249535905,3819983808,130,369,170,329,239,159
1042983140,819642302,131,368,88,413,237,325
1245541911,3793273264,0,499,62,436,499,374
1252324638,3848545789,53,446,5,498,393,493
1306766378,4169530085,69,419,12,427,350,415
894286967,141356289,53,446,85,415,393,330
1284940815,4066715252,0,499,62,436,499,374
1305305823,4165319252,23,479,77,458,456,381
1254773586,3865512467,153,351,73,443,198,370
1317815562,4213451557,0,499,0,499,499,499
1253519596,3857173130,11,489,188,373,478,185
1306817879,4167088291,106,388,51,463,282,412
1269408322,3958471933,154,346,193,303,192,110
1292454764,4109514161,0,499,62,436,499,374
1289583829,4086141499,78,420,0,499,342,499
1249535287,3819982141,130,369,170,329,239,159
1116513902,1959882264,109,389,0,499,280,499
1092727099,1585748574,42,472,67,465,430,398
898039123,142614817,71,427,0,499,356,499
1033691027,656079010,56,442,0,499,386,499
1276357528,4012866698,0,499,0,499,499,499
1258321837,3881733015,27,473,25,474,446,449
1292903688,4113734041,16,478,17,489,462,472
1167742950,2845081724,11,492,73,432,481,359
1008730032,439141933,73,425,0,499,352,499
1060995887,1099745475,61,406,81,433,345,352
1094978421,1409599231,150,349,100,399,199,299
1294201066,4122557953,21,448,91,483,427,392
1253447310,3856809410,0,499,0,499,499,499
549713475,53523809,190,310,186,335,120,149
1256540318,3873685051,34,460,79,449,426,370
748533335,60725759,190,309,146,352,119,206
1077309033,1372021363,211,283,170,340,72,170
1226601302,3601984647,4,499,52,441,495,389
1229666363,3623909648,18,481,0,499,463,499
1158120727,2695197354,0,499,0,499,499,499
908774408,153376214,182,316,150,349,134,199
1248864512,3817907030,30,465,66,441,435,375
1262611446,3908524827,33,465,71,382,432,311
1066930407,1173353296,20,470,19,479,450,460
1295960264,4128274549,42,401,43,472,359,429
1100079893,1711736281,110,389,49,449,279,400
285126154,16214478,0,499,31,462,499,431
1281303484,4050851090,0,499,0,499,499,499
1260387230,3893245771,129,340,177,310,211,133
1282024202,4050758588,103,425,95,331,322,236
1045900548,872823890,21,499,41,463,478,422
1230498650,3638923804,74,420,103,374,346,271
1309816789,4182065423,49,452,126,376,403,250
1294188562,4122554253,121,356,42,422,235,380
503999102,5623738,145,354,100,399,209,299
1313177133,4182715784,18,478,143,371,460,228
1290801143,4096722896,218,437,0,480,219,480
1265223738,3929899642,152,377,73,436,225,363
1030244507,596237780,110,389,145,354,279,209
1234401571,3680547060,32,471,83,415,439,332
1224452308,3513759323,67,493,118,382,426,264
1235730817,3698970774,62,436,0,499,374,499
858283665,92561665,195,304,167,331,109,164
1257709812,3881725414,109,392,56,464,283,408
1275720331,4006540614,19,483,42,459,464,417
1283675949,4061597586,182,322,179,450,140,271
13120530,1131580,50,448,0,499,398,499
1275616146,4007155388,0,499,0,499,499,499
958865385,229938796,4,495,10,489,491,479
1043841243,853455949,9,490,126,374,481,248
870395639,114709180,46,453,82,417,407,335
1243395893,3773715447,36,458,43,465,422,422
1306853794,4167092351,0,499,0,499,499,499
1116658528,1963748873,6,493,127,418,487,291
1305093796,4164664603,106,388,51,463,282,412
1267947633,3944918244,196,305,119,306,109,187
1306023909,4167105501,8,488,131,381,480,250
903937582,149781017,96,414,37,491,318,454
1040784631,819006628,62,436,0,499,374,499
1323674155,4234141349,0,499,0,499,499,499
1319411891,4214354227,43,459,49,467,416,418
1230839179,3642316020,0,499,83,416,499,333
1005828304,418195782,83,498,112,342,415,230
937365407,197620448,94,405,27,471,311,444
1073155880,1317252252,0,499,127,372,499,245
987627149,294478752,168,334,17,468,166,451
1274027136,3996179420,0,499,70,428,499,358
1255646452,3870706556,0,499,93,499,499,406
1237455761,3720032312,62,436,0,499,374,499
1290035261,4090959674,0,499,62,436,499,374
1199077284,3215971051,118,381,109,399,263,290
1288994180,4085958387,0,499,0,499,499,499
1250268298,3831364240,0,499,100,436,499,336
969720166,257403201,185,314,196,303,129,107
1205708199,2757712414,93,402,192,409,309,217
936591046,110642128,31,468,0,499,437,499
1008710952,439086743,73,425,0,499,352,499
1012235628,459260448,72,478,221,265,406,44
1188637691,3070219654,154,355,100,389,201,289
1314477977,4202303361,66,454,7,489,388,482
613613714,54961511,0,499,4,494,499,490
1061377341,257960799,100,399,115,383,299,268
1278864215,4037565976,0,499,0,499,499,499
1231530419,3648140576,110,388,0,499,278,499
1119399620,1998088587,133,366,100,399,233,299
1225887572,284150672,140,359,218,303,219,85
1033233794,645469081,22,455,82,419,433,337
1100065299,1711730659,70,429,145,354,359,209
1316105432,4200869689,27,478,41,499,451,458
1096608639,1657064361,31,473,99,269,442,170
835468766,68493556,91,408,0,493,317,493
1205931232,3314026176,0,499,83,416,499,333
1045039613,11292358,145,354,100,399,209,299
1052880566,1004196990,72,427,0,499,355,499
1237471372,3720162456,0,499,58,440,499,382
1089474712,1553194738,53,414,209,300,361,91
1192013385,3120284885,80,442,122,369,362,247
938008877,199355867,160,331,162,335,171,173
1117423861,1973329544,138,366,36,458,228,422
1204352354,1104991539,171,328,150,349,157,199
1279140469,4037095276,29,451,63,465,422,402
1074713421,1337881264,0,499,109,389,499,280
1255171499,3868939616,0,499,0,479,499,479
1281720526,4052932486,78,435,39,462,357,423
1128290823,2140520742,18,481,15,480,463,465
1028444659,583206682,101,379,86,412,278,326
964760235,248185040,218,311,184,310,93,126
1316190826,4200876909,28,476,101,442,448,341
1260753738,3895425358,0,499,0,499,499,499
1249533220,3819977541,0,499,261,286,499,25
1136108212,2315689002,75,423,0,499,348,499
1260328302,3893242586,103,440,164,326,337,162
946714533,208715307,147,373,175,332,226,157
1311440257,4187124330,56,457,28,480,401,452
1318104244,111345311,57,487,161,360,430,199
1211802460,3410001417,0,499,0,499,499,499
1279910144,4042189399,118,381,48,460,263,412
1263870106,3921845302,0,499,62,436,499,374
1251476579,3842783872,64,371,153,463,307,310
925093248,66432546,29,472,76,421,443,345
1283338731,4060883933,0,499,85,414,499,329
1282365040,4056398232,0,499,84,415,499,331
1095671288,1634002973,0,499,0,499,499,499
1230163936,3632242406,0,499,62,436,499,374
1316146190,4200873952,0,499,0,499,499,499
1309329892,4180375684,163,336,34,478,173,444
1084172192,1494368420,161,378,96,405,217,309
1216436107,3475759158,189,310,150,349,121,199
1098594608,1689674939,70,429,0,499,359,499
883336317,128284466,103,386,32,477,283,445
1026092697,559810504,83,497,208,291,414,83
1162773908,2752071889,0,499,62,436,499,374
1276064741,4010225490,43,461,18,489,418,471
1069668408,1209987068,101,399,141,355,298,214
914685856,159177432,82,423,13,497,341,484
1077593762,1375877421,82,416,0,499,334,499
1103745154,1706099535,189,305,213,285,116,72
1268743605,3913593211,223,249,259,480,26,221
1169935363,2888059470,98,400,108,391,302,283
1282584080,4057555188,42,439,37,394,397,357
1027238670,570621948,108,390,50,449,282,399
1264694214,3926625565,16,494,83,408,478,325
1108365797,1875804614,110,389,51,447,279,396
1324211681,4236298247,28,481,76,420,453,344
1288066801,4079852876,0,499,0,499,499,499
940695105,204865570,0,499,62,436,499,374
948124848,210694062,0,499,62,436,499,374
1252627588,3850328474,0,499,62,436,499,374
1268782890,3953644400,170,499,0,499,329,499
956389574,138732329,12,482,75,427,470,352
1023107954,531040750,83,416,0,499,333,499
1204863641,3153543904,183,315,150,349,132,199
1229785590,3623672289,62,360,0,431,298,431
1283479899,4061580202,62,423,174,384,361,210
1323321558,4231696978,182,314,29,466,132,437
1213640271,3451345161,106,393,64,435,287,371
1147122210,2528705358,0,499,0,499,499,499
1118042957,1978685841,107,392,61,453,285,392
1220137215,3451938426,6,493,4,493,487,489
934200744,191830129,94,405,27,471,311,444
915284263,159840551,0,499,109,389,499,280
999368829,342122230,0,499,62,436,499,374
865231972,107561687,0,499,62,436,499,374
1320604630,4224637045,0,499,0,499,499,499
1233856549,3682521268,0,499,0,499,499,499
904272577,83231374,82,417,0,499,335,499
1313563429,4197532040,0,499,0,499,499,499
1282910148,4057767584,156,402,72,453,246,381
1310449814,4182243987,20,479,81,440,459,359
478477330,49227112,99,399,12,486,300,474
1270608439,3972427491,24,433,21,473,409,452
1294212706,4122314566,82,419,30,472,337,442
1215235952,3469610839,62,436,0,499,374,499
1310054028,4182216073,50,444,148,409,394,261
1277771432,4026075214,0,498,130,355,498,225
989100683,294368990,143,347,51,499,204,448
1261391101,3898719503,0,499,0,499,499,499
1283884295,4061621521,39,436,160,360,397,200
1292729507,4108559534,0,499,0,499,499,499
1295783677,1940506946,145,357,19,496,212,477
1007816222,435285637,160,339,131,369,179,238
1153235538,2622468624,189,309,26,428,120,402
1253218647,3854773118,73,495,81,397,422,316
1137535035,2345162962,28,490,72,386,462,314
1226566938,3600355926,109,389,0,499,280,499
1310075363,4182217004,170,302,51,390,132,339
1205942001,3305060001,62,436,0,499,374,499
1325250159,4240794608,162,461,55,440,299,385
930086134,183988851,0,499,127,372,499,245
927352927,179069609,0,499,62,436,499,374
1289599683,4086143784,70,446,72,427,376,355
1014674557,473934041,52,446,0,499,394,499
872885342,2921871,0,499,73,426,499,353
915673882,160415957,59,439,0,499,380,499
916145840,160661167,106,391,106,457,285,351
1100072391,1711735532,180,319,158,347,139,189
1193221124,3139415231,9,481,47,455,472,408
1235695317,3697926040,62,436,0,499,374,499
1119912218,1144927895,147,351,100,399,204,299
1053575196,1035044973,79,419,0,499,340,499
1262308843,3906636990,3,486,15,490,483,475
1142191427,531906178,170,335,120,412,165,292
1190253343,2832752550,49,445,95,406,396,311
1283824737,4061617274,68,469,84,427,401,343
1267322754,3942397189,0,499,0,499,499,499
1300262257,4145469365,0,474,109,499,474,390
1311434100,4187123590,26,472,21,491,446,470
1283614249,4061592782,0,499,0,499,499,499
960223284,235277186,0,499,109,390,499,281
1155130225,2649455341,35,454,22,483,419,461
1310459241,4182245355,235,257,0,499,22,499
1289778574,4089721546,17,486,64,402,469,338
1105632526,1849517286,117,381,65,434,264,369
1297907405,4137157149,51,447,0,494,396,494
1055272749,514431026,113,408,92,374,295,282
1026559168,565585945,153,345,115,384,192,269
1219262168,2587662248,61,430,180,318,369,138
1009680753,425348301,180,319,170,349,139,179
1033671431,657872193,68,431,0,499,363,499
250139373,3396355,71,427,0,499,356,499
1283493443,4061478973,76,401,149,425,325,276
1261388321,3898718648,118,377,38,468,259,430
1221334935,3561169989,0,499,62,436,499,374
1226767489,3604250492,41,476,185,365,435,180
1267243940,3942391682,11,486,85,411,475,326
1321896394,4229382255,47,465,68,481,418,413
1312162828,4193612489,110,380,137,378,270,241
1119575982,1991126373,0,499,62,436,499,374
1313273099,4197501825,53,459,44,460,406,416
1152075743,2598438264,110,389,52,446,279,394
1324123370,4236042461,0,474,0,499,474,499
1312332695,4194024012,0,499,0,499,499,499
1323259806,4231687318,5,499,3,499,494,496
1265241910,3929960352,5,492,24,473,487,449
1187504001,3050424970,84,420,0,499,336,499
1188538873,3067204207,130,369,130,369,239,239
1293947854,4121130673,110,389,59,440,279,381
926228645,178180881,17,478,157,303,461,146
1026115794,560022476,0,499,62,436,499,374
1295220713,4125633529,153,360,59,453,207,394
1048523011,942607769,73,426,0,499,353,499
833185036,63635301,99,399,51,448,300,397
1322739029,4231404942,24,484,116,384,460,268
1321350075,4215726021,18,468,162,371,450,209
1287503967,4076596045,44,453,60,459,409,399
850843963,82420619,196,302,175,324,106,149
1277538000,4019816591,95,404,72,448,309,376
1024430254,540606355,15,484,0,499,469,499
1246391784,3798825871,7,493,76,449,486,373
1310344599,1304184463,89,415,13,491,326,478
1192148723,3122641008,68,432,22,488,364,466
985464016,290893861,50,449,146,357,399,211
925059101,169596484,135,332,92,405,197,313
1274392873,3999382461,0,499,0,499,499,499
1107659927,1869200339,130,360,96,397,230,301
1127506477,2123851429,14,460,22,449,446,427
1073534330,1320429672,62,436,0,499,374,499
1256000964,3872858819,0,499,0,499,499,499
1096809796,1660194286,83,415,0,499,332,499
1072613922,90947506,62,436,0,499,374,499
1323502533,4234037537,0,499,0,484,499,484
1226405850,3592383251,0,499,142,436,499,294
1156652995,2675086599,83,391,182,350,308,168
1048836374,946398248,0,499,63,435,499,372
1191171674,3038735787,110,378,34,467,268,433
1255007936,3866992383,83,425,21,482,342,461
1123849730,2063324592,61,335,139,344,274,205
1208909812,3365728837,0,499,0,476,499,476
1288915816,4085947455,0,499,0,499,499,499
1225666785,1305607743,151,356,140,361,205,221
959594549,232127906,91,408,75,424,317,349
1293797744,4115443195,70,429,0,499,359,499
1239803042,3740658643,72,426,0,499,354,499
1314113895,4186153079,35,463,136,412,428,276
1217173820,3490668037,87,438,27,319,351,292
1242960217,3768422523,166,322,63,425,156,362
1231174816,1892600654,14,489,109,379,475,270
1320513159,4224630101,38,465,99,373,427,274
926829074,178771237,90,409,130,369,319,239
1290456327,4093638493,110,389,54,445,279,391
1133965918,2270343907,77,426,10,499,349,489
1226943955,3604824186,0,499,0,499,499,499
1316953048,4209778978,102,397,40,457,295,417
1252627805,3850328597,0,499,154,436,499,282
1101601872,1777394251,0,499,63,436,499,373
1313432292,4197522239,0,488,0,499,488,499
1277047173,4019436210,120,387,30,484,267,454
1269010174,3955091130,58,434,37,476,376,439
1023723118,537614040,39,466,107,391,427,284
1084358489,1495680758,86,411,22,478,325,456
1241406763,3756592604,83,402,39,460,319,421
1117992499,1978506767,0,499,75,423,499,348
1304121458,4144399491,73,435,46,460,362,414
976462252,275871398,0,499,62,436,499,374
1248863145,3817906660,20,478,0,499,458,499
1306087164,4167130276,35,445,69,463,410,394
1292480293,4108930279,25,481,70,429,456,359
876255302,82577091,11,488,0,499,477,499
1086974659,170963195,42,451,52,471,409,419
972474873,60453862,69,429,0,499,360,499
1316174810,4208886757,47,459,39,450,412,411
1096609811,1657065118,37,468,150,353,431,203
1190251107,1987347631,231,277,93,409,46,316
1004619337,407535083,125,374,164,334,249,170
1143218568,2462594168,46,469,24,469,423,445
941621827,207151519,174,289,194,312,115,118
534578530,53146226,182,316,180,319,134,139
1279188471,4037100508,0,499,0,499,499,499
1236944595,3716248995,180,319,153,346,139,193
1233539682,3624846988,100,399,13,486,299,473
1041682268,831980338,0,499,38,60,499,22
1193343599,3141735996,109,389,0,499,280,499
1245655649,3793678531,31,468,107,414,437,307
927186799,179902418,62,436,0,499,374,499
1090712183,1548294779,56,366,172,327,310,155
1100064529,1711736492,110,389,71,427,279,356
1316191757,4200876937,51,446,124,371,395,247
1149440979,2559297769,110,389,56,446,279,390
1060061958,1094663618,73,426,0,499,353,499
1063852500,1132385905,150,349,217,281,199,64
1247531475,3811349346,79,420,0,499,341,499
1285438399,4069186909,19,481,10,486,462,476
1260400840,3893246249,69,457,185,303,388,118
1191058656,3098363730,89,409,0,499,320,499
1303680239,4159315406,106,388,51,463,282,412
1324938428,3847169278,30,468,60,438,438,378
1169890211,2886844713,104,368,62,431,264,369
467680030,50555168,150,349,107,392,199,285
1324149347,4236042852,0,499,0,499,499,499
1313095747,4195607712,0,499,109,389,499,280
1288351111,4081253587,109,402,29,466,293,437
976680754,276344132,0,499,62,436,499,374
1314997675,4187006827,40,419,111,420,379,309
1316229672,4200879448,93,414,83,418,321,335
1297896315,4137581828,18,478,28,471,460,443
863990881,105224268,60,439,0,499,379,499
1251953518,3846611164,0,499,0,499,499,499
908820197,153364864,76,421,2,498,345,496
947460234,209824752,126,376,164,329,250,165
1079789304,278603246,154,345,100,380,191,280
1252915820,3853518935,17,480,7,491,463,484
1007925908,435294285,58,441,62,437,383,375
1305420806,4165669160,185,315,213,292,130,79
1257342068,3879909630,95,435,59,457,340,398
1026246315,69542379,87,411,25,473,324,448
1305324523,4165064044,66,436,30,436,370,406
1265209550,3929890131,0,499,0,499,499,499
1303080232,4157458771,0,499,0,499,499,499
1026924664,569667712,100,399,55,444,299,389
874730736,90712855,71,427,0,499,356,499
1316191980,4200876942,6,499,140,358,493,218
1243658990,3775275037,0,499,169,436,499,267
1285918639,4071502662,79,419,0,499,340,499
1211402257,3397489075,163,326,90,395,163,305
1323202118,4229443167,76,431,29,451,355,422
618671998,6053959,157,342,125,372,185,247
1206414049,3324450878,6,489,126,366,483,240
1323694393,4234147629,5,493,91,482,488,391
1018194569,510046739,21,498,206,291,477,85
1273061021,3992550537,0,499,0,499,499,499
1276362796,4012870463,1,486,18,497,485,479
1134252729,2278178252,0,499,62,436,499,374
1086215097,1510061805,0,499,154,345,499,191
1304023956,4160808387,9,480,50,452,471,402
1198870032,1462571181,137,314,100,399,177,299
1002946379,384632906,0,499,72,426,499,354
866896590,109760214,170,330,167,359,160,192
1286907322,4074700966,85,414,0,430,329,430
1218905923,3513041952,128,370,0,499,242,499
1104374843,1809041499,25,474,100,408,449,308
1324201231,4235882405,91,404,48,452,313,404
859980869,96349662,155,344,140,354,189,214
1094847157,1629867416,97,106,227,259,9,32
1208797020,3363151579,109,389,0,499,280,499
1248836078,3817895210,82,395,32,474,313,442
1146395308,516376144,55,457,173,347,402,174
1283820603,4061617041,227,301,79,456,74,377
1275757756,4008300523,1,499,0,499,498,499
815082419,62252868,55,444,0,499,389,499
1275197624,4004099671,45,454,48,456,409,408
1144000762,2473475511,82,379,152,428,297,276
1218464187,3511433423,0,487,34,499,487,465
1243171944,3770836218,179,314,161,424,135,263
1171639028,2910866405,0,499,50,449,499,399
1305027661,4164741454,109,389,0,499,280,499
1156077164,2664721798,234,265,93,94,31,1
1247447044,3803924882,62,436,0,499,374,499
1196639161,3195336301,45,435,86,437,390,351
1240902504,3750740536,0,499,113,436,499,323
1100075484,1711732498,70,429,145,354,359,209
1123353739,2051974381,92,430,28,462,338,434
1097148666,157707468,80,419,0,499,339,499
966388650,84491235,43,456,0,499,413,499
1273884988,3995552313,0,499,0,499,499,499
1307662591,4172334436,15,488,50,431,473,381
1197648486,3204972951,91,411,72,431,320,359
1252179841,3847845911,14,488,209,376,474,167
1294206193,4122559045,47,463,73,458,416,385
1119407614,1998122005,27,471,125,378,444,253
1275986051,4010220738,54,460,121,377,406,256
1258724515,3886629772,70,336,127,408,266,281
1142190679,2446664125,0,499,62,436,499,374
1275357001,4003963377,72,434,77,432,362,355
1061039934,278554618,155,343,114,399,188,285
1315485613,4204346993,0,499,0,499,499,499
1283420650,4061577670,36,477,102,358,441,256
1286987006,4077106179,71,428,0,499,357,499
1249533897,3819978074,0,499,0,499,499,499
1247480069,3810740211,0,499,62,436,499,374
1144924227,293626987,147,352,100,399,205,299
1301899189,4153229564,0,499,0,499,499,499
1186964778,3039866310,108,392,141,357,284,216
1323292378,4231412170,24,499,55,499,475,444
1102009422,1787946722,152,362,19,498,210,479
1260321141,3893242455,86,400,71,450,314,379
1088828820,1544812158,158,341,100,399,183,299
1304137410,4160952680,106,390,51,463,284,412
933240001,190096970,54,443,0,498,389,498
1304919816,4163041685,58,440,0,499,382,499
1154987830,2646579429,188,319,48,395,131,347
1196634887,3195339858,15,480,77,419,465,342
1043067303,846849179,70,429,0,499,359,499
987557917,294380992,15,485,144,357,470,213
1203372242,278559121,145,353,100,399,208,299
1285833243,4017664890,87,499,22,499,412,477
1052139385,983168987,0,499,62,436,499,374
1278221967,4030649357,4,494,108,385,490,277
1251695130,2747039869,73,425,0,499,352,499
1170225466,2893263468,0,499,0,498,499,498
1069065032,1196307736,83,415,0,499,332,499
1075760906,1161967704,4,492,124,344,488,220
968766186,254951738,137,362,122,376,225,254
1307782431,4172824657,97,418,20,472,321,452
1271266044,3976954795,41,457,75,423,416,348
1305523051,4165982846,39,459,124,352,420,228
1262431444,3908156581,2,498,88,494,496,406
1039975680,805640219,32,468,104,396,436,292
1259173470,3887609901,15,466,59,468,451,409
1323873027,4231423442,0,499,0,499,499,499
906670641,151536353,160,339,124,375,179,251
1192152159,3122669757,71,431,249,486,360,237
1237309468,3716333793,0,499,0,499,499,499
1035006897,680487210,0,499,62,436,499,374
1312035458,4189095028,45,483,105,435,438,330
1191051623,3101166580,37,453,92,412,416,320
1243393234,3773730437,55,445,55,445,390,390
1275466816,4006429282,34,423,50,461,389,411
1104180093,1827191667,10,472,147,329,462,182
1225886867,532978720,205,292,132,353,87,221
1276303436,4012661494,0,499,0,499,499,499
1140182505,2405011004,101,400,5,495,299,490
1199382235,3228880699,145,346,40,470,201,430
1053586425,1035122103,80,419,0,499,339,499
1068142119,1189869689,101,401,156,369,300,213
1273301800,3992609686,0,499,0,499,499,499
875470358,121519742,97,407,61,439,310,378
1226405848,3591581837,0,499,142,436,499,294
1212753399,1959293360,186,313,150,349,127,199
1264041074,3923169803,0,499,0,499,499,499
1227517122,3076728861,48,452,115,394,404,279
1308727608,4177785104,0,499,54,451,499,397
984731130,289578491,73,426,0,499,353,499
1320407197,4224508529,0,499,0,499,499,499
1229233773,3623619468,70,454,130,366,384,236
912485013,156540609,91,408,0,492,317,492
1027118859,569691545,113,386,50,449,273,399
1307469107,4170894626,44,489,39,475,445,436
1189155675,3079192552,0,499,0,472,499,472
844262217,72044108,148,350,183,316,202,133
1176760079,2961353905,34,464,0,499,430,499
1059970335,1093817640,101,409,34,439,308,405
1204772290,3297425070,103,403,175,365,300,190
846460865,75791707,0,499,68,430,499,362
1072489282,1305405043,45,446,28,480,401,452
973502325,269246705,0,499,62,436,499,374
1252122420,3847030932,0,499,0,499,499,499
1201834207,3249406847,14,476,19,475,462,456
1232441896,3662099701,0,499,59,439,499,380
1038056842,744501933,0,499,75,424,499,349
1240902438,3750740486,0,499,195,436,499,241
1255235667,3868622689,0,499,0,499,499,499
1308875079,278798684,100,399,49,450,299,401
1038351203,749152062,19,481,140,358,462,218
1269267443,3957474379,31,467,31,466,436,435
1307872276,4173007671,73,499,85,451,426,366
1252081961,3842132202,59,431,94,409,372,315
1196212709,3182722364,43,451,133,425,408,292
1265335546,3930251023,0,499,0,499,499,499
1094973653,1409598977,150,349,121,399,199,278
1105822072,1856956524,30,463,100,403,433,303
1265607541,3931891375,37,483,7,491,446,484
964179514,246124628,69,430,10,489,361,479
1115159388,1940371623,170,290,66,371,120,305
1280893766,4047621955,236,264,391,392,28,1
956390538,138758397,64,480,89,470,416,381
1251228194,3838166918,201,298,2,478,97,476
1007988282,435847543,124,374,82,416,250,334
1277776705,4026079757,40,458,45,433,418,388
1011019572,449732015,127,371,50,449,244,399
947212849,209379792,28,481,15,494,453,479
1302496688,1537562943,62,436,0,499,374,499
1204230828,3287250290,9,495,91,400,486,309
976882260,73014757,66,433,0,499,367,499
1225887470,3209403494,155,353,153,358,198,205
1038249473,748310302,78,421,0,499,343,499
1303079928,4157458648,0,499,0,499,499,499
1289180476,4086071978,0,499,0,499,499,499
1026205598,561248002,210,290,154,343,80,189
946714015,208715292,162,328,195,320,166,125
1024995448,548784709,38,455,143,392,417,249
1148846892,2548660582,159,370,51,457,211,406
1244540953,3785187797,0,499,62,436,499,374
1234800503,3690854474,211,483,134,362,272,228
872713312,118094572,71,427,0,498,356,498
1145848165,2496343334,62,436,0,499,374,499
909455058,153889986,0,499,62,436,499,374
1284362759,4064423191,0,499,83,415,499,332
1072582471,1307447489,73,425,0,499,352,499
1002977210,388570447,125,374,156,343,249,187
1258502525,3885602520,55,427,42,489,372,447
1082463962,1462570159,137,361,100,399,224,299
865405506,107744523,0,499,62,436,499,374
957001994,223506197,62,436,34,499,374,465
1323615056,4231863605,30,449,64,464,419,400
1192458609,3128631676,80,419,60,431,339,371
1088412462,1539031398,71,427,0,499,356,499
1282522786,4057540537,0,499,0,499,499,499
1270346562,3967983066,91,400,127,370,309,243
1253212194,3854772295,0,499,0,499,499,499
921427376,168765973,70,429,0,499,359,499
1250285009,3831727167,150,351,92,409,201,317
1273875701,3995297215,0,499,0,499,499,499
1209193056,3370625325,0,499,0,499,499,499
876281825,104878296,87,412,0,499,325,499
1295868740,4069194969,72,426,25,473,354,448
856352780,89630549,196,303,175,324,107,149
1219986032,3534528530,62,436,0,499,374,499
1023330402,536041300,139,319,174,335,180,161
1218255184,3507947676,41,462,39,460,421,421
1309330058,4180375781,166,331,48,476,165,428
863896893,48034383,100,399,33,465,299,432
1298137107,4138490381,62,436,51,499,374,448
1265197453,3929888475,5,499,31,445,494,414
1285873140,4017684975,85,432,85,420,347,335
1283872414,4061620882,132,362,36,464,230,428
1280707625,4046438909,0,499,98,499,499,401
1188304093,3063008679,0,499,62,436,499,374
1134803697,2291841640,149,349,0,499,200,499
1310662474,4182265975,0,498,0,499,498,499
1266895076,3940022239,86,402,0,399,316,399
1269623870,3960069936,21,478,132,366,457,234
1233072891,3673696242,100,399,6,493,299,487
1295083708,4122264869,62,436,0,499,374,499
1079258645,1417877098,0,499,62,436,499,374
874748954,118306051,71,427,44,454,356,410
1130270295,3716248243,110,389,54,445,279,391
1146394060,1289097581,89,386,133,377,297,244
1279055564,4037879858,0,499,0,499,499,499
1260277898,3893193955,71,440,160,358,369,198
1032982036,115532171,70,428,0,499,358,499
1281130694,4046991947,48,450,48,416,402,368
825645919,62860993,62,436,0,499,374,499
1026368696,562801777,0,499,52,447,499,395
867067414,109877898,194,305,170,329,111,159
928309144,181197867,0,499,62,436,499,374
1223057800,3578689082,58,473,5,414,415,409
1066930765,1173353277,29,463,36,461,434,425
847501289,76938447,0,499,62,436,499,374
1261209165,3895722347,62,436,0,499,374,499
1187019418,3041025518,0,499,109,389,499,280
1007704314,435166670,100,399,139,359,299,220
1008136847,436067984,157,341,125,373,184,248
1266676308,3939552230,32,466,73,438,434,365
1295789666,4126966223,8,488,11,488,480,477
1318433614,256504653,76,428,16,490,352,474
1266966815,3940053415,31,423,33,411,392,378
1287951734,4079724495,95,404,0,499,309,499
877102569,122497463,0,499,90,408,499,318
1250926571,3836885295,18,481,13,465,463,452
1269042568,3953862653,0,499,19,499,499,480
1262513632,3908802846,64,457,56,369,393,313
1299826670,4143423000,105,375,57,464,270,407
1273094289,3992398849,26,476,28,461,450,433
1044113960,856790325,8,472,91,415,464,324
1324020565,4235888293,26,479,0,413,453,413
1287515748,4078699925,0,499,0,478,499,478
966609516,253233441,0,499,106,393,499,287
1273672404,3992774113,33,448,65,464,415,399
1021272093,526559524,96,402,161,343,306,182
963447219,243632424,140,359,100,400,219,300
1252446986,3849187618,184,333,62,436,149,374
1191545413,3109980506,16,471,63,422,455,359
1123821623,2062706764,152,346,100,399,194,299
1279422089,4037926477,0,499,0,499,499,499
1254086838,3860072103,26,469,90,367,443,277
1040948168,819829665,64,434,0,499,370,499
1248713131,3816716148,0,499,0,499,499,499
1108942822,1879839882,123,365,8,492,242,484
1199774012,2487836572,137,361,121,397,224,276
904842436,149528632,0,499,63,435,499,372
1220979231,3559023762,0,499,109,389,499,280
1238291568,3727584862,116,361,49,497,245,448
1027030365,569681007,50,449,119,380,399,261
1248391609,3814898517,98,408,69,422,310,353
1292504211,4110091673,79,420,0,499,341,499
973002762,267400703,0,499,62,436,499,374
1078991781,1413110022,57,441,0,499,384,499
1244056838,3778592836,19,478,114,383,459,269
1260382086,3893204915,11,493,56,444,482,388
951986767,215509584,80,423,57,427,343,370
1174392747,2937366448,0,499,0,499,499,499
1244540483,3785187476,0,499,138,436,499,298
1156925871,2678802070,30,409,179,351,379,172
1275441403,3969948916,220,276,12,488,56,476
505795166,52240193,62,436,0,499,374,499
1289773956,4089721246,0,499,0,499,499,499
979098001,280961854,62,436,0,499,374,499
1141817028,2434864350,62,436,0,499,374,499
1263899257,3921318968,125,378,10,499,253,489
1134571994,2287065450,0,499,63,435,499,372
1013203433,464645743,24,473,19,480,449,461
1013193903,464633944,97,401,156,342,304,186
1290345237,4090930627,51,451,81,411,400,330
1021201152,526332691,167,369,17,488,202,471
1302101461,4154280962,125,367,88,376,242,288
1282185941,231933387,0,499,61,438,499,377
1068703787,1199386706,29,453,35,469,424,434
1265206042,3929890028,0,499,0,499,499,499
1261411763,3898722969,0,499,0,499,499,499
847967547,77678433,20,478,179,320,458,141
1100062203,1711735485,180,319,151,348,139,197
1244990146,3787994710,79,491,14,489,412,475
1302724166,4090826990,45,490,123,412,445,289
955785978,220390378,125,391,127,368,266,241
1321889877,4223051418,36,458,35,452,422,417
1230459993,3638257878,0,499,62,436,499,374
891734223,138463614,112,399,116,383,287,267
879008613,124312913,179,309,150,345,130,195
995847846,304319372,207,364,101,319,157,218
920504198,166680889,50,439,11,486,389,475
1237336767,3718589336,39,461,137,356,422,219
1256965065,3876187053,24,496,111,434,472,323
920826602,167360977,5,493,5,493,488,488
966803947,253250242,83,415,0,484,332,484
1007646516,435046484,57,441,0,499,384,499
1201835309,3249409274,73,457,33,470,384,437
1133292851,262239884,114,383,78,423,269,345
451142430,50295379,125,374,91,407,249,316
1131235236,2198509799,109,389,0,499,280,499
925046981,175879924,0,499,62,436,499,374
1048598075,942806651,71,428,0,499,357,499
1247901594,3813440962,25,476,135,376,451,241
1243522329,3774344950,75,407,57,424,332,367
1201827577,3249398857,133,351,14,486,218,472
1065239027,1149597829,113,416,6,481,303,475
941622148,207151295,164,335,189,290,171,101
1299546823,4141703371,35,471,107,355,436,248
966985005,208300417,102,349,24,449,247,425
1283857321,4061620206,1,499,1,499,498,498
1256427987,3874304164,55,453,124,371,398,247
1212151367,3413509894,62,436,0,499,374,499
1010518144,447609577,73,425,0,499,352,499
1176485236,253031893,109,389,0,499,280,499
1328586445,4250646289,5,496,39,460,491,421
940916135,205405505,0,499,62,436,499,374
1119407821,1998122338,12,474,78,431,462,353
1253519582,3857173121,6,493,129,404,487,275
1260616366,3894589430,1,498,88,411,497,323
994951211,222624511,85,415,125,376,330,251
1082888003,1472044591,71,427,0,499,356,499
1317599198,4213497180,0,499,0,499,499,499
892794284,140396442,77,424,0,499,347,499
1265248008,3929961038,10,491,98,389,481,291
1176953235,2965084709,155,344,123,376,189,253
1169935368,2888059474,98,400,108,391,302,283
1182156102,3005738151,88,410,0,499,322,499
1240241747,3745176631,78,420,0,499,342,499
1116213754,602410961,80,427,131,337,347,206
1276094299,4010541014,84,414,14,481,330,467
1259329364,3887628821,41,456,56,459,415,403
1026617867,567679257,8,480,155,365,472,210
1270452961,3971983117,50,451,151,352,401,201
941622055,207151480,185,313,173,323,128,150
1281862883,4053476177,48,437,78,431,389,353
1061343237,1098785695,62,436,0,499,374,499
1310418514,4181902477,0,499,0,499,499,499
1192013400,3120284890,168,327,30,452,159,422
930076262,183979362,0,499,62,436,499,374
875233180,121192759,76,423,0,495,347,495
1281713751,4052932365,0,498,1,499,498,498
1103088698,1809041484,46,441,96,427,395,331
1251437248,3842662612,55,447,53,444,392,391
1114672483,1935765015,156,343,100,399,187,299
1275406342,4004176758,28,448,64,467,420,403
1306821275,4167088572,0,499,0,499,499,499
1263063979,3913803478,0,499,62,437,499,375
1038159701,746666095,0,499,67,431,499,364
864848440,106548034,0,499,62,436,499,374
1289160588,4086064811,0,499,0,499,499,499
1045850514,872555345,101,392,107,391,291,284
738950050,60264773,87,402,37,459,315,422
1321638214,4228447241,167,332,186,314,165,128
1275974686,4010133433,0,499,0,499,499,499
1240805209,3743692061,99,392,180,316,293,136
1312606183,4195543278,114,390,53,457,276,404
1316246185,4200880280,2,496,42,487,494,445
1262544687,3908516900,0,499,111,499,499,388
1232349290,3659618761,62,436,0,499,374,499
1257224180,3879888774,62,434,153,404,372,251
1313214309,4197496035,113,396,134,415,283,281
1022924026,522250220,112,389,97,391,277,294
1316263308,4200881302,0,499,0,499,499,499
1138920698,2377538891,178,322,18,485,144,467
991445194,298731360,55,444,0,499,389,499
966258743,252290341,127,375,95,394,248,299
1270653898,3971768365,0,499,0,499,499,499
1029823118,595303931,150,414,83,444,264,361
1198967060,3222465069,0,499,80,418,499,338
1306802830,4167087267,106,388,51,463,282,412
1287375764,4076594180,76,433,76,441,357,365
1253996018,3859749191,68,430,160,340,362,180
1027338138,570709892,108,391,50,449,283,399
1099992506,1710017774,110,389,0,499,279,499
1114819560,1936967229,0,499,99,436,499,337
1067296198,1179980401,72,424,21,461,352,440
276184715,977662,62,436,0,499,374,499
1276338267,4012858040,0,498,0,499,498,499
1294390072,4123083538,30,469,1,477,439,476
1255181410,3863692746,0,499,62,436,499,374
1254937679,3866826710,0,499,0,499,499,499
1288393042,4081034037,67,431,0,499,364,499
1273171824,3993178495,10,492,107,410,482,303
1052159109,983232577,35,464,112,387,429,275
1263577323,3121382696,193,312,161,349,119,188
1284069359,4063357487,66,444,72,473,378,401
1142563128,2452582629,70,428,0,499,358,499
1002980500,388567684,146,352,125,374,206,249
1115895659,1951685742,0,499,40,499,499,459
1241418222,3756668918,185,314,163,335,129,172
907451672,91052906,165,334,124,360,169,236
1306648056,4164741487,109,389,0,499,280,499
1165615995,2805733529,117,382,50,449,265,399
1154767719,2643902115,14,471,87,422,457,335
973507556,269246467,0,499,109,389,499,280
1283542545,4061584001,0,499,0,499,499,499
1251856356,3845686426,191,297,0,499,106,499
1039267133,646789704,74,424,0,499,350,499
1228900376,3621422373,112,304,107,394,192,287
1264911504,3928058254,16,485,35,398,469,363
1263718987,3921112801,27,478,90,467,451,377
1295910391,4127416601,85,413,0,499,328,499
1257261963,3879923171,0,499,0,499,499,499
1310918687,4184550332,156,329,46,420,173,374
1094846757,1629867577,142,348,175,365,206,190
1215260405,3463962479,109,389,0,499,280,499
1290335602,4093053491,123,375,74,424,252,350
1178343949,2984712669,28,480,121,379,452,258
938913773,201274619,0,499,62,436,499,374
1276324362,4012664687,168,336,144,355,168,211
1100100437,1712101026,109,389,0,499,280,499
1253691008,3858377607,42,455,48,461,413,413
1083652599,1485605965,84,420,27,478,336,451
1173863869,2932490298,62,437,62,437,375,375
1258137888,3883886078,0,421,118,493,421,375
1163897427,2775255318,105,399,100,380,294,280
1286473487,4074837687,135,364,66,405,229,339
1104324187,1830614279,141,354,57,459,213,402
973603335,269452480,68,431,0,499,363,499
1314422316,4186277331,21,469,71,456,448,385
1240164511,3743864670,0,499,67,432,499,365
1265215491,3929900563,40,431,56,454,391,398
1174591465,2940640098,162,339,142,362,177,220
1211921133,3413414155,0,499,62,436,499,374
1286970645,4076976740,0,499,0,499,499,499
1306648280,4168967950,155,340,36,189,185,153
1219696345,3529225038,169,329,128,399,160,271
1019255685,514416414,106,402,115,410,296,295
1191038235,3101162294,49,450,62,402,401,340
1324700026,4238138124,91,388,55,444,297,389
1275542867,4006494182,48,427,78,447,379,369
933237064,190092802,70,428,0,499,358,499
1196212576,3182722333,43,450,147,414,407,267
1182180554,3005786932,131,368,0,499,237,499
1088345784,1537920731,0,499,62,436,499,374
1256427025,3874304111,12,499,29,480,487,451
1128835956,2156255960,150,349,130,388,199,258
1007507943,435020621,97,401,0,499,304,499
1283418145,4061577584,87,409,119,416,322,297
1062117532,1111054006,204,330,211,339,126,128
1293167609,4116506654,0,491,44,499,491,455
1209287881,3368432354,62,436,0,499,374,499
1288031473,4079554395,0,499,93,499,499,406
1275645151,4006510364,0,499,0,499,499,499
1225886276,532978786,157,349,148,338,192,190
1317261800,4210987728,25,405,41,426,380,385
1178210426,2982329442,109,425,155,363,316,208
1014662964,441932301,68,431,0,499,363,499
1013888291,470476450,68,431,0,499,363,499
1261380310,3898717117,20,499,85,499,479,414
1209173771,3370008116,79,419,0,499,340,499
1208600691,3358645594,62,436,0,499,374,499
1236951831,3713193929,0,499,62,436,499,374
1225887549,859083718,125,374,125,357,249,232
1201831374,3249405400,0,499,0,499,499,499
1225669838,3582991407,0,499,109,389,499,280
1098161754,1680792397,25,452,106,404,427,298
1086920440,861189635,144,354,100,399,210,299
1123006724,2049473630,147,352,114,373,205,259
849102266,80399907,63,437,0,499,374,499
1319914459,4221107361,140,402,52,465,262,413
1123828962,2063144371,128,370,156,343,242,187
1094722142,1077681258,148,262,137,383,114,246
1054231348,1038629479,75,424,15,483,349,468
1238332716,3727839155,0,499,113,436,499,323
1054785126,1048456074,0,499,0,499,499,499
1259220640,3887613259,0,499,0,499,499,499
1269836421,3962792694,19,476,70,453,457,383
1104322691,1830618887,124,378,108,235,254,127
1246302211,3798145312,0,499,62,436,499,374
848012319,77725687,150,349,100,399,199,299
1320246571,4215762185,26,472,195,310,446,115
1100086166,1711729907,180,319,153,346,139,193
1037391638,729330154,3,497,43,458,494,415
1260187248,3891738689,71,441,176,392,370,216
1100059405,1711732993,70,429,145,354,359,209
1162400365,2745090261,79,431,127,309,352,182
885661406,131215244,203,296,184,314,93,130
1253519707,3857173184,14,484,156,484,470,328
1312246404,4193802252,150,348,37,463,198,426
1230056168,3630953881,0,499,62,436,499,374
1294226440,4121130916,17,340,110,387,323,277
1019346220,516412294,0,499,240,261,499,21
873168311,75565163,63,436,0,499,373,499
1108720351,1414804884,80,418,1,499,338,498
1104350958,1826207857,0,499,62,436,499,374
973607837,269653228,21,471,104,381,450,277
1225665098,700461254,135,364,223,307,229,84
1163773102,2769055981,0,499,109,389,499,280
1301491180,4151261870,168,347,15,471,179,456
1215526470,3470062707,135,353,84,440,218,356
1318296043,4217936490,0,499,0,499,499,499
1126863170,2107945743,0,499,62,436,499,374
1260250216,3894926943,73,427,78,427,354,349
1233486277,3680021057,65,433,0,499,368,499
1044233025,858970195,149,347,11,496,198,485
1317279654,4212610948,121,378,24,473,257,449
1316948535,4211269177,0,499,6,492,499,486
1048220061,938835897,148,351,100,399,203,299
930584408,184567207,0,499,62,436,499,374
1240225415,3745003273,78,420,0,499,342,499
1148365712,2541739084,0,499,126,372,499,246
988751980,295526256,62,436,0,499,374,499
1260349756,3893243946,26,442,125,343,416,218
1037166431,602293932,92,408,58,436,316,378
1279754689,4041455951,0,499,0,499,499,499
1038070074,745378082,0,499,13,489,499,476
1174590781,2940639806,186,324,161,342,138,181
1249534216,3819978836,200,282,170,332,82,162
1020972032,517249187,62,436,0,499,374,499
251250898,5928895,62,436,0,499,374,499
1065319929,1150170905,36,470,97,438,434,341
1319076480,4217966614,42,466,91,439,424,348
1033939257,670250773,68,431,0,499,363,499
1231766963,3649861247,0,499,94,405,499,311
1225850139,3593009091,0,499,83,415,499,332
1273324647,3992561775,0,499,0,499,499,499
1255609223,3870521194,32,370,20,499,338,479
1275537979,4006493986,29,471,17,485,442,468
1312561096,4195459418,0,499,0,499,499,499
1237283756,3718129337,116,387,21,480,271,459
966156180,251905981,48,470,69,364,422,295
1259385817,3887636713,18,459,60,465,441,405
884670470,62771736,129,365,143,355,236,212
1239354396,3737240340,24,464,40,467,440,427
1309684213,4179729589,28,468,16,442,440,426
1316240173,4200879989,21,485,70,441,464,371
1125062351,2031768376,0,499,62,436,499,374
1257150493,3879365250,119,383,127,404,264,277
1198926792,3221771108,204,293,4,495,89,491
1150658786,2579160182,151,350,25,471,199,446
1282023866,4050758505,80,418,111,315,338,204
1287879252,4079551077,153,368,20,482,215,462
1282816844,4058579197,29,475,158,343,446,185
858292702,90796225,62,436,0,499,374,499
1188360183,3057652035,165,334,186,313,169,127
1292397974,4108909631,0,387,145,369,387,224
1269201506,1164521616,106,393,0,499,287,499
1265914237,3935625258,30,499,40,467,469,427
1256032273,3873074282,0,499,0,499,499,499
1101583201,1776430905,146,352,100,399,206,299
932050253,187356290,110,374,118,375,264,257
987431237,294297622,113,365,90,421,252,331
1119680313,2001676943,30,467,103,499,437,396
1036554831,700032951,197,306,214,284,109,70
1287842560,4079436923,71,428,0,447,357,447
1068560532,1194907585,0,499,114,394,499,280
1265060995,3929341424,0,499,0,499,499,499
1168092626,2849191213,132,371,11,490,239,479
1288943652,4086332429,84,442,82,451,358,369
959923818,234092854,68,431,0,499,363,499
1134149527,2271020894,21,478,0,499,457,499
1024535473,264332719,62,436,0,499,374,499
1225886292,532978793,157,349,148,338,192,190
1244541339,3785188013,0,499,62,436,499,374
1323054210,4231805268,44,452,52,457,408,405
1323324832,4231757282,83,425,77,419,342,342
1268642954,3952397196,40,456,95,431,416,336
1267360679,3942401172,8,495,124,465,487,341
1044106232,856536022,87,412,0,499,325,499
1316186195,4200876660,11,476,11,418,465,407
1203251102,3270668799,69,430,0,499,361,499
1313399868,4197516137,26,469,11,404,443,393
1287888642,4079551987,42,467,121,402,425,281
1316104207,4200869654,34,480,14,463,446,449
856853817,89857334,74,424,0,499,350,499
870982553,115679454,77,421,0,499,344,499
1013681502,469029659,116,383,50,450,267,400
1134422186,2283668057,130,377,87,402,247,315
1309079128,4179420546,0,499,0,499,499,499
1092496505,1584177118,165,330,23,457,165,434
1082443877,1468146655,86,413,0,499,327,499
1204219065,3287230437,52,446,6,496,394,490
1067666015,1156786124,122,480,146,347,358,201
1082523322,1469707376,79,419,0,499,340,499
1319428426,4214364191,165,338,25,458,173,433
1113061645,1926714937,5,495,64,436,490,372
1218956693,3495727821,189,363,43,477,174,434
1110450773,1902740638,74,456,91,420,382,329
922617729,171704261,125,374,62,436,249,374
1283567236,4061481750,0,499,0,499,499,499
1313350388,4197513900,165,346,35,463,181,428
1295953301,4127725111,39,447,34,460,408,426
934200540,191628488,62,436,0,499,374,499
1213354409,3444271427,32,483,33,471,451,438
927245633,179776030,125,374,125,374,249,249
1260247147,3894926292,24,454,62,464,430,402
1283018544,19016990,12,486,10,488,474,478
1246736487,3801901977,0,499,195,436,499,241
1316136512,4200873000,19,431,44,448,412,404
884194811,124564693,51,449,50,449,398,399
1021533143,446622736,190,309,159,340,119,181
1279997533,4042587745,78,394,172,343,316,171
1280636652,4046034312,89,408,5,321,319,316
1264352613,9382850,110,420,32,455,310,423
1308482905,4176663669,0,499,62,436,499,374
1294177360,4118505216,62,436,0,499,374,499
1277406558,4023690532,127,366,56,421,239,365
872789480,118150586,47,451,0,499,404,499
1307769263,4172823554,133,367,172,397,234,225
1260070394,3889365957,0,499,0,499,499,499
1108292896,1874187631,0,499,109,389,499,280
1100078223,1711736133,110,389,63,445,279,382
1034421978,675938825,157,338,87,419,181,332
913799354,158200356,62,436,0,499,374,499
1137241401,2341640254,137,361,100,399,224,299
1275573645,4006704943,0,499,0,499,499,499
1026373577,562801785,0,499,52,447,499,395
968765247,254908640,0,499,81,416,499,335
1274031053,3996212341,175,323,172,326,148,154
1307851125,4172912158,29,481,123,385,452,262
1310386683,4182239508,85,431,63,467,346,404
872566474,117823942,71,427,0,498,356,498
1251067123,3837505891,79,394,44,461,315,417
1311555198,4187541461,144,352,103,382,208,279
1006530001,239727347,62,436,0,499,374,499
1066478939,1167925953,202,297,198,302,95,104
870884720,115545187,69,429,0,499,360,499
1241415800,3756662132,196,302,193,306,106,113
941621864,207151574,154,346,189,298,192,109
1026846769,569558468,103,396,50,449,293,399
1258501512,3885602498,18,477,44,463,459,419
1244304462,3782142085,0,499,109,389,499,280
1220257949,3493258164,71,427,0,499,356,499
893360876,49043081,52,447,0,499,395,499
1143315375,194001959,165,335,144,295,170,151
1051074170,973381183,125,343,193,344,218,151
987547901,294316482,0,499,62,436,499,374
1073534390,1320592511,62,436,0,499,374,499
1258502889,3885602533,16,448,13,492,432,479
1319430280,4214364246,32,283,178,337,251,159
1033275768,648499018,0,499,109,389,499,280
1304046521,4160929139,106,388,51,463,282,412
1306552426,4167078628,106,388,51,463,282,412
1316282166,4209024894,68,408,49,452,340,403
1082888186,601184408,73,426,3,499,353,496
1142199626,2448285282,167,339,134,416,172,282
1314175282,4201268971,0,499,0,499,499,499
1251845719,3845530780,108,396,95,405,288,310
1029098999,590315024,46,438,119,399,392,280
1317236337,4210986715,19,488,126,410,469,284
1299060701,4139517712,11,485,32,465,474,433
941678002,207196180,146,354,181,313,208,132
1254450034,3861754603,0,499,5,494,499,489
1178080648,2980668949,150,337,20,475,187,455
1303078565,4157458342,114,410,168,326,296,158
1285839986,4017666072,67,446,184,340,379,156
1270249234,3970276398,36,448,82,476,412,394
774647196,61809341,55,444,0,499,389,499
987653460,294482288,0,499,207,299,499,92
1188538950,3067204240,130,369,130,369,239,239
1269197407,3957119143,13,485,38,444,472,406
1225886326,532978674,125,374,142,357,249,215
442841430,50205866,100,399,50,448,299,398
1090389200,1530603040,150,349,100,399,199,299
1027172239,569979946,104,395,50,449,291,399
1197337571,3205647129,0,499,63,436,499,373
1244540538,3785187490,0,499,128,436,499,308
1323012208,4231409914,31,425,87,384,394,297
1004577683,404097576,0,499,63,436,499,373
1146383033,224991783,0,499,7,492,499,485
1042990729,846366965,4,495,72,419,491,347
1317496163,4213277187,87,412,94,412,325,318
1261390147,3898719468,0,499,0,499,499,499
1261173892,3898707867,0,499,195,320,499,125
973606532,269653761,209,291,148,383,82,235
502600346,52119284,68,430,0,499,362,499
1208831595,3363697801,147,352,100,399,205,299
1317829158,4213274849,0,499,0,499,499,499
1256970072,3876189028,71,428,104,395,357,291
1307054460,4170720154,37,462,0,485,425,485
1298796086,4139506522,0,499,0,499,499,499
946555389,148244303,178,321,167,349,143,182
1123829308,2063144643,165,334,130,369,169,239
1317243842,4210986945,0,499,0,499,499,499
1112184068,1921332309,40,447,35,470,407,435
1005844496,418199256,188,378,169,325,190,156
912979383,157328765,91,408,0,499,317,499
1206219573,3313307693,28,471,42,457,443,415
1226405721,3591581805,0,499,142,436,499,294
1224448292,3521203836,11,494,124,375,483,251
921249567,168344656,50,456,95,493,406,398
237037230,5306514,78,421,0,499,343,499
1218263937,3479943644,0,499,62,436,499,374
1282023156,4050758127,107,400,98,333,293,235
857832114,85442090,190,308,160,339,118,179
981406894,284484148,59,434,22,492,375,470
1261978518,3902216397,161,321,100,343,160,243
1274486984,3458198988,50,449,0,499,399,499
1321113921,4221741166,29,467,121,419,438,298
1002972993,388574895,166,337,141,366,171,225
1200882130,3930067736,147,342,66,493,195,427
1245076517,3788539391,125,374,125,374,249,249
851444857,83464950,70,429,0,499,359,499
1121209482,2033308192,64,437,9,489,373,480
1011824987,455494995,184,322,161,335,138,174
920721871,166819336,138,361,0,499,223,499
1025929140,556485703,67,445,0,473,378,473
1255971228,3795350697,62,436,0,499,374,499
1241670978,3759384895,117,386,1,478,269,477
933236379,185723276,90,410,14,485,320,471
1289849985,4090171194,0,458,0,499,458,499
1313377592,4197515571,185,326,24,402,141,378
1146327286,2516966736,155,361,93,442,206,349
1083202884,1477388916,155,344,169,329,189,160
1255068939,3867157016,37,464,65,411,427,346
1027044463,569632064,106,393,50,449,287,399
1285056562,4066257378,36,466,46,467,430,421
1137047416,2329859906,18,481,0,440,463,440
1007553512,435042275,66,433,0,499,367,499
1197050817,3204972839,68,431,0,499,363,499
1012189965,458600992,0,499,90,372,499,282
1304961733,4163672440,0,499,107,392,499,285
1246071414,3797074217,115,403,105,423,288,318
1307356592,4171076118,125,363,248,468,238,220
848547114,1913564,67,432,0,499,365,499
1075996823,1356775568,99,388,151,351,289,200
1027727129,286685275,155,346,14,284,191,270
1282526599,4057542573,117,327,85,415,210,330
949321019,212253902,4,443,41,459,439,418
940803987,205146262,66,465,105,384,399,279
1185853548,3024231057,1,499,59,443,498,384
1258248917,3883967655,49,419,140,399,370,259
896720166,142826996,58,442,8,490,384,482
1313151156,4197979144,121,386,67,442,265,375
1243659639,3775275567,0,499,62,436,499,374
1314523926,4202304172,18,478,61,475,460,414
1225610995,3589927749,83,415,0,499,332,499
1215530820,3470073379,100,399,50,449,299,399
1028426123,286683236,21,455,52,487,434,435
1316101746,4200869183,59,439,35,325,380,290
1228164147,3612066749,0,499,123,376,499,253
1169818460,2883847935,222,278,263,284,56,21
1199606630,3230093744,0,499,0,499,499,499
1299290047,4141675877,0,499,0,492,499,492
1100085280,1711735554,110,389,40,459,279,419
1234699750,3689182193,47,432,168,335,385,167
1301504623,4150990606,0,499,0,499,499,499
987349605,294185015,148,319,24,459,171,435
1273084291,3992507217,0,499,0,499,499,499
1310057993,4181955686,26,380,170,326,354,156
1204247592,3287287927,76,426,50,436,350,386
1211983923,3414349030,50,466,110,363,416,253
1192479010,3128688749,16,481,32,426,465,394
1305069298,4164661128,106,388,51,463,282,412
1249535480,3819982769,183,342,133,366,159,233
1270003941,2131333156,100,399,32,478,299,446
1205515135,3306479763,62,436,0,499,374,499
1312159155,4193612289,113,382,149,370,269,221
1267920354,3944809599,61,441,115,403,380,288
189599830,5655581,69,430,0,499,361,499
938977006,201240897,85,414,60,439,329,379
1264227005,3924752409,161,348,55,460,187,405
1298419732,4139703827,92,415,40,401,323,361
1205835030,1949598357,156,333,298,463,177,165
1237541618,1172093676,158,348,74,455,190,381
1323942467,4231945146,0,499,0,499,499,499
1261174310,3898707905,123,361,130,388,238,258
975355960,253276897,73,425,0,499,352,499
1248714989,3816716448,57,499,0,499,442,499
1264483006,3925555186,77,448,11,487,371,476
1179031098,2990110449,75,424,0,499,349,499
873500614,119278809,83,415,0,499,332,499
1089094884,1547767961,55,423,0,499,368,499
1077272885,144024071,61,438,0,499,377,499
1313616208,4197536124,0,498,0,499,498,499
1325973842,4233761410,62,436,0,499,374,499
1307374717,4171335718,73,424,0,498,351,498
1202961611,3266391898,0,499,62,436,499,374
1278559875,4035896269,13,477,135,378,464,243
1249535870,3819983778,130,369,170,329,239,159
1254816341,3866427911,28,461,60,441,433,381
983931283,288298442,94,411,33,425,317,392
1256049498,3873015872,4,495,0,495,491,495
1310967888,4185768301,85,429,100,381,344,281
1258519265,3885493489,0,499,0,499,499,499
1156077044,2664721779,242,258,0,499,16,499
1089483701,1553200359,117,492,177,334,375,157
856525755,89742885,62,436,0,499,374,499
1204243761,3287282677,111,402,163,367,291,204
1087687397,1522824587,0,499,0,499,499,499
1045623616,870188787,10,487,125,378,477,253
1234467023,3684644999,88,412,31,468,324,437
1242122949,3762624372,0,499,34,498,499,464
1270429211,3971950304,0,499,21,499,499,478
1261376664,3898716899,51,449,111,404,398,293
1243659272,3775275191,0,499,62,436,499,374
1265201230,3929867900,0,499,0,499,499,499
1190252871,2833039392,188,294,215,315,106,100
1100599782,1733946989,0,499,62,436,499,374
1026166369,557984116,0,499,69,430,499,361
1254192040,3860640536,64,448,147,356,384,209
1301186091,4150963470,20,468,9,496,448,487
1005548830,412930043,38,449,87,405,411,318
217495930,6361288,165,334,125,374,169,249
1283941494,4063336595,24,482,25,461,458,436
1026617640,567679241,17,485,134,452,468,318
1044151235,857044590,86,391,2,498,305,496
1024812337,547549783,62,436,0,499,374,499
1063828799,1122451635,70,428,0,499,358,499
862579363,102706037,70,426,66,436,356,370
1053195985,1027902871,82,420,17,485,338,468
844572928,72713017,0,499,0,498,499,498
1275674459,4006527503,80,426,62,448,346,386
1004693577,408353126,62,436,0,499,374,499
975927899,274896066,0,499,83,415,499,332
1027131873,569947967,100,399,54,444,299,390
1266738820,3939934501,105,399,142,341,294,199
1249758774,3821565990,0,499,62,436,499,374
1323048047,4231410227,92,378,56,460,286,404
1136235735,2324539973,0,499,62,436,499,374
1282755194,4058572491,52,444,18,411,392,393
1283963352,4061637119,0,499,0,488,499,488
1249535583,3819982818,163,346,162,343,183,181
972023701,264049583,60,438,0,499,378,499
1008327996,436988799,77,422,0,499,345,499
1294300659,4122628947,0,499,0,499,499,499
1280429793,4044748056,25,471,34,369,446,335
1280920808,4047734567,0,499,62,436,499,374
1281978880,4050745142,0,499,0,499,499,499
1270252092,561387357,100,399,13,485,299,472
1275977314,4010220368,0,499,1,435,499,434
1240668996,3748061064,0,459,0,499,459,499
1253660045,3855364208,183,351,0,480,168,480
1311089651,4181903120,38,465,37,370,427,333
1231019525,3643911995,31,468,82,418,437,336
900475191,146146306,130,369,77,421,239,344
1265224394,3929899841,0,499,0,499,499,499
1316294097,4200882855,0,499,0,499,499,499
1262347090,3906639449,42,490,45,441,448,396
1171836892,2904414439,48,450,0,499,402,499
1271272711,3977003445,41,457,41,458,416,417
1211420556,3065154595,179,322,96,403,143,307
1276351997,4012863893,27,405,213,289,378,76
1244536510,3785101771,31,473,148,396,442,248
977145412,277513814,78,425,77,421,347,344
1272003473,3986434134,123,381,48,466,258,418
1266911776,3940022851,0,499,0,499,499,499
1033541168,650984996,95,407,27,438,312,411
1044822377,863334856,13,485,108,392,472,284
1057891680,1082772367,128,388,83,422,260,339
1042007970,834124886,0,499,64,435,499,371
1258839034,3887558881,54,450,57,444,396,387
1190251406,2697698995,24,451,106,421,427,315
1282006276,4050753227,45,461,120,428,416,308
1231807162,3654517351,0,499,110,388,499,278
1283810929,4061615396,0,499,0,499,499,499
1257827336,3883135057,63,435,25,462,372,437
1150652395,2572488048,47,452,106,395,405,289
1260069309,3889365183,12,489,65,453,477,388
1102718384,278405506,165,334,106,394,169,288
1288562192,4083567994,0,499,62,436,499,374
1263185667,3915261352,68,499,5,492,431,487
1304019165,4160807472,94,355,83,421,261,338
1257238399,3879893452,0,499,0,499,499,499
1009316841,315548639,147,351,100,399,204,299
1077441915,1372735318,121,416,150,378,295,228
1068304988,1191973918,0,499,62,436,499,374
858408623,88080814,198,303,175,324,105,149
1250268126,3831364108,0,499,62,436,499,374
1196383268,3186494891,109,389,0,499,280,499
710541059,56426768,60,439,0,499,379,499
1245879611,3795106513,0,499,0,499,499,499
1038592798,753012066,12,484,34,498,472,464
1145611364,2499586328,156,342,111,385,186,274
1277775057,4026078191,49,436,7,491,387,484
1316293064,4200882821,1,498,51,448,497,397
1248858991,3817905814,38,484,107,385,446,278
1313403362,4197671265,48,463,37,460,415,423
1215843206,3474378780,61,438,31,477,377,446
1005928941,419136152,0,499,6,493,499,487
1311218661,4186477021,10,499,26,495,489,469
1061874587,1108604314,0,499,62,436,499,374
891090685,137332627,0,499,62,436,499,374
1241952891,3761246038,69,430,0,499,361,499
1028888438,589264323,72,426,0,499,354,499
877070621,122473187,0,499,62,436,499,374
1282891162,4058772020,24,399,66,434,375,368
1038475854,751540034,30,417,29,459,387,430
867463088,110266336,62,436,0,499,374,499
1264525502,3925556040,26,470,82,420,444,338
1205935914,3314088703,91,477,111,371,386,260
1124397020,2069665022,0,499,62,436,499,374
1200561646,3242058041,79,477,37,423,398,386
1324047506,4235890320,83,422,99,431,339,332
1263901433,3921319514,125,378,10,499,253,489
1319973164,4215301132,204,293,71,467,89,396
1262532422,3908516427,20,459,87,447,439,360
1099272152,1701722250,68,431,0,499,363,499
1324027305,4235889294,16,483,100,403,467,303
1283415299,4061577457,50,450,59,442,400,383
1312597619,4195542969,0,499,0,499,499,499
1241248078,3754664390,62,436,0,499,374,499
1186672985,3036331725,70,429,145,354,359,209
1018395449,510785413,128,370,50,449,242,399
1244538010,3785102046,0,499,0,499,499,499
1156970356,2679537054,0,499,109,389,499,280
1258411389,3883434463,84,471,148,362,387,214
1287982836,4079553893,43,462,70,458,419,388
1258320889,3883423801,22,463,182,342,441,160
1276283859,4012659616,7,499,55,469,492,414
982242445,286001503,175,324,150,349,149,199
1255202727,3868367808,59,442,154,342,383,188
1320455522,4224460972,19,477,28,471,458,443
1294484739,4122564605,100,413,127,369,313,242
1130734854,2186172760,180,345,13,493,165,480
1238950726,3617560053,70,428,0,499,358,499
1110452296,1902739393,74,456,91,420,382,329
1146981195,2527236619,110,389,54,445,279,391
1163962206,2777473144,146,353,100,399,207,299
1308871171,330421214,100,399,52,447,299,395
1102674942,1107101574,27,473,171,326,446,155
939763214,202841640,62,436,0,499,374,499
1170591124,2890025738,358,358,225,272,500,47
344106105,47568791,0,499,112,386,499,274
1178345209,2984203285,0,499,109,389,499,280
1174586723,2940638762,70,481,91,495,411,404
1004341964,207571915,3,495,0,499,492,499
1072467673,1296629143,86,462,0,481,376,481
1277506763,4019799485,0,499,0,499,499,499
1220137268,3533717026,6,488,34,489,482,455
1285981989,4071478903,70,429,0,499,359,499
1301071027,4150448783,0,499,0,499,499,499
1078439927,1399019580,23,484,84,395,461,311
1285875266,4017685330,28,482,118,378,454,260
1023109189,532288586,62,436,0,499,374,499
1280343486,4044739857,21,484,103,484,463,381
1166457392,2817174856,71,428,0,499,357,499
1047878396,933782099,127,371,0,499,244,499
1068211059,1190507058,0,499,83,415,499,332
1317331955,4122566090,18,499,162,377,481,215
1254495255,3810658421,15,488,16,482,473,466
1243711138,3775469606,63,435,26,432,372,406
1270113481,3442596251,100,399,37,462,299,425
1024782433,545006996,165,333,137,361,168,224
1098128830,1679856520,0,499,0,499,499,499
1316253985,4200880965,27,470,29,444,443,415
921686399,100538094,0,499,62,436,499,374
1309557652,4180148848,26,414,47,437,388,390
1313374128,4197668975,0,499,0,499,499,499
1092309079,1581379374,158,341,113,386,183,273
1324251864,4235886454,61,428,138,369,367,231
1257641830,3881990314,26,481,32,470,455,438
927245850,180021272,108,390,0,499,282,499
1169935374,2888059478,98,400,108,391,302,283
878503602,123825040,68,431,0,499,363,499
892257448,139409133,62,436,0,499,374,499
1245753801,3794172373,0,499,109,389,499,280
1127000697,2114189721,57,431,60,467,374,407
1307827696,4172827880,76,403,26,453,327,427
1172791575,2920940580,1,497,0,499,496,499
1258865207,3887565472,57,453,59,432,396,373
1276427532,4013272076,0,499,0,499,499,499
275920931,5417976,145,354,100,399,209,299
1243171948,3770836221,92,382,88,403,290,315
1025671268,554019785,130,370,83,421,240,338
1244541493,3785188050,0,499,122,436,499,314
1313405361,4197672386,36,480,83,329,444,246
1115503666,1945991657,0,499,20,478,499,458
925347541,176943579,0,499,62,436,499,374
1150154149,2569638150,89,410,12,486,321,474
1003704590,397061853,162,335,243,446,173,203
1238332709,3727839151,0,499,113,436,499,323
1285054379,4063743316,17,486,25,479,469,454
1275549181,4006494452,19,486,113,403,467,290
1205340383,3303128759,41,482,94,380,441,286
990964847,298268852,62,436,0,499,374,499
1317014508,4211518246,23,467,51,458,444,407
1212497338,3427357315,0,499,62,436,499,374
1162041302,2481409805,158,340,100,399,182,299
1222681416,3573470303,95,463,136,363,368,227
1307872186,4173007668,153,348,26,432,195,406
870975746,2251135,85,414,30,499,329,469
1312669105,4195678098,35,485,138,401,450,263
1111318342,168658767,0,499,77,422,499,345
926323507,178400168,62,436,0,499,374,499
1304163219,4160985063,106,388,51,463,282,412
1189155915,3079192566,0,499,0,499,499,499
1239449858,452385451,39,440,137,357,401,220
887449301,133615921,157,342,96,402,185,306
1137035016,2338941423,190,309,53,479,119,426
940889747,205319348,149,353,162,326,204,164
1217150458,3487256846,62,436,0,499,374,499
938934584,201247933,0,499,62,436,499,374
987671877,294489844,86,423,83,439,337,356
1306898029,4169838518,70,233,151,309,163,158
1269202108,1173146922,100,399,33,475,299,442
1271549989,3976944414,0,499,0,499,499,499
947063626,55046396,0,499,62,436,499,374
1078630616,1399114482,0,499,62,436,499,374
1204217987,3287164123,121,404,84,477,283,393
1262292658,3906636216,0,499,0,434,499,434
1301874850,4153639809,50,471,131,389,421,258
1151278403,2581785005,72,419,87,409,347,322
903678626,148293896,84,415,12,486,331,474
1254446805,3859612893,73,433,0,499,360,499
1319036471,4218290510,0,499,0,499,499,499
1099342321,1698920228,52,474,54,440,422,386
1246594524,1554966892,6,494,4,476,488,472
1286881868,4074699729,242,366,180,331,124,151
531086656,53059740,150,349,107,391,199,284
940662384,204721636,62,436,0,499,374,499
1267973133,3944540609,10,484,10,489,474,479
940548387,138759193,139,363,178,318,224,140
1129162074,2052277857,54,444,0,499,390,499
987457290,294371574,0,499,90,409,499,319
1289550356,4087614905,62,436,0,499,374,499
1326011290,4241234833,62,436,0,499,374,499
1124524855,450233472,144,355,100,399,211,299
1314292658,4186233406,32,470,150,397,438,247
1141881348,2443692014,35,450,86,426,415,340
818910498,62488674,143,355,106,388,212,282
987533285,294358322,100,408,30,474,308,444
1092019296,1576180167,25,474,0,499,449,499
1126980597,2113986455,62,436,0,499,374,499
1311416166,4187119668,53,419,79,463,366,384
882913867,127610033,0,499,62,436,499,374
1177639553,2977622325,31,461,133,347,430,214
1245223255,3789608147,0,497,0,488,497,488
1124582849,2067324817,152,312,125,345,160,220
1192113892,3121335209,152,320,45,487,168,442
1298944735,4140932796,0,499,0,499,499,499
1270591478,3972426910,29,499,0,482,470,482
956369047,138748899,177,321,3,494,144,491
1102725291,500602609,10,486,41,467,476,426
1318671497,4216252251,78,457,63,449,379,386
1047981197,934552833,78,420,0,499,342,499
1106592185,1861031967,21,477,0,499,456,499
981947357,284903789,0,499,43,455,499,412
862537855,102358907,0,499,230,269,499,39
1097575775,1670150467,11,493,119,371,482,252
1313914331,4200630034,0,499,0,499,499,499
1207347206,3339809155,0,499,109,389,499,280
1223582839,3582303352,20,473,160,368,453,208
1250212358,3830986360,31,434,308,410,403,102
1222133795,3568993984,82,419,130,370,337,240
1317411692,4212780876,32,470,38,333,438,295
1126911575,2086080505,120,427,128,373,307,245
1266357414,3938185853,28,461,5,498,433,493
938073804,199152527,0,499,62,436,499,374
189396430,5655551,72,427,0,499,355,499
1301579869,4151265696,4,495,0,499,491,499
955789308,220397230,109,386,112,394,277,282
1264046536,3923103735,118,379,20,480,261,460
1077794575,1383139839,179,320,150,349,141,199
1306540212,4167075957,106,388,51,463,282,412
1252250677,3848179092,0,498,0,499,498,499
1247849597,3813571340,0,499,123,436,499,313
1133344221,2243904439,0,499,53,445,499,392
1317035442,4211394491,0,499,0,499,499,499
1289077802,4085964607,111,432,148,381,321,233
1310030735,4181949884,113,433,95,341,320,246
1215355086,3470026767,69,434,70,429,365,359
1303565162,4158830878,0,499,100,399,499,299
1237108722,1681884077,39,456,150,356,417,206
1156654765,2675087581,59,430,188,343,371,155
1139997832,2402194234,79,419,0,499,340,499
1270219303,3969948681,8,494,5,493,486,488
1066378169,1135426565,16,499,29,464,483,435
1091936299,1573848997,109,389,5,499,280,494
1287486781,4078699212,45,454,7,376,409,369
1242747134,3765356064,206,296,143,347,90,204
1212960988,3438148391,95,404,12,486,309,474
1120843228,2018327547,0,499,62,436,499,374
1250398603,3832636932,183,317,342,400,134,58
866758230,109591166,0,499,62,436,499,374
1321055283,4221731573,133,370,184,327,237,143
1050372585,963737957,109,389,0,499,280,499
1308858561,278405726,100,399,41,475,299,434
893313234,141191355,194,279,221,305,85,84
1268711953,3951838310,56,444,8,467,388,459
1318784456,4217852765,0,499,0,499,499,499
1047917324,934125237,74,424,0,349,350,349
1226563214,3600007293,0,499,71,428,499,357
1311191517,4184450329,117,407,30,482,290,452
1282633656,4057849143,107,499,102,390,392,288
1266912461,3940022887,122,355,0,391,233,391
1313148613,4182662511,186,298,25,482,112,457
1057865251,1082595720,68,431,0,499,363,499
1283416692,4061577531,123,374,30,449,251,419
1250672732,3834907312,30,466,48,475,436,427
1125920732,2094584336,0,499,0,499,499,499
1307496341,4170895356,0,499,0,499,499,499
1126046572,2098527067,0,499,109,389,499,280
1111661750,1912972063,71,428,0,499,357,499
1156078846,2664722159,234,265,1,474,31,473
1323286715,4231691411,15,490,42,449,475,407
1260715225,3893301752,62,436,0,499,374,499
940396889,203830713,0,499,62,436,499,374
1275723092,4006541168,29,480,29,432,451,403
1179816372,209464125,55,442,0,498,387,498
1065997633,1158987677,110,389,145,354,279,209
1289807574,4089927176,0,499,0,479,499,479
1261230794,3898713504,0,471,62,437,471,375
1176503956,2958500001,33,473,104,391,440,287
859638395,95145773,71,427,0,498,356,498
1269050457,3953971989,0,499,0,499,499,499
1015845341,488518738,0,499,62,436,499,374
1244295858,3779182027,0,499,109,389,499,280
1047849852,933418658,78,421,0,499,343,499
1136299219,2326792344,0,499,68,431,499,363
999341997,339284924,109,389,0,499,280,499
1152071577,2584635277,62,436,0,499,374,499
1241578067,3757996154,0,499,62,436,499,374
1069204657,1198502955,0,499,62,436,499,374
1077516196,1372525007,45,454,0,499,409,499
1265387404,3930104094,5,496,0,499,491,499
1279356733,4037445772,0,499,0,499,499,499
909205504,153745741,62,435,7,499,373,492
598799097,54340317,0,499,62,436,499,374
1283810798,4061615392,0,499,0,499,499,499
1196327800,3185581917,77,428,84,435,351,351
1169859244,2880749486,62,436,0,499,374,499
160494530,5197793,71,427,0,495,356,495
1073889585,1326795325,86,413,0,499,327,499
1322967917,4232369441,81,425,31,450,344,419
1257520610,3881701253,0,499,0,497,499,497
1283712872,4061600455,0,499,0,499,499,499
1310254952,4182227939,0,499,0,499,499,499
1094670718,1626066253,73,426,0,499,353,499
1283897272,4061625530,13,481,26,458,468,432
835261483,3186486,60,437,0,499,377,499
977747269,278812013,142,363,164,336,221,172
1240993281,3751809369,54,445,0,499,391,499
1118599510,1985282281,23,462,109,435,439,326
1243677405,3775354850,62,436,0,499,374,499
1198892804,1269763866,152,347,107,399,195,292
1317207510,4212302297,181,318,183,365,137,182
1258617921,3885528912,45,448,69,448,403,379
1169824039,2884849664,44,458,6,487,414,481
1254981815,3866964715,107,389,21,477,282,456
1270219421,3969948694,53,460,219,391,407,172
1305860151,4166955152,106,388,51,463,282,412
1317412688,4212985579,0,479,0,499,479,499
1155280727,2650845498,0,499,62,436,499,374
1304082194,4160934366,106,388,51,463,282,412
1324207655,4236298127,46,484,123,357,438,234
977811081,278813457,128,394,206,301,266,95
1170133887,2890851008,143,355,100,399,212,299
1323873864,4234090860,71,377,116,403,306,287
941176712,205985771,140,357,174,330,217,156
1275746874,4008290921,0,499,0,499,499,499
347301260,48371591,50,449,100,399,399,299
1301703729,4153115883,0,499,0,499,499,499
938396843,5904680,109,389,0,499,280,499
1236457603,3707074656,78,373,80,423,295,343
1310108580,4182218763,37,465,18,486,428,468
1309568453,4179944486,0,499,0,499,499,499
1308973743,4178634927,209,280,358,375,71,17
1220238673,3541029213,9,485,9,480,476,471
984653274,289443113,154,412,195,416,258,221
1303247588,4148605469,0,499,0,499,499,499
1256831745,3875160995,34,459,141,368,425,227
1068784782,1200353486,24,486,102,399,462,297
1081604018,1459252249,140,357,113,388,217,275
986238508,292123792,23,477,95,427,454,332
1118057547,1978742247,64,330,104,398,266,294
921446269,168868798,83,415,0,499,332,499
1306827188,4167089384,106,388,51,463,282,412
1225883750,3593715401,83,416,0,499,333,499
1194552487,3160684944,49,448,23,471,399,448
1311796632,4188953548,42,464,49,449,422,400
1225863928,3591944650,70,428,0,499,358,499
1301540837,4150997846,46,482,48,483,436,435
1192170399,3122844243,68,432,22,488,364,466
853995524,85262367,143,356,100,399,213,299
1310875233,4184608476,11,489,148,365,478,217
1313140164,4197490662,34,409,40,435,375,395
1205767233,3300395955,67,431,0,494,364,494
1252186547,3847768651,61,433,72,358,372,286
982709527,84035671,62,436,0,499,374,499
1291711261,4103243440,0,499,0,499,499,499
1156136687,2665315724,192,311,168,349,119,181
1154931558,2630242799,0,499,62,436,499,374
1263140536,3914774751,0,499,109,389,499,280
1262546790,3908876129,6,480,21,478,474,457
1151745730,2588557717,151,347,100,399,196,299
1220143045,3537875541,82,342,26,393,260,367
1217962398,3501781540,129,370,192,347,241,155
1323714641,4234266742,91,431,107,434,340,327
1264327802,3920507506,62,436,0,499,374,499
1120710502,2017625778,110,389,54,445,279,391
1128010110,2134907780,10,494,52,465,484,413
1066663198,1170180884,217,456,215,287,239,72
1026783595,569542529,107,391,50,449,284,399
1034161512,671597936,88,422,93,419,334,326
1306830350,4168956715,68,432,28,476,364,448
1078603444,1401240071,90,409,16,483,319,467
1258380688,3883432146,0,499,0,499,499,499
1108366016,1875804560,110,389,51,447,279,396
1310520880,4182449713,42,462,177,346,420,169
1190250929,2832752181,0,499,202,303,499,101
1217956043,3501772388,95,404,146,358,309,212
1301401271,4150986098,21,475,62,451,454,389
1318171971,3143800782,0,472,26,472,472,446
1316265242,4200881391,18,481,155,365,463,210
1317541685,4211181044,192,388,25,495,196,470
1125064717,2085620343,58,398,80,429,340,349
1301557276,4151264963,127,369,57,464,242,407
940529349,138759446,196,442,227,330,246,103
1293303339,4116742228,30,463,44,461,433,417
1261412444,3898723039,84,446,57,445,362,388
1316248608,4200880310,56,428,108,374,372,266
1273164401,3993176808,38,451,130,361,413,231
1279437567,4037930416,40,499,0,435,459,435
1248549397,3782517161,100,399,21,477,299,456
1279382986,4039606374,0,471,0,479,471,479
1282612307,4057847174,41,460,146,364,419,218
1265216229,3929900604,8,493,65,459,485,394
853995119,85245779,200,303,175,324,103,149
1037551084,731562008,147,351,100,399,204,299
1273571158,3992764927,23,480,29,467,457,438
913850165,158286530,144,355,100,399,211,299
1238331838,3726833478,62,436,0,499,374,499
1026005681,558486488,21,478,22,477,457,455
1306171627,4164873256,55,443,0,499,388,499
1100085502,1711730441,110,389,50,448,279,398
1261978812,3902216758,202,285,85,430,83,345
1288991311,4085933135,111,263,49,367,152,318
1196822382,3198861963,66,440,0,499,374,499
1136420804,2330021928,0,499,41,458,499,417
941622138,207151518,174,289,194,312,115,118
1102075760,500602601,13,487,39,472,474,433
1116782661,1965116150,17,470,92,396,453,304
1253451590,3856809657,55,459,45,499,404,454
1021586486,527212739,150,349,0,499,199,499
1306520198,4167073700,106,388,51,463,282,412
1274392941,3999382477,40,470,19,453,430,434
1060193320,1096796527,4,499,91,415,495,324
1324132537,4236042575,0,499,0,499,499,499
1250964055,3836819818,16,490,104,401,474,297
1262753823,3908615573,0,499,23,476,499,453
1310067392,4181960191,36,472,89,442,436,353
956388088,138734022,104,394,23,445,290,422
1275567658,4006495424,6,499,77,499,493,422
1301611604,4151266625,47,464,66,427,417,361
1298852469,4141053547,108,391,87,411,283,324
1293174783,4116507047,29,481,34,461,452,427
1158045634,2579983911,147,352,100,399,205,299
863953872,101676737,226,273,171,332,47,161
947189019,209249191,109,393,24,466,284,442
1275678672,4006528712,9,485,12,492,476,480
1296052332,492114005,83,415,0,499,332,499
1164665769,2789745369,0,499,62,436,499,374
957255224,224129782,85,407,25,471,322,446
1212087899,3415306935,109,389,0,499,280,499
1029096727,441387532,174,356,128,351,182,223
1280708814,4046439058,45,453,33,481,408,448
1186745172,3037201224,68,431,1,499,363,498
1249533925,3819978092,130,369,130,369,239,239
1050157513,940027909,148,346,149,351,198,202
1256050129,3873075054,0,499,0,499,499,499
1159403890,2713692928,40,490,96,402,450,306
1272077142,3986439480,142,353,47,480,211,433
1250011760,3823579832,83,415,0,499,332,499
895086636,87590826,83,415,0,499,332,499
1270443656,3971358834,85,413,110,388,328,278
1041720977,832337160,0,499,62,436,499,374
1288379726,4081034032,69,430,0,499,361,499
1128727899,2153795124,94,405,27,471,311,444
1008348706,437244692,0,499,62,436,499,374
1225886932,3134032041,137,360,138,359,223,221
1320475870,4224724708,48,439,213,391,391,178
1320030438,4215332755,18,476,165,357,458,192
1316235318,4200879727,17,470,157,366,453,209
971535283,262446865,117,382,50,449,265,399
1307817863,4172826897,56,408,185,301,352,116
1083002777,3040671174,0,499,62,436,499,374
1323880722,4231423744,49,451,73,441,402,368
1115880455,1951685705,0,499,40,499,499,459
1283539891,4061583952,86,226,297,407,140,110
1235198705,3692465188,32,473,59,460,441,401
847257080,76694083,75,423,0,499,348,499
1102674647,1805032405,31,468,92,416,437,324
1196632850,3195329071,0,499,0,499,499,499
1231017873,3637274630,0,499,62,436,499,374
1086522600,1500319625,99,400,0,499,301,499
1058729645,1089278568,142,357,96,403,215,307
991793527,299492850,203,301,134,332,98,198
1324010277,4235887707,0,499,0,499,499,499
1258943393,3887586770,52,429,104,457,377,353
874715605,120569218,86,412,0,499,326,499
1127347950,2121747402,0,499,19,479,499,460
848391077,78650010,105,398,232,266,293,34
1026497030,562695311,72,426,0,499,354,499
1294389585,4123083493,0,499,0,499,499,499
1282287655,4055998680,109,390,90,412,281,322
1244793066,3785133494,28,486,145,378,458,233
1096607373,1657065013,32,471,165,335,439,170
242797530,6962609,60,438,74,424,378,350
1083611990,1484196393,0,486,84,423,486,339
1304175635,4160987868,106,388,51,463,282,412
1177467895,2974270935,31,437,91,405,406,314
960000821,234275497,71,427,0,499,356,499
1192166659,3122735264,68,432,22,488,364,466
997944942,332684635,27,472,46,452,445,406
1311443133,4187125099,18,477,81,479,459,398
1092773458,1588285782,237,268,269,413,31,144
1026861479,569598046,68,431,0,499,363,499
1187658520,2334419995,44,468,190,326,424,136
1176325979,2956126750,242,252,0,499,10,499
1244541391,3785188023,0,499,62,436,499,374
998305996,334562646,42,445,96,403,403,307
938338011,199596052,74,425,0,499,351,499
1283656475,4061596353,99,409,42,445,310,403
849140664,57658701,137,352,100,391,215,291
846816060,76198034,67,432,0,499,365,499
872188359,116960488,88,411,0,499,323,499
1248220528,3814580797,0,489,72,432,489,360
1034861572,679118693,62,436,0,499,374,499
1270515780,3971727359,1,499,0,499,498,499
1045594374,869974163,62,436,0,499,374,499
1316261620,4200881224,12,460,11,474,448,463
1211887653,3312222547,116,379,9,485,263,476
1311998923,4189047064,25,476,30,467,451,437
292443130,1569553,74,424,0,499,350,499
1156925935,2678802117,49,450,0,499,401,499
1303779675,4159407655,65,441,75,427,376,352
1255955250,3872841440,38,467,54,469,429,415
1270598416,3971750973,182,316,114,473,134,359
1100073197,1711729150,180,319,153,346,139,193
1297356123,4110595863,30,468,124,404,438,280
996502854,311374989,126,415,48,384,289,336
1243794469,3775273151,0,499,0,499,499,499
1281924007,3753871280,53,415,113,388,362,275
1241195675,3753669120,121,389,60,369,268,309
1286990489,4076978251,29,475,20,468,446,448
1066379828,1158385225,62,436,0,499,374,499
1153288398,2603415779,0,499,58,440,499,382
1080448495,1448574077,0,499,69,429,499,360
1283052550,51798271,104,395,0,499,291,499
1253095498,3854904976,0,499,62,436,499,374
1250268250,3831364230,0,499,98,436,499,338
1082260290,1464217217,10,490,130,371,480,241
1176062172,2953230677,74,410,109,410,336,301
1322032247,4228957079,0,499,0,499,499,499
1276350504,4012863769,53,401,144,379,348,235
1239542975,2648985842,182,316,150,340,134,190
1131504358,2206105040,68,463,123,395,395,272
1310334374,4181899588,18,474,28,430,456,402
1273287796,3992605745,0,499,0,499,499,499
966087448,251708663,60,439,60,439,379,379
1242140621,3762877800,196,302,2,489,106,487
1038021162,744414984,17,488,15,483,471,468
1278042909,4029204073,0,499,0,499,499,499
1263886722,3921317734,125,378,10,499,253,489
1304123056,4148207820,94,411,111,437,317,326
447425624,50339039,0,499,63,437,499,374
1198913917,1103058953,154,344,100,399,190,299
939554039,202613863,189,318,194,299,129,105
1293370068,4104776696,127,389,64,417,262,353
1282586038,4057555683,40,458,1,480,418,479
1016722933,501706804,15,470,152,368,455,216
1091916340,1573142028,135,357,237,386,222,149
696298730,57692720,150,349,107,391,199,284
1314517030,4202303998,0,499,0,496,499,496
1100071852,1711732727,70,429,145,354,359,209
962262561,240080157,184,314,165,334,130,169
117072130,3398031,149,351,104,396,202,292
897975963,144219684,0,499,16,483,499,467
1022008564,528469566,0,499,62,436,499,374
1272669169,3989837645,0,499,0,499,499,499
891737295,138464539,112,399,119,384,287,265
1252627136,3850328314,0,499,154,436,499,282
1119055624,1981100714,0,499,0,499,499,499
1253332276,3107345533,0,499,285,314,499,29
1319052729,4220469917,165,332,83,456,167,373
1206484033,3321584888,195,289,168,339,94,171
1008215926,436083658,170,328,142,357,158,215
1048433646,941097746,126,365,156,372,239,216
1235223870,3692476985,33,473,60,460,440,400
916408793,161258695,82,423,1,499,341,498
940018138,203248704,86,413,0,499,327,499
1295960217,4128274535,25,472,75,402,447,327
1005660747,414945630,70,427,12,492,357,480
1238340950,3718090551,24,488,18,488,464,470
1313456596,4197523323,69,435,64,433,366,369
1266488415,3938615621,44,455,171,306,411,135
1019308786,516392103,154,373,124,359,219,235
1158308600,2697715209,0,499,63,436,499,373
1132215278,2221838948,19,489,73,425,470,352
1273174934,3993179038,38,451,130,361,413,231
1317508104,4213421441,75,458,85,489,383,404
1118590825,1986826918,9,487,11,487,478,476
1240918872,3164682798,147,459,103,399,312,296
1265563730,3931852325,23,473,24,476,450,452
987341898,294179848,0,499,0,499,499,499
864285554,105671973,4,499,83,417,495,334
1130363350,2182964247,109,389,0,499,280,499
1168102029,2850877610,62,436,0,499,374,499
1174592119,2940640267,6,491,54,459,485,405
1274177719,3997817111,0,499,51,449,499,398
1264044746,3923103540,141,331,71,468,190,397
1292797778,4110260281,88,411,0,499,323,499
1111510866,1912137950,101,397,0,499,296,499
1100076415,1711733045,180,319,149,349,139,200
1008047017,435878951,150,349,101,397,199,296
1265915580,3935637029,20,481,156,363,461,207
1273045281,3992496196,26,473,50,472,447,422
1072961775,1311360213,0,499,85,413,499,328
1174591350,2940640051,218,274,185,230,56,45
1285832450,4017664697,19,499,9,444,480,435
1324196523,4236297743,59,418,29,482,359,453
871514279,116382058,106,392,153,345,286,192
1059014323,1086185276,11,493,59,454,482,395
1223049853,3567938250,42,456,0,499,414,499
1252981713,3854407188,0,499,0,499,499,499
1328635870,4250694785,22,447,121,408,425,287
1167738009,2842425204,0,499,109,389,499,280
1091255054,1567295731,53,446,0,499,393,499
1020382780,523347908,31,468,199,292,437,93
986236459,292119141,62,451,228,277,389,49
1041436399,827394336,145,354,100,399,209,299
1176505347,2958504211,1,497,78,421,496,343
1024862384,284229493,62,436,0,499,374,499
1264049375,3923104263,96,413,27,470,317,443
1153235471,2622468417,33,499,48,449,466,401
1282813601,4057525302,114,357,319,432,243,113
1076106283,1358123400,49,458,122,370,409,248
1313712993,4183949824,149,405,74,445,256,371
1245062962,3788393865,93,406,0,499,313,499
1287112510,4077155224,64,409,82,426,345,344
1311093789,4181903234,0,499,0,499,499,499
698715162,57858448,0,499,77,421,499,344
1023622721,533214037,176,323,148,351,147,203
1007742505,435289193,113,386,50,449,273,399
1174593163,2940640430,103,395,12,493,292,481
1223177225,3579132473,25,466,55,419,441,364
1259119960,3887606349,74,436,77,445,362,368
1246663402,3801601876,7,489,104,370,482,266
1308729222,4177821185,31,467,31,465,436,434
1257232447,3879890627,0,499,0,499,499,499
1154540552,2640925778,66,433,0,499,367,499
1264039571,3923102282,0,498,0,499,498,499
1323276441,4231796374,0,499,0,499,499,499
1077988123,1389116058,72,430,3,498,358,495
1291734781,4101295222,0,499,62,436,499,374
1198137436,278566493,147,351,100,399,204,299
1283522399,4061479549,0,499,17,424,499,407
1248847930,3817903307,41,478,107,382,437,275
1270348858,3961891674,109,389,0,499,280,499
1123815209,2062701883,160,339,100,399,179,299
1276433042,3081564637,0,499,62,436,499,374
835106951,68666149,68,431,0,499,363,499
1261172547,3898707420,188,311,174,325,123,151
1317004458,4211510266,20,476,74,439,456,365
1310388790,4181901687,75,418,34,455,343,421
1287420930,4076846203,69,435,79,443,366,364
1057356282,542193750,85,414,0,499,329,499
1101761950,1779263841,0,499,0,499,499,499
862580909,102706946,121,378,57,444,257,387
940298879,203608357,62,436,0,499,374,499
941166404,205828886,68,430,0,499,362,499
1188462902,3065095724,0,499,62,436,499,374
1154651372,1848269334,172,288,36,465,116,429
1100072702,1711732463,70,429,145,354,359,209
1204546142,3291742051,144,355,100,399,211,299
1242050854,3761781858,54,441,14,492,387,478
1024292992,542479967,0,499,62,436,499,374
1164521451,2784092697,0,499,73,426,499,353
1107659756,1869201256,126,385,12,489,259,477
1317996372,1951685749,0,499,40,499,499,459
1317269849,4212597440,0,499,84,415,499,331
952576380,216190307,48,481,100,399,433,299
1280687623,4046437237,8,499,0,499,491,499
833754669,65310897,88,411,2,498,323,496
354387810,48653726,72,426,0,499,354,499
927847023,181045114,0,499,62,436,499,374
1304119907,4149003820,66,447,185,303,381,118
1127501985,2123765803,72,426,1,499,354,498
1275637573,4006509192,37,483,67,413,446,346
1167713821,2844142284,53,446,0,499,393,499
907186494,85314800,165,334,124,375,169,251
1289605656,425519192,108,364,90,449,256,359
1255757780,3871285757,29,465,77,437,436,360
1189447201,3082185739,5,494,162,354,489,192
1264044527,3923103520,0,499,0,499,499,499
1256746363,3873730427,0,499,0,499,499,499
987637119,294480922,0,499,28,471,499,443
1013240372,298035773,21,499,25,473,478,448
874729426,95419032,71,427,0,499,356,499
1244817150,3785439708,83,377,79,390,294,311
1027188057,569819376,113,386,50,449,273,399
1282708092,4058713666,51,417,163,358,366,195
1215385612,3470073107,90,375,23,477,285,454
1319497934,4214430835,48,465,86,417,417,331
982915173,286742436,0,499,0,499,499,499
1019308153,516393983,60,471,22,485,411,463
1192037975,3120558125,68,432,22,488,364,466
1154245793,2317204406,99,399,25,461,300,436
1190252880,2832752217,58,434,141,368,376,227
1315075985,4187103633,41,460,76,462,419,386
1314380110,4202301744,122,370,55,461,248,406
1258228200,3884337364,202,296,180,319,94,139
1238291190,3727584695,18,483,53,465,465,412
1138243217,2339723652,137,361,100,399,224,299
912692300,70897920,176,323,145,354,147,209
1130261010,2181114041,36,461,74,423,425,349
1077100925,143721133,91,408,0,499,317,499
1092119546,1563619325,96,428,119,380,332,261
1254564746,3862692795,9,490,0,499,481,499
1196636257,3195343551,0,499,0,499,499,499
1192183756,3123019014,68,432,22,488,364,466
1071998681,1299638953,91,408,0,499,317,499
1258352513,3883426561,4,499,5,494,495,489
1264513190,3925581862,83,415,0,499,332,499
1123815783,2062702467,160,339,107,399,179,292
1079042356,1410344494,62,436,0,499,374,499
862632340,102704724,76,431,118,386,355,268
1198903741,278566753,149,349,100,399,200,299
1226130167,3596027252,0,499,0,499,499,499
1096222996,1649069729,0,499,62,436,499,374
1283417564,4061577563,37,456,171,336,419,165
1027008303,569964761,133,366,50,449,233,399
933242791,190099517,89,419,14,483,330,469
1131264979,2199290536,0,499,109,389,499,280
1178042770,2980234208,16,465,87,407,449,320
1252359333,3848478701,58,436,77,454,378,377
1317688530,4213200252,110,332,204,292,222,88
1163940715,2774175427,62,436,0,499,374,499
1283530301,4061479623,0,499,0,499,499,499
1243792731,3775272711,15,485,84,415,470,331
1275717986,4006540386,16,499,47,499,483,452
928265946,156869928,174,324,154,349,150,195
1008075352,435906478,100,399,57,441,299,384
1211768308,3410033954,0,499,13,483,499,470
1304831268,3626937156,68,430,0,499,362,499
1273358949,3992622084,0,499,0,499,499,499
1234743692,3689693901,166,341,73,423,175,350
1251078753,3837511600,6,468,87,410,462,323
1269887925,3959542885,71,428,0,499,357,499
1232369498,3660534480,9,499,176,405,490,229
1163967288,2777554861,0,499,69,429,499,360
1246588447,3800930288,36,437,56,331,401,275
982230168,285701062,72,427,0,499,355,499
1242828868,3764204905,9,488,4,459,479,455
937474357,196692497,154,336,180,327,182,147
1148727975,2546013255,33,467,123,372,434,249
1303099221,4157446161,0,499,0,499,499,499
1270595613,3972427163,4,496,26,493,492,467
1004006218,401113408,71,427,0,499,356,499
1270031413,3966590797,19,492,70,442,473,372
1308668319,4177585926,0,499,0,499,499,499
1295220774,4125633541,188,303,13,481,115,468
940841884,180005853,62,414,0,489,352,489
1007885505,435288649,75,423,21,490,348,469
1086128959,1509111892,298,437,211,265,139,54
1275110884,4003847257,47,444,49,450,397,401
934997292,193710243,113,389,59,461,276,402
1172184887,2916181426,0,499,62,436,499,374
1309329906,4180375698,20,478,138,361,458,223
1285107943,4066267776,15,487,121,405,472,284
1027362601,570680400,101,397,50,449,296,399
1314583839,4202305375,7,477,23,476,470,453
1236846458,3707735182,106,383,76,445,277,369
1152071544,2583986886,0,499,62,436,499,374
1306832898,4168956762,113,417,67,453,304,386
1261374244,3898716500,128,494,0,394,366,394
1318848374,4220196792,159,396,155,353,237,198
1121212338,2033309652,43,468,73,402,425,329
1007824001,435302917,125,374,50,449,249,399
990418697,297433383,83,416,10,492,333,482
1033792541,627247227,145,349,167,315,204,148
1195469109,3170637604,63,446,109,384,383,275
1268568048,3952099482,125,378,179,345,253,166
1310874124,4184608457,0,499,0,499,499,499
1313878612,4200628776,40,439,36,469,399,433
1039696643,800992680,83,415,15,478,332,463
844868566,73407778,80,422,0,495,342,495
1250573828,3833527588,0,499,62,436,499,374
1067174124,1177796239,0,499,143,356,499,213
1262016752,3902357630,85,414,0,499,329,499
962028343,239507406,156,320,169,322,164,153
1307853773,4172854071,0,499,89,383,499,294
1026815547,569552381,106,393,50,449,287,399
1243414294,3773721271,79,418,118,393,339,275
1029511522,591829979,2,487,86,491,485,405
1262751759,3905200031,62,436,0,499,374,499
1305755009,4166642527,106,388,51,463,282,412
1176503824,2958499682,10,488,143,324,478,181
67284,365202,97,401,0,499,304,499
465070430,50530193,100,399,63,435,299,372
1287643112,4077039086,0,499,0,499,499,499
1246733466,3801645299,62,436,0,499,374,499
1071171124,1285522900,167,310,142,330,143,188
1275652229,4006511643,0,454,57,463,454,406
1105586000,1853245861,0,499,62,436,499,374
1310682418,4184441447,106,458,105,369,352,264
972117474,264330848,55,441,52,440,386,388
1209809122,2003724832,0,499,62,436,499,374
1186228719,1892606221,68,436,106,400,368,294
1211373965,3389989512,0,499,35,464,499,429
1233638862,3671140195,11,446,44,455,435,411
876274495,98005226,59,440,0,499,381,499
1069284414,1232961007,75,447,34,471,372,437
1174586694,2940638760,67,460,36,469,393,433
1280447100,4045212258,69,419,128,364,350,236
1316253274,4200880952,45,378,84,413,333,329
1124941594,278790730,128,363,105,394,235,289
1000524805,357695996,154,399,160,394,245,234
1060325431,272642255,118,381,50,449,263,399
1275803457,4004990485,127,365,51,447,238,396
933259945,190110859,74,424,0,499,350,499
989066639,294416116,208,307,8,270,99,262
1300196627,4141305196,75,424,0,499,349,499
1261421286,3898726332,0,499,0,499,499,499
1017025990,504431876,15,484,15,483,469,468
1231032236,3642059921,79,421,0,499,342,499
1308328750,4152027948,36,452,72,413,416,341
1324029924,4235889351,62,406,132,362,344,230
1163029371,2762602555,0,499,109,389,499,280
1261842537,3901328911,12,472,41,436,460,395
1278076243,4029444151,61,385,156,332,324,176
1163042038,2759455498,62,436,0,499,374,499
1104139776,1828405728,169,331,79,415,162,336
1253048664,3854417793,109,349,64,414,240,350
1239789291,3738033555,62,436,0,499,374,499
1251591945,3843991561,143,356,59,467,213,408
1313642562,4197539255,104,201,127,225,97,98
1282286885,4055998109,40,464,90,436,424,346
1280415896,4044747377,35,457,49,368,422,319
1035779347,691859886,155,343,100,399,188,299
1065496782,1144560446,0,499,69,429,499,360
1118640498,1987355158,187,337,108,411,150,303
1295253746,4125756650,0,499,62,436,499,374
1282024258,4050758603,9,483,4,497,474,493
1089465940,1553194662,65,425,204,303,360,99
1284125076,4063414625,26,476,49,472,450,423
307523959,994833,0,499,73,426,499,353
1268743358,3915847058,15,499,79,499,484,420
1275262240,4004123702,45,454,56,436,409,380
1220409759,3542070843,0,473,77,457,473,380
898055407,142969687,150,349,107,391,199,284
1295960251,4128274547,101,392,83,392,291,309
1192267785,61212042,0,499,62,436,499,374
1161060047,2730795947,0,499,62,436,499,374
888682541,119553338,99,406,31,479,307,448
889393954,107759765,22,479,9,451,457,442
1262432857,3907804518,0,499,0,499,499,499
1156484346,2670860916,79,419,1,499,340,498
1225886860,532978717,193,306,171,361,113,190
1026367923,562802419,0,499,52,447,499,395
1162156374,2748666654,79,419,0,499,340,499
1212380632,3424091216,157,341,114,385,184,271
1215491494,3470039266,94,423,14,472,329,458
1169345249,2873973159,57,441,0,499,384,499
1131781485,2209759509,62,436,0,499,374,499
1283499150,4061479176,0,499,0,499,499,499
1008168917,436089723,101,398,50,449,297,399
1144339528,1960322762,32,467,63,432,435,369
1142645603,2450280767,109,389,0,499,280,499
1127268318,2120503507,8,479,101,405,471,304
940531119,138764326,89,407,155,355,318,200
1317837189,4213457261,1,485,194,499,484,305
1062846051,1115070502,0,499,62,436,499,374
1061838030,1104359560,0,499,62,436,499,374
1241395708,3756586896,195,303,190,314,108,124
1318072090,2222930305,13,479,50,441,466,391
1287544054,4071378080,20,485,50,411,465,361
1276718373,4015982505,33,475,89,408,442,319
1306777483,4167083610,106,388,51,463,282,412
981464971,284538252,48,444,215,291,396,76
1246891978,3367959350,0,499,109,389,499,280
941678546,207257909,215,282,173,222,67,49
1031005055,606116280,148,357,10,449,209,439
1215328224,3469998239,170,310,122,469,140,347
1110089876,1892616492,0,499,62,436,499,374
1319663074,4214661478,113,376,188,346,263,158
1292282252,4108382242,96,403,39,468,307,429
1257238275,3879893437,23,379,164,379,356,215
1126996413,2114124028,14,485,113,387,471,274
982251615,286003786,150,349,161,337,199,176
1233525960,3680559555,45,467,88,429,422,341
1153386932,2618424083,166,329,158,338,163,180
1314690828,4203464266,0,499,0,499,499,499
1275685361,4006530608,53,428,44,467,375,423
1249535568,3819982812,3,496,20,459,493,439
1323297914,4231695794,0,499,0,499,499,499
856815229,81531872,147,350,109,387,203,278
1317989212,4215704360,0,499,0,499,499,499
1255853808,3871670671,143,346,162,361,203,199
1194222069,3155808725,106,400,163,347,294,184
1215893641,3475258577,0,499,63,436,499,373
1128100537,2134578280,20,481,0,499,461,499
1294198649,4122557576,82,382,125,396,300,271
1314387683,4202301916,0,499,0,499,499,499
892776652,140122694,0,499,2,497,499,495
1192038049,3120538593,7,487,136,349,480,213
1146326603,2517281451,0,499,78,421,499,343
1101831878,1784308403,0,499,0,499,499,499
1305290730,86089141,64,434,0,499,370,499
1316942769,4210960880,0,499,0,499,499,499
1300199737,4145174309,0,499,0,499,499,499
1244540554,3785187494,0,499,128,436,499,308
1277216835,4020104950,81,418,97,401,337,304
745497295,60560388,61,438,0,499,377,499
1169935384,2888059485,0,498,0,499,498,499
976143691,275283654,75,424,129,369,349,240
1268994866,3953859181,0,499,0,499,499,499
252983331,1925048,0,499,62,436,499,374
1298851820,4139508127,120,404,31,460,284,429
1325915799,4241291284,62,436,0,499,374,499
1027340422,315555265,111,387,50,449,276,399
949384666,212343186,141,366,135,363,225,228
1007212320,433306163,73,425,0,499,352,499
1211990602,3411111603,83,416,0,499,333,499
1013833288,468118790,70,429,0,499,359,499
1267855971,3944454291,0,499,0,499,499,499
1202016429,2843197699,110,389,26,473,279,447
1252115759,3846830645,134,344,66,465,210,399
1312831794,4195572903,51,448,36,445,397,409
1078952575,1386986218,164,335,77,435,171,358
1257459507,3881468576,52,401,192,347,349,155
1301783875,4144863315,10,488,0,499,478,499
1033367722,649565033,72,426,0,495,354,495
1028212407,582019623,193,306,193,306,113,113
969931257,258077228,146,351,79,417,205,338
1265911284,3935631183,7,491,79,421,484,342
998693417,67980064,190,309,164,334,119,170
1306844694,4167091511,0,499,0,499,499,499
1265541738,3931516567,38,423,21,486,385,465
1212548399,3428875964,62,436,0,499,374,499
1194226552,2791207879,0,499,0,447,499,447
996145838,304462867,62,436,0,499,374,499
1075758402,1352145687,179,318,134,428,139,294
1158121349,2695198411,21,472,81,408,451,327
1276073295,4010225706,88,438,75,444,350,369
1282009666,4050754927,0,499,0,499,499,499
1289186594,4086073422,0,499,0,486,499,486
1264024139,3923099212,108,426,6,499,318,493
1171092069,2903915570,82,416,12,468,334,456
1320910410,4221616077,36,487,147,359,451,212
1292027025,4105729211,67,455,72,454,388,382
682036954,2919300,62,436,0,499,374,499
1007611754,435092277,64,434,0,499,370,499
1274425018,2890427640,68,431,0,499,363,499
1283986099,4063211497,190,299,47,438,109,391
1164498566,2786150065,0,499,30,468,499,438
1239796226,3738768537,0,499,62,436,499,374
1324012975,4235887816,27,482,111,400,455,289
1308834769,1818579512,100,399,58,454,299,396
1154645696,2515142238,32,476,81,423,444,342
1316206039,4200877634,0,499,0,499,499,499
1023489509,536965716,205,304,214,302,99,88
1323235354,4231851760,39,454,67,469,415,402
988974929,296115529,377,476,241,271,99,30
1133661706,2260955335,77,441,125,395,364,270
1277579708,4022757879,0,499,0,499,499,499
875052197,120979558,0,499,54,444,499,390
975040060,7031955,73,426,0,499,353,499
1112279586,1921226173,122,377,14,484,255,470
1306096166,4164799491,58,440,0,499,382,499
1248648304,3816939306,163,365,152,346,202,194
1299543658,4141685658,40,392,94,499,352,405
1119699740,2002058078,130,370,76,422,240,346
1243659643,3775275569,0,499,62,436,499,374
1235690617,3697803171,33,473,60,460,440,400
1086554382,1513052119,192,313,79,406,121,327
1103788609,500603317,50,443,106,405,393,299
1257242241,3879898401,0,499,0,499,499,499
1029511564,591829967,170,360,104,363,190,259
1323694658,4234147634,4,499,0,498,495,498
898056362,116758551,70,420,10,492,350,482
873981544,74066306,0,406,82,416,406,334
1249535620,3819982833,143,351,183,312,208,129
1266675426,3939552028,98,449,346,497,351,151
1276341885,4012861260,23,476,135,427,453,292
1263010295,3913253994,40,477,41,470,437,429
1310597923,4182261649,19,499,7,499,480,492
1187620684,3052890878,100,399,35,463,299,428
1011973370,456646633,87,412,0,499,325,499
941749808,207249756,0,499,73,425,499,352
1195807837,3177051533,81,418,121,381,337,260
948147163,210323285,126,347,67,461,221,394
1261395142,3898719794,0,499,241,259,499,18
1128465329,2143078838,0,499,62,436,499,374
1260322864,3893242482,19,487,195,336,468,141
1297755534,102684532,78,420,0,499,342,499
1154687159,2642586868,156,343,100,390,187,290
1246264771,3797493438,30,481,164,354,451,190
1178733245,2987928179,41,462,20,492,421,472
1285060928,4063749267,57,431,63,429,374,366
1265579816,3931855431,33,478,110,389,445,279
1301537390,4150997503,58,438,96,428,380,332
1324142932,4236042733,228,280,92,465,52,373
1301850454,4153221225,0,499,0,499,499,499
1032406029,619527173,140,457,116,431,317,315
1237207543,3716591143,0,481,126,499,481,373
1095981840,1639174746,167,340,110,399,173,289
1295220424,4125633468,103,407,81,399,304,318
1292307953,4108637678,0,499,0,499,499,499
1274629868,330091,69,429,0,499,360,499
991519189,299046335,159,336,164,338,177,174
609695330,54547834,83,415,28,451,332,423
1278236105,4031033651,74,442,15,484,368,469
987563272,294401326,167,360,12,493,193,481
1152544320,2608008447,97,400,94,401,303,307
1325938256,4243318156,86,419,109,406,333,297
1313680228,4196122814,0,499,109,389,499,280
1290591976,4095058890,55,449,26,468,394,442
1225663302,3460634514,125,347,125,367,222,242
906499270,138768188,0,499,0,499,499,499
1102675240,1063498,157,345,87,407,188,320
1196796730,3198694619,0,499,0,499,499,499
1301416038,4151258050,225,271,28,78,46,50
1292241829,4108379773,57,429,109,458,372,349
1223169602,3578990595,126,391,120,379,265,259
836130007,60972396,0,499,62,436,499,374
1250359550,3832363889,84,424,15,486,340,471
1252051128,3846825226,133,363,32,471,230,439
1310882633,4184609167,11,481,60,455,470,395
1232494897,3664245815,0,499,62,436,499,374
1255668655,3870847266,92,416,66,471,324,405
1303705306,4159374278,106,388,51,463,282,412
1131346942,2202159804,39,472,57,461,433,404
1256484249,3874326957,145,330,52,461,185,409
1240860453,3750171780,11,471,115,389,460,274
1007461023,434894639,51,448,162,438,397,276
872732844,118097538,0,499,231,266,499,35
1010340392,1923128879,0,499,18,480,499,462
1294230693,4120471323,135,363,0,499,228,499
1261429901,3898729613,70,499,74,499,429,425
1026382137,563350109,147,352,92,406,205,314
1186390276,3028261402,105,385,63,434,280,371
1306799219,4167086505,106,388,51,463,282,412
1309999277,4181947953,0,499,0,499,499,499
1026944917,569715719,101,397,50,449,296,399
1259759266,3889214041,0,499,0,499,499,499
1027087218,569691344,100,399,58,441,299,383
1275523434,4006886670,0,499,0,499,499,499
1261429475,3898729570,0,499,0,499,499,499
1310004061,4181948234,37,457,187,401,420,214
1270262223,1099446347,100,399,4,494,299,490
1250957278,3836852143,0,499,62,436,499,374
1237599869,3721549083,0,499,0,499,499,499
1126318538,473237943,156,342,100,399,186,299
1261171402,3898707165,24,476,156,338,452,182
1314530028,4202304293,95,443,47,443,348,396
1306797424,4167086176,106,388,51,463,282,412
1302529594,4155420910,0,499,0,499,499,499
1292744812,4113481207,88,431,72,384,343,312
891739799,138463108,146,353,100,399,207,299
1158121483,2695198685,16,482,17,483,466,466
997671169,331347556,0,499,63,436,499,373
1107660352,1869200454,44,458,46,406,414,360
1187017438,3041454695,17,482,0,479,465,479
885849793,129855269,0,499,62,436,499,374
1279576891,4037131484,31,468,118,397,437,279
980052909,282901606,62,436,0,499,374,499
643934410,55464974,215,284,210,289,69,79
1309124640,4179725794,34,453,135,406,419,271
1287200480,4077167120,51,448,72,418,397,346
1283065653,955389078,73,425,0,499,352,499
874729231,89104692,71,427,0,499,356,499
1271095741,3974957491,0,499,46,499,499,453
1170382092,2151614783,87,412,3,496,325,493
863604637,104449521,74,425,0,499,351,499
1221351049,3562012141,120,346,104,395,226,291
1269455599,3958959523,142,352,19,446,210,427
1287521997,4077036748,53,450,0,499,397,499
1289801087,4087678690,158,346,87,449,188,362
1279759178,4041456684,0,405,63,428,405,365
1261401349,3898720403,87,441,110,436,354,326
1289114818,4085970011,155,471,157,426,316,269
878276776,123481715,100,399,0,499,299,499
500094702,1978374,79,418,1,498,339,497
988669395,295865932,80,418,23,476,338,453
1067754671,1183784096,148,350,100,399,202,299
482819,928861,195,304,182,316,109,134
1008059766,435906608,150,349,107,392,199,285
1261304588,3898726038,0,499,0,499,499,499
940888311,205319106,124,380,127,361,256,234
1301534137,4151263701,115,379,82,414,264,332
1096607022,1657063158,23,471,149,367,448,218
1155289506,2650845527,0,499,62,436,499,374
1276357399,4012866677,30,465,19,486,435,467
1241396563,3756587113,185,314,159,340,129,181
1243385772,3773726751,19,480,20,479,461,459
934615969,193043378,0,499,62,436,499,374
1280525888,4045105262,40,414,19,440,374,421
946841677,208730456,162,336,170,328,174,158
1321254421,4221775997,167,333,126,453,166,327
1026369576,562802346,0,499,52,447,499,395
1314672105,4186519515,166,329,18,483,163,465
1295960392,4128438375,18,474,114,377,456,263
1248474171,3814970280,42,457,28,499,415,471
1285437518,4059735122,62,436,0,499,374,499
1008064284,435907369,170,328,126,372,158,246
687399389,57383899,53,445,0,499,392,499
1152529010,2598927986,0,499,0,499,499,499
1272964360,3992138111,0,499,3,499,499,496
1296013566,4127736100,72,428,76,427,356,351
1289399466,4084511558,0,499,0,499,499,499
1174590809,2940639814,128,401,10,494,273,484
939466529,202398547,9,487,60,431,478,371
1174587762,2940638980,142,356,139,345,214,206
1275358510,4004149138,0,499,0,499,499,499
874123638,118908690,137,354,106,397,217,291
1288867945,4086009025,25,473,69,422,448,353
1261387796,3898718600,0,499,0,499,499,499
1310881292,4184608935,18,481,145,390,463,245
1208809802,3363697615,129,326,30,410,197,380
1007388706,416645899,62,436,0,499,374,499
1254484026,3861826349,49,441,129,358,392,229
930776436,184856261,71,425,22,477,354,455
987672383,294490082,88,421,47,482,333,435
948664718,211332574,71,427,0,499,356,499
1276362370,4012870390,104,419,147,365,315,218
1026055770,559361594,15,482,74,422,467,348
1223580141,3582301448,3,496,109,388,493,279
1310067985,4181960228,0,499,0,499,499,499
1256509187,3874388724,0,499,0,499,499,499
1057631068,1076689846,0,499,62,436,499,374
862680754,102705401,139,438,70,424,299,354
1261421397,3898726345,121,499,72,499,378,427
1309184888,4152654512,36,458,185,457,422,272
1311051204,4184405860,19,463,16,483,444,467
1066930639,1173353276,29,463,36,461,434,425
980292880,283317079,15,491,36,454,476,418
1317204576,4212301237,0,499,191,436,499,245
1313492624,4183349167,45,454,91,380,409,289
1040282960,810493479,9,490,109,383,481,274
1292511849,4108939011,99,413,48,430,314,382
1007691049,435053100,55,443,0,499,388,499
1242874438,1099446555,100,399,13,485,299,472
1249758429,3821565919,0,499,62,436,499,374
1321566823,4227449860,0,499,0,499,499,499
884196955,126691529,50,449,110,389,399,279
975284671,273470436,242,375,141,308,133,167
1174552120,2940565177,13,483,16,490,470,474
1261193405,3898711269,66,399,115,345,333,230
1041726930,832337193,0,499,62,436,499,374
1230498921,3638923954,23,473,89,411,450,322
1191368857,3106155969,62,436,0,499,374,499
1261430611,3898729880,0,499,0,499,499,499
1027235090,570646861,109,389,64,449,280,385
1257620113,3881988024,37,463,64,472,426,408
1102364442,805824563,2,498,63,435,496,372
1271526400,3977647348,0,499,7,492,499,485
1318929001,4217420955,173,326,63,432,153,369
1273618355,3992769211,87,411,88,412,324,324
1312742029,4195805659,7,494,69,480,487,411
1311417526,4187119880,175,463,172,410,288,238
1254328636,3861223697,27,478,114,372,451,258
1270029994,1099448364,100,399,25,473,299,448
1241409072,3756593783,197,296,199,301,99,102
1233366605,3677479579,0,499,62,436,499,374
1252235116,3842953785,33,465,0,499,432,499
1192052758,3120607045,68,432,22,488,364,466
1316902511,4201012823,0,499,0,452,499,452
1069945016,1259732567,0,499,62,436,499,374
1261388822,3898719199,0,499,145,499,499,354
990905406,297974167,62,436,0,499,374,499
1012527028,410606669,0,499,62,436,499,374
1126318457,291502762,158,341,100,399,183,299
1088220860,1531891591,25,472,91,405,447,314
1117566606,1470723670,167,330,112,391,163,279
1287410457,4076845150,14,473,59,468,459,409
1262541723,3908875879,9,445,83,401,436,318
850843892,82421247,197,301,175,324,104,149
1277775691,4026078888,22,475,75,439,453,364
958733523,229202849,107,391,2,498,284,496
1100552031,1729566777,86,413,22,478,327,456
1130731185,3808528762,26,446,48,454,420,406
960349789,235693083,78,420,0,499,342,499
1316133284,4200872660,31,465,117,367,434,250
1256633805,3874764356,68,431,0,476,363,476
1283830012,4061617671,0,499,0,499,499,499
1282387080,4056542444,41,453,143,414,412,271
987437862,294321894,0,499,0,499,499,499
1292934363,4114874553,62,436,0,499,374,499
1311199152,4186263225,0,499,58,447,499,389
1207361193,3340198558,24,468,122,409,444,287
1271306830,3977132012,11,489,46,461,478,415
848836407,79954660,62,436,0,499,374,499
319050191,46845576,180,319,139,366,139,227
844966311,73612224,75,423,0,499,348,499
1267855315,3104698218,128,395,22,485,267,463
1307851157,4172853895,82,423,75,440,341,365
1213725108,3452503844,120,379,50,449,259,399
1316129254,4200872283,7,497,137,432,490,295
1282566364,4057549038,102,344,143,358,242,215
1277777407,4026080288,60,439,141,363,379,222
1318653157,4216251221,144,361,53,485,217,432
1102365661,805747130,50,449,119,380,399,261
1209717301,3382587129,39,472,100,433,433,333
1038157430,436062453,62,436,0,499,374,499
1174959162,2657906792,0,499,109,389,499,280
1213989657,3456874299,106,392,14,297,286,283
1269254318,3957451462,0,499,0,499,499,499
1309677474,4181533774,51,450,130,324,399,194
1083917637,1483048893,69,433,58,446,364,388
1109479674,1889794184,172,329,8,483,157,475
1047430984,905682240,142,342,145,420,200,275
1063493622,66918733,109,389,0,499,280,499
983262124,287265964,109,389,0,499,280,499
1192188280,3123050075,68,432,22,488,364,466
1246043745,3796900492,15,476,25,442,461,417
873700134,119378501,135,370,100,395,235,295
893582808,132132977,76,421,0,495,345,495
1241798383,3760824128,64,434,0,499,370,499
875343498,121312470,194,305,185,314,111,129
847378750,76815363,62,436,0,499,374,499
1269627444,3960070746,97,426,22,486,329,464
1305079324,4164662363,106,388,51,463,282,412
1275244802,4004117022,22,475,18,482,453,464
1144396511,2481070611,144,354,157,341,210,184
1296097340,4128142977,58,440,0,499,382,499
1095518141,1635075746,0,499,62,436,499,374
1052449905,985044333,158,341,121,380,183,259
1089476429,1553197198,16,413,168,327,397,159
1128723130,2153795057,94,405,27,471,311,444
987663328,294484948,92,396,22,488,304,466
1235612815,3696263594,57,466,17,463,409,446
1317211940,4211532235,24,488,31,476,464,445
1241810422,3760838668,0,499,0,499,499,499
1263901902,3921319617,125,378,10,499,253,489
1281957709,4050741347,28,447,60,499,419,439
1125463017,2091826566,0,499,63,436,499,373
1133998344,2271400511,78,419,0,499,341,499
1315510979,4204349678,150,355,11,490,205,479
1323049219,4231804257,26,477,37,469,451,432
1300139038,4145102047,0,499,0,447,499,447
1188034802,3060686643,72,427,0,499,355,499
1044714635,860142698,24,459,80,412,435,332
1190863834,3098353461,77,422,78,421,345,343
1254486097,3861826537,0,499,0,499,499,499
1223406171,3580769356,3,499,0,494,496,494
865752794,108106571,74,425,0,499,351,499
1032333502,80184829,100,399,34,465,299,431
1296743976,4124447995,105,385,117,368,280,251
1159535262,2716055478,85,414,0,499,329,499
980535622,283682776,81,418,167,331,337,164
1055330635,1056935817,0,499,100,399,499,299
1174589027,2940639404,137,358,147,352,221,205
1289716948,4088695398,0,499,0,499,499,499
1249758756,3821565975,0,499,62,436,499,374
1192151405,2585250163,60,454,81,425,394,344
974193646,271205994,62,436,0,499,374,499
1249535525,3819982792,163,346,162,343,183,181
1250997460,3837274684,0,499,0,499,499,499
1283882931,4061621480,1,499,0,499,498,499
1178080330,2980667218,97,403,17,491,306,474
1225887086,1154697597,125,374,125,363,249,238
1292483214,4109514316,110,389,50,448,279,398
1279158536,4037096715,25,453,63,464,428,401
1124332917,2063604926,160,339,100,399,179,299
1283927161,4061632985,0,499,0,445,499,445
901815617,147106594,73,425,0,499,352,499
1100068103,1711737018,110,389,50,448,279,398
1283605254,4061587525,186,297,77,440,111,363
1261421379,3898726343,138,499,62,499,361,437
1131004181,2191331400,0,499,62,436,499,374
1269593294,3959993479,0,499,0,499,499,499
1310962592,4184551792,0,499,13,499,499,486
1190854946,3098218032,188,303,178,338,115,160
1262341102,3906639213,85,459,133,393,374,260
1317236147,4210965613,63,383,11,469,320,458
1055633176,1063255020,82,417,0,499,335,499
1251655788,3844523516,99,400,0,499,301,499
1045995437,873293949,92,407,5,491,315,486
959536379,232309090,0,499,130,369,499,239
1315456048,4205931515,2,497,0,499,495,499
1273064676,3992504178,60,444,66,447,384,381
1204248850,3287289312,40,444,30,471,404,441
966774684,146860807,177,322,165,334,145,169
1299262450,4141570540,15,484,15,485,469,470
1100083786,1711732538,110,389,45,454,279,409
1256918666,3875022817,61,426,71,436,365,365
1278818563,4037086728,77,434,87,419,357,332
1311338848,4182069282,148,364,155,397,216,242
750436423,60915784,26,473,82,417,447,335
1301516844,4151263149,0,499,0,499,499,499
1238733459,3729469278,103,401,48,412,298,364
1239680597,3733915324,0,499,83,415,499,332
866366338,109267064,0,499,112,386,499,274
1322071029,4230260492,70,429,145,354,359,209
1048487591,942412799,72,426,0,499,354,499
1310006543,4181948494,0,499,0,499,499,499
1308164617,4174720705,32,499,0,499,467,499
1279995818,4042587601,0,499,0,499,499,499
1188467028,3065374756,8,493,93,404,485,311
1100064013,1711728958,110,389,48,450,279,402
1146279126,1960326602,17,480,24,474,463,450
934022000,191718183,0,499,62,436,499,374
1128415124,2144486895,144,355,100,399,211,299
1295960552,4128438398,204,294,202,299,90,97
1261173674,3898707841,24,476,122,340,452,218
1256970236,3876189193,0,499,0,499,499,499
855741264,88406915,73,425,4,499,352,495
1301491488,4150987467,148,475,27,487,327,460
1182784176,3008091060,109,389,0,499,280,499
1090274373,1556412338,76,421,3,494,345,491
1266890328,3940022145,76,428,144,356,352,212
1034165044,569724084,65,434,0,499,369,499
941621786,207151334,146,349,169,324,203,155
1260241046,3894921847,122,379,166,334,257,168
1268154919,3065473973,128,367,132,360,239,228
1316216441,4200878002,56,437,67,470,381,403
1269835417,3962804091,16,491,15,488,475,473
1025427045,551792608,120,363,107,433,243,326
1098953356,1694085342,44,474,27,461,430,434
1265222778,3929899387,6,492,147,395,486,248
1037316209,727741011,116,376,156,368,260,212
1243380245,3773712012,19,480,32,466,461,434
1193634870,3148096800,11,497,3,495,486,492
1319060126,4217965239,0,499,0,499,499,499
1292888998,4114276341,47,443,32,382,396,350
969570732,256958382,0,499,62,436,499,374
1310526581,4182503051,127,397,39,471,270,432
1200604403,3242397045,23,124,227,271,101,44
1283697046,4061598994,35,469,30,457,434,427
1079164079,1415055669,45,450,123,374,405,251
1050037247,953275446,0,499,109,389,499,280
1138093168,2352904006,0,499,109,389,499,280
987515430,294336051,184,323,82,464,139,382
1236526152,3708926457,182,306,267,272,124,5
915206988,159702497,0,499,83,416,499,333
1316129177,4200872280,17,479,36,451,462,415
1100076205,1711736824,110,389,51,447,279,396
1310495272,4182435260,77,434,12,484,357,472
1190251517,2793834098,85,427,153,346,342,193
1195468768,3170636758,56,433,174,337,377,163
911348505,155586826,0,499,62,436,499,374
1253147715,3855160172,116,381,78,275,265,197
977279904,277797039,109,389,0,499,280,499
893430906,141366626,82,417,0,499,335,499
846400082,71422876,150,349,107,391,199,284
1253995992,3859749158,189,310,191,320,121,129
877051143,122394729,120,379,152,346,259,194
1297371248,3706249462,69,429,0,499,360,499
1237104808,3576976973,0,499,234,298,499,64
1027899248,577441282,119,483,76,440,364,364
1235876619,3687155172,0,499,62,436,499,374
1285145165,4066272377,0,499,0,499,499,499
1273644827,3992771233,25,458,50,453,433,403
1041215781,824469726,185,314,124,465,129,341
1294224540,4117300400,0,499,62,436,499,374
1066930392,1173353213,75,425,15,483,350,468
1243420039,3773722101,79,418,118,393,339,275
1008056211,435860875,150,349,115,384,199,269
996016099,304612316,76,422,0,499,346,499
1292881075,4114276008,16,488,148,385,472,237
1176907210,428381474,204,291,149,204,87,55
1301604391,4151266371,24,469,108,416,445,308
1279130450,4038499606,163,346,162,343,183,181
1312265741,4193922882,117,400,199,394,283,195
1073543924,1320364240,28,471,0,499,443,499
529506,927687,52,446,0,499,394,499
1312719151,4195563223,109,474,136,493,365,357
1306592558,4168874114,7,499,0,498,492,498
1294758691,85389920,72,426,0,499,354,499
1191062113,3098760764,148,354,131,369,206,238
1178140295,2807747371,94,403,0,499,309,499
1324045069,4235890192,47,453,62,436,406,374
1026984834,569855167,101,398,50,449,297,399
1287396751,4077198202,0,499,0,499,499,499
1313365587,4197668268,86,422,159,395,336,236
1009252863,440576957,150,349,120,378,199,258
924013976,175142963,57,442,0,499,385,499
987690689,293857488,0,458,205,294,458,89
1066930160,1173353210,75,425,15,483,350,468
1306918629,4169928272,94,404,0,499,310,499
1316967022,4211259757,0,499,71,428,499,357
1300042778,258344813,87,412,0,499,325,499
1146395071,122359936,4,491,74,426,487,352
974939717,272492178,72,426,0,499,354,499
977138971,199255006,76,425,34,483,349,449
1326693142,4243732788,82,417,0,499,335,499
1256081478,3873128777,50,449,36,469,399,433
461291330,50488017,166,332,135,363,166,228
1275100597,4003846179,73,444,69,422,371,353
1013595186,468209313,67,435,12,408,368,396
1315408862,4205114468,10,499,0,499,489,499
1168125624,2852954665,6,495,122,378,489,256
1162975305,2759728711,179,319,150,349,140,199
1323045525,4231803484,0,499,0,499,499,499
1133293364,247668072,134,360,75,428,226,353
1282040067,4054251826,136,385,35,496,249,461
1312832095,4196300497,3,495,83,415,492,332
354471253,11544379,72,426,0,499,354,499
1241295036,3755150075,110,389,54,445,279,391
1324143886,4236042753,0,499,28,468,499,440
1240744864,3748219906,7,489,60,421,482,361
1249535298,3819982354,130,369,170,329,239,159
1276870684,4017935150,77,421,20,479,344,459
1221362020,192683851,187,311,162,349,124,187
1118052636,1978706122,91,419,53,444,328,391
1267964794,3944776531,0,499,0,499,499,499
1086216427,1510147315,62,436,0,499,374,499
1181452778,3002990615,103,389,203,376,286,173
937454878,197861284,157,346,133,369,189,236
1263665405,3920012283,68,431,0,499,363,499
1027157920,569897024,111,388,50,449,277,399
1256071686,3873126597,107,356,13,487,249,474
1065245972,1149626349,62,436,0,499,374,499
1275662456,4006518068,79,433,147,376,354,229
1301608565,4151266491,87,416,99,359,329,260
921947779,170165701,138,363,167,341,225,174
1204259898,3287304666,68,431,0,499,363,499
1121502909,2036447392,65,440,97,200,375,103
1252429721,3849012807,32,459,20,488,427,468
1282343119,278521472,100,399,5,465,299,460
1076486142,1363982070,188,292,281,360,104,79
1300133010,4145101877,0,499,0,499,499,499
1254374943,3861660907,125,376,87,412,251,325
1142148847,2446976938,214,318,19,481,104,462
1324282446,4236748158,142,344,114,394,202,280
1142708592,2455222099,134,361,216,299,227,83
1281969994,4050742492,0,497,103,394,497,291
1250012538,3817963596,0,499,83,415,499,332
834895632,68282451,68,431,0,499,363,499
1277782235,4026083224,0,498,26,468,498,442
1158634786,2697309332,68,430,0,499,362,499
1066930527,1173353243,29,458,89,402,429,313
1005712361,416699172,154,351,113,384,197,271
1269761633,3962430892,46,452,176,401,406,225
1204250449,3287290925,25,476,37,448,451,411
1239939644,3702416289,108,390,0,499,282,499
1282762034,4058943394,0,401,104,499,401,395
1278769049,4037079656,14,472,59,468,458,409
1262543590,3908875924,54,431,68,488,377,420
1163584035,2763454561,110,389,71,427,279,356
1109425473,1888769876,110,389,54,445,279,391
844571714,72767414,94,405,156,342,311,186
1323434696,4231848884,17,454,61,464,437,403
964652654,247771848,165,328,201,299,163,98
1125638669,2093594581,180,321,195,307,141,112
1318091150,1493197585,120,376,1,496,256,495
1045610300,870053677,22,474,94,411,452,317
1257409926,3881319597,0,499,0,499,499,499
1289756935,4089719923,0,499,0,499,499,499
1062894817,1120906914,109,389,0,499,280,499
1052331415,984473841,0,499,62,436,499,374
1257231025,3879897331,0,499,0,464,499,464
1283110644,1565883964,98,381,0,458,283,458
1292897110,4113733190,106,395,86,452,289,366
1240946737,3751572060,174,334,134,410,160,276
1248844846,3817901700,32,469,47,447,437,400
1073890107,1326795359,86,413,0,499,327,499
1236536616,3708928434,12,499,0,377,487,377
1323949477,4232042347,35,458,189,327,423,138
1257969617,3879976674,0,499,62,436,499,374
1169867288,2875386261,0,499,0,499,499,499
991286982,298723851,69,430,15,480,361,465
920832431,167361883,87,412,26,473,325,447
1290265976,4092737215,61,445,53,435,384,382
1276330408,4012704383,0,499,0,499,499,499
1289850683,4090172055,0,458,0,499,458,499
1018112339,507055189,0,499,62,436,499,374
1310620900,4182263102,0,499,0,499,499,499
1218443705,3510988488,0,499,62,436,499,374
1190256855,1876687365,0,499,62,436,499,374
1215515756,3470057897,105,394,0,499,289,499
1009002240,439698380,73,425,0,499,352,499
1283927261,4061632987,0,499,0,499,499,499
869178443,112989917,68,428,12,499,360,487
1150622344,2578057293,0,499,62,436,499,374
1174593024,2940640414,8,470,9,490,462,481
1247035194,507751371,0,499,61,430,499,369
1234768131,3690228570,26,459,16,476,433,460
1276346547,4012862022,59,439,66,433,380,367
1102701138,532978745,199,315,130,391,116,261
1238219437,3726794996,121,381,71,422,260,351
968868095,254369594,73,425,0,499,352,499
1154158836,2631554031,364,426,232,267,62,35
1208539959,3358182266,50,452,52,416,402,364
1008328608,436988714,76,423,0,499,347,499
1309400218,4180506178,79,420,0,499,341,499
977210664,277623468,34,441,42,452,407,410
1176944778,2965086063,53,446,0,499,393,499
1260347899,3893243854,68,483,107,394,415,287
1276306485,4012720823,61,454,63,452,393,389
1292399305,4108946094,12,487,11,483,475,472
1267984390,2980020555,176,320,17,489,144,472
1227166388,3607251506,0,499,0,499,499,499
1241267880,3754832787,86,428,25,493,342,468
853318085,84184147,0,499,62,436,499,374
1091909952,1572683723,106,420,84,382,314,298
986635281,292799647,57,442,0,499,385,499
1008203908,436108075,113,386,50,449,273,399
848876281,80140541,85,414,42,456,329,414
1254674695,3863643825,78,457,53,400,379,347
1319072018,4217966251,127,380,49,444,253,395
1025391192,551464638,156,348,58,429,192,371
1287773291,4071521778,218,272,214,302,54,88
1261428326,3898729163,0,499,0,499,499,499
1152075432,2598438746,215,283,1,498,68,497
1319412360,4214354249,130,139,186,363,9,177
1301314951,4150976076,0,499,0,499,499,499
560308624,53772249,165,329,135,369,164,234
1273124397,3992517570,62,437,68,440,375,372
1314283821,4148988926,0,499,35,463,499,428
1015000244,476894357,0,499,62,436,499,374
1260701851,3894826726,62,436,0,499,374,499
1069035164,1218189003,9,480,72,430,471,358
1065934008,1156979772,0,499,54,445,499,391
1306535969,4167075383,106,388,51,463,282,412
1141762547,2426228293,54,499,62,410,445,348
1283905252,4061626397,51,372,148,389,321,241
1251592664,3844081417,102,359,146,375,257,229
1077659672,1377907937,62,435,3,493,373,490
1155781599,2660100415,0,498,107,392,498,285
1087974699,1531765594,101,383,52,424,282,372
1240829367,3749892971,44,499,0,485,455,485
1172926728,2921569118,156,342,180,319,186,139
1065351834,1146972175,0,499,62,436,499,374
1002986081,388576455,157,342,159,356,185,197
1273154384,3987599950,0,499,62,436,499,374
864695192,106089012,190,309,170,329,119,159
833884576,65733811,100,399,25,474,299,449
1108475147,1877103839,148,357,60,447,209,387
1027245623,570622050,108,391,50,449,283,399
979521463,282093150,21,478,8,488,457,480
1038556167,184772999,24,477,82,413,453,331
1061538389,567636972,32,482,78,424,450,346
846059406,75177572,35,464,0,499,429,499
1301495568,4150988013,38,433,134,353,395,219
1027675540,573927261,0,499,62,422,499,360
1306888984,4168958906,182,301,88,376,119,288
1056483501,620508224,70,428,0,489,358,489
1324103866,4236042176,0,408,55,465,408,410
912059507,156162273,90,409,130,369,319,239
1275101704,4003846311,63,439,74,430,376,356
1301493459,4150987791,22,479,25,453,457,428
1026906993,569742159,100,399,61,437,299,376
1265222488,3929899363,8,492,149,353,484,204
1096281036,1644734594,83,414,33,498,331,465
1250247862,3831233946,0,499,0,499,499,499
1086208170,1508857708,0,499,14,485,499,471
1313375727,4197669061,19,480,63,499,461,436
1305356707,4163325924,55,443,0,499,388,499
919223660,164766582,166,332,0,499,166,499
1280444067,4045062927,14,478,39,450,464,411
1273267070,3992599476,0,499,0,499,499,499
1282991733,4057855881,100,408,40,448,308,408
1265215063,3929900540,114,439,216,302,325,86
1156925877,2678802074,191,283,249,367,92,118
1316255506,4200881001,41,457,46,465,416,419
1243261749,3772267898,170,329,130,369,159,239
1286875135,4074699426,165,381,50,420,216,370
1293754151,4120420100,62,459,100,427,397,327
1114854365,1936995542,62,436,0,499,374,499
1166778955,2823442314,106,391,212,304,285,92
1283407742,48821818,105,393,0,499,288,499
1323260784,4231687345,0,499,0,499,499,499
1316247250,4200880290,0,499,0,499,499,499
1090754694,1562597835,11,482,112,391,471,279
1318733296,4215360220,2,499,0,499,497,499
1279993433,4042587276,0,499,0,499,499,499
1290330018,4091027206,62,436,0,499,374,499
1026892227,569667868,105,393,50,449,288,399
1262601004,3908520633,15,499,0,475,484,475
1280350572,1951286228,70,428,0,499,358,499
1232184737,3653965231,62,436,0,499,374,499
933232312,190091462,70,429,0,499,359,499
1070077446,1261707828,62,436,0,499,374,499
1100073438,1711734571,180,319,152,347,139,195
1306976966,4170158331,5,491,126,366,486,240
875839347,64450269,100,398,50,449,298,399
1309057072,2472359368,100,399,47,452,299,405
1318088179,1119273171,217,281,159,317,64,158
978862216,153724036,18,490,155,354,472,199
1194186769,3155506830,65,451,190,321,386,131
1260610740,3894558908,108,356,137,460,248,323
966959830,253024304,83,416,0,499,333,499
1307779657,4172824424,21,498,66,407,477,341
1277523236,4023131307,0,499,0,499,499,499
1315453241,4205928937,0,498,0,499,498,499
1100513767,279969325,0,499,62,436,499,374
1029266572,589971409,0,499,62,436,499,374
1298404250,4139330710,0,499,0,499,499,499
1323150680,4231830404,20,459,60,466,439,406
941702968,207292686,0,499,62,436,499,374
1026559164,565585941,123,375,115,384,252,269
849139764,80435177,62,436,0,499,374,499
1162054300,2747070495,109,389,0,499,280,499
981259541,284259236,61,437,140,357,376,217
1317915993,4215693797,164,258,158,395,94,237
1248835758,3817894459,10,491,138,360,481,222
1265206643,3929867957,24,452,127,430,428,303
1272168604,3986443337,135,357,130,452,222,322
1236935004,3716121496,180,319,153,346,139,193
1121539940,2037683799,0,499,15,483,499,468
1154476862,2638859083,73,426,0,499,353,499
1144344982,1783508155,132,371,60,460,239,400
1237020062,3665608664,74,408,125,377,334,252
1053691445,1036569603,20,491,132,373,471,241
1258674286,3885546027,85,425,100,425,340,325
971678262,262213337,62,436,0,499,374,499
1242874467,2547267756,100,399,30,469,299,439
1253419831,3856590417,69,420,115,376,351,261
875859855,69462253,94,404,0,499,310,499
1304071416,4160931930,106,388,51,463,282,412
1026951745,569774190,101,399,56,442,298,386
1301769230,4151006970,120,435,194,373,315,179
1293325834,4104740788,55,447,156,374,392,218
458504730,50455279,160,339,132,366,179,234
1269530312,3959637981,62,436,0,499,374,499
1308826495,1779573674,109,385,16,490,276,474
1007586072,435097039,81,418,0,499,337,499
1168127552,2852992689,112,389,123,373,277,250
956370229,138767195,76,473,228,266,397,38
1192072239,3120863524,69,453,100,499,384,399
1307823196,4172827394,38,460,122,373,422,251
1213909557,3455525773,0,499,62,436,499,374
956959550,223417326,33,465,0,498,432,498
1218169715,3496148068,71,427,0,499,356,499
1244540968,3785187801,0,499,62,436,499,374
1107917247,1869938451,110,389,63,435,279,372
1036568737,194410956,0,499,62,436,499,374
1225887600,3005435218,125,374,125,374,249,249
1042987088,746293208,197,297,203,310,100,107
1063667677,1129893541,31,480,129,388,449,259
977162560,277420746,71,428,0,499,357,499
1275629729,4007155789,0,405,22,465,405,443
1009293078,440640995,100,399,30,468,299,438
1187315110,3047276703,28,466,34,459,438,425
1292992786,4106830723,189,218,230,270,29,40
1287833639,4079436424,116,386,94,420,270,326
1305350585,4163324110,83,415,9,499,332,490
1255210439,3868889450,0,499,0,499,499,499
1262296787,3906636475,0,499,0,463,499,463
964627796,148458959,176,323,169,329,147,160
1313461882,4197679675,71,428,0,447,357,447
1231018934,3643911203,46,441,79,414,395,335
894238938,47601276,95,404,0,495,309,495
1262553034,3908182417,47,438,91,470,391,379
1257218729,3879896622,0,499,0,499,499,499
849398303,19439147,145,354,100,399,209,299
1190033986,3088764057,110,413,98,386,303,288
1072208220,1299137055,21,480,28,448,459,420
1261191534,3824615589,3,496,83,415,493,332
1250268124,3831364107,0,499,62,436,499,374
217843030,6312222,83,415,0,499,332,499
872533293,117625001,61,438,0,499,377,499
874538799,107735136,71,427,0,499,356,499
1294178175,4122530007,14,478,99,402,464,303
1288866409,4085937277,0,418,62,499,418,437
1230498883,3638923935,5,495,3,497,490,494
1275660339,4006517777,0,499,0,499,499,499
1067875649,1185075497,62,436,0,499,374,499
1249535032,3819980427,203,300,218,296,97,78
1269074305,2643272671,100,399,36,462,299,426
1007819366,435301693,112,387,50,449,275,399
1026894935,569622954,109,389,50,449,280,399
976992967,277100582,0,499,62,436,499,374
933235950,190093239,73,426,0,499,353,499
1303273557,4157387325,106,388,51,463,282,412
1026055385,559361546,18,481,138,359,463,221
1281334348,4047028221,89,389,13,480,300,467
1216174972,3478201261,0,499,0,499,499,499
1100080018,1711736663,110,389,51,447,279,396
1208719317,3362217659,0,499,46,452,499,406
711071944,12353531,85,413,0,499,328,499
1275628981,4007155768,77,447,80,426,370,346
1325157896,4240471862,48,474,99,394,426,295
1199167931,3223603429,94,497,14,484,403,470
1213989599,3456873986,3,493,66,421,490,355
1283656072,4061596346,65,434,46,448,369,402
1182932151,3009541994,0,499,112,386,499,274
872733062,118097345,224,420,63,319,196,256
1261173479,3898707820,11,479,164,339,468,175
970549637,259565309,0,499,109,389,499,280
1133333045,2088332522,164,337,62,466,173,404
1090964459,1565802803,83,415,0,499,332,499
1307772896,4172823770,132,376,151,392,244,241
1275245626,4003948062,67,432,77,440,365,363
1277794224,3608786979,102,397,0,499,295,499
1180650931,2996598439,84,415,0,499,331,499
1246102228,3797081188,226,267,0,499,41,499
1005829447,418191633,5,494,117,352,489,235
904816720,149481608,0,499,62,436,499,374
1178786863,2988193191,28,470,0,499,442,499
1127347903,2121747376,147,359,149,349,212,200
1052423013,984922418,88,410,0,499,322,499
1008000614,435849595,160,339,123,376,179,253
1284142748,4063224035,8,486,0,468,478,468
1261397802,3898720070,107,389,83,443,282,360
1273028133,3992387177,29,470,53,471,441,418
1304014031,4160806955,167,333,153,474,166,321
1319770760,4214998844,75,442,84,444,367,360
1277604054,4023549365,0,499,20,499,499,479
1113113150,1832994669,93,405,42,465,312,423
1265086470,3929343337,7,492,47,474,485,427
1301120098,4150703242,0,499,0,499,499,499
1193017490,3130397290,0,499,83,415,499,332
956102430,220968857,125,374,75,424,249,349
1248468106,3814960657,3,497,10,483,494,473
980460055,283517934,138,360,95,404,222,309
1289984316,4090784384,132,366,70,428,234,358
1248839774,3817898511,7,491,0,499,484,499
1174592681,2940640365,103,431,93,416,328,323
957644862,138763766,123,441,45,451,318,406
1275275283,4003954412,10,489,8,485,479,477
698953426,57960056,134,374,136,357,240,221
1100086964,1711728930,180,319,153,346,139,193
1007500222,435012442,100,399,50,449,299,399
973606540,269653713,108,383,135,327,275,192
471953130,50603176,150,349,107,391,199,284
1267253230,3942392713,6,491,64,411,485,347
864584364,106120249,69,430,0,499,361,499
1306621809,4168967543,32,374,119,415,342,296
1030306284,404988689,87,442,111,387,355,276
1232790604,3669172771,60,448,72,421,388,349
1328686716,4250700398,0,499,0,499,499,499
879444649,124939123,120,379,76,422,259,346
1290991762,4099130462,13,481,103,397,468,294
1321559081,4223031601,141,360,116,394,219,278
1282924576,4058785125,149,333,149,373,184,224
844610994,72832790,191,305,188,312,114,124
1257481158,3881469728,0,499,0,499,499,499
1213384133,3390521394,62,436,0,499,374,499
1222708156,3573971674,0,499,29,470,499,441
1225862318,2829077582,221,366,160,342,145,182
1282798215,4057523122,184,316,147,164,132,17
1267256057,3942393067,27,474,5,475,447,470
974245551,270696513,109,389,0,499,280,499
1282542079,4057544178,78,474,38,456,396,418
1026823717,569575742,102,397,50,449,295,399
1273257814,3992546284,79,433,85,470,354,385
1273146980,3993166548,120,442,185,314,322,129
1275370716,4004152956,61,429,63,414,368,351
1141806796,2434205200,62,436,0,499,374,499
876983294,122403462,0,499,98,401,499,303
1098757479,1694595538,85,414,0,499,329,499
1161560611,2739718595,0,499,109,389,499,280
975314626,273560769,72,426,0,499,354,499
1251658875,3835556520,62,436,0,499,374,499
1304017333,4160807286,34,477,58,391,443,333
1323002547,4231409779,94,431,137,427,337,290
1077479242,1373053783,156,342,100,399,186,299
850080373,81199283,78,421,0,499,343,499
1235629401,3694987979,62,436,0,499,374,499
1267238280,3942391122,8,496,16,459,488,443
1168050291,2850670092,0,499,62,436,499,374
1168294073,1285123632,70,428,0,499,358,499
1252576377,3850028465,48,442,74,402,394,328
1151793273,2590169268,24,465,69,499,441,430
1308836355,819080841,100,399,58,457,299,399
1154299691,2633735319,21,487,141,409,466,268
1217511140,3495028862,15,490,147,368,475,221
1233291172,850418700,55,442,0,498,387,498
1273350367,3992620192,0,499,0,499,499,499
1083354189,1475406438,0,499,62,436,499,374
956385833,138758587,295,486,226,274,191,48
1260221180,3894911681,0,499,0,499,499,499
962668198,241784267,163,288,192,321,125,129
1004351132,403441232,88,403,21,457,315,436
1289793406,4089924591,138,383,55,471,245,416
924071630,175176837,100,398,34,465,298,431
1305735103,211259160,92,407,0,499,315,499
1283688852,4061598122,0,499,0,499,499,499
1258956091,3887589022,45,450,56,462,405,406
1263574356,66633336,185,314,150,349,129,199
1061529229,146547199,96,478,82,418,382,336
1226405729,3591581808,0,499,142,436,499,294
1279636939,4040189373,0,484,30,459,484,429
1075711249,1351973140,19,484,51,433,465,382
1270098910,3461162456,100,399,30,469,299,439
949397182,166549453,68,431,0,499,363,499
1287136056,4077740917,70,429,145,354,359,209
1215229961,3469589024,22,467,165,335,445,170
1067655316,278782896,152,347,107,399,195,292
889296166,135489070,140,369,69,430,229,361
1123579758,2058033259,0,499,245,260,499,15
1274180906,3997817947,0,499,0,499,499,499
1008214628,436083156,170,328,141,357,158,216
867524129,47724976,73,426,12,499,353,487
1258900306,3887572755,37,471,39,457,434,418
445456730,50239346,100,399,57,441,299,384
915702944,160369841,0,499,62,436,499,374
1158111205,2694917776,62,436,0,499,374,499
1030910540,605218051,0,499,62,436,499,374
934514230,192846394,0,499,62,436,499,374
1257340898,3879909216,71,390,40,486,319,446
1123932004,2063604251,158,342,100,399,184,299
1271672628,3976825155,83,416,0,499,333,499
1133700190,2195093368,18,485,124,372,467,248
1240622550,3748053828,0,499,0,499,499,499
850054932,81574630,55,444,0,499,389,499
1025611378,553074782,0,499,0,499,499,499
941693605,207287183,153,352,175,327,199,152
867349084,110472354,225,274,210,286,49,76
1263229421,3915571549,0,499,0,499,499,499
1312782411,4195809446,160,347,91,433,187,342
1316232433,4200879676,66,498,89,459,432,370
1097454716,1667297286,62,436,0,499,374,499
1291976036,4105521368,49,467,89,393,418,304
1027047775,569755570,101,398,50,449,297,399
1296644041,4128972535,92,410,6,487,318,481
1311698659,4188908796,0,499,63,447,499,384
1208906350,3356930357,62,436,0,499,374,499
1117991242,1978505753,111,394,137,364,283,227
1289048213,4085962757,37,436,137,417,399,280
1132408001,2225554733,41,483,16,493,442,477
1248835092,3817893346,9,492,0,499,483,499
1321579355,4223045597,115,390,185,359,275,174
1105485178,1851419200,0,475,0,499,475,499
1146394418,2514516149,31,468,101,398,437,297
1302679921,4107074381,59,431,57,445,372,388
1264480509,3925828309,70,429,145,354,359,209
1057663358,1080853490,153,337,212,307,184,95
987568889,294360911,18,487,143,356,469,213
1027347870,570714435,108,390,50,449,282,399
1251633809,3844480916,100,399,100,399,299,299
1137560885,2346600989,73,426,0,499,353,499
1283696348,4061598960,0,499,0,499,499,499
1020236617,518902777,62,436,0,499,374,499
890794921,18368142,75,424,0,495,349,495
866792921,86628063,199,301,164,318,102,154
1249535231,3819982083,235,235,283,283,500,500
1267933836,3944839377,185,312,16,146,127,130
1260832714,3896099561,0,499,62,436,499,374
1246390900,3798825313,65,487,200,302,422,102
875691282,119875704,85,413,0,499,328,499
1028242064,579304899,174,325,137,361,151,224
915605956,160315371,33,439,180,317,406,137
1255438426,3869825904,10,484,127,375,474,248
1205708207,2757712422,24,435,70,428,411,358
1042218453,838555616,0,499,62,436,499,374
863747000,104885483,100,399,98,431,299,333
1258923622,3887579867,34,469,47,463,435,416
716203919,59157109,150,349,119,379,199,260
833600143,64412929,214,283,186,288,69,102
1295619093,192278840,83,415,0,499,332,499
1151852531,1971265269,181,317,121,361,136,240
1121368999,2034800331,163,325,22,469,162,447
1309794399,4175239935,62,436,0,499,374,499
1086060374,1507617196,0,478,63,436,478,373
1323860388,4234283407,0,499,0,499,499,499
1313695632,4196122812,0,499,109,389,499,280
1030859527,604695962,0,499,109,389,499,280
1282285967,4055997671,21,477,21,479,456,458
1307327255,4171232272,0,499,0,499,499,499
1249536605,3819984717,273,318,187,233,45,46
1275619821,4006501404,0,499,75,426,499,351
1317272360,4210988723,148,361,29,461,213,432
1109663023,1892729466,69,431,74,447,362,373
1274776254,166806989,12,486,12,487,474,475
1199773103,2141994916,137,361,100,399,224,299
1105654500,1854444823,47,479,166,341,432,175
1258664402,3883456680,125,364,213,432,239,219
689207452,56847055,125,374,66,432,249,366
1268743576,3913593168,215,278,23,491,63,468
1261173945,3898707876,0,499,165,338,499,173
980304647,283332883,0,499,0,499,499,499
962028683,238921465,0,499,130,368,499,238
1147866891,2533514984,62,436,0,499,374,499
847941916,77633770,0,499,62,436,499,374
1134482588,2279592700,63,436,0,499,373,499
1299103268,4141144036,68,431,0,499,363,499
1257729907,3881729757,19,499,0,487,480,487
1129590883,2168611713,58,457,20,465,399,445
1007630937,435127892,151,348,100,399,197,299
1301870955,4153639136,67,437,115,381,370,266
949486886,212393369,160,339,119,380,179,261
1007778176,435173645,102,397,50,449,295,399
849588672,2554768,86,413,0,499,327,499
1248835288,3817893540,15,499,0,307,484,307
1169172622,2871391744,64,434,0,499,370,499
1150655680,2578068573,0,489,62,436,489,374
1289057916,4085963806,26,485,53,477,459,424
1230498939,3638923964,43,480,16,486,437,470
933878684,176023518,23,458,124,378,435,254
1010849966,449039358,0,499,62,436,499,374
1174518781,2939666743,27,475,94,405,448,311
1103866918,1811963612,133,366,18,499,233,481
985265028,290502762,151,385,234,268,234,34
865291979,101856890,0,499,62,436,499,374
1252627241,3850328348,0,499,154,436,499,282
1283900852,4063325988,6,483,19,491,477,472
1317204579,4212301242,0,499,191,436,499,245
1273936620,3995362519,0,499,0,499,499,499
1088813505,518999795,100,399,40,459,299,419
1253262376,3855780067,0,499,0,499,499,499
1287950127,4079553460,103,392,30,468,289,438
1204202420,3287130677,8,492,44,453,484,409
1027005487,569849146,119,379,50,449,260,399
989140702,294383845,180,332,34,475,152,441
1027084056,569796747,128,370,50,449,242,399
1126898406,2110944936,150,349,134,387,199,253
1193529253,3145347450,0,499,62,436,499,374
1323252081,4231686586,0,499,0,499,499,499
1230165511,3632415649,62,436,0,499,374,499
1134397307,2282782009,110,389,51,448,279,397
1292016297,4105727446,25,463,85,364,438,279
1174594645,2940640970,172,328,198,302,156,104
1078942837,1411852196,57,443,0,499,386,499
1253707807,3858562089,216,305,10,459,89,449
1192206151,3123338987,73,426,0,499,353,499
1225864810,650863070,125,374,125,374,249,249
886519497,125299608,190,308,170,329,118,159
1304009743,4160805426,0,499,0,491,499,491
1169768341,2883118132,144,347,38,452,203,414
1126227546,2091895139,137,361,100,399,224,299
1282760466,4057516485,113,371,32,476,258,444
1291898192,590932489,100,399,38,461,299,423
1234768179,3690228612,22,471,131,375,449,244
971383139,262049835,0,499,62,436,499,374
1186438656,3028454572,33,455,137,361,422,224
921250236,168344644,62,437,103,431,375,328
1123155517,2050110189,184,469,84,428,285,344
763418231,47020256,71,428,0,499,357,499
451500530,50300022,120,377,85,414,257,329
1256042167,3872863669,0,499,0,499,499,499
1016700246,501345015,129,371,21,469,242,448
847006278,76375368,184,315,186,309,131,123
1240730821,3748207775,8,443,0,477,435,477
1051770059,976689091,62,436,0,499,374,499
1159059077,2241384929,12,487,57,451,475,394
1261389027,3898719208,27,474,52,486,447,434
1192361505,3126950067,0,499,0,499,499,499
1160323470,2723737656,62,436,0,499,374,499
1273494154,3992739195,0,499,0,499,499,499
1307749766,4172819231,64,356,182,412,292,230
1267257406,3940029035,135,364,9,484,229,475
940531348,204386141,58,438,124,375,380,251
1065093269,1146184316,78,421,6,492,343,486
1257252296,3879901276,6,492,7,499,486,492
984801342,289604853,71,406,135,404,335,269
854345186,86241040,0,499,62,436,499,374
1146255696,2510008014,50,449,137,361,399,224
1316215774,4200877981,80,423,12,478,343,466
1187247131,3046498241,5,494,21,475,489,454
1027327779,570707764,105,394,50,449,289,399
1190253220,2832752245,0,499,67,432,499,365
1255108778,3868320831,37,472,98,411,435,313
1267317509,3942385482,9,494,161,369,485,208
1026985326,569856415,100,399,56,443,299,387
1166948240,2827124241,139,378,16,477,239,461
1304048930,4160929209,106,388,51,463,282,412
1209098308,3368780081,120,374,111,389,254,278
1065834155,278580124,152,346,100,399,194,299
1278036207,4029137894,11,489,4,467,478,463
1115866023,1951685695,0,499,40,499,499,459
1292014643,4105723203,62,472,205,343,410,138
1218315568,3508663708,180,319,153,346,139,193
1311055141,4184406112,0,499,0,499,499,499
1316163802,4200875764,14,489,86,457,475,371
868119855,111193199,62,436,0,499,374,499
868406062,111763606,50,378,0,456,328,456
1304126834,4149004021,20,480,131,397,460,266
1318151418,1976171554,9,482,21,492,473,471
1275143510,4003924412,37,465,45,450,428,405
1265214355,3929900507,38,447,34,409,409,375
966050821,251481228,0,485,52,447,485,395
1295220266,4125633094,0,499,0,499,499,499
1293275497,4116549154,0,499,62,436,499,374
1268717890,3951838500,0,499,0,499,499,499
1249535487,3819982773,161,338,143,357,177,214
914556031,159022370,18,470,28,475,452,447
1241664077,3759256666,0,499,0,499,499,499
1245670178,3793735095,32,467,32,467,435,435
1275549032,4006494344,2,499,116,481,497,365
928329646,181663437,25,474,100,399,449,299
1146390859,249806928,162,337,63,434,175,371
1266603750,3939062109,82,424,9,492,342,483
1204199885,3287127016,84,415,4,496,331,492
1217085151,3489733611,5,494,26,477,489,451
1317133162,4211706492,0,499,0,499,499,499
1043840939,853456137,50,471,143,355,421,212
1061629256,1104492008,20,479,0,499,459,499
1254764958,3865327409,140,359,90,411,219,321
1261361657,3898715222,0,499,0,499,499,499
1267261268,3813572003,0,499,139,436,499,297
1270602712,3971755079,0,499,0,499,499,499
847875681,77450926,211,287,214,285,76,71
1249536300,3819984323,50,468,139,378,418,239
1316225796,4200879130,0,499,68,493,499,425
1324196727,4236297764,97,401,36,476,304,440
1196202375,3178775786,68,435,30,468,367,438
1241181329,3753523244,40,470,82,420,430,338
1320687280,4225399966,88,418,70,427,330,357
1138338472,2365056482,145,348,177,329,203,152
1213529724,3126767613,180,318,150,349,138,199
1266969028,3940053849,0,499,0,499,499,499
1276324955,4012664867,38,499,0,499,461,499
1292014612,4105723196,66,391,197,396,325,199
1243390363,3773729366,19,480,20,479,461,459
1318537765,4215222424,23,482,100,399,459,299
989046004,296205823,54,444,0,499,390,499
1291979347,4105521879,49,471,39,479,422,440
1213728880,3452574668,114,385,61,438,271,377
1264041843,3923102868,26,481,20,474,455,454
1305121937,4164669528,106,388,51,463,282,412
1098949166,1692264730,0,499,62,436,499,374
1007715626,435289247,105,393,50,449,288,399
1252627433,3850328419,0,499,62,436,499,374
1250268444,3831364270,0,499,62,436,499,374
1100077219,1711735441,110,389,50,449,279,399
1324021152,4235888310,0,499,0,499,499,499
1223583794,3582304497,2,497,141,372,495,231
1254928371,3866824676,11,485,18,479,474,461
1133998267,2271400479,80,419,1,499,339,498
1005842727,418204100,17,471,201,285,454,84
1308387768,4176106663,89,404,31,481,315,450
1262272953,3906572895,74,325,285,447,251,162
1251745363,3835556483,161,339,88,471,178,383
1325106756,4240397641,68,420,36,407,352,371
1258554698,3885504867,34,478,34,469,444,435
920546054,166749594,0,499,62,436,499,374
1248681590,3817310799,71,428,71,427,357,356
1028460668,584795365,144,449,117,402,305,285
1273041547,3992542645,34,468,60,476,434,416
1174586088,2940638611,17,487,62,459,470,397
1258245697,3883416046,40,472,58,437,432,379
1317002105,4211507815,21,473,131,404,452,273
1279755269,4041456048,195,316,47,446,121,399
925812245,132213092,0,499,62,436,499,374
1062678810,1113470017,60,439,0,499,379,499
1012451704,460284581,105,339,28,453,234,425
830620610,62976957,62,436,0,499,374,499
1063801834,1122508744,0,499,62,436,499,374
1273432226,3992584737,54,451,62,446,397,384
1026902595,569623110,50,449,102,397,399,295
1023901917,538801256,99,328,180,357,229,177
1277406448,4023701263,38,461,15,499,423,484
873763953,119519392,73,426,0,499,353,499
1268415583,3951005304,0,499,0,499,499,499
1251009361,3837274817,0,499,0,499,499,499
1250008775,3823156087,94,404,0,499,310,499
1308654533,4177555288,0,499,0,420,499,420
1027141995,569799930,100,399,54,444,299,390
1313591800,4197533625,0,499,0,499,499,499
1154651314,1507562603,25,467,107,394,442,287
1254093906,3860072332,42,451,56,452,409,396
1119407272,1998121660,113,367,129,384,254,255
845848800,74942715,175,324,150,349,149,199
1072609620,1307776666,68,431,0,499,363,499
1252617890,3850005904,25,486,28,470,461,442
864671653,106341558,0,499,9,489,499,480
1229844408,3628751240,41,470,22,460,429,438
985493891,290912032,82,415,0,499,333,499
872414411,117516219,73,426,46,499,353,453
1198686832,1100405986,154,344,100,399,190,299
1277573413,4022757735,0,499,0,499,499,499
1227035462,3605882463,0,499,4,494,499,490
1282327332,4056048185,31,474,71,412,443,341
449174530,50273758,111,388,68,432,277,364
973473014,269093758,78,421,0,499,343,499
1274880543,4001419976,12,487,98,382,475,284
1196333756,3185660914,77,428,76,428,351,352
1287879542,4079551084,47,482,2,394,435,392
1275689097,4006531208,30,452,151,345,422,194
1236934314,3716120889,180,319,156,346,139,190
1134367019,2281179503,40,456,40,463,416,423
1304707267,4162756614,88,411,0,499,323,499
1323031689,4231803155,0,499,0,499,499,499
1279313806,4039390585,140,404,21,452,264,431
1076175991,1359586356,0,499,62,436,499,374
1265216234,3929895557,89,414,15,486,325,471
1272573218,3989896522,0,499,0,499,499,499
1273411902,3992578876,42,443,126,351,401,225
1289697071,4086153227,0,499,0,499,499,499
1276226191,4012179519,106,439,61,445,333,384
1190258824,1876687588,0,499,108,391,499,283
1253449792,3856809608,0,499,0,499,499,499
1275513303,4006491232,140,390,68,464,250,396
1165470879,2800660824,64,435,12,486,371,474
1008089939,435912594,111,388,50,449,277,399
81237630,1412032,211,288,198,300,77,102
1245140095,278518673,100,399,17,482,299,465
863642857,2923853,62,436,0,499,374,499
1195807823,3177051425,113,467,26,466,354,440
1002980261,388567141,147,352,125,374,205,249
1189048554,3076937936,0,499,62,436,499,374
1196661541,3195188223,73,425,14,499,352,485
1319251063,4214101403,134,364,20,486,230,466
1323453759,4231850592,72,441,66,426,369,360
1255816105,3871169126,0,499,27,499,499,472
1248205516,3814504935,69,420,96,419,351,323
1189999841,3088211558,16,480,193,362,464,169
996525377,312241356,62,436,0,499,374,499
1262779654,4070701834,0,499,0,499,499,499
978611751,136867455,57,441,0,499,384,499
1316122627,4200871702,0,499,0,499,499,499
1205708213,2757712427,59,377,110,346,318,236
1310239949,4182227381,0,499,0,499,499,499
862275806,101810019,55,443,16,489,388,473
1250164389,3830391693,9,488,60,499,479,439
1169904083,2887191490,47,472,120,351,425,231
1274098183,3997565183,127,341,163,371,214,208
1261388780,3898719196,0,499,0,499,499,499
1316116209,4200871123,0,457,16,487,457,471
952988857,216644813,123,375,177,322,252,145
1254576495,3863328153,62,436,0,499,374,499
1265223467,3929899597,39,405,35,465,366,430
1053371312,1030760485,86,412,0,499,326,499
503563980,52125277,49,450,0,499,401,499
1128247903,2139817099,156,343,100,399,187,299
1196092293,3180726119,166,348,173,365,182,192
1140787348,2419483298,73,409,12,389,336,377
1270219695,3969948750,28,489,132,376,461,244
1316095922,4200868852,13,452,13,463,439,450
1300261919,4145469333,52,424,149,354,372,205
1100082744,1711736969,110,389,53,446,279,393
938228815,192607607,32,466,0,499,434,499
1174122393,2926957804,62,436,0,499,374,499
1288067267,4079554945,0,499,0,499,499,499
1290640469,4095304977,0,499,0,499,499,499
1301344340,4150979400,24,486,51,414,462,363
964996993,249064261,0,499,83,415,499,332
1265209512,3929890129,0,499,0,499,499,499
1124389684,2069497304,0,499,62,436,499,374
1311174934,4182061841,69,395,54,499,326,445
884702073,130146777,130,369,77,421,239,344
1103758404,1816434196,69,429,81,430,360,349
1287039558,4074712782,0,499,0,499,499,499
1287490671,4078699505,28,474,173,392,446,219
1101454419,1771552841,179,312,105,390,133,285
1239489479,1807389411,184,314,150,349,130,199
1190258534,2832758132,99,374,166,300,275,134
1037778557,739603691,94,411,117,389,317,272
1286635610,607399326,157,339,52,360,182,308
1275120692,4003848325,38,470,28,475,432,447
987481683,294303859,0,499,0,499,499,499
964158244,246071793,50,449,0,499,399,499
1261982867,3743486930,13,482,107,403,469,296
1259499154,3889139415,22,477,53,448,455,395
1279050817,4037576260,85,399,24,390,314,366
961894345,238705047,100,399,47,451,299,404
1277225834,4020493051,0,499,0,499,499,499
1268298329,3948881079,0,499,62,436,499,374
1260388099,3893245794,131,339,173,259,208,86
849095088,80393550,79,420,0,499,341,499
1320595830,4225204211,212,291,191,305,79,114
1097497346,1672133853,161,338,126,373,177,247
1032760601,629623009,0,499,232,267,499,35
452500030,50312972,118,381,50,449,263,399
1279315171,4039390642,84,438,85,430,354,345
1135683730,2312324344,77,419,1,499,342,498
1283054286,875771848,57,441,0,499,384,499
1324128169,4236042523,27,474,21,469,447,448
1295960668,4128438416,185,253,216,286,68,70
1027350727,570665103,109,389,50,449,280,399
1288125449,4079557037,65,438,164,428,373,264
1174588220,2940639081,222,362,192,281,140,89
1256855444,3875171611,36,467,32,464,431,432
466147530,50537027,100,398,25,474,298,449
1265214846,3929895267,113,466,50,454,353,404
1307248261,4171017448,36,461,97,455,425,358
1119468459,1999166779,109,389,0,499,280,499
1253519686,3857173176,39,435,35,465,396,430
874729721,90630164,71,427,12,499,356,487
1263184280,3915261190,9,487,175,322,478,147
1298144149,3740092148,18,482,25,466,464,441
1267981780,3944992828,0,499,0,499,499,499
1252981177,3854295478,0,499,0,499,499,499
1113061712,1926715058,19,481,21,476,462,455
1016222815,497335786,72,427,0,499,355,499
1199527069,3231845377,69,429,0,499,360,499
956385671,138755451,72,487,76,435,415,359
1265567929,3931851640,170,322,80,481,152,401
1266881136,3940227614,10,477,53,322,467,269
1248398920,3814890193,130,368,58,446,238,388
1253519653,3857173161,24,482,156,382,458,226
1325143480,4240470999,0,423,60,474,423,414
941621915,207151606,133,362,160,359,229,199
1301286151,4150972610,0,499,0,499,499,499
1301395149,4150985344,45,449,53,445,404,392
1126860967,2106889028,151,337,164,360,186,196
1256679713,3874332201,0,499,0,499,499,499
1307748465,4172813179,193,303,121,365,110,244
1271979141,3986431027,134,393,26,481,259,455
1298566272,4139341222,52,469,28,473,417,445
1276443001,4013275784,0,499,11,499,499,488
1032655116,624063276,0,499,62,436,499,374
941678760,207196226,213,270,175,325,57,150
986491741,292557715,134,379,166,346,245,180
1190888119,3098703062,118,375,222,466,257,244
1300145241,4145102434,21,471,77,440,450,363
858060363,5157447,83,415,0,499,332,499
1189192285,3079639378,73,426,0,499,353,499
1277573096,4023547360,13,483,111,365,470,254
957799376,225316867,83,415,0,499,332,499
952397754,215549708,75,424,130,368,349,238
1284329906,2740279692,100,399,37,436,299,399
1323318871,4231696785,164,320,58,487,156,429
1054597280,451861911,127,372,77,422,245,345
1095675407,1636562686,109,389,0,499,280,499
1283878328,4061621275,0,499,0,499,499,499
1264043400,3923103006,0,499,0,499,499,499
1265214444,3929900512,111,422,12,484,311,472
1241440622,2172056484,0,499,109,389,499,280
1254255079,3859874321,49,460,46,444,411,398
1027269921,570688852,104,394,50,449,290,399
1172984076,2087729337,84,419,44,462,335,418
1020666639,524964296,97,431,229,265,334,36
1089421650,1552753171,0,499,0,499,499,499
1313178939,4197493204,102,368,65,453,266,388
1262334170,3906638592,6,433,27,499,427,472
1320089836,4215356912,50,344,85,436,294,351
1253459545,3856809795,155,371,79,464,216,385
1275506369,4006490907,14,452,192,350,438,158
1034588751,678376725,79,439,113,418,360,305
1240162748,3742017764,109,390,0,499,281,499
1318268291,4217909974,0,499,0,499,499,499
1275081095,4003843988,23,464,41,461,441,420
1181523547,2361171754,39,447,100,399,408,299
1270619612,3972369116,30,472,108,367,442,259
1141702305,2440577392,15,491,213,283,476,70
1282751687,4058939516,0,499,0,463,499,463
1299527047,4141588140,77,467,60,372,390,312
1112118912,1920559177,110,389,58,441,279,383
1177596822,2976954834,0,499,0,487,499,487
938792961,201174768,49,454,12,492,405,480
1248831504,3817887868,0,499,0,499,499,499
1157734461,2689057817,60,438,0,499,378,499
1321022145,4221664922,179,354,100,352,175,252
1188521899,3067034390,69,407,123,398,338,275
1158121422,2695198606,46,462,57,475,416,418
1269262407,3949697603,109,390,0,499,281,499
1311499060,4187458972,157,350,158,467,193,309
1108900722,1879459780,154,344,100,399,190,299
1066162012,1162219658,147,351,100,399,204,299
1290513010,4094110073,98,399,4,495,301,491
1261173896,3898707868,0,499,194,320,499,126
1068769228,1199874213,127,346,114,354,219,240
1245645829,3793574182,35,471,69,439,436,370
1210352896,3387485953,66,429,15,489,363,474
1191804999,3116680186,42,436,41,458,394,417
1063657717,278564301,147,351,100,399,204,299
1164498613,2786150082,25,474,122,443,449,321
1214109220,3458513656,48,445,4,493,397,489
1262300212,3901704089,0,499,18,480,499,462
1144924862,2017102672,148,351,100,399,203,299
1218097728,278535621,150,349,100,399,199,299
1098405186,1681355960,0,499,62,436,499,374
1003173043,391075764,0,499,62,436,499,374
894746228,142134824,140,361,189,343,221,154
1285431093,4058342339,0,499,62,436,499,374
906997127,152000443,62,436,0,499,374,499
1192186373,3123034908,68,432,22,488,364,466
1271504467,3977400092,0,499,0,499,499,499
1298196682,4138879111,151,349,129,377,198,248
1310234802,4182227189,0,499,0,499,499,499
1124433099,2063606238,160,339,100,399,179,299
1205726388,3293741661,184,347,117,379,163,262
1261206446,3897695801,62,436,0,499,374,499
1010979272,449272801,63,435,0,499,372,499
1044501374,857714194,0,499,109,389,499,280
1259237339,3887614724,46,455,48,457,409,409
1106020477,1859919039,153,345,100,399,192,299
1275006247,4003695824,59,438,83,467,379,384
1264405072,3925283094,48,445,87,406,397,319
152448730,3845299,65,433,0,499,368,499
1304124673,4145254137,76,429,129,369,353,240
1140704456,1161952004,216,286,286,353,70,67
1273166428,3993177410,10,492,107,410,482,303
1144289406,2478930443,29,473,82,421,444,339
1235805096,3699506349,0,499,62,437,499,375
1305112472,4164668075,106,388,51,463,282,412
1215231963,3469590924,0,499,73,426,499,353
1196881492,3194942378,7,494,46,453,487,407
1054840936,1048705524,78,421,0,499,343,499
985336588,290603235,62,436,0,499,374,499
1276069104,4009398558,0,499,18,480,499,462
1316290952,4209051438,136,475,98,467,339,369
1259052399,3887600834,0,499,0,499,499,499
1246071438,3797074222,104,395,98,415,291,317
970955183,261004358,159,344,123,375,185,252
1188462920,3065095742,0,499,62,436,499,374
1250260213,3831237004,0,499,11,498,499,487
1316254194,4200880970,16,481,16,493,465,477
1016839227,241489001,190,309,160,339,119,179
1299562578,4140674517,93,407,12,486,314,474
1130557499,2185563737,186,417,79,267,231,188
1030662633,599914000,0,499,109,389,499,280
1015182251,478480565,68,431,0,499,363,499
1077738287,1381366444,0,499,74,424,499,350
1315846223,4207406147,87,411,87,411,324,324
1311422387,4187120562,0,499,0,489,499,489
1283911724,4061627303,0,498,0,499,498,499
858291341,6146825,62,437,0,499,375,499
1078017891,1388389000,0,499,62,436,499,374
1240920557,3751228517,6,496,52,431,490,379
1225394240,3583651390,62,436,0,499,374,499
1066928009,1173352058,214,281,216,282,67,66
1316135727,4200872912,40,476,12,490,436,478
933184198,189546991,68,425,0,493,357,493
1127565849,2125927530,115,383,62,440,268,378
1252444363,3849144391,0,499,289,290,499,1
1305043241,4164658643,106,388,51,463,282,412
912141280,99108411,0,499,62,436,499,374
1310488621,4182431379,88,434,73,436,346,363
1216656697,3483112248,142,367,151,366,225,215
1284102031,4063363688,57,441,74,436,384,362
1308837237,899458998,100,399,45,481,299,436
848359224,18840682,62,436,0,499,374,499
1043058504,846683809,160,339,100,399,179,299
1007809254,435261628,160,339,128,370,179,242
857333421,81197682,204,296,185,314,92,129
1287019325,4074711611,55,425,87,413,370,326
1283945496,4061634302,3,479,57,457,476,400
367598430,532035,87,411,12,486,324,474
1036673148,702312994,147,364,15,481,217,466
1209161977,3366580959,27,475,31,472,448,441
1323329947,4231757551,104,383,41,456,279,415
1158639862,2697624661,100,399,0,499,299,499
875314581,121333243,0,499,62,436,499,374
1075758185,1352145678,8,492,123,374,484,251
1302559732,4155424591,0,499,65,499,499,434
1014945688,476432716,0,499,62,436,499,374
1292442087,4108914560,8,485,109,408,477,299
986940722,293303798,90,454,200,298,364,98
1243382001,3773714209,55,446,20,479,391,459
1198616319,3218450260,0,499,60,439,499,379
1265581365,3931856071,91,398,21,478,307,457
1263140218,3914774785,24,474,128,368,450,240
1252324069,3848544842,40,469,118,355,429,237
1277551828,4022754974,71,435,77,425,364,348
1253463928,3856809914,0,499,0,489,499,489
971045677,261224668,0,499,62,436,499,374
1167477874,2837401700,90,389,17,495,299,478
1128922344,2157714360,76,423,0,499,347,499
1261408842,3898721901,0,497,35,413,497,378
1305950193,91776173,0,499,62,436,499,374
1017346791,505750734,95,387,102,375,292,273
1156129451,2601823253,62,436,0,499,374,499
1071300601,1286584575,147,351,0,499,204,499
1255543112,3868448876,0,499,0,499,499,499
1261361220,3898715194,120,389,132,437,269,305
1320107272,4215368669,190,430,76,374,240,298
66737330,929335,175,324,154,344,149,190
1235901510,3701715235,42,459,195,368,417,173
977608205,278513834,93,405,159,499,312,340
1241392175,3756524056,217,278,202,312,61,110
1215446777,3470157111,28,479,240,385,451,145
938675722,200938539,98,359,92,388,261,296
1096607531,1657063044,27,453,203,337,426,134
1027277094,570741776,72,427,18,491,355,473
1316282353,4200882170,19,478,133,360,459,227
1269628792,3960071214,0,499,0,460,499,460
1243659951,3775275620,0,499,148,436,499,288
1130320376,2180779367,175,306,216,335,131,119
1007484369,435020951,56,442,0,499,386,499
1142181235,2447598854,44,457,74,405,413,331
1121419944,2035478875,4,499,70,411,495,341
1257248323,3879894878,0,499,0,499,499,499
904394500,148941837,62,436,0,499,374,499
930300293,184334565,0,499,148,351,499,203
1301682739,4151269141,63,458,45,458,395,413
1167475771,2836948965,0,499,83,415,499,332
1323355240,4231823506,35,477,32,469,442,437
980386490,283316481,0,499,62,436,499,374
1233865351,3682528434,61,487,38,440,426,402
1324274246,4233667246,55,446,74,470,391,396
1309153548,4178119343,73,425,0,499,352,499
1310049604,4182215609,0,499,0,499,499,499
1023996775,540213479,0,499,62,436,499,374
1169891783,2886818594,62,436,0,499,374,499
1257245713,3879891815,0,499,0,499,499,499
977806347,278813351,132,372,184,329,240,145
1283314754,3082944557,29,464,137,363,435,226
1299201012,4139571314,0,499,0,499,499,499
1241425776,3756674150,205,291,187,310,86,123
1041187215,824466569,91,464,225,273,373,48
1240655560,3748059014,109,384,112,387,275,275
1190250933,2832752182,121,359,199,305,238,106
1209522500,3076708732,0,499,78,421,499,343
1123917734,532978248,33,467,26,479,434,453
1246654803,3801197425,0,499,62,436,499,374
1313417629,4197521418,192,300,40,316,108,276
1282752441,4058939995,40,390,94,408,350,314
898855168,144888439,62,436,0,499,374,499
928155518,181462083,69,416,167,405,347,238
1237460771,2786237111,144,264,161,293,120,132
1241285480,3716120664,180,319,151,348,139,197
1254544613,3862125615,67,430,99,435,363,336
1174593111,2940640423,8,480,9,490,472,481
1174593674,2940640510,3,494,36,461,491,425
1255198277,3067704353,26,485,104,303,459,199
931195785,185542219,144,355,100,399,211,299
894183797,98822835,101,398,12,486,297,474
1318087251,3784836484,8,486,91,409,478,318
863831533,105120393,99,412,159,339,313,180
875808602,93267976,91,407,0,499,316,499
1283649159,4061596045,0,499,0,499,499,499
1076483467,1363758601,0,499,62,436,499,374
1186781633,3038034759,76,422,0,499,346,499
1280059415,4042854527,21,480,122,406,459,284
1100062691,1711735499,110,389,56,443,279,387
1295566627,4126551086,92,406,0,499,314,499
963906571,245155230,62,436,0,499,374,499
1277405623,4023345420,173,310,81,411,137,330
1316284622,4200882249,6,499,140,358,493,218
1158121474,2695198677,16,482,17,483,466,466
1258387628,3883433000,36,456,41,439,420,398
1087958516,1531716866,94,405,27,471,311,444
1156235035,2654768247,0,499,62,436,499,374
974190458,270886368,69,429,0,499,360,499
1223782915,3584178274,0,499,0,498,499,498
1236214633,3706096741,80,419,0,499,339,499
1246078400,3797080652,0,459,45,440,459,395
1249546749,3820061193,132,363,42,479,231,437
1287339586,4077189560,0,499,0,499,499,499
1307356851,4171235133,128,421,97,351,293,254
1039548599,455127458,85,413,98,401,328,303
1318522598,4217947267,0,499,0,499,499,499
1265754511,3933436143,62,436,0,499,374,499
1117500745,1974800118,68,430,0,499,362,499
1075777288,1352405914,0,499,233,253,499,20
1212264241,3420651127,73,426,0,499,353,499
1278267189,4031106191,0,499,63,436,499,373
1143377298,2464987083,42,400,120,425,358,305
958112490,226709588,79,420,6,493,341,487
1293725801,4120282621,0,499,0,499,499,499
979098181,281146404,62,436,0,499,374,499
1088352384,1537920505,0,499,62,436,499,374
1297586733,247019308,84,413,3,495,329,492
1306865393,4167093732,0,499,0,499,499,499
1192043591,3120575861,68,432,22,488,364,466
957021318,223575256,104,395,30,470,291,440
1310140005,3514372794,100,399,12,487,299,475
1155824259,2660483518,146,342,85,428,196,343
1252146759,3838117308,196,304,0,499,108,499
1303082943,4157459056,0,499,21,499,499,478
1296411311,4130473225,0,499,0,499,499,499
1039452464,794569543,0,499,62,436,499,374
1236031763,3700324206,0,499,63,436,499,373
1008215788,436084205,150,349,119,380,199,261
1045238212,866589832,0,499,109,389,499,280
1121250597,1948414162,13,489,108,434,476,326
875721868,81885569,71,428,0,499,357,499
1068767103,1199873052,186,313,196,309,127,113
1318645369,4217950904,0,499,0,499,499,499
1248272915,3930061846,5,486,76,415,481,339
1257837741,3883210677,35,490,19,490,455,471
875615369,73687835,107,391,0,499,284,499
1262862968,3911844330,72,437,1,498,365,497
1026859064,569579131,105,393,50,449,288,399
1262505591,3908715307,0,499,0,499,499,499
1257707840,3881725371,0,448,30,499,448,469
1183050575,3011755369,100,399,101,397,299,296
1250268440,3831364269,0,499,62,436,499,374
1249535612,3819982829,199,295,198,353,96,155
1005832256,418189998,3,491,150,353,488,203
1243407468,3773719842,31,469,30,468,438,438
1041359818,825092659,74,424,0,499,350,499
964628758,247668580,217,305,221,283,88,62
1088598409,107149893,0,499,62,436,499,374
1280466869,4045069192,99,408,12,477,309,465
1039791295,802854313,21,475,6,494,454,488
1234810997,3684223457,62,436,0,499,374,499
1313286397,4197503001,0,499,0,499,499,499
1242137648,2087956629,0,499,109,389,499,280
1314017140,4201307330,10,489,69,390,479,321
1304112755,4148204709,74,444,155,358,370,203
1007666508,435106560,115,384,50,449,269,399
1225886778,3209260479,135,350,188,321,215,133
1075760814,1352145663,5,491,128,355,486,227
891497098,138144381,67,432,0,499,365,499
1273885222,3995552329,0,499,0,497,499,497
876562670,64613897,64,434,0,499,370,499
1237104291,1470243410,0,499,161,311,499,150
1262299035,3048653489,21,470,22,495,449,473
1093609174,1607724305,0,499,0,499,499,499
1298205192,4138910889,18,487,125,418,469,293
1164594415,2788189431,62,249,146,468,187,322
1301499450,4151262181,96,395,32,478,299,446
1063601193,1129335268,11,477,92,412,466,320
1248893673,3817807133,0,499,109,389,499,280
1265217556,3929900659,18,474,93,402,456,309
1283064459,4058378137,0,499,0,499,499,499
1263879197,3921316725,125,378,10,499,253,489
1191343043,3104760538,84,413,0,499,329,499
1252523218,3044180067,105,393,22,474,288,452
1155860252,2660986059,0,499,109,389,499,280
977887410,278554649,178,321,153,330,143,177
1182182110,3005787476,18,483,19,480,465,461
1274598444,193728128,88,411,0,499,323,499
1177148595,2970575451,25,479,179,282,454,103
927213236,179975001,0,499,55,443,499,388
1181413894,2994450935,44,454,6,492,410,486
1278836131,4034651256,109,389,0,499,280,499
1266692996,3939595793,202,491,264,492,289,228
1192013369,3120284852,169,326,89,405,157,316
1052190523,983389306,8,479,190,309,471,119
1307369798,4171236002,0,499,0,499,499,499
1302461757,4155416667,0,499,408,444,499,36
1245017011,3788233818,238,262,0,499,24,499
1075969007,1356351418,109,389,0,499,280,499
835507762,69606856,0,499,62,436,499,374
1092306268,1581401136,104,385,121,396,281,275
739147918,60298805,76,393,33,463,317,430
1145358709,2494074939,73,431,32,445,358,413
984489756,289087258,117,381,65,434,264,369
1283835396,4061617926,29,490,24,462,461,438
1152434093,2606254567,0,499,78,420,499,342
1245645557,3793573976,35,471,69,439,436,370
1255719471,3871019229,116,470,85,471,354,386
1259728258,3889165545,24,498,1,476,474,475
884165502,129530475,111,388,0,499,277,499
1195313722,3167238122,70,436,69,407,366,338
1258873513,3887566872,0,499,0,499,499,499
1270213157,3969772789,0,499,0,499,499,499
1107915868,1869905342,110,389,54,445,279,391
1277499039,4019796707,84,417,79,461,333,382
937020028,197181624,128,371,140,359,243,219
1298997177,4141463692,151,383,43,296,232,253
870380932,114803196,88,411,165,333,323,168
1311674333,4188903080,34,465,134,372,431,238
1066930210,1173353223,36,464,34,464,428,430
1308765374,4177808411,0,499,0,483,499,483
1244540529,3785187488,0,499,128,436,499,308
1026982692,569676699,108,391,50,449,283,399
1323337722,4231757820,156,330,30,478,174,448
1275053021,4003837426,24,485,19,481,461,462
901626349,146860979,62,436,0,499,374,499
1212905602,3436337508,101,398,36,481,297,445
1029511568,591829985,2,487,86,491,485,405
1296257106,4128304199,47,451,0,499,404,499
1250615007,3834224879,71,429,12,489,358,477
941119579,205879311,0,499,62,436,499,374
1212421622,3425404323,123,374,16,485,251,469
1244444903,3783758031,0,499,63,435,499,372
1254815356,3866427771,0,499,0,499,499,499
1311639346,4188896511,0,499,0,499,499,499
926915768,179378053,130,368,110,393,238,283
859874220,96203098,73,425,0,499,352,499
1063866985,1132408249,62,436,0,499,374,499
1271583283,3976973956,6,382,130,391,376,261
921249437,168344607,134,368,17,371,234,354
1221392155,3562935016,161,339,149,344,178,195
1100446535,1348527603,198,326,357,478,128,121
1323684846,4234147220,17,479,16,371,462,355
309514998,46529359,62,436,0,499,374,499
1194988025,3163296752,53,445,0,499,392,499
1199206510,3089631136,121,376,43,458,255,415
933235555,190092645,73,426,0,499,353,499
1289767561,4089720923,8,476,138,499,468,361
1012066606,457191768,105,393,43,456,288,413
1190250809,2041884722,0,499,104,436,499,332
1018758185,511837989,56,476,181,352,420,171
1275472708,4006486343,46,471,64,416,425,352
1042427320,840364075,132,367,25,471,235,446
1273081572,3992556054,55,443,62,439,388,377
1182181424,3005787102,141,375,163,375,234,212
972295934,264628169,0,499,130,368,499,238
1027055629,569677970,50,449,119,380,399,261
1225663489,3558958165,130,374,165,374,244,209
1159123275,2708666268,103,408,102,393,305,291
1294843389,4124435857,46,470,9,488,424,479
1026996659,569899290,106,393,50,449,287,399
971433067,262169490,10,486,111,378,476,267
1164594469,2788189447,221,250,174,283,29,109
1296697986,148727072,85,414,4,496,329,492
1218067553,3359148924,26,471,33,464,445,431
1323315094,4231696522,56,458,16,475,402,459
1307875293,4173008553,22,432,38,457,410,419
1066928847,1173352052,130,370,84,422,240,338
1161295971,2633735378,20,481,139,411,461,272
1328258872,4250677749,23,482,34,471,459,437
1260372297,3893244907,63,448,41,483,385,442
1305324751,4165064065,9,483,4,497,474,493
1101204656,1753325041,15,483,15,483,468,468
1303830154,4159426925,106,388,51,463,282,412
862632914,102706358,56,441,66,438,385,372
1193316239,3141478755,77,400,134,366,323,232
1159228933,2710846600,175,324,161,337,149,176
444391630,50224421,141,358,107,391,217,284
1008923372,439648501,73,425,0,499,352,499
1129904798,2168080420,191,304,7,488,113,481
1321396419,4222991159,160,339,5,485,179,480
1110307472,1895639312,0,499,109,389,499,280
1033189221,533875742,15,486,119,383,471,264
1275052573,4003837380,15,473,60,466,458,406
1304044185,4160812403,24,479,93,405,455,312
1257551261,3881979812,116,397,31,481,281,450
1027275414,570688115,110,388,50,449,278,399
933243961,190101626,82,414,24,485,332,461
1161339879,2737329695,138,430,187,327,292,140
1276718580,4015982543,0,499,0,499,499,499
1030225562,596125088,3,494,127,372,491,245
1241394798,3756585327,196,300,178,324,104,146
1068868433,1204725595,9,142,229,272,133,43
1241264750,3751899191,62,436,0,499,374,499
1100060532,1711736445,110,389,52,447,279,395
1005830792,418197056,47,476,74,422,429,348
1156925879,2678802075,26,471,140,366,445,226
1260373510,3893204547,43,462,128,390,419,262
1027076459,569965839,124,375,50,449,251,399
1100069625,1711735109,110,389,50,448,279,398
1289959915,4090626818,0,499,0,499,499,499
1267459026,3943122208,72,427,1,499,355,498
1130844780,2188977723,22,496,35,474,474,439
1233551529,3680779494,121,359,157,359,238,202
1282760982,4058943298,0,499,0,499,499,499
941509230,206731970,0,499,62,436,499,374
1287951783,4079553482,0,499,0,499,499,499
1275038186,4003835779,160,410,144,409,250,265
1275416400,4004199757,45,446,66,439,401,373
1164643434,2789002521,67,439,55,439,372,384
1154516450,2640261227,91,468,63,455,377,392
971033841,259724351,70,429,0,493,359,493
1287956999,4079733451,135,364,77,421,229,344
1278050524,4029108489,0,499,109,390,499,281
1274632253,20054659,112,397,15,466,285,451
1316100676,4200869151,0,467,11,489,467,478
1211985110,3414387054,69,419,228,308,350,80
1313352262,4197666666,40,469,21,497,429,476
1290631070,4095304024,23,481,60,424,458,364
1191491635,3109429269,0,499,0,499,499,499
1136071400,2317983801,0,499,62,436,499,374
1280435128,4045061084,0,499,0,499,499,499
1152121081,2599625068,69,430,0,499,361,499
1201832805,3249406153,39,463,6,491,424,485
1241792216,3760821887,76,422,0,499,346,499
933235512,190093419,101,397,40,459,296,419
1063658772,278511199,141,357,100,399,216,299
1123818525,2062704406,155,343,100,399,188,299
1321408942,3963317442,127,371,79,420,244,341
1026850912,569708087,111,388,50,449,277,399
1309093931,4179604728,134,374,30,461,240,431
703549974,58566616,0,499,100,418,499,318
1248706088,3816714188,0,499,0,499,499,499
1030445824,597596975,99,405,21,479,306,458
1069824840,1253084981,73,426,0,499,353,499
1075642944,1350009601,114,383,46,475,269,429
1176505338,2958504155,2,498,78,415,496,337
1252915816,3853518933,10,486,6,493,476,487
1190258894,1876687622,56,458,105,395,402,290
834837405,68193353,167,345,152,347,178,195
1154951861,2636178871,68,430,0,499,362,499
1287131663,4077601311,0,499,84,415,499,331
1199753202,3235214491,40,458,0,499,418,499
1316239467,4200879982,12,499,0,499,487,499
1303170478,4157448609,0,499,0,499,499,499
1323113738,4231820193,86,430,87,423,344,336
1095387581,1636323920,62,436,0,499,374,499
1225889721,1254094380,179,319,157,341,140,184
1018112358,491255795,27,476,4,478,449,474
1038802984,766486991,91,409,13,489,318,476
1251946873,3846575306,84,402,84,494,318,410
1198097138,1518456851,158,340,100,399,182,299
1243659906,3775275610,0,499,148,436,499,288
1319153678,4218235215,21,481,73,438,460,365
918536211,138555816,137,361,100,399,224,299
963170522,242739740,149,320,67,432,171,365
1077979637,1388732783,86,413,0,499,327,499
1322343734,4228969112,229,247,0,499,18,499
1275989895,4010220840,18,497,2,497,479,495
966662688,253372160,54,446,84,413,392,329
1261173111,3898707780,17,470,161,330,453,169
1201847903,3249435248,30,455,28,415,425,387
1260390248,3893245926,25,455,6,493,430,487
901625605,146873511,0,499,62,436,499,374
1274852762,1909700,71,427,0,499,356,499
1257248227,3879898695,20,473,33,452,453,419
1292381563,4108697145,101,367,24,472,266,448
1263737551,3921232527,88,399,223,275,311,52
875359022,121323552,0,499,20,479,499,459
1102064140,1789152007,29,469,0,499,440,499
873744730,119563851,2,497,27,471,495,444
1312688785,4195559851,61,440,52,475,379,423
1079723401,1431922028,103,454,109,400,351,291
1281893329,4050714021,79,420,100,419,341,319
907817169,85631984,165,321,140,369,156,229
1098270455,1683216079,50,448,0,499,398,499
1255785583,3871117329,72,433,49,456,361,407
1316119986,4200871480,37,459,70,425,422,355
1145595090,2498956580,30,470,2,496,440,494
1303629247,4159071268,106,388,51,463,282,412
1261423334,3898727041,20,476,41,460,456,419
991859322,299332878,83,416,0,499,333,499
1309033215,612729652,133,373,90,469,240,379
976821576,211377847,72,465,52,437,393,385
1156314108,2656916967,0,499,62,436,499,374
1186662251,3036005163,91,400,137,377,309,240
847405465,76794610,172,327,140,359,155,219
1270632907,3972429591,0,499,0,499,499,499
963379459,243436392,0,499,62,436,499,374
1102489491,1800989573,87,411,50,449,324,399
1152397165,2605404127,0,499,62,436,499,374
1026029004,558947783,86,413,0,499,327,499
1310221991,4183281881,92,410,7,450,318,443
1273155300,3993171662,9,497,134,376,488,242
1287554146,4071378249,0,478,76,475,478,399
1276310261,4012702172,45,451,58,459,406,401
1250327961,3659618522,115,363,31,467,248,436
1257603236,3881715143,0,499,0,499,499,499
1321457875,4222998827,44,436,50,451,392,401
1007977476,435842430,103,396,50,449,293,399
1109022781,1878663067,72,427,0,499,355,499
1280397178,4044817458,0,499,0,499,499,499
1313640994,4197539204,75,424,130,385,349,255
1317779558,4213445637,0,499,0,447,499,447
297980537,18555661,200,293,188,308,93,120
1261429034,3898729477,0,499,0,499,499,499
973907235,269090343,73,425,1,499,352,498
1233859435,3682527546,0,499,70,429,499,359
1304116777,4160950967,106,388,51,463,282,412
1273378417,3992572736,18,469,62,468,451,406
1190867192,3098368305,55,455,152,346,400,194
1012943290,462293931,50,449,74,425,399,351
1294108691,4122228231,88,371,131,393,283,262
1063325819,1125038290,132,410,17,472,278,455
1117721610,1976749918,145,354,25,478,209,453
1239692517,3732528958,62,436,0,499,374,499
971433108,262168236,8,482,107,399,474,292
1267484031,3943147024,190,282,179,327,92,148
1032525557,224281662,75,423,0,499,348,499
1262504276,3908169364,0,499,0,499,499,499
1198870343,1975789455,152,346,100,399,194,299
1026011642,558487388,403,474,69,405,71,336
1280713999,4046439527,12,475,51,451,463,400
1127576006,2126259487,147,343,186,260,196,74
1261335171,3898895235,0,472,57,465,472,408
1137534079,2345231981,137,361,100,399,224,299
1301523773,4151263409,17,484,113,387,467,274
1193094851,2658828140,9,488,43,465,479,422
1273760869,3992793859,98,405,122,421,307,299
1232789026,3669131809,58,456,68,391,398,323
1027005983,569855422,127,371,50,449,244,399
1282817295,4058579215,44,444,77,403,400,326
1297452508,1459301236,61,438,0,499,377,499
1136973888,2336096518,18,483,33,467,465,434
853506185,1989654,70,429,0,499,359,499
1273142133,3993164443,50,429,149,343,379,194
852636517,2950407,93,406,0,487,313,487
1220527866,3547511027,0,499,62,436,499,374
1316160872,4200875606,0,499,0,499,499,499
1273840894,3995248155,0,499,0,499,499,499
1243659397,3775275376,0,499,150,436,499,286
1187011288,3041349784,191,307,135,369,116,234
1193169004,3138442289,2,497,92,410,495,318
1083188210,1477447461,155,343,100,399,188,299
1074296754,1333590828,51,448,0,495,397,495
1158028660,2678248343,74,430,7,494,356,487
1244541296,3785188001,0,499,62,436,499,374
1309697772,4179732874,10,491,126,412,481,286
1274114075,3997447397,0,499,0,499,499,499
1288850395,4085934389,28,467,103,403,439,300
1321577103,4223043291,0,499,26,472,499,446
1137624796,2349389726,83,393,114,380,310,266
1279211572,4037103683,24,480,30,467,456,437
1007819816,435295608,160,339,134,364,179,230
1249535436,3819982719,190,308,166,344,118,178
1306010559,4167104561,4,494,77,456,490,379
1145389176,1370937793,0,498,0,499,498,499
1254923435,3866823940,0,499,0,499,499,499
1280424991,4044747863,0,499,0,499,499,499
1287038854,4074712767,0,437,43,434,437,391
876997238,122341250,0,499,62,436,499,374
316873095,46650340,42,457,0,499,415,499
1251270799,425357793,87,412,0,499,325,499
853995910,85257325,206,303,175,324,97,149
1232730520,3668599567,0,499,62,436,499,374
1314048097,4186135931,18,477,85,424,459,339
1117806816,1976593006,160,341,146,360,181,214
1096608932,1657064547,33,467,174,324,434,150
1267334244,3942398030,10,490,74,383,480,309
1276001522,4010221912,136,376,29,435,240,406
1267252090,3942383579,19,483,63,433,464,370
1281998619,4050750348,5,495,9,497,490,488
1048473789,921005003,123,373,41,470,250,429
1075510894,1348359412,117,381,65,434,264,369
1273277885,3992552084,60,446,66,446,386,380
1146354349,2511659939,83,415,0,499,332,499
1275721007,4006540853,157,360,82,446,203,364
1323150210,4231830208,58,446,65,441,388,376
1284101923,4063363652,90,444,92,433,354,341
1048503400,942457637,56,442,1,499,386,498
1278826033,4037444581,38,456,89,421,418,332
1112678704,1924580506,45,460,128,346,415,218
1092458817,1583009929,137,361,100,399,224,299
1147237026,2521095393,62,436,0,499,374,499
917080935,150733266,62,436,0,499,374,499
1275508996,4006491177,84,390,38,482,306,444
872885082,118302927,82,417,60,438,335,378
1192013390,3120284887,24,476,66,389,452,323
845997914,74873719,61,438,0,499,377,499
1198637080,3218742723,11,361,4,182,350,178
1279053814,4037576458,0,499,0,499,499,499
1307348760,4171233401,59,438,60,395,379,335
1121553830,2038116930,0,499,117,382,499,265
1316306873,4200883258,0,499,1,499,499,498
1174586996,2940638821,83,420,100,452,337,352
992968105,300715928,0,499,108,390,499,282
1010083127,199254830,123,376,27,473,253,446
893353752,141217266,78,420,0,499,342,499
1135211242,2302333640,62,436,0,499,374,499
1271478540,3976924181,129,380,48,476,251,428
1189510240,3082692144,22,474,48,465,452,417
950078807,213246566,117,381,65,434,264,369
1308727128,4177785089,48,446,0,499,398,499
1276318815,4012773946,71,477,48,444,406,396
1028351336,583541953,30,458,121,390,428,269
1149710695,2564022527,83,417,0,499,334,499
1243659288,3775275198,0,499,62,436,499,374
1249536297,3819984317,126,373,126,373,247,247
1261413646,3898723443,9,489,60,461,480,401
1279335841,4037442767,46,460,88,413,414,325
1277775563,4026078500,73,427,72,450,354,378
1301810989,4153240511,0,499,62,436,499,374
1199617903,3233258917,0,499,63,436,499,373
964625595,247668476,234,264,157,355,30,198
1176504435,2958500402,48,445,74,427,397,353
1307833824,4172828656,0,499,0,489,499,489
1059063264,1090638148,103,421,85,404,318,319
1276021887,4010517792,0,499,0,499,499,499
1211803954,3410065766,0,499,0,460,499,460
1026883013,569710802,109,390,50,449,281,399
1038477659,742406978,0,499,62,436,499,374
1268741150,3936362951,138,357,18,403,219,385
1254894512,3866912359,46,499,108,475,453,367
1141637255,2439254489,0,499,60,499,499,439
1269281896,3957453964,35,429,174,291,394,117
1298497257,4139887557,45,453,138,390,408,252
833123063,63567779,62,436,0,499,374,499
1310764278,4182106994,34,492,62,440,458,378
1198601747,2210607969,66,432,18,480,366,462
1128072550,2136331467,121,402,74,425,281,351
1213026109,3439087544,118,388,156,374,270,218
1258029049,3883414613,16,475,85,407,459,322
1281710149,4052932304,0,499,0,499,499,499
1215444329,3470258373,0,499,48,499,499,451
1241420413,3756669721,218,278,173,317,60,144
1281705181,4052932195,0,499,30,499,499,469
1282038710,4053885041,46,441,85,424,395,339
1008861841,434868623,229,271,232,307,42,75
1101319212,1761678740,0,499,84,415,499,331
1204266507,3219916711,6,491,18,443,485,425
876184212,103653113,71,427,0,499,356,499
1140308064,2406557585,0,499,62,420,499,358
1267357432,3942401550,71,428,179,371,357,192
1019349317,516412888,106,355,205,329,249,124
1296981237,1302178229,62,436,0,499,374,499
949382356,212343189,168,348,141,356,180,215
1213158866,3441672949,0,499,109,389,499,280
661210824,56021446,127,376,106,407,249,301
1289313506,4086089911,39,462,38,463,423,425
1125138561,2088797664,53,388,53,442,335,389
1280500230,4045004695,0,499,0,499,499,499
1274578910,1045056,77,421,0,499,344,499
879349807,124691536,120,379,76,422,259,346
1279261976,4037112272,0,499,0,499,499,499
1070871789,1254070061,0,499,62,436,499,374
1298544469,4139984595,68,425,7,468,357,461
1226405791,3591581821,0,499,142,436,499,294
1297328695,4110541394,55,391,149,322,336,173
1008015547,435858558,110,388,50,449,278,399
1302453438,4153301674,0,499,0,499,499,499
867756231,110950809,185,314,175,324,129,149
981626783,284875331,147,352,91,407,205,316
941621737,207151462,153,352,175,327,199,152
1283650915,4061596119,0,499,0,499,499,499
1282007874,4050753874,0,499,0,499,499,499
934006809,190678916,83,415,34,499,332,465
1303626917,4159071158,106,388,51,463,282,412
1282746610,4058938590,50,417,44,458,367,414
1246580343,3797654206,69,429,0,499,360,499
1006538318,272891494,0,499,109,389,499,280
1323080955,4231811245,72,438,76,431,366,355
1047878368,933782061,126,372,0,484,246,484
987438878,294323513,109,330,51,492,221,441
1240745145,3748080315,0,499,0,499,499,499
1096604636,1657049472,32,469,31,471,437,440
1317499402,4213277227,62,478,44,401,416,357
1270219526,3969948705,32,466,73,438,434,365
1307994908,4173371537,62,436,0,499,374,499
999332453,341654253,0,499,62,436,499,374
906116739,51212297,66,433,0,499,367,499
1279491626,4037936752,0,499,3,499,499,496
1191424215,3107233839,36,426,98,470,390,372
1253151119,3855161581,0,499,0,499,499,499
1066381915,1165027239,32,474,66,446,442,380
1158274333,2557815203,69,430,36,463,361,427
1037502844,731556724,47,435,113,380,388,267
1251087715,2850436625,14,474,190,308,460,118
1255783525,3871416119,70,429,145,354,359,209
1314450418,4202214723,91,387,174,395,296,221
1267986428,3944993394,21,478,79,422,457,343
1074296460,1330807602,0,499,83,415,499,332
1054220936,1038440568,74,425,0,499,351,499
1268469206,3951719970,52,438,165,415,386,250
1261173861,3898707863,119,358,194,293,239,99
1094920170,1139429223,76,420,4,455,344,451
1266775314,3939943822,0,499,0,499,499,499
1308857491,278407970,100,399,14,485,299,471
1146392472,2514312048,0,499,108,390,499,282
1302901585,4156934378,61,437,67,433,376,366
1254903806,3866981067,15,366,28,455,351,427
1165456774,2804153288,0,499,126,373,499,247
1314041962,4186133778,80,433,62,459,353,397
1270191629,3969470175,48,499,51,462,451,411
1260610522,3894558845,160,341,21,481,181,460
874206058,120030436,100,399,28,471,299,443
1219161390,3524319950,0,499,83,415,499,332
987637198,294483578,10,489,0,499,479,499
1240513106,3748037017,0,499,45,499,499,454
1311161448,4181904616,19,463,16,483,444,467
1220640385,3550049459,65,460,23,483,395,460
1172791586,2920940584,1,497,0,499,496,499
1026650045,567478978,183,315,200,299,132,99
1039791442,802854316,14,483,97,401,469,304
1267272506,3942394432,0,499,0,499,499,499
1237264495,3716299860,30,448,21,464,418,443
1278236156,4031021586,0,499,0,499,499,499
1195642683,3173710794,0,499,83,415,499,332
1244283732,2953651004,4,439,79,431,435,352
1307391347,4171236802,104,335,181,338,231,157
1232556325,3665608685,136,471,110,383,335,273
1239242302,3735687829,0,499,0,499,499,499
1225665457,3580374515,134,351,133,342,217,209
1311000192,4182114185,17,481,35,486,464,451
1264516154,659028,12,486,10,488,474,478
1222255222,2003461834,24,449,51,455,425,404
1252627345,3850328380,0,499,169,436,499,267
1215212590,3469565067,71,431,107,414,360,307
919655424,165317837,93,405,0,499,312,499
1252627613,3850328489,0,499,62,436,499,374
1212149384,3417561328,91,387,117,388,296,271
731918253,54436701,71,427,0,499,356,499
977017261,276930405,0,499,62,436,499,374
913330305,157224564,0,499,62,436,499,374
1318254046,1974788024,74,415,85,457,341,372
974121530,270891098,68,430,19,488,362,469
1207864019,3347347695,212,328,182,273,116,91
1240355895,3747007257,109,389,0,499,280,499
1259082592,3887603447,58,454,79,471,396,392
1256969661,3876188959,35,463,36,463,428,427
1027816079,533635093,0,499,62,437,499,375
1145910907,2507952870,215,267,269,325,52,56
1211984009,3414349264,211,455,47,478,244,431
977607491,278514846,232,358,59,499,126,440
1204213097,3287153521,50,449,193,306,399,113
1299294829,4141676113,22,484,150,341,462,191
1158121478,2695198681,16,482,17,483,466,466
941255898,206230367,124,373,29,460,249,431
1255118635,3868323914,31,475,56,466,444,410
1260564839,3894338575,41,469,10,480,428,470
1026916306,569741008,100,399,55,444,299,389
1053208978,1028162171,133,366,83,416,233,333
1282784278,4057521703,172,357,101,423,185,322
1308761647,4177859924,46,444,0,499,398,499
987445118,294328891,56,460,155,379,404,224
1301537994,4150997564,120,389,189,329,269,140
1123543344,2052542481,61,438,0,499,377,499
1222865961,3561481260,27,464,50,446,437,396
1225605976,3590246028,83,415,0,499,332,499
1260343844,3893243284,32,421,36,499,389,463
1298851985,4141053528,0,499,0,499,499,499
1194446055,3159405948,55,443,0,499,388,499
1007614145,435177547,139,360,100,399,221,299
1265594519,3931888142,8,491,124,374,483,250
1276426923,4013271878,18,490,30,481,472,451
1100534360,1727482602,0,499,84,415,499,331
1252324632,3848545788,56,442,2,492,386,490
986100909,291935647,0,499,238,260,499,22
1313115551,4197489996,0,499,0,499,499,499
1269431460,3957795989,0,499,0,499,499,499
1211604885,3405305227,91,412,102,397,321,295
1137556300,1548293512,146,389,167,419,243,252
1292245511,4108379944,28,467,105,397,439,292
1262173150,3905724694,24,486,68,440,462,372
1116775831,1963369588,17,460,12,475,443,463
1324022240,4235888347,115,370,17,476,255,459
1257401037,3881319160,0,499,0,499,499,499
1313627985,4197537809,112,354,133,467,242,334
1248837436,3817896926,138,432,24,478,294,454
1281723380,4052947705,140,343,83,429,203,346
1270578274,3971746495,0,499,0,499,499,499
1304173165,4160987208,106,388,51,463,282,412
1223458069,3580778264,95,394,155,392,299,237
1317248856,4210987070,0,499,0,499,499,499
1311387762,4187115012,144,463,199,301,319,102
1282774256,4058944685,32,464,142,381,432,239
1261424569,3898727707,93,380,41,467,287,426
1270605794,3972427442,19,480,31,428,461,397
1129590746,2168611608,38,468,176,316,430,140
1318158085,4217337767,131,306,100,299,175,199
1049265094,951104475,175,323,150,349,148,199
949982892,213087646,74,424,17,499,350,482
1248831475,3817887839,43,464,20,471,421,451
1292803197,4108904997,22,468,176,299,446,123
1320026890,4215332535,156,351,50,464,195,414
960161520,235067761,73,426,0,499,353,499
980427683,283491893,93,405,0,499,312,499
1295220421,4125633465,129,407,122,399,278,277
1189869824,3086202133,0,499,0,499,499,499
1313317200,4182991478,78,427,154,324,349,170
934570404,193046825,0,499,83,415,499,332
1319428857,4214364203,63,470,133,388,407,255
1043841178,853456127,13,485,8,491,472,483
1149838781,2565627375,109,389,0,499,280,499
1312696435,4173018617,26,464,80,400,438,320
946714029,208715302,147,373,175,332,226,157
1232498825,3664354169,100,399,0,499,299,499
1277504675,4019797231,128,374,83,420,246,337
1036766300,719906682,84,414,0,499,330,499
1265823866,3934397442,177,321,137,361,144,224
1191691894,3110088577,0,499,62,436,499,374
1112647098,1920178531,0,499,63,436,499,373
1096608718,1657064257,28,456,150,344,428,194
933262353,190111172,74,424,0,499,350,499
1258896438,3887572222,0,499,11,499,499,488
1012977903,462533451,141,282,171,271,141,100
1252627488,3850328442,0,499,62,436,499,374
1257597182,3881714037,13,477,92,453,464,361
1123225836,2050445181,0,499,48,451,499,403
1321166269,4226619163,68,420,10,486,352,476
1261407767,3898721422,0,499,0,499,499,499
1277203847,4019839385,276,458,147,360,182,213
1257276152,3879904641,0,499,0,499,499,499
1204248483,3287288500,107,392,0,499,285,499
1036563027,709115152,61,429,113,397,368,284
1295977022,4127727730,67,451,71,432,384,361
1282686822,3785144440,54,436,15,470,382,455
853245688,84060020,150,349,107,391,199,284
926947764,179417947,0,499,62,436,499,374
1252819497,3852099980,149,350,2,493,201,491
1220139346,3538269811,62,436,0,499,374,499
1237100946,3716635371,128,384,8,490,256,482
1237102905,3086264278,50,327,220,361,277,141
1220445601,3545380663,28,471,204,362,443,158
1318898769,4213601804,108,423,62,432,315,370
858139446,92369504,0,499,62,436,499,374
1262170474,3905723614,21,498,53,397,477,344
912148949,156272856,100,398,0,499,298,499
874539048,104188789,71,427,12,499,356,487
1295563507,511044625,88,410,0,499,322,499
1166679699,2823434044,94,401,171,337,307,166
1268877797,3953950255,0,499,0,499,499,499
1260269654,3893192283,22,499,102,395,477,293
1230010964,3630655578,0,499,62,436,499,374
1244540517,3785187485,0,499,128,436,499,308
1009243792,440575539,150,349,183,315,199,132
1274282376,3997828927,0,499,0,499,499,499
1281485216,4050863914,97,420,49,463,323,414
1304060438,4160930365,106,388,51,463,282,412
1078635535,1402803099,74,444,191,372,370,181
1244806313,3783160216,58,441,47,435,383,388
1178138165,2981194370,32,467,0,499,435,499
1224193151,3585682902,10,489,38,461,479,423
1169148204,2871608738,0,499,82,416,499,334
1242874458,1100405725,100,399,1,498,299,497
1197821473,3209841756,7,493,95,406,486,311
1313460919,4197679618,44,458,106,466,414,360
1174588137,2940639054,172,329,182,318,157,136
1307067531,4170558771,100,399,100,399,299,299
1286545848,4074817365,0,499,0,499,499,499
1319412611,4214354261,174,328,46,469,154,423
1098798938,1696443838,109,389,0,499,280,499
856483440,54397985,149,351,104,396,202,292
1282026838,4050759756,66,433,99,389,367,290
1250670528,3834907034,0,499,76,499,499,423
1273349977,3992565742,86,419,98,422,333,324
1263066091,3913803651,43,456,109,464,413,355
1101216276,1754327986,126,373,153,346,247,193
1138087883,2359712866,14,486,6,496,472,490
1273998235,3995366995,58,473,63,496,415,433
1275573578,4006497032,45,461,79,478,416,399
871565931,116428734,62,436,0,499,374,499
1265204137,3929889959,51,411,221,459,360,238
970498170,258515312,64,434,0,499,370,499
895641439,142486852,152,347,115,383,195,268
910966580,155200038,47,451,0,499,404,499
1026010634,558485367,53,483,106,386,430,280
1004715943,376138906,21,453,167,285,432,118
1008053896,435909592,123,375,50,449,252,399
1300043884,1940512437,186,313,20,490,127,470
1197355218,3207021809,0,499,0,499,499,499
1174591501,2940640109,174,326,163,344,152,181
1025885073,45855550,72,426,0,499,354,499
1157303402,2517545327,112,401,7,491,289,484
1306842877,4150725236,72,441,160,397,369,237
1191464906,3108233041,83,416,0,499,333,499
1289110085,4086050212,0,499,0,499,499,499
1126441433,2104223569,137,361,100,399,224,299
1123515765,2056578141,168,339,167,302,171,135
1323309275,4231696208,0,499,0,499,499,499
1149637157,2554547447,0,499,0,499,499,499
1165420835,2803589821,132,366,43,462,234,419
1278867668,4029848473,160,335,38,475,175,437
1325957013,4241498114,62,436,0,499,374,499
875391400,111936769,56,442,3,496,386,493
1058237102,1087878221,101,402,60,440,301,380
1277842990,4026811503,0,499,39,460,499,421
1274672952,146742283,73,426,0,499,353,499
883578633,128548697,130,369,77,421,239,344
1267294402,154166355,78,420,0,499,342,499
873932240,119582593,0,499,62,436,499,374
1248846267,3817902966,53,479,108,374,426,266
1004721360,408986362,12,484,114,410,472,296
1281308247,4050851696,0,499,0,499,499,499
1309676251,4181533668,64,403,107,384,339,277
1004229314,403189272,174,311,163,325,137,162
925045542,176475497,7,488,160,355,481,195
1243660161,3775276266,0,499,62,436,499,374
1288963667,4086433871,62,436,0,499,374,499
1172463075,541746684,34,490,12,497,456,485
983604234,287675953,0,499,99,400,499,301
1264831857,3925241014,198,302,148,380,104,232
1281710987,4052932319,12,493,14,455,481,441
835252070,54527642,106,393,26,473,287,447
1174591763,2940640154,47,460,50,457,413,407
1041461631,827958867,72,426,0,499,354,499
1321219823,4221768963,106,387,60,429,281,369
1039908476,778736968,152,348,95,412,196,317
1298566022,4139341217,0,499,9,499,499,490
1248416698,3814872786,0,499,62,437,499,375
1129549464,2031768089,0,499,109,389,499,280
1225872329,3593518522,128,404,87,414,276,327
1211788654,3410000344,0,499,0,499,499,499
932526774,80627639,73,426,0,499,353,499
1291976706,4105521453,0,499,0,402,499,402
390107636,49163098,95,403,0,499,308,499
1199952601,3238515044,73,426,0,499,353,499
1188462949,3065096171,0,499,62,436,499,374
971869064,263570895,172,323,113,383,151,270
1075711315,1351973077,147,382,80,480,235,400
988989951,296126525,169,356,138,338,187,200
1290596830,4095093523,0,499,0,499,499,499
891741868,138469357,145,354,100,399,209,299
875110635,83970620,72,427,0,499,355,499
1258349128,3883426299,0,499,0,499,499,499
1321539631,4223023247,48,460,99,406,412,307
1245909758,3791787035,62,436,0,499,374,499
1319428888,4214364204,63,470,133,388,407,255
1008204390,436102696,100,399,51,448,299,397
1307186463,4170894076,0,499,0,497,499,497
227509730,5484273,187,304,157,341,117,184
1262367101,3906641383,120,393,110,416,273,306
1064957035,1144274014,210,265,216,286,55,70
1284075157,4063404105,71,449,87,455,378,368
1309035738,2048951383,100,399,16,483,299,467
1321284852,4221779179,104,407,4,496,303,492
934978834,193587945,190,308,156,342,118,186
1227166579,3607251554,23,499,31,499,476,468
1260752159,3895425134,0,499,0,499,499,499
1117709417,1975495614,0,499,0,499,499,499
1260613948,3894579173,69,418,28,490,349,462
1286861464,4074697827,34,468,159,363,434,204
1026979494,569627410,150,348,99,400,198,301
1255758205,3871285916,10,484,145,355,474,210
1308155101,4174650278,83,415,0,478,332,478
1133655496,2260724196,0,499,62,436,499,374
1201834745,3155075306,7,489,69,426,482,357
1308888147,4177866714,0,499,0,499,499,499
1289540764,4086137878,224,265,205,436,41,231
1103759552,1816694436,62,436,0,499,374,499
864347071,1252545,62,436,0,499,374,499
876278747,106417904,50,449,4,495,399,491
979615937,278956191,0,499,0,499,499,499
1055270418,1051838040,62,436,75,499,374,424
1253519667,3857173168,19,491,102,419,472,317
918908306,164431535,134,365,75,424,231,349
1215524364,3470061864,80,421,162,352,341,190
965286950,205521086,127,374,29,460,247,431
1250900079,3836622984,0,499,0,499,499,499
1212046765,3415934356,188,315,18,483,127,465
1102558306,1395205778,186,312,164,348,126,184
1279808422,1892621701,0,499,53,467,499,414
1301062259,4150468029,0,499,0,499,499,499
1264018498,3919663566,0,499,20,483,499,463
1188546567,3067344172,19,464,61,480,445,419
1270607489,3972427467,61,458,107,395,397,288
1141635404,2423738315,97,404,20,484,307,464
997242353,86826922,190,309,157,341,119,184
1217978995,3502627879,0,499,0,499,499,499
1260312326,3894931303,83,421,136,435,338,299
893914118,141784514,69,428,2,498,359,496
1324100567,4236042142,129,322,23,476,193,453
1108315705,1874942258,110,389,54,445,279,391
978906112,280635439,100,369,100,399,269,299
1254367013,3861448835,131,367,89,411,236,322
1301017465,4105613890,93,426,170,319,333,149
921249919,168345067,1,496,97,402,495,305
1126019611,617644839,144,355,100,399,211,299
1127370282,2122129862,99,412,199,310,313,111
924064743,175176750,100,398,34,465,298,431
1104740794,1842311642,16,481,25,471,465,446
1273074783,3992505933,48,453,63,444,405,381
1035918896,80158503,68,431,0,499,363,499
1253219212,3854773178,39,439,95,471,400,376
994950970,222624670,89,410,142,356,321,214
1239449904,452385515,39,440,137,357,401,220
956022258,2921465,0,499,62,436,499,374
1008086154,435916573,112,387,50,449,275,399
1299135370,4139567845,47,440,175,341,393,166
1190250835,2041884728,0,499,62,436,499,374
1250608512,3834052569,37,457,23,470,420,447
1053583868,1035095120,80,418,0,499,338,499
1256673883,3874805463,177,323,124,378,146,254
1166769259,2807039724,67,415,25,461,348,436
1319385421,4214348417,27,467,27,471,440,444
1272600085,3989828379,0,499,0,499,499,499
1276404499,4013138195,90,400,41,466,310,425
1138651828,2372926416,18,478,101,383,460,282
978593209,279822475,62,436,0,499,374,499
1240814512,3746778312,0,499,62,436,499,374
1273175197,3993179084,40,461,114,376,421,262
1260611194,3894559325,153,340,47,390,187,343
862632323,102705357,65,418,180,317,353,137
1300145709,4145102455,32,474,17,488,442,471
1190252485,1876684308,96,389,86,421,293,335
977876699,278552414,87,412,0,499,325,499
1301429283,4060918515,0,499,0,499,499,499
1307835638,4172828992,112,447,67,440,335,373
1014346938,470967063,71,428,42,456,357,414
1284069083,4063357343,26,470,33,473,444,440
920112714,165957212,70,429,0,499,359,499
1007632131,435157785,150,349,106,393,199,287
1305101824,4164666249,106,388,51,463,282,412
1307747921,4172813037,159,381,204,313,222,109
1236688285,3711402373,68,430,0,499,362,499
921965785,169736569,74,424,0,499,350,499
956959202,3816301,75,424,0,499,349,499
958974813,230649064,85,401,52,467,316,415
1042990698,846366963,46,472,70,367,426,297
1017329302,505658874,50,449,104,395,399,291
1298422244,4139333354,128,370,44,458,242,414
1254678112,3863847289,0,474,24,464,474,440
1106027675,1860048887,43,454,96,416,411,320
1314017095,4201307290,5,492,104,426,487,322
1088367126,1538182134,0,499,100,399,499,299
1191598259,3110856896,22,483,16,463,461,447
1218994680,3170336695,185,313,150,349,128,199
1168896838,2867137804,77,431,75,412,354,337
1152544332,2608008451,109,388,85,413,279,328
959219827,231450549,145,321,188,349,176,161
1027217443,570608870,106,393,50,449,287,399
1289599766,4086143794,79,444,84,434,365,350
1059992071,1093910340,62,436,0,499,374,499
880155645,125291330,71,427,0,499,356,499
23217330,1252610,198,301,198,301,103,103
1232369730,3660534498,0,499,62,436,499,374
1215348170,3470019104,165,343,148,410,178,262
971427624,262164767,150,392,80,437,242,357
1211276072,3070575024,68,435,98,441,367,343
1289808647,4089927336,67,433,86,410,366,324
1156117360,2665051267,62,436,0,499,374,499
1192329735,3126107994,195,303,59,494,108,435
1318281738,438418294,185,318,20,477,133,457
1277764571,4025806049,0,499,228,262,499,34
1197632177,3204945024,63,436,0,499,373,499
976310410,50418341,0,499,63,436,499,373
1309648319,4179726887,0,477,21,499,477,478
1273413225,3992636496,54,448,63,443,394,380
1308906513,278572117,100,399,24,474,299,450
1013664308,468796089,72,427,0,499,355,499
885908975,131689220,63,435,0,499,372,499
1264003181,3815633082,0,499,122,436,499,314
1282878141,4057766881,101,402,91,460,301,369
1043841424,853456190,0,499,203,313,499,110
1308633681,4177518682,39,499,0,497,460,497
1188522122,3067034495,71,400,177,353,329,176
1267335096,3942398122,103,466,62,415,363,353
892937543,137881780,71,427,0,499,356,499
1313713012,4183949828,44,373,166,393,329,227
1318783865,4217852563,74,431,85,391,357,306
1318329172,4117640992,12,486,80,369,474,289
844757330,73192145,0,499,83,415,499,332
1092756612,1189448807,83,415,26,473,332,447
1221318866,3561328681,122,367,15,487,245,472
1251600705,3844058192,0,499,0,499,499,499
1295519952,4126991279,83,415,0,499,332,499
1000969633,361840664,52,456,23,475,404,452
1228225655,3615329454,0,499,109,389,499,280
1261347133,3898734305,0,499,0,499,499,499
1245408929,3792227383,0,499,62,436,499,374
1267257619,3942383802,10,481,183,363,471,180
1279699330,4041069027,201,303,22,419,102,397
1321589309,4223052715,0,499,76,481,499,405
1101631536,1778011563,44,454,0,499,410,499
872099121,114507266,189,312,150,349,123,199
1158029700,2678248628,11,495,14,488,484,474
1252359661,3848478715,0,499,0,499,499,499
1203463775,3277809903,129,337,10,459,208,449
1294212101,4122559983,43,499,7,493,456,486
1165616006,2805735820,100,407,124,365,307,241
941678490,207257894,184,320,188,308,136,120
1269455578,3958959504,29,476,130,394,447,264
1314528743,4202304259,9,498,12,499,489,487
1273900414,3975363394,127,371,8,489,244,481
1310034769,4181950331,15,464,111,387,449,276
848836343,79953606,62,436,0,499,374,499
1007799562,435290447,100,399,51,447,299,396
1289179373,4086223766,0,499,0,499,499,499
243201930,6969425,57,442,0,499,385,499
1117234067,1968807417,127,344,152,361,217,209
1313559449,4199252897,32,487,24,467,455,443
1323439829,4231849554,68,426,81,437,358,356
1261430635,3898729883,0,499,0,499,499,499
1274986230,4003461542,11,456,44,455,445,411
1275417796,4004200641,25,468,48,458,443,410
1230188828,3632224940,62,436,0,499,374,499
919556832,165172634,73,426,0,499,353,499
1234714109,3689305082,149,352,81,329,203,248
1027337562,570714813,100,399,66,433,299,367
461625730,50491386,173,326,141,358,153,217
1007564363,435122797,106,393,62,449,287,387
1221463938,3563778350,11,466,83,415,455,332
987877550,294686641,52,446,0,490,394,490
1292355704,4108694822,10,487,175,366,477,191
1264021691,3923098663,1,498,2,499,497,497
1318445670,510311354,125,425,92,463,300,371
1313465091,4183317201,131,366,56,463,235,407
1055369453,1059184731,94,405,27,471,311,444
1077540221,1374123931,79,419,1,499,340,498
1318120691,3754460640,41,464,65,462,423,397
1008875762,439625452,73,425,0,499,352,499
1105948212,1858234984,109,389,0,499,280,499
1325141787,4240470965,45,450,31,470,405,439
1198132922,3211708255,160,338,116,399,178,283
1007542519,435062889,100,399,14,485,299,471
1258494794,3883451617,0,499,85,499,499,414
1284902992,4066225659,8,478,57,491,470,434
1283569885,4061584895,0,499,0,499,499,499
1059018084,1090315351,74,436,161,355,362,194
1258301011,3883968725,0,499,0,499,499,499
1290614115,4093245630,62,436,0,499,374,499
964444578,246957374,82,464,149,478,382,329
1262297340,3906636495,43,457,110,392,414,282
1196210833,3182697862,123,375,120,406,252,286
1174753565,2942905253,0,499,62,436,499,374
1316254886,4200880986,39,458,146,362,419,216
883725038,128638046,71,427,14,491,356,477
1089036688,1544930713,139,446,190,446,307,256
1257858661,3883271561,27,401,72,435,374,363
1265222538,3929899367,114,439,216,302,325,86
1249820698,3823555903,26,484,76,418,458,342
1266676030,3939552192,11,418,208,354,407,146
844872966,73410085,76,420,1,499,344,498
1174588110,2940639040,209,295,197,323,86,126
1258363582,3883428970,23,467,206,334,444,128
1322835359,4231774885,31,461,64,461,430,397
1282825676,4058579657,68,431,20,470,363,450
1191069898,2644695702,0,499,62,436,499,374
1260305934,3894931185,73,426,80,429,353,349
1315405727,4205114276,0,499,0,499,499,499
1098785771,1688631773,0,499,0,498,499,498
864763181,106468340,74,427,7,499,353,492
1317996395,122451905,0,499,40,499,499,459
1204200384,3287127208,39,454,89,469,415,380
1241427012,3756676017,212,285,198,305,73,107
1258645237,3884305877,109,389,0,499,280,499
1036767055,719791395,0,499,109,389,499,280
1308866970,1597802649,100,399,14,484,299,470
1276318086,4012703503,72,434,112,476,362,364
1257239761,3879898159,47,463,78,426,416,348
1308748305,4177859621,0,499,0,499,499,499
1238297964,3727587605,105,406,162,349,301,187
1190258270,1876687566,0,499,91,436,499,345
1036342866,700036177,113,381,7,448,268,441
1301022252,4105614125,0,473,0,415,473,415
1300326649,3563314058,73,426,0,499,353,499
1101343101,1759372113,109,389,0,499,280,499
966840658,252303163,0,499,62,436,499,374
835089634,68517685,105,393,0,498,288,498
906644690,150744004,146,353,100,391,207,291
1131461311,2205175079,6,480,44,485,474,441
1030420645,597503829,81,443,101,407,362,306
1308922231,4177868311,162,296,30,476,134,446
1248442452,3814929451,48,423,74,462,375,388
1309683874,4152927758,0,499,43,456,499,413
1196212519,3182722315,22,475,111,394,453,283
941621917,207151569,154,346,189,298,192,109
1314682167,4186561661,180,339,54,193,159,139
1143084650,1987244292,85,422,88,412,337,324
1257245128,3301791744,86,413,0,482,327,482
1196925869,3197756660,0,499,57,441,499,384
1307496563,4170895372,115,390,45,463,275,418
938638481,200888500,50,449,100,399,399,299
1152211706,2590169322,0,499,62,436,499,374
1262598237,3909460033,11,488,120,379,477,259
1249508564,3819780880,0,331,72,431,331,359
1174585862,2940638565,185,304,237,261,119,24
1254483172,3861779473,0,499,0,499,499,499
1307679685,4172335285,0,499,0,499,499,499
1243659000,3775275042,0,499,169,436,499,267
1304259867,4161626100,0,498,0,499,498,499
1206034482,3317734690,33,470,157,353,437,196
1144931133,2482384770,0,499,128,371,499,243
1013716460,469596195,22,474,48,424,452,376
1242996828,3769282411,62,436,0,499,374,499
1289658207,4088674712,0,499,0,498,499,498
1165820275,2777264413,108,356,196,386,248,190
1273883195,3995297910,0,499,0,499,499,499
987027260,293558041,184,308,17,479,124,462
1300826713,4149019780,57,441,0,499,384,499
1123541801,2051980673,22,476,21,475,454,454
1292016867,4105747233,20,499,16,482,479,466
1249534161,3819978666,223,271,1,496,48,495
959219021,231450747,83,416,83,416,333,333
1190257986,1876686935,24,473,146,385,449,239
1176325867,2956104769,24,474,7,491,450,484
763166892,61329395,62,436,0,499,374,499
972193496,264545997,155,345,52,458,190,406
1275405274,4003975047,0,499,0,499,499,499
1042896902,845407537,2,488,35,465,486,430
1283752710,4061610867,44,426,116,419,382,303
1304029533,4160809286,0,499,0,499,499,499
1027066894,569933305,102,397,50,449,295,399
1182181985,3005787420,99,410,27,482,311,455
1286913637,4075571348,0,499,47,451,499,404
1114938874,1937566758,0,499,41,458,499,417
1249533237,3819977555,205,295,208,292,90,84
1061985458,1110013565,0,499,0,499,499,499
1317869243,4211215810,94,418,53,449,324,396
1178210391,2982329440,232,260,53,449,28,396
1308483596,4176533185,0,499,62,436,499,374
1253519641,3857173155,6,492,147,395,486,248
1269835642,3962804146,66,451,121,381,385,260
1168353095,2858362766,62,436,0,499,374,499
984740735,2607274467,62,436,0,499,374,499
1275152603,4003926522,28,471,52,465,443,413
1251640558,3844294791,106,386,114,432,280,318
1102489677,1800693897,9,483,11,446,474,435
1260368159,3893244795,74,481,184,474,407,290
1198099975,3211228947,139,359,104,399,220,295
1280178823,4043913552,137,357,236,348,220,112
1176505102,2958501402,157,343,156,342,186,186
1296959451,143651667,83,415,0,499,332,499
964266056,246383681,73,426,0,499,353,499
1243659332,3775275215,0,499,62,436,499,374
1264900399,3928056951,64,399,13,476,335,463
1115600116,1946133480,0,499,62,436,499,374
971433868,262169500,7,483,0,491,476,491
954586754,219105596,48,450,0,499,402,499
1182250478,3002341871,100,434,3,490,334,487
856760972,88981738,100,430,0,499,330,499
1298884147,4141163095,19,492,70,441,473,371
1168148930,2853488657,0,499,109,389,499,280
1301514772,4150994395,121,381,177,296,260,119
1138565645,2370457767,0,499,62,436,499,374
1267329588,3942397661,0,499,0,499,499,499
1262611382,3908524817,58,357,151,431,299,280
1313496840,4183371959,35,463,86,414,428,328
1273170579,3993178265,38,451,130,361,413,231
1264332150,3925311975,112,396,14,474,284,460
1323328713,4231757417,68,434,28,452,366,424
1186692144,3028145771,44,452,101,400,408,299
1277596218,4023548797,0,499,0,499,499,499
921948158,170165663,174,317,120,303,143,183
1251713806,2063162058,83,415,0,499,332,499
1187237511,3041025540,107,392,64,435,285,371
1146980465,2527234907,110,389,50,448,279,398
1244827312,3786914115,121,407,71,428,286,357
967150259,254240756,70,429,0,499,359,499
1259018439,3887598870,57,441,74,436,384,362
1312423330,4194034388,0,499,0,499,499,499
1281231633,4047001096,65,432,91,442,367,351
1255326131,3869439723,116,382,86,413,266,327
1254705221,3863647913,71,494,11,487,423,476
966297669,252427719,0,498,73,426,498,353
1275124996,4003848823,70,430,72,431,360,359
1309700097,4179733065,45,481,51,461,436,410
1287957245,4079733492,75,436,130,378,361,248
1248849734,3817903749,42,480,110,377,438,267
1100059504,1711731517,70,429,145,354,359,209
1102348655,1794331139,0,499,62,411,499,349
902311321,4474655,87,414,28,498,327,470
1324144535,4236042763,55,458,57,438,403,381
1280141355,4042487945,95,406,112,413,311,301
318417033,14556495,88,410,0,499,322,499
1291328527,4101891756,215,278,159,338,63,179
1324125288,4233706184,49,461,87,439,412,352
1323296452,4231695630,10,488,93,372,478,279
1249764708,3821773115,160,346,145,348,186,203
1061621934,1104253910,62,436,0,499,374,499
1065436425,1151313289,63,436,0,499,373,499
1201833458,3155074250,29,470,20,486,441,466
1268908719,3945252827,0,499,63,436,499,373
1258590933,3885517252,8,487,16,476,479,460
1066930580,1173353224,36,464,34,464,428,430
1317332239,4122566108,0,499,0,396,499,396
968947205,254468487,65,434,0,499,369,499
938259340,199629690,74,424,0,499,350,499
938759198,200927725,62,436,0,499,374,499
1269440014,3957798181,25,477,99,397,452,298
1281918831,4050715136,29,447,117,395,418,278
981978784,285425358,21,456,49,458,435,409
1273654074,3992771643,13,484,27,486,471,459
1304126600,4160951785,106,388,51,463,282,412
1317264871,4210987926,89,364,94,421,275,327
1117978030,1978445239,46,452,97,402,406,305
870460645,114913242,145,354,107,391,209,284
1150190064,2564854748,18,480,34,467,462,433
1038475760,751539953,19,479,23,478,460,455
1311436398,4187453946,0,499,0,499,499,499
1154202752,2631789283,177,337,154,332,160,178
1260620384,3894593404,47,196,232,401,149,169
1313390946,4197516053,0,499,0,499,499,499
940700135,204772482,71,427,0,499,356,499
1244340612,3783075774,0,499,62,436,499,374
1274262021,3997825297,73,426,1,498,353,497
1146386016,1283996475,35,454,74,422,419,348
1186356948,3028007091,239,260,0,499,21,499
1116962953,1966999410,124,382,101,389,258,288
1073108811,1316299212,89,400,16,479,311,463
1243659243,3775275182,0,499,62,436,499,374
1245669332,3793734976,32,467,32,467,435,435
1231234293,3646745776,117,382,0,499,265,499
1308876720,3460654168,100,399,13,485,299,472
1323671739,4234141318,31,467,67,436,436,369
739441,929063,58,441,0,499,383,499
1299172713,3617941045,67,431,0,499,364,499
1061895482,1108415022,140,359,168,357,219,189
983929914,288214087,0,499,40,458,499,418
1282581218,4057554695,12,484,24,467,472,443
1292400270,4108946135,120,353,180,316,233,136
1054182185,1036089605,67,431,0,499,364,499
1053595446,1035146163,76,423,0,499,347,499
1056224815,1071079806,100,399,0,499,299,499
1313175101,4197492974,0,499,0,499,499,499
975527140,273792460,62,436,0,499,374,499
1318374450,609634994,23,478,197,335,455,138
1117472252,1286146582,150,348,100,399,198,299
1027308011,570700954,105,393,50,449,288,399
1176504669,2958500703,16,489,130,373,473,243
1316212987,4200877837,111,390,48,440,279,392
1282827160,4057526784,0,499,48,499,499,451
1195073453,3085953060,62,436,0,499,374,499
1225887089,1154697598,125,374,125,363,249,238
972631372,108937975,57,426,184,315,369,131
1279158719,4037582440,0,499,0,499,499,499
1314440002,4202302812,126,385,51,333,259,282
1294110652,4122229037,66,457,100,387,391,287
1073069050,278568879,144,355,100,399,211,299
868174863,57643318,0,499,62,436,499,374
981547239,284679216,68,431,0,499,363,499
1317219780,4211713125,0,486,77,434,486,357
1182200043,2998406893,160,339,110,388,179,278
1240729948,3748075222,10,490,84,425,480,341
1308856805,507957397,122,363,45,456,241,411
1252097056,3847027140,0,499,0,499,499,499
895168369,86085383,87,412,12,486,325,474
1024534616,543943361,81,416,0,496,335,496
946584131,206461609,187,312,150,349,125,199
875698769,64343411,65,433,0,499,368,499
1252146786,3844496733,0,499,0,499,499,499
1243785517,3775998188,68,432,68,376,364,308
1094001543,1611875213,90,408,0,499,318,499
1218829253,3519944164,8,492,6,492,484,486
1066930784,1173353197,4,497,86,415,493,329
969126755,256225653,130,367,72,423,237,351
1213646107,3451416009,81,418,19,499,337,480
1075942218,1355946248,38,461,0,499,423,499
895022740,85777276,91,407,0,499,316,499
1267162728,3941810499,0,499,0,499,499,499
1302929277,4154933411,38,470,9,483,432,474
1190340578,3091123318,0,499,91,407,499,316
306995832,39655950,62,436,0,499,374,499
1264381200,3925262810,37,470,141,366,433,225
865175730,107420180,85,411,0,499,326,499
1033511786,121458883,0,499,62,436,499,374
1123307204,1451547052,150,349,100,399,199,299
1076880625,1366963674,73,426,0,478,353,478
1276340126,4012860965,33,459,22,499,426,477
1318549754,4215223211,66,427,60,446,361,386
1283963833,4061637132,40,449,122,411,409,289
1216078922,3477292473,0,499,42,499,499,457
1315322348,4205111198,9,488,72,424,479,352
1320406178,4224507264,38,460,51,444,422,393
1296067220,4129494049,110,454,16,412,344,396
1257027641,3877096427,125,389,173,355,264,182
993001230,300761793,101,398,144,364,297,220
995103653,303051723,177,380,46,441,203,395
1318487176,148156834,41,471,80,415,430,335
1301483654,4152256968,158,340,119,380,182,261
1236791962,3712873736,0,499,62,436,499,374
1013763544,468602577,142,359,57,419,217,362
1299835023,4143423240,0,499,0,499,499,499
883950931,128983901,115,384,149,350,269,201
1279175492,4037098748,54,450,63,442,396,379
904945562,149735216,62,411,0,499,349,499
1087007113,1518741326,176,333,157,351,157,194
1216443537,2927728003,44,455,0,499,411,499
1324044607,4235890151,50,450,63,436,400,373
1007978692,435813234,150,349,121,378,199,257
1026009018,558485559,54,442,93,477,388,384
1279214468,4037104136,42,459,54,463,417,409
1261173791,3898707853,49,486,153,344,437,191
1165697843,278549836,150,349,100,399,199,299
1283479799,4061477558,13,489,64,455,476,391
1225863863,3589122864,0,499,62,436,499,374
862423806,102147290,196,302,176,324,106,148
1304393486,4162221395,74,425,0,499,351,499
1284596144,4065768019,11,475,9,495,464,486
1255751644,3869014875,55,479,40,499,424,459
997456981,326180860,35,468,98,399,433,301
1075760857,1352145702,11,485,119,357,474,238
1193039707,3136652570,111,388,3,492,277,489
1008228363,436164430,25,474,61,437,449,376
1323995954,4235886664,38,465,135,372,427,237
1307880634,4173008690,75,419,11,483,344,472
965048640,248738835,69,430,0,499,361,499
1257694780,3881724931,56,423,32,499,367,467
1110090193,1898599343,0,499,109,390,499,281
1277904766,4023216726,0,499,0,499,499,499
1262277272,3906573016,126,374,112,358,248,246
1284043046,4063352404,68,431,70,438,363,368
1192598637,2884887011,29,492,0,446,463,446
1316152174,4200874660,28,461,139,347,433,208
1142935332,2457842064,112,373,120,380,261,260
1153787391,1557042756,62,437,0,499,375,499
1248834715,3817892709,15,499,0,307,484,307
1005846690,418200539,6,491,92,396,485,304
1234812772,3688024714,0,499,62,436,499,374
1302199958,4153247549,0,499,0,499,499,499
1252996709,3854409306,0,499,27,499,499,472
941622063,207151539,192,322,171,334,130,163
903867936,148286903,149,351,104,396,202,292
1311701343,4189037105,33,473,0,462,440,462
1241400338,3756588665,226,294,202,304,68,102
1256818015,3875048193,104,389,55,493,285,438
1028066712,579526001,134,322,138,330,188,192
1269505875,3959373430,0,499,0,499,499,499
1279134335,4037580484,0,499,0,499,499,499
1008031250,435856676,150,349,101,398,199,297
1248862336,3817906401,72,426,0,499,354,499
1132981115,175435652,160,339,110,389,179,279
1257547721,3881234787,0,499,0,499,499,499
1107659826,1869201348,75,431,79,427,356,348
1100062366,1711734862,110,389,52,447,279,395
1274792062,533129,102,395,0,499,293,499
1155218996,2639103729,109,389,0,499,280,499
1194474259,3160169801,65,451,190,321,386,131
959218874,231451519,132,343,86,410,211,324
1217336968,3493699677,75,484,135,356,409,221
1310067849,4181960217,70,429,102,463,359,361
1163027516,2762498957,100,384,42,456,284,414
1153239272,2622635021,33,436,106,394,403,288
1025792579,554359178,70,429,0,499,359,499
1324135592,4236042617,0,499,0,499,499,499
1287856397,4079437906,132,320,30,366,188,336
833452889,54355360,62,436,0,499,374,499
1301536347,4150997411,0,499,6,499,499,493
1225666834,3493235806,125,374,125,374,249,249
174343130,2490419,73,425,0,499,352,499
997725435,86868357,190,309,170,329,119,159
1072885629,1312263007,93,403,26,475,310,449
1165123790,1834645825,34,464,121,377,430,256
1132963074,2235612323,14,481,39,496,467,457
1181523327,1892606207,20,483,31,481,463,450
947785080,210199304,0,499,62,436,499,374
1287451029,4077202980,0,499,0,499,499,499
1323116101,4231820821,25,467,48,457,442,409
917785259,163414694,53,467,16,473,414,457
1037420000,729935023,0,499,62,436,499,374
1190253898,1876686851,116,359,90,389,243,299
1075340109,1343127356,0,499,62,416,499,354
1320364441,4224247585,48,446,41,458,398,417
1088196921,1534677631,166,324,183,316,158,133
1311459680,278517494,100,399,56,443,299,387
1174587903,2940639001,8,496,24,460,488,436
1076705568,1367914444,76,423,104,427,347,323
1292397223,4108909566,0,387,145,369,387,224
1299280968,4141675720,39,449,131,407,410,276
870888788,115476807,150,349,107,391,199,284
1199617908,3233258914,0,499,63,436,499,373
1264898786,3928056841,98,407,6,490,309,484
1301525172,4151263443,107,412,67,409,305,342
1212259003,3420189409,0,499,62,436,499,374
1027214274,570610409,108,390,50,449,282,399
1270553952,3972330751,79,420,0,499,341,499
1020106682,519568894,53,479,10,490,426,480
1166976774,2827900815,27,474,4,484,447,480
1240227771,3745009568,77,382,154,345,305,191
1186357223,3028017932,53,445,86,405,392,319
1276060558,4010225408,116,387,40,458,271,418
1308305335,4151714154,108,406,49,443,298,394
870793077,114530366,20,470,144,373,450,229
1256969380,3876188909,71,428,104,395,357,291
1283686145,4061598030,58,447,45,454,389,409
1310470404,4182245620,47,446,41,464,399,423
1276017865,4010223155,53,478,63,457,425,394
1284267026,4064847371,0,499,109,389,499,280
941678337,207196201,104,393,152,342,289,190
1062126116,1111288787,98,376,108,415,278,307
998936979,85894436,190,309,171,328,119,157
1234771077,3690422364,10,486,28,475,476,447
948607058,211332197,98,390,151,336,292,185
1138150705,2361090065,47,452,101,399,405,298
1174144438,2934778245,115,384,148,350,269,202
1283603946,4061587500,0,499,0,499,499,499
1267892032,3944623085,61,442,59,412,381,353
1250621102,3834105246,0,499,62,436,499,374
1101860629,1786053860,114,394,15,494,280,479
1323308655,4231696193,0,499,0,499,499,499
922170079,170807139,215,265,116,391,50,275
1308462758,543272141,100,399,50,468,299,418
1066930174,1173353234,21,477,16,477,456,461
1308172763,4174761464,0,499,62,436,499,374
1309129307,4179726048,114,421,112,419,307,307
1008106028,435926115,150,349,100,398,199,298
1301413052,4150986866,23,490,24,477,467,453
332677984,47728315,76,423,0,499,347,499
1140599677,2416205989,72,428,0,499,356,499
1306808290,4167087719,106,388,51,463,282,412
1244293607,3782270138,136,413,194,360,277,166
1084341229,1495173742,0,499,73,425,499,352
1289749458,4089719147,91,409,0,499,318,499
1252799387,3851807886,120,374,90,407,254,317
1265215564,3929900567,33,489,48,410,456,362
821764106,60362705,62,436,0,499,374,499
1275567451,4006495417,40,393,119,327,353,208
1247849844,3813571483,0,499,62,436,499,374
958206019,120349442,76,423,0,498,347,498
1292421528,4108911148,13,485,109,408,472,299
1007713116,435255475,119,380,50,449,261,399
1261418753,3898725457,33,462,122,357,429,235
1314114771,4186153193,3,472,106,390,469,284
1324384878,4237073471,62,436,0,499,374,499
1274213167,218135,100,398,26,499,298,473
1325155037,4240471811,26,470,101,404,444,303
1008107300,435918017,156,342,100,399,186,299
1279678125,4040441005,29,466,127,407,437,280
1324246750,4235886132,69,449,72,460,380,388
1026056214,559361597,15,483,74,422,468,348
1268634312,3952414904,64,448,138,359,384,221
1306888548,4168958883,174,315,89,419,141,330
1240856905,3750155545,62,436,0,499,374,499
1249535226,3819982069,130,369,130,292,239,162
1131445816,2204702669,18,462,134,461,444,327
1037231892,16498068,62,436,0,499,374,499
1137588086,1313207161,151,337,214,286,186,72
941622124,207151478,98,403,149,354,305,205
1121434483,2035606022,0,499,1,499,499,498
1263792838,3914179178,32,466,0,499,434,499
1007704420,435167313,100,399,51,448,299,397
921249581,168344581,1,496,97,402,495,305
878678460,123945872,85,408,26,499,323,473
1267280359,3942384509,137,366,11,456,229,445
1250268418,3831364265,0,499,62,436,499,374
892700209,140070690,46,452,0,499,406,499
1244546153,3785102614,0,433,32,499,433,467
1259157552,3887608733,56,443,60,449,387,389
1243659085,3775275170,0,499,62,436,499,374
1316987113,4211262005,99,416,54,475,317,421
1265233454,3929958786,9,490,53,444,481,391
1265216987,3929900636,18,492,110,386,474,276
1114979744,1932921775,31,472,26,470,441,444
1261368451,3898715916,100,389,53,426,289,373
1295949983,4127724866,33,467,22,473,434,451
1146558510,2520485434,116,383,117,382,267,265
862583136,102705863,74,422,69,427,348,358
1267989070,3945013181,97,382,118,340,285,222
932583846,188846541,203,288,205,289,85,84
978059234,279209229,0,499,77,421,499,344
508685383,52348929,62,437,0,499,375,499
1122364346,2046252662,62,436,0,499,374,499
1114831339,1936987212,0,499,62,436,499,374
1275404136,4003973505,0,499,0,499,499,499
1127102067,2116206011,98,401,18,483,303,465
1305323254,4165343760,0,499,0,499,499,499
1307358815,458078010,93,405,0,499,312,499
1197337576,3205647126,0,499,63,436,499,373
1250221941,3831083366,180,319,153,346,139,193
1114982518,1932975409,0,499,62,436,499,374
1324119434,4236042314,80,499,52,435,419,383
1251219977,3838147864,49,452,85,440,403,355
1313477415,4197526883,0,499,29,499,499,470
872287967,117389353,94,405,27,471,311,444
1295220368,4125633344,48,455,86,399,407,313
934200649,191712125,77,427,11,499,350,488
1241256962,3751870805,76,422,0,499,346,499
1308439428,4176404996,0,499,0,499,499,499
1068361318,1183370397,0,499,62,436,499,374
1248205249,3814504932,31,480,178,340,449,162
1058159023,1087149262,0,499,237,264,499,27
1248579284,3816391882,0,499,114,385,499,271
1271706971,3979568031,39,466,39,465,427,426
1241418162,3756668898,185,314,153,346,129,193
1216778159,3484908022,86,381,151,351,295,200
1027124575,569699170,103,395,50,449,292,399
1174590261,2940639655,22,477,72,453,455,381
1318580670,4211616013,99,410,20,480,311,460
1278790154,4037083153,46,454,110,381,408,271
949385868,212342358,90,409,130,369,319,239
1275458677,4006638714,39,454,32,445,415,413
1195867669,3178011531,37,483,168,406,446,238
977960686,278567455,72,426,0,499,354,499
1092496161,1584177099,208,295,55,443,87,388
1053833545,1025188271,8,490,0,499,482,499
1154987674,2646579424,7,492,73,494,485,421
1007815337,435301423,150,349,108,391,199,283
294483293,7366641,72,426,0,499,354,499
1282007516,4050753697,116,377,44,337,261,293
1286019854,4072108969,61,446,34,472,385,438
1257497922,3881699865,13,480,28,478,467,450
966609608,253233442,0,499,106,393,499,287
1098953346,1694543472,0,499,62,436,499,374
1007263100,433523689,66,431,0,498,365,498
909659332,154010699,91,407,0,499,316,499
1225328865,3589408195,55,444,0,499,389,499
1241392112,3756523443,203,295,193,314,92,121
1053588286,1035122582,79,419,0,499,340,499
1314013691,4186120946,66,425,105,381,359,276
1195820867,3177207062,0,499,109,389,499,280
934307335,192197824,172,378,174,323,206,149
1311273749,3539723158,100,399,25,474,299,449
882416298,127012923,0,499,68,431,499,363
1233295852,850418653,55,442,0,498,387,498
1239245340,3735701089,176,322,175,323,146,148
1309576433,1984915285,100,399,25,474,299,449
1123324304,2051507842,150,349,133,387,199,254
1285965654,4071748477,1,498,1,498,497,497
1275608397,4006500349,14,470,90,451,456,361
1029530098,592042962,82,417,0,498,335,498
1282008223,4050753980,261,453,147,434,192,287
1201828801,3249400532,92,408,71,468,316,397
1262589043,3908954620,13,465,96,458,452,362
1212383573,3424413620,41,470,69,471,429,402
940549527,144220232,134,368,147,361,234,214
1164498554,2786150060,42,460,130,374,418,244
1277791766,4026267078,0,499,0,499,499,499
1102379643,1798749064,59,443,109,325,384,216
1274623356,265666,69,429,0,499,360,499
1322917871,4231783389,76,477,43,458,401,415
1324006158,4235887439,0,499,0,499,499,499
947159032,124775699,132,365,114,384,233,270
1096607218,1657061268,41,455,113,389,414,276
1284064783,4063356421,24,464,46,455,440,409
1174586261,2940638657,156,342,147,351,186,204
1262365764,3906641202,0,499,0,499,499,499
1264083031,3923183573,0,499,0,499,499,499
1010717978,447210180,73,425,0,499,352,499
1237107913,1681883768,8,494,147,335,486,188
1019219234,515682926,120,394,49,447,274,398
1283501710,4061479224,146,415,164,436,269,272
1181445010,3002935070,43,489,80,421,446,341
982089646,285612605,70,429,0,499,359,499
1007562230,435036570,58,441,0,499,383,499
1242957291,3768114099,0,499,109,389,499,280
855808601,88561133,56,442,0,499,386,499
1262301370,3906636760,0,499,0,499,499,499
1313532424,4199252521,40,489,48,440,449,392
1062713347,1118704561,0,499,109,389,499,280
1073613146,1317604963,0,499,62,436,499,374
873910109,115233191,56,396,0,489,340,489
925083068,176483327,74,424,0,499,350,499
894903772,18645939,12,486,12,486,474,474
1094709305,1626635375,74,425,0,499,351,499
1261173396,3898707812,18,482,144,353,464,209
1216089065,3477299884,6,491,90,395,485,305
872794047,118182303,122,378,142,364,256,222
1213149146,3441756838,2,475,72,423,473,351
871007761,115725737,84,415,0,499,331,499
1275035489,4003835345,46,452,202,401,406,199
1133340842,2248249353,69,430,0,499,361,499
1019347222,516412346,157,339,7,484,182,477
1148747176,2546193561,1,498,124,383,497,259
1209766017,3372656136,0,499,110,389,499,279
1176504842,2958500798,0,499,68,430,499,362
1071996155,1299634999,92,406,0,499,314,499
1306793733,4168955522,0,499,102,498,499,396
1276430933,4013272705,0,477,0,499,477,499
1068131842,1189554063,72,429,10,476,357,466
1105433573,1849425624,41,450,100,420,409,320
1192387795,3122243424,125,374,0,499,249,499
1250268118,3831364104,0,499,62,436,499,374
964712936,246831401,50,427,113,386,377,273
1297791692,4137061272,56,430,108,388,374,280
1105978187,1859461890,82,416,0,499,334,499
1255498727,1100659519,100,399,15,484,299,469
1305052888,4164659406,106,388,51,463,282,412
1311408770,4187117901,53,444,193,398,391,205
1235615617,3696317581,34,467,130,365,433,235
1169449898,2875392184,56,442,62,436,386,374
1248203411,3814504905,74,325,285,447,251,162
744639960,60519820,68,431,0,499,363,499
1167585490,2841080059,110,389,53,445,279,392
1066006375,1159280720,165,334,184,315,169,131
1257245148,3879891794,0,499,0,499,499,499
941678887,207258101,126,377,166,329,251,163
1255747573,3870846042,12,480,44,386,468,342
1117455103,1973706037,192,309,131,371,117,240
1313196135,4182719262,70,451,30,482,381,452
1272407549,3989512580,161,317,140,464,156,324
1174592787,2940640384,14,496,60,439,482,379
1188462917,3065095739,0,499,62,436,499,374
1258933243,3887583420,50,460,41,463,410,422
955189713,219193569,79,420,0,499,341,499
1273444495,3992726955,140,412,111,417,272,306
1258097670,3883744206,0,499,0,478,499,478
1027000267,569625626,108,390,50,449,282,399
1248853494,3817904650,83,427,62,419,344,357
1315634778,4206625441,0,499,4,499,499,495
1026775003,569538195,104,394,50,449,290,399
1276429269,4013272334,33,434,73,443,401,370
1322959280,4231793438,31,452,136,362,421,226
1104732813,1923137461,0,499,0,499,499,499
1153379101,2615811502,103,395,50,449,292,399
1314577765,4202305246,64,423,45,463,359,418
1269068514,3955112083,0,499,0,499,499,499
1320098422,4215360488,133,363,54,429,230,375
1104879356,1844836161,89,409,0,499,320,499
1252917834,3853519566,83,415,0,499,332,499
1162646866,2755753142,166,332,104,457,166,353
1240113586,3387485383,9,487,85,424,478,339
1151791876,2590164763,130,353,111,394,223,283
1100076528,1711735998,70,429,145,354,359,209
932529411,188595116,0,499,62,436,499,374
1248866737,3817907726,87,412,40,465,325,425
941622002,207151484,240,265,0,499,25,499
901206853,146621302,130,369,77,421,239,344
1260342557,3893243209,0,499,0,499,499,499
1239939611,3673696228,100,399,9,489,299,480
1323289464,4231691899,0,499,0,499,499,499
1145962613,2501588078,137,361,90,409,224,319
1136119295,2318904193,106,407,30,429,301,399
977993835,278574596,87,412,157,499,325,342
1250985825,3836838764,0,499,0,499,499,499
1156931684,1962185429,141,372,57,458,231,401
1116673423,1963506036,141,353,129,396,212,267
1026964061,569772446,113,385,50,449,272,399
1201818699,3249395680,8,491,0,499,483,499
983685420,287881135,62,436,0,499,374,499
1308390397,4176107789,49,463,160,338,414,178
1282573082,4057550996,27,462,109,379,435,270
1275030012,4003834635,70,429,75,429,359,354
1153080582,2618440759,70,429,145,354,359,209
1139663572,2396698212,84,414,0,499,330,499
1269514503,3959384918,26,459,38,356,433,318
1231460995,3649806182,0,499,62,436,499,374
1310222413,4183281912,115,379,9,332,264,323
1310078790,4181962032,114,479,28,456,365,428
1321587980,4223049616,34,465,25,499,431,474
1305522992,4165982805,0,499,94,405,499,311
1212769373,3433487625,202,316,58,450,114,392
1321053309,4221677449,38,448,56,437,410,381
1233595846,3680916349,99,400,0,498,301,498
964259798,246489309,146,353,170,305,207,135
1070092213,1262616431,10,494,34,475,484,441
1262549982,3908517062,188,337,76,422,149,346
1269516547,3959387193,11,488,160,418,477,258
940889141,205319034,189,318,226,341,129,115
1294250941,4122794829,77,439,56,384,362,328
1309364987,4180351686,62,436,0,499,374,499
1158032646,2694028062,110,389,67,445,279,378
1233864582,3682693353,46,463,152,406,417,254
987350071,294183454,95,404,0,499,309,499
1061587266,511836443,41,459,2,497,418,495
1253160422,3855208690,40,468,53,475,428,422
1234389802,3683750243,62,436,0,499,374,499
1275672079,4006519565,29,397,86,499,368,413
1221461934,3563524435,89,356,141,323,267,182
878549113,123916925,0,499,3,496,499,493
1281989278,4050747784,16,489,90,487,473,397
1167521773,2838767812,0,499,109,389,499,280
1308237709,4175231061,73,426,0,499,353,499
1303630892,4159071347,106,388,51,463,282,412
949552372,212583426,154,340,200,307,186,107
1209527697,2806785548,156,340,182,325,184,143
823492824,62744137,189,310,167,336,121,169
1324146143,4236042793,0,499,0,499,499,499
435636943,49991862,130,365,133,363,235,230
921250314,168344639,62,437,103,431,375,328
1264832602,3925844211,0,499,36,463,499,427
1270399916,3971818198,0,499,0,475,499,475
1261173276,3898707802,11,478,167,343,467,176
1256823439,3875154284,97,403,43,423,306,380
1248645842,3816940905,10,490,185,347,480,162
1256105139,3873229667,0,499,0,499,499,499
1087851339,1530512704,190,299,30,460,109,430
941678361,207257911,215,282,173,222,67,49
1048832933,1754740107,0,499,109,389,499,280
1009322691,440692851,150,349,118,381,199,263
1237099863,1613215336,50,429,149,343,379,194
1322863257,4231777703,0,499,0,499,499,499
1154767713,2643902104,17,493,46,452,476,406
1225864527,2016481370,125,374,125,374,249,249
1082568535,278523939,153,346,100,399,193,299
938716411,183256636,161,396,69,412,235,343
1323989946,4235886114,41,464,79,400,423,321
972801392,138706035,139,386,173,446,247,273
1248832673,3817889047,0,498,0,311,498,311
939218347,198693929,134,375,159,340,241,181
1285857802,4017676594,15,464,111,387,449,276
1188457654,3064931434,11,487,22,480,476,458
1287880008,4079551096,146,329,89,430,183,341
1198580500,3012809056,22,476,36,473,454,437
1013294663,465261580,0,499,62,436,499,374
1192834725,3135791801,70,429,145,354,359,209
1260356330,3893244250,38,458,141,447,420,306
1070332903,1267395538,143,355,100,399,212,299
1285851634,4017672695,158,385,148,378,227,230
1184074845,2998613826,62,436,0,499,374,499
1313433565,4197675826,173,335,141,408,162,267
1068424981,1193823750,154,345,100,399,191,299
882042755,126463285,76,423,0,499,347,499
1158664503,2702362549,0,486,84,426,486,342
1053466121,1032724980,0,499,7,492,499,485
1304011546,4160805743,54,470,22,469,416,447
1108738389,1878218288,110,389,36,463,279,427
127717730,3690782,55,483,58,440,428,382
108063930,3234518,0,499,62,436,499,374
509043796,52370482,62,436,0,499,374,499
1047876318,933769950,101,445,107,394,344,287
919751847,165380099,0,499,25,473,499,448
1245748406,3794158985,133,370,113,360,237,247
1154754293,2643759477,54,453,75,499,399,424
964674392,246622875,71,427,0,499,356,499
1082340520,1466014169,75,316,152,353,241,201
1177148202,2970574103,208,291,0,499,83,499
1100085256,1711730470,110,389,50,448,279,398
1240724223,3748205006,0,499,0,498,499,498
1226447953,3597901435,73,426,5,499,353,494
852972374,80220190,62,437,0,499,375,499
1253330823,3856412572,25,477,20,376,452,356
1162849029,2752545454,125,373,0,499,248,499
1296812133,4132254855,63,437,23,488,374,465
1253151540,3855161597,98,449,346,497,351,151
1285863462,4070704847,0,499,0,499,499,499
1065823146,1155028326,15,485,57,459,470,402
844461418,72602214,0,366,62,436,366,374
1072432500,1303721729,0,499,62,436,499,374
1252293135,3848187410,53,446,0,499,393,499
886950439,132976331,0,499,62,436,499,374
1238948719,1910373135,35,455,107,386,420,279
1096642046,1616779252,140,359,85,414,219,329
1305530052,4165987123,85,375,200,339,290,139
1087851129,1530512696,190,299,30,460,109,430
1300138125,4145102016,0,498,56,454,498,398
973933449,224638140,75,423,36,456,348,420
332519597,47717866,165,330,184,301,165,117
1293303554,4116742237,203,312,68,451,109,383
1268370875,3950153281,4,494,0,499,490,499
1109088164,1882164460,69,429,0,499,360,499
1196636018,3195342583,0,499,0,499,499,499
1310294075,4182232271,47,423,82,408,376,326
1272487286,3989898168,26,458,94,375,432,281
1310469670,4182321295,66,433,136,377,367,241
1118351863,1980640096,85,413,0,499,328,499
991506928,299044590,27,495,112,351,468,239
1228861372,3621194125,50,472,42,476,422,434
957941371,225959208,0,499,62,436,499,374
984243841,288575899,0,499,62,436,499,374
1295892289,4126967838,6,453,26,455,447,429
1014684534,473950531,135,363,96,403,228,307
1265217813,3929900668,32,466,73,438,434,365
1178132920,2981151595,57,418,157,365,361,208
984321873,273318329,18,482,72,428,464,356
834002767,63757769,125,374,89,409,249,320
1226161575,3594231082,0,499,62,436,499,374
1264228385,3853156747,109,390,1,388,281,387
909037132,109665018,81,419,30,499,338,469
1201837779,3249409884,36,450,31,468,414,437
1014679666,473950195,136,363,97,402,227,305
1099084523,1923135143,0,499,0,499,499,499
948423127,210674425,0,499,62,436,499,374
1113115010,1832996230,135,362,35,473,227,438
1041514011,829183536,50,449,122,376,399,254
487130658,6297588,74,424,0,499,350,499
1262369419,3906641867,70,434,63,460,364,397
1261971012,3902123457,0,499,185,436,499,251
1026969391,569723662,111,388,50,449,277,399
1301509848,4150991442,117,385,148,337,268,189
1254446881,3861754521,0,498,0,498,498,498
1247849610,3813571347,0,499,123,436,499,313
1252628069,3850328844,0,499,62,436,499,374
870393965,114756576,77,421,0,497,344,497
1205826067,3312222035,168,340,56,462,172,406
1247336422,3808855077,0,499,81,417,499,336
1299519919,4141587428,62,472,85,429,410,344
1313351480,4197666615,0,499,0,499,499,499
1283548677,4061480564,0,499,0,499,499,499
1328257462,4250677708,0,499,0,499,499,499
940536351,138752827,105,445,216,284,340,68
1198714474,3173727671,0,499,62,436,499,374
931361184,185935018,100,399,194,305,299,111
1031872380,614718118,231,486,84,416,255,332
1301322271,4151250309,0,499,0,499,499,499
875712725,74249267,67,432,0,499,365,499
922170773,170807994,226,251,380,388,25,8
1308391186,4176107940,43,457,83,395,414,312
1102901884,1810164074,0,499,102,397,499,295
1105858664,1857674492,13,474,150,366,461,216
1286035429,4071964604,1,479,0,470,478,470
1264446428,3925554720,23,468,158,329,445,171
1002734481,384824496,27,387,155,444,360,289
1300263356,4141407348,0,499,56,442,499,386
1146324757,2516935488,0,483,0,499,483,499
1251709365,85247962,62,436,0,499,374,499
1283626285,4061593613,216,276,7,488,60,481
1262349085,3716209823,164,391,150,346,227,196
1123811405,2062695714,152,346,100,399,194,299
1323638200,4233734358,0,499,0,499,499,499
1305079916,4163175013,92,406,0,499,314,499
1303926636,4160319081,60,439,141,367,379,226
1303810158,4159742568,135,363,200,299,228,99
1202339833,3253328048,0,499,109,389,499,280
868861211,112594808,62,436,0,499,374,499
1193876625,3149507530,141,363,36,457,222,421
1165716402,2806218426,83,415,0,499,332,499
1308898633,278405698,100,399,20,478,299,458
1301860380,4153652494,0,498,0,499,498,499
860949847,2922018,122,377,162,337,255,175
1075454150,1347451506,138,361,100,399,223,299
1047241401,895367469,189,309,137,363,120,226
1117718658,1975789500,160,339,100,399,179,299
871552206,116440373,43,394,76,420,351,344
1050898680,51697497,0,499,109,389,499,280
875612199,73687706,99,400,0,499,301,499
1198094730,2317301947,155,344,100,399,189,299
1247486914,3805459610,109,389,3,499,280,496
1261173226,3898707800,11,482,171,329,471,158
1137859618,2355457086,62,436,0,499,374,499
1323853610,4231422496,64,402,81,465,338,384
471882030,50602472,150,349,127,372,199,245
1277063879,4015126556,70,428,0,499,358,499
980292862,283316945,9,475,68,432,466,364
1192186121,3123034636,71,431,302,486,360,184
1275999020,4010221411,23,499,0,499,476,499
987455599,294326678,0,482,55,442,482,387
1285837101,4017665573,98,413,95,360,315,265
1244899900,3787387758,109,389,10,499,280,489
1024710427,546581456,106,392,88,340,286,252
887271960,133443116,200,299,180,319,99,139
1026012271,558485473,54,442,92,477,388,385
1063853890,1132405887,0,499,84,415,499,331
1219230164,3525471405,74,336,89,408,262,319
864700070,106414303,0,499,62,436,499,374
1319271636,4214120265,54,453,102,408,399,306
308011890,46351833,57,442,0,499,385,499
1253339859,3856415420,8,492,41,140,484,99
1213623047,3451189048,100,399,61,438,299,377
835617671,61314581,74,425,0,499,351,499
1067178124,1178031857,0,499,63,436,499,373
912890242,156997681,0,499,62,436,499,374
1057996308,1084014258,62,436,0,499,374,499
1252627212,3850328342,0,499,154,436,499,282
1279339366,4037443003,19,474,27,477,455,450
1301495440,4150987996,116,380,111,397,264,286
1269398605,3958190102,100,377,141,387,277,246
1273059524,3992549921,33,481,35,468,448,433
1147026668,2527716040,52,455,98,412,403,314
326788248,47414091,48,450,0,499,402,499
1283737026,4061607903,0,499,0,499,499,499
1287880623,4079551106,39,474,20,479,435,459
1285861567,4017677426,164,368,34,476,204,442
1243395928,3773715551,36,458,43,465,422,422
1233551735,3680779844,59,447,114,363,388,249
1156623934,2675025369,30,474,171,326,444,155
964625978,247668021,226,324,200,305,98,105
1257396693,3881318958,0,499,0,499,499,499
949551795,212486241,161,338,132,366,177,234
1005824913,418197413,5,494,0,499,489,499
1249535558,3819982808,138,366,158,350,228,192
1285877984,4017685877,13,494,29,495,481,466
853252286,57594711,152,346,110,389,194,279
1243785565,3775997586,210,291,77,432,81,355
1158121313,2695198241,100,389,15,476,289,461
1084629939,1499330840,124,373,92,421,249,329
1287477103,4076879150,0,499,0,499,499,499
1211073361,3389899284,135,442,219,283,307,64
1067295622,1179980398,75,424,21,465,349,444
1249535537,3819982799,136,365,168,337,229,169
1103639421,1817645711,124,364,123,389,240,266
1211444739,3399880191,131,391,55,279,260,224
1039330548,794404435,103,386,65,456,283,391
1102434296,1796651037,0,499,62,436,499,374
1247705448,3812895606,0,499,0,499,499,499
1266488121,3938615560,8,492,125,339,484,214
1292249327,4108380451,17,483,27,463,466,436
1117546504,1975204969,74,425,0,499,351,499
941680860,201700578,0,499,62,436,499,374
845542952,66270592,194,288,184,297,94,113
1104445569,1833092521,0,499,62,436,499,374
1318283881,2182885897,8,494,83,417,486,334
689548681,57563681,0,499,62,436,499,374
1316947188,4201974483,0,499,0,499,499,499
1258618652,3886016055,62,437,138,362,375,224
1174591461,2940640094,162,339,142,362,177,220
1142199764,2448285289,139,357,173,356,218,183
971423298,262159201,80,433,6,494,353,488
1234768177,3690228611,74,423,34,453,349,419
1205942031,3314110627,73,426,0,499,353,499
1252615617,3850030288,184,338,73,470,154,397
1125464261,2091811848,96,400,144,365,304,221
879993299,125284601,50,449,79,419,399,340
1148289504,2540109820,137,361,100,399,224,299
1252068842,3846896411,0,499,62,436,499,374
1079219800,1416945641,96,407,28,453,311,425
1201837874,3249409913,109,390,72,427,281,355
1005834545,418195432,102,496,81,408,394,327
1238983285,3731336777,6,496,78,420,490,342
1160744838,2725727364,63,444,144,354,381,210
1270627694,3972428230,65,499,0,499,434,499
1234711037,3689152650,0,499,0,499,499,499
978114956,256756228,0,499,62,436,499,374
1061556958,247392862,58,476,32,438,418,406
1236944506,3716248209,180,319,153,346,139,193
1064932361,1137631254,0,499,62,436,499,374
893656372,141548352,62,436,0,499,374,499
1032419930,541874289,110,353,140,441,243,301
1283957307,4061636645,0,499,0,495,499,495
1151977103,2595687696,62,436,0,499,374,499
539218730,53294505,82,416,25,497,334,472
1209286926,3161362952,149,361,140,397,212,257
1263107594,3914025292,144,353,6,490,209,484
1301498803,4150989622,30,476,63,480,446,417
895247933,87620768,91,407,0,499,316,499
1300918426,4149749584,136,366,22,482,230,460
1205777119,3303043369,0,499,109,389,499,280
1073773055,1325858109,60,440,12,490,380,478
1220243994,3541701836,150,349,12,488,199,476
1203070059,3226779819,72,427,0,499,355,499
1322874184,4231780160,42,429,58,437,387,379
1189448282,3082185803,184,303,160,310,119,150
1249535555,3819982807,137,359,159,339,222,180
917447097,163130441,0,499,62,436,499,374
1265572718,3931853451,0,499,0,499,499,499
1283895935,4061625474,27,491,25,485,464,460
1039561477,798551580,193,324,391,491,131,100
1276440685,4013274737,28,461,40,487,433,447
1119407574,1998121283,17,445,93,426,428,333
1251642015,3844295324,59,426,176,375,367,199
1254860733,3866884432,0,499,110,499,499,389
1254895911,1490769080,104,392,33,476,288,443
917854019,163464846,15,483,79,410,468,331
936885781,196959015,101,397,1,498,296,497
1191032897,3101160057,101,404,134,359,303,225
1169971387,2889238672,13,488,32,469,475,437
1317616928,4213735772,99,404,106,411,305,305
1264903404,3928057296,0,499,0,499,499,499
969931767,258074330,71,429,74,424,358,350
1121008795,292071805,145,353,100,399,208,299
1277877826,4023204219,0,499,0,499,499,499
999369402,342118492,126,383,65,498,257,433
996964590,324538936,142,357,168,330,215,162
172546830,5457046,145,354,100,399,209,299
1257017001,3876815401,88,410,0,499,322,499
1255754581,3868361860,106,416,42,353,310,311
1310201815,4183259630,150,401,151,367,251,216
1275640334,4006509683,26,484,75,459,458,384
1275678089,4006528690,135,358,95,426,223,331
1325228218,4240793824,15,475,108,440,460,332
1255244144,3868410712,0,499,0,499,499,499
900238510,145833562,0,499,62,436,499,374
1261410296,3898722459,0,499,0,499,499,499
1316247872,4200880294,80,427,90,432,347,342
1203618208,3281024419,0,499,0,499,499,499
1310776899,4184888429,0,499,86,412,499,326
898686402,134044949,0,486,25,473,486,448
770043903,57902059,148,343,166,347,195,181
1154645678,2515142213,41,477,82,429,436,347
850703184,82287217,106,396,233,265,290,32
901353654,107302993,100,399,104,394,299,290
1301425746,4060915300,0,499,6,499,499,493
1211985207,3414115717,0,499,83,415,499,332
1289805183,4089728954,10,459,0,488,449,488
1198108458,1164903240,154,345,100,399,191,299
1265192226,3929867752,98,402,69,451,304,382
1306614056,4168967347,41,390,33,462,349,429
1283887373,4061624525,73,483,89,393,410,304
1276354450,4012864983,7,499,0,486,492,486
1276067229,4010225527,0,499,0,499,499,499
1295075901,4123254283,122,370,166,331,248,165
1303201090,4157523194,139,393,55,431,254,376
1126869775,2109110211,0,499,62,436,499,374
1274425000,2262140,56,442,0,499,386,499
846400293,75711218,45,454,0,499,409,499
1041387020,1936969753,219,282,174,260,63,86
1301253923,4151262588,39,453,78,398,414,320
1306854367,4167092388,0,499,0,499,499,499
930118857,184023930,62,436,0,499,374,499
939607856,202316747,62,436,0,499,374,499
1319946942,4215265806,172,330,0,499,158,499
1265215656,3929900572,161,357,13,467,196,454
1164824992,2785768323,62,436,0,499,374,499
1275603040,4006499790,45,479,30,451,434,421
1309554442,4180148289,0,499,0,499,499,499
874730080,116114102,71,427,43,455,356,412
1307747357,4172812997,181,337,113,369,156,256
1317174133,4211282670,0,499,4,499,499,495
1243283990,3765119357,132,282,154,350,150,196
1318395339,1921332331,35,450,35,447,415,412
1308302370,4151676845,95,393,48,428,298,380
959938805,234269638,75,424,0,499,349,499
1246302221,3798145317,0,499,62,436,499,374
1276403660,4013137856,0,499,10,489,499,479
1316248409,4200880305,39,463,135,392,424,257
1313459702,4197678547,0,499,16,499,499,483
1321022645,4221665038,122,371,7,495,249,488
1309659984,4179728339,0,499,66,499,499,433
1283894280,4061625333,105,395,71,459,290,388
1143936208,2472014719,10,478,229,271,468,42
1259125508,3887606669,52,427,59,430,375,371
1315198561,4187519013,67,476,71,436,409,365
1265206936,3929890055,9,488,82,459,479,377
1265222080,3929898816,111,422,12,484,311,472
1298547021,4139986240,20,491,184,326,471,142
1218262174,3503123101,56,443,0,499,387,499
1186917497,3039711009,165,334,134,364,169,230
1258358859,3883427138,207,290,172,347,83,175
1065997656,1158987672,110,389,145,354,279,209
1214167323,3459251215,156,343,100,399,187,299
1242902138,3766853540,102,397,36,499,295,463
1102678414,523139117,42,458,80,415,416,335
1009022661,439743152,73,425,0,499,352,499
893309581,141191162,178,319,204,302,141,98
1201813421,3249211913,167,278,6,494,111,488
975606205,209462626,9,493,40,464,484,424
1300255563,4142057194,79,419,0,499,340,499
1192018339,3120416772,0,499,0,499,499,499
1303826500,4159426468,106,388,51,463,282,412
935002527,193645043,0,485,83,435,485,352
1253152290,3855161636,40,485,16,492,445,476
1144686582,2485902869,85,414,0,499,329,499
1221728856,3565825780,63,436,0,499,373,499
1264022047,3923098679,0,499,0,499,499,499
1092496480,1584177007,116,378,66,419,262,353
1122893281,143647716,67,432,0,499,365,499
1255519565,3870103987,29,472,131,471,443,340
932920472,189528392,62,436,0,499,374,499
873156937,18632795,62,436,0,499,374,499
962076241,239353354,0,499,62,436,499,374
1087851127,1530512697,218,306,88,420,88,332
1316190298,4200876883,51,428,84,387,377,303
1104927202,1843821217,55,444,0,499,389,499
1275623997,4007155531,70,446,69,431,376,362
1043841104,853456186,26,481,62,434,455,372
1302479434,4155417514,0,499,0,463,499,463
933259018,190110733,73,426,0,499,353,499
848924023,80196436,0,499,63,437,499,374
1294224395,4122564107,80,417,133,332,337,199
1324211617,4233621964,49,440,56,442,391,386
1080840226,1453066604,79,419,0,499,340,499
1316225726,4200879125,0,499,0,499,499,499
1192165482,3122724270,68,432,22,488,364,466
1002213895,371034701,62,436,0,499,374,499
1006410032,423536461,138,360,95,404,222,309
1013196414,464645667,163,339,35,477,176,442
1317274795,4211717772,125,381,36,452,256,416
874729023,82390310,71,427,16,499,356,483
1313307304,4197507190,20,469,29,470,449,441
891741414,138469409,143,355,100,399,212,299
1253458826,3856809766,163,336,63,451,173,388
922170791,170807975,215,269,109,392,54,283
1299293056,4141676053,108,394,40,449,286,409
1248645597,3816940892,21,481,94,397,460,303
1313287146,4197503034,38,460,117,389,422,272
1269455574,3958959503,38,452,98,394,414,296
1323988106,4235885965,70,421,21,470,351,449
1264352619,3921532299,2,496,0,499,494,499
1277512352,4019800243,98,413,95,360,315,265
1289163856,4086065436,0,499,0,499,499,499
1205931309,3314026236,9,490,137,362,481,225
1068673024,1198314365,49,450,0,499,401,499
989527830,296659249,0,499,63,436,499,373
1237265149,3716300054,28,466,119,360,438,241
1190259089,1876687702,132,376,134,366,244,232
1261428351,3898729187,92,499,0,416,407,416
1316437068,4209064256,144,396,14,479,252,465
863159128,103585615,89,410,0,497,321,497
1273152400,3993169712,256,298,158,283,42,125
1142061476,2446326446,54,430,134,396,376,262
1009963565,443653323,0,499,50,448,499,398
1309973808,4181944733,26,466,75,499,440,424
1250150249,3830390856,44,473,131,424,429,293
1276221168,4012178420,55,472,122,424,417,302
1264954305,3927797100,0,499,74,499,499,425
983549039,287568759,78,425,126,365,347,239
1285141151,4066271802,0,499,0,499,499,499
1128331448,473238103,156,342,100,399,186,299
1267310552,4441231,72,426,0,499,354,499
1178310231,2984373216,13,477,53,450,464,397
1251337268,3840951478,109,389,0,499,280,499
1213367387,3312527228,77,421,81,418,344,337
1234719894,3689442554,62,436,0,499,374,499
1027353566,570725046,104,395,50,449,291,399
1155956024,2662545053,0,499,62,436,499,374
1243387418,3773727758,19,480,95,404,461,309
710005778,55117630,85,413,30,469,328,439
1225802861,3591581802,0,499,142,436,499,294
1290271596,4092737987,0,499,0,499,499,499
1177148618,2970575417,207,292,0,417,85,417
1026788841,569542901,113,385,50,449,272,399
959218559,231450695,83,416,83,416,333,333
1133776193,2265172708,0,499,63,436,499,373
1321758026,4223033598,39,467,12,486,428,474
1263719080,3921152652,0,499,6,492,499,486
1086112765,1508844006,112,405,90,426,293,336
1198151310,86220806,184,315,150,349,131,199
1283925752,4061632746,124,375,159,342,251,183
1190252905,2832752222,47,458,118,432,411,314
1144459694,2482252657,111,388,0,499,277,499
1285919924,4071503308,79,419,0,499,340,499
1009054897,439808513,73,425,0,499,352,499
1307661870,4172537160,43,455,28,435,412,407
1275226667,4003939381,67,435,111,477,368,366
1133292898,2246749422,120,375,77,423,255,346
1007393207,416654304,100,399,48,451,299,403
1305528273,4165986499,56,427,185,358,371,173
1259521436,3889172358,35,499,10,499,464,489
1325976184,4236085069,0,499,109,389,499,280
1314418804,4202302414,12,489,61,344,477,283
1156690533,2662306549,0,499,82,416,499,334
1222592509,3571373213,0,499,100,398,499,298
1066930699,1173353288,18,481,25,473,463,448
912046245,156139456,184,310,209,294,126,85
1250565603,3833397017,39,456,127,369,417,242
1166560340,2810856301,109,390,0,499,281,499
1076524329,1348401284,151,355,126,370,204,244
934632125,187260573,4,490,107,391,486,284
1138087824,2359712641,66,434,3,497,368,494
1311613276,4188732267,1,497,0,499,496,499
1239449553,399300036,39,461,185,356,422,171
1204212870,1161958998,117,374,3,496,257,493
1283045737,4058376220,0,499,0,499,499,499
933259168,190110575,5,481,12,497,476,485
1252528933,3849953822,0,499,0,465,499,465
1295770851,4126965928,52,416,95,413,364,318
1087989714,1531792232,0,499,109,389,499,280
1008876634,439615987,73,425,0,499,352,499
1295779546,4127839430,124,373,48,411,249,363
258248783,7896036,150,349,107,391,199,284
1308947626,4177869120,240,257,0,499,17,499
1265238024,3929959791,67,426,114,420,359,306
1220516986,3547367587,66,432,0,488,366,488
1176503614,2958499423,0,499,165,337,499,172
1220363465,3540995693,10,491,134,349,481,215
1244270336,3781841810,0,499,62,436,499,374
1323079569,4232650800,21,471,198,358,450,160
1239972071,3742982050,16,482,0,499,466,499
1313296751,4182970774,32,461,132,365,429,233
1311781670,4189048049,0,499,0,499,499,499
1038929514,760977100,137,365,159,334,228,175
1283607881,4061592283,40,473,163,363,433,200
1273124771,3992403583,62,440,67,440,378,373
1138505908,2361171821,197,244,46,452,47,406
1249534181,3819978741,140,364,151,327,224,176
1137010948,2337202324,0,499,62,436,499,374
1276735735,4015993724,0,499,131,353,499,222
1191330342,3073994115,73,410,57,431,337,374
994290461,302288623,67,243,139,270,176,131
1314652867,4202227738,0,499,0,499,499,499
857490801,90504521,207,291,189,310,84,121
1169255469,2871680780,62,436,0,499,374,499
1241396699,3756587254,185,314,159,339,129,180
1310504436,4182442100,61,464,43,456,403,413
1197494669,3208288558,0,499,109,389,499,280
1158120556,2695196880,191,315,26,469,124,443
1190258158,1876686978,0,449,67,432,449,365
1316107196,4200869982,39,499,35,477,460,442
1081446913,1457967546,66,431,0,499,365,499
1245673828,3793736095,19,480,21,479,461,458
1190249338,1876685858,138,351,87,392,213,305
1284107087,4063364559,25,476,48,475,451,427
1116431198,1960673848,63,450,84,430,387,346
1009220527,440541009,160,339,130,369,179,239
1267248935,3942392603,30,469,10,453,439,443
1273168195,3993177736,7,489,104,370,482,266
1312719916,4195803476,0,499,0,499,499,499
1257152060,3879365450,108,380,19,481,272,462
1121926873,2044949559,123,380,52,456,257,404
1235784918,3698939931,100,399,9,490,299,481
858131665,92416174,196,302,175,324,106,149
966460845,252974389,0,499,62,436,499,374
1269771029,3962600185,0,499,62,436,499,374
891917230,86222840,62,436,0,499,374,499
949385428,212342906,128,394,149,351,266,202
1259350777,3887630460,17,464,59,466,447,407
1054189212,1037136523,71,428,0,499,357,499
1094846893,1629867522,146,337,153,344,191,191
940435486,113053536,20,478,16,482,458,466
1215408911,3470137676,117,381,65,434,264,369
907090216,115273943,165,334,114,384,169,270
1286835413,4076591629,80,330,35,465,250,430
1291986348,4105525104,41,466,160,444,425,284
1027005417,569858289,109,390,50,449,281,399
971422356,262158730,74,426,5,495,352,490
1026986926,569779315,110,388,50,449,278,399
892955823,141000043,62,436,0,499,374,499
1236317690,3707217371,71,439,127,371,368,244
1319996117,4215324811,19,478,109,366,459,257
1100085073,1711730115,180,319,153,346,139,193
1008770878,439145276,73,425,0,499,352,499
1276008878,4010222437,84,491,14,489,407,475
1250008767,3822514011,62,436,0,499,374,499
1239769153,3740091012,105,395,4,494,290,490
1174579125,2940636389,136,364,159,361,228,202
1170273850,1892606186,1,499,90,423,498,333
900327640,142362889,156,333,139,389,177,250
1215485375,3470037266,69,429,0,499,360,499
1325247138,4234390636,6,494,18,494,488,476
1148435669,1512728698,60,439,0,499,379,499
1060234927,1096903086,162,336,125,374,174,249
1312008105,4191549088,0,499,109,389,499,280
1196881413,3196259373,150,348,123,375,198,252
883949513,129167311,117,381,65,434,264,369
971839497,263244725,0,499,62,436,499,374
1266356116,3938169271,45,435,75,344,390,269
1093791214,1923131980,48,451,61,447,403,386
1320238277,4215734998,0,499,146,237,499,91
1261171613,3898707195,39,493,144,355,454,211
1276808788,4017080861,63,437,3,497,374,494
1225871707,1107170497,156,358,188,302,202,114
1123178298,2050342709,56,442,0,499,386,499
1300856715,4149336454,73,426,0,499,353,499
1069013399,1194980798,171,326,7,494,155,487
1275423063,4004208654,74,482,82,499,408,417
932494260,185044094,71,428,12,486,357,474
1143981029,2473129325,49,404,15,499,355,484
1276225279,4012179124,0,499,0,499,499,499
1289975669,1258531,88,411,0,499,323,499
1069035245,1218190978,22,476,95,411,454,316
1289745118,4087671228,0,498,16,499,498,483
1283577018,4061482041,0,499,0,499,499,499
1027338473,570670498,61,438,0,499,377,499
1264999636,3928961188,125,374,163,374,249,211
1039132891,783203033,68,430,0,499,362,499
1245674641,3793736495,19,480,53,448,461,395
857010734,90739086,0,499,62,436,499,374
1140137887,2404481209,128,371,85,415,243,330
1239419315,3736145509,62,436,0,499,374,499
871097635,115807747,32,477,52,444,445,392
1128330241,2142370865,32,455,111,412,423,301
1204247619,3287287941,83,418,18,482,335,464
1249535251,3819982114,130,369,170,329,239,159
954592784,219105587,0,499,0,499,499,499
1273151462,3992522147,64,436,71,441,372,370
1289761309,4089720409,110,390,103,398,280,295
1158639510,2697606255,62,436,0,499,374,499
1268716847,3951838452,79,402,56,449,323,393
1144416589,2474732478,62,436,0,499,374,499
1299531049,4141662091,35,473,142,392,438,250
956069961,220939473,158,330,161,311,172,150
1231198345,3646395380,111,402,136,371,291,235
295142868,18225919,0,499,71,427,499,356
1249535744,3819983496,64,425,116,407,361,291
1239002334,3731581754,14,499,50,453,485,403
862681384,102705191,53,447,113,387,394,274
1092264979,1580102238,26,473,224,273,447,49
1280711923,4046439378,0,499,0,499,499,499
895306097,67513128,26,472,0,498,446,498
1209687476,3382452758,30,469,0,499,439,499
1116862735,1099448789,156,343,100,399,187,299
972962282,49318232,91,408,0,499,317,499
973462121,269036813,72,427,0,499,355,499
1094771413,1627926030,200,291,172,341,91,169
1069804015,1256943423,39,417,132,378,378,246
1316187342,4200876750,91,379,26,443,288,417
1257267134,3879940611,109,389,0,499,280,499
1276403822,4013137927,79,460,47,475,381,428
1309232984,4179864313,0,499,0,499,499,499
1003110940,390736713,24,475,27,472,451,445
1274437303,273897843,82,417,0,499,335,499
1164322498,278509850,156,342,100,399,186,299
947746907,116630865,24,475,0,499,451,499
1308884698,3220102603,100,399,37,461,299,424
1088172818,1529406612,43,455,0,499,412,499
1187036441,3036490966,62,436,0,499,374,499
1257232558,3879885408,0,499,0,499,499,499
1231318329,3647545074,165,334,0,499,169,499
1276069924,4010225594,122,352,119,454,230,335
1128649325,2152081856,0,499,0,499,499,499
1276022926,4010224188,17,495,6,493,478,487
987652011,294482137,106,396,60,439,290,379
1277589597,4022758219,48,463,95,447,415,352
1252264215,3845095349,0,499,62,436,499,374
1121267421,1887689019,31,458,179,337,427,158
1013532108,467712669,68,430,0,499,362,499
1295960294,4128438360,29,435,75,426,406,351
338738899,48048999,0,499,62,436,499,374
1304067151,4160931269,106,388,51,463,282,412
1236324375,3707218485,73,429,94,407,356,313
1105540316,1852846294,21,478,21,478,457,457
1120614604,2015760467,56,443,124,474,387,350
1312711591,4195681788,21,467,131,402,446,271
1268413713,3951004979,0,499,0,496,499,496
1260389925,3893245917,105,396,112,420,291,308
879277012,119569664,192,306,156,342,114,186
1319411816,4214354223,218,278,18,481,60,463
1295444994,4126401515,83,415,0,499,332,499
1042988646,819643860,133,362,117,383,229,266
1261201304,3898936954,0,499,62,436,499,374
1241427615,3756676202,206,292,192,310,86,118
1123151950,278552521,155,344,100,399,189,299
1135206120,2302479016,15,473,44,471,458,427
941678895,207257899,132,365,171,318,233,147
1295960283,4128438356,39,430,53,446,391,393
933234188,190091335,93,411,40,464,318,424
941622272,207151553,160,320,183,344,160,161
1267289146,3942384726,11,488,43,473,477,430
1129531112,2167908725,172,326,97,427,154,330
1029511562,591830024,48,459,106,479,411,373
1292739222,4108562284,62,443,0,499,381,499
1046068517,871281070,68,431,0,499,363,499
1296754123,143780255,47,451,0,499,404,499
1301841115,4151009512,113,348,70,437,235,367
1068062343,1182472593,70,428,0,499,358,499
1240652841,3748058564,0,499,94,384,499,290
1100064297,1711734842,110,389,51,448,279,397
1010083112,212887568,123,195,237,263,72,26
1093803288,1923135427,16,481,31,457,465,426
1097548711,1672814433,63,434,0,497,371,497
1315277608,4204298019,127,339,0,490,212,490
1273228926,3992538498,74,428,82,423,354,341
896071937,66631349,84,415,0,499,331,499
1321588313,4223049877,208,292,23,481,84,458
1265222398,3929899354,7,495,2,493,488,491
1121360131,2034804887,128,369,10,481,241,471
1075760781,1352145858,27,485,138,378,458,240
1240847582,3750091847,124,375,3,489,251,486
1316295249,4200882897,8,414,6,472,406,466
1218051056,3497161397,62,436,0,499,374,499
1295890671,4126967812,29,440,40,414,411,374
700658405,58375471,0,499,62,436,499,374
1190251042,2041885662,184,305,78,389,121,311
915114341,159051557,71,421,89,410,350,321
1012323907,459298439,90,408,26,473,318,447
1260718863,3895288838,0,499,0,499,499,499
1027370642,570732796,109,390,50,449,281,399
1156119050,2650343633,51,447,0,499,396,499
1319188891,4214052754,48,462,106,413,414,307
1305328574,4165064610,79,419,76,426,340,350
1321636483,4223006144,92,406,8,493,314,485
1111835571,1915838870,19,481,133,370,462,237
1167372625,2833659181,2,402,153,386,400,233
1110751352,212335005,62,436,0,499,374,499
1261173601,3898707830,0,499,174,377,499,203
1108316061,3716248242,110,389,54,445,279,391
1279045832,4037089403,53,455,50,455,402,405
893311088,141191016,189,288,213,297,99,84
1285136931,4063780034,27,472,54,475,445,421
1311390478,4187380576,13,474,143,407,461,264
1260036268,3889278446,0,499,57,441,499,384
1203051076,3268315687,0,499,62,436,499,374
1005840997,418204318,212,282,73,498,70,425
757718832,61221807,64,434,0,499,370,499
878760699,124124747,77,421,0,499,344,499
1096860990,1659766340,81,417,28,476,336,448
921249920,168344659,9,487,109,410,478,301
1137045600,2339615265,0,499,62,436,499,374
1280711088,4046496789,0,499,0,499,499,499
1188467026,3065374373,18,474,29,485,456,456
1174588243,2940639090,138,361,155,337,223,182
1092101858,1577638607,117,367,103,384,250,281
970095109,258349017,34,468,11,492,434,481
1099079392,1699473521,108,391,40,456,283,416
1226866560,3604511115,0,499,0,499,499,499
1019339272,516406713,23,483,120,366,460,246
1289408825,2949861977,76,422,0,499,346,499
1273155070,3993171518,39,456,150,356,417,206
1293929105,4120894310,83,415,0,499,332,499
1007837246,435302470,100,399,57,441,299,384
1156971791,2679537633,105,414,85,430,309,345
1254527858,3861226979,0,499,3,499,499,496
958280618,227190528,138,350,54,451,212,397
1317824624,4211206382,0,499,0,499,499,499
1027758614,575937757,6,493,6,492,487,486
1157307557,2683994873,100,371,144,370,271,226
1235800171,3699460204,0,499,62,436,499,374
1230826682,3638482357,62,436,0,499,374,499
1152208687,2589735862,84,415,0,499,331,499
1261395317,3898719797,57,468,33,470,411,437
1301315776,4151250123,118,454,51,345,336,294
987479633,294335319,65,426,24,460,361,436
857103260,90898785,69,430,0,499,361,499
1055538727,558487147,141,346,115,405,205,290
1248858152,3817905611,46,482,107,380,436,273
1063581099,1129077347,150,349,100,399,199,299
1220731500,3551968388,34,464,163,430,430,267
1216763526,3479091170,0,499,62,436,499,374
869995419,114198982,62,436,0,499,374,499
1255202247,3863871727,0,499,62,436,499,374
868131438,111528959,0,499,115,383,499,268
1282549264,4057545806,34,357,68,469,323,401
1257407740,3881319440,83,425,138,457,342,319
1223648950,3582654428,0,499,118,380,499,262
860559893,98588686,202,297,170,329,95,159
934573527,192782995,0,499,62,436,499,374
1043112446,847601914,0,499,5,494,499,489
1305103976,4164666576,106,388,51,463,282,412
1067581123,1182240385,0,499,63,436,499,373
1252627020,3850328126,124,362,77,410,238,333
1283851978,4061618342,0,499,0,499,499,499
1323050253,4231410276,54,422,60,428,368,368
1186229304,2103224371,18,480,14,452,462,438
1322821496,4231733429,0,499,0,499,499,499
1307747452,4172813003,147,371,115,304,224,189
1316291558,4200882714,115,437,26,483,322,457
1069675844,1253757049,0,499,62,436,499,374
1324228492,4236298696,72,428,45,464,356,419
1074325222,278527258,152,346,100,381,194,281
1311470892,4187526599,0,499,249,282,499,33
1073592243,1324004220,49,66,225,285,17,60
1063268331,960802491,137,361,100,399,224,299
1155883108,2659759904,0,436,94,499,436,405
997859009,87398453,190,309,157,342,119,185
1012111114,457363125,20,486,95,419,466,324
1262355070,3906639725,51,485,209,292,434,83
1308925229,4177868423,0,499,0,499,499,499
1073107999,1316299981,174,325,62,494,151,432
861912637,70999053,113,382,11,425,269,414
1174480381,2938568564,45,455,73,425,410,352
876138749,68372433,68,431,0,499,363,499
1199002455,1125431691,144,355,100,399,211,299
861903252,100771998,70,428,0,499,358,499
964305581,246526632,0,499,51,448,499,397
41843730,1817781,59,440,0,499,381,499
1253153946,3855190254,62,436,0,499,374,499
1263352939,3916164347,20,479,0,499,459,499
1277511777,4023129333,0,403,77,446,403,369
1026955441,569598101,106,393,50,449,287,399
1213906689,2772685764,15,473,23,482,458,459
885198767,122677648,87,390,66,433,303,367
1309670133,4181532999,108,392,121,371,284,250
1259232502,3887614201,13,485,30,466,472,436
54669630,928221,65,433,26,473,368,447
1131055375,2192161705,83,393,11,475,310,464
1324193986,4236297630,43,464,145,334,421,189
1323292240,4231695303,39,444,143,393,405,250
1292501820,4108936867,99,413,48,430,314,382
1249620430,3820269737,104,395,152,347,291,195
1108340350,1875051297,109,389,0,499,280,499
1233065348,3672942795,100,399,15,484,299,469
879080305,124387132,61,437,0,499,376,499
1267998664,3945013823,0,451,93,499,451,406
1156191901,2666372481,145,375,237,264,230,27
1129043817,2160252520,100,399,110,389,299,279
1248830784,3817887255,0,499,115,384,499,269
1262861857,3911799546,137,358,63,391,221,328
956638745,73015410,61,437,0,499,376,499
1303696671,4159373302,106,388,51,463,282,412
1272962484,3992137397,0,499,0,499,499,499
1275594065,4006498021,102,381,76,430,279,354
1087330632,1522296388,87,411,3,494,324,491
1257237893,3879893414,100,476,121,337,376,216
1298337789,4139128098,62,436,0,499,374,499
1262255975,3906228440,0,499,0,499,499,499
1242842753,3766445981,87,411,0,499,324,499
1202295775,3253643077,88,425,52,445,337,393
1253475635,3856810322,0,499,0,499,499,499
1064545974,1138764960,20,479,77,406,459,329
1316110972,4200870243,48,448,25,471,400,446
1111750625,1914622847,154,412,134,383,258,249
862097393,101505893,196,303,175,324,107,149
1301517601,4150995170,0,499,0,499,499,499
1260304317,3893329042,58,440,70,425,382,355
1273365353,3992624183,26,464,49,458,438,409
1239723385,2194591733,100,399,50,449,299,399
1306580294,4167082736,106,388,51,463,282,412
1138259411,2362542575,183,317,60,480,134,420
938769879,201139883,68,430,0,499,362,499
1026890161,569714678,106,392,50,449,286,399
1271790811,3981148459,0,499,109,390,499,281
1274813023,15110040,75,423,0,499,348,499
1243403717,3773718019,19,480,75,420,461,345
1244541393,3785188024,0,499,62,436,499,374
940803963,205146476,42,460,117,396,418,279
1131685280,2209825302,0,499,107,391,499,284
1027296343,570635023,100,399,70,428,299,358
862537648,102355485,0,499,257,295,499,38
1174591439,2940640090,9,490,10,476,481,466
1184061430,123743030,17,481,21,476,464,455
1203463657,3277809485,122,331,49,436,209,387
1134416925,2283175784,0,499,0,499,499,499
996139082,304728606,50,449,100,399,399,299
1237572129,3721460483,0,499,88,411,499,323
1232830977,3670108929,45,473,144,359,428,215
871186391,115987953,0,499,62,436,499,374
1303086212,4157459371,0,499,0,455,499,455
1038103560,67632513,117,382,50,449,265,399
981406680,284484155,134,367,36,489,233,453
1324094542,4236042068,25,470,20,478,445,458
1298439605,4139334122,55,470,65,388,415,323
1173341373,2926057629,0,499,0,499,499,499
920887907,167489323,0,499,118,415,499,297
1126893383,2110058131,0,498,119,379,498,260
1314628934,4202225178,55,452,34,468,397,434
1224056567,3585187640,0,499,109,389,499,280
1138013567,2357970567,0,450,43,456,450,413
1225886879,532978725,218,283,199,355,65,156
1040627877,816919252,0,499,62,436,499,374
1204111016,505864015,196,303,160,339,107,179
1223576943,3582299840,71,429,145,350,358,205
993084660,300862456,55,444,0,499,389,499
104453930,3196525,0,499,29,462,499,433
1026286171,561462395,141,471,139,358,330,219
1256643957,3874331423,122,394,110,401,272,291
436947892,50048695,67,432,0,499,365,499
1124900278,2085673608,83,415,0,499,332,499
1124765876,2082466274,150,349,134,387,199,253
1323412289,4231416216,48,450,81,402,402,321
1100069469,1711735914,110,389,51,448,279,397
1208136780,3351244933,198,302,55,385,104,330
845229617,73945511,73,425,0,499,352,499
941495734,206719094,72,427,0,499,355,499
833826475,5189619,185,314,159,340,129,181
1314558362,4202304760,30,477,28,464,447,436
1300059759,4144867975,0,499,0,499,499,499
1124583095,2075100333,0,499,0,286,499,286
1123726348,278390473,163,331,142,358,168,216
1303082140,4157459001,78,409,93,411,331,318
1001232209,364387559,79,499,0,446,420,446
1313457172,4197523466,169,331,113,464,162,351
1013165604,464293314,109,390,0,499,281,499
1168295872,2855207045,78,473,32,493,395,461
1262369432,3906641872,204,319,205,414,115,209
1317997220,4215841562,9,461,64,456,452,392
1317393307,4212780538,124,389,115,472,265,357
1270543778,3971733167,0,499,0,499,499,499
1279170303,4037098338,17,469,60,467,452,407
1241836096,3755397863,62,436,0,499,374,499
1253152351,3855161639,57,468,85,483,411,398
614820576,47088569,85,406,30,470,321,440
1266776505,3939946490,0,440,53,499,440,446
1301090571,4150481142,0,499,0,499,499,499
1301523506,4151263394,35,463,34,458,428,424
1184749616,2840326038,122,390,25,416,268,391
1206105046,3320079682,74,413,154,419,339,265
1026792458,315520514,105,393,50,449,288,399
1147324796,2531016426,2,497,81,476,495,395
1313600516,4197534198,223,284,93,358,61,265
1267984232,3944993107,70,454,163,300,384,137
1223788345,2361168978,23,469,156,351,446,195
1237239282,3713909240,62,436,0,499,374,499
1313370622,4197515031,8,492,90,411,484,321
1255752800,3871049545,0,499,0,499,499,499
1261423983,3898727678,0,412,0,498,412,498
1215334769,3470007628,0,499,88,410,499,322
1027309119,570655998,109,390,50,449,281,399
1298419197,4139712262,117,380,19,460,263,441
1314338341,4202210117,101,398,106,465,297,359
1050605523,966379597,0,499,114,385,499,271
1109152236,1883538109,72,427,1,498,355,497
1254365032,3861177574,40,409,76,440,369,364
1317873259,4215177122,15,482,11,484,467,473
302669562,2637376,72,426,0,499,354,499
1316280214,4200882121,0,499,62,436,499,374
1083704116,1488284489,86,406,32,471,320,439
1101763653,1779609194,70,429,130,369,359,239
1239002377,3731581804,133,350,11,479,217,468
1250268308,3831364243,0,499,62,436,499,374
937723187,198571057,0,499,62,436,499,374
1297735946,4111134573,92,242,149,401,150,252
1243522538,3774345098,88,409,109,415,321,306
1273096048,3992972567,71,395,136,339,324,203
1318317338,122458811,0,499,40,499,499,459
1277530367,4019812715,0,499,0,499,499,499
1204852290,3298640220,110,499,0,499,389,499
1109886786,1895417275,68,438,123,371,370,248
1012945574,462323809,50,449,110,388,399,278
1248680126,3817302376,194,292,188,270,98,82
1271700355,3979578637,0,499,0,499,499,499
487126972,51211170,90,409,86,413,319,327
1312634117,4195544265,18,475,114,389,457,275
1161189449,2733995910,96,407,15,478,311,463
932896037,189445539,125,374,62,435,249,373
1328678839,4250699966,163,341,123,372,178,249
1316112683,4200870750,3,496,22,482,493,460
957802444,225565052,60,438,0,499,378,499
1038046742,743058782,0,499,62,436,499,374
259168568,10594449,131,370,60,445,239,385
1248845098,3817901776,11,487,48,447,476,399
1304020037,4160807573,11,491,59,434,480,375
1235559458,3694988042,62,436,0,499,374,499
1323686629,4234147358,0,499,0,499,499,499
915097418,159603507,24,483,100,391,459,291
1075720787,1352056640,158,341,100,399,183,299
870863094,115457403,36,424,93,372,388,279
1328333584,4250681122,0,499,0,499,499,499
1008036851,435903900,114,385,50,449,271,399
193069730,3214290,74,425,0,499,351,499
1047849610,933419008,78,421,0,499,343,499
1066647278,1170003658,160,352,18,424,192,406
1136184336,2321758979,0,499,84,415,499,331
974189926,270695820,68,431,0,499,363,499
1305166506,4164674224,106,388,51,463,282,412
1289168280,4085984894,18,484,16,499,466,483
1199340277,3227186384,39,455,138,331,416,193
1247480118,3810740231,233,312,192,273,79,81
1318953949,4213849199,42,458,147,337,416,190
1128544619,2150030951,146,353,116,399,207,283
1324230489,4236298734,0,499,0,499,499,499
1093579255,1607576878,91,408,0,499,317,499
1099123319,1668783355,156,343,100,399,187,299
1260695805,3891477133,0,499,62,436,499,374
1287383485,4078466485,42,457,38,458,415,420
1162085620,2747596465,16,483,125,377,467,252
683255498,2921306,125,374,167,331,249,164
932971490,189715717,0,499,62,436,499,374
1265209417,3929890126,0,499,0,499,499,499
1048147555,937806248,0,499,109,389,499,280
1148438083,1807589089,61,437,0,499,376,499
1231121786,3645321879,150,348,100,399,198,299
1318290766,3106504764,20,473,84,401,453,317
1324064993,4236041647,10,470,23,470,460,447
1172791540,2920940567,65,437,11,458,372,447
987280799,294096674,0,499,62,436,499,374
1072744364,1303710979,109,389,0,499,280,499
1240687050,3743028763,100,399,16,483,299,467
1324255139,4235886724,13,490,122,392,477,270
1196238423,3076259372,52,448,79,426,396,347
1035233990,684039170,7,487,54,440,480,386
1266149612,3935894463,0,499,0,499,499,499
1169778671,2883452778,0,499,62,436,499,374
1068095203,1189061660,0,499,0,499,499,499
1151986340,2590702548,0,499,62,436,499,374
1310070034,4181960700,33,476,30,485,443,455
1169004109,2706200509,100,396,47,465,296,418
1305892608,4167018364,86,428,73,418,342,345
1280184125,4043977920,116,383,13,486,267,473
958598410,228544852,78,420,0,499,342,499
1124820644,2075120785,62,436,0,499,374,499
1137941519,2357035785,0,499,72,430,499,358
1285835726,4017665331,0,499,0,499,499,499
1129833752,2173388348,0,499,0,499,499,499
1230183638,3633121589,0,499,62,436,499,374
1318270996,156523854,56,399,108,389,343,281
1324125759,4236042493,158,343,377,456,185,79
1271404681,3976911661,25,455,96,449,430,353
1152434081,2606254537,15,483,15,483,468,468
1313905932,4200414305,41,448,47,456,407,409
1132384855,2225380526,0,499,0,499,499,499
941622187,207151529,153,354,194,308,201,114
1260280967,3894930043,75,429,81,428,354,347
892992603,140450618,0,499,41,457,499,416
1250963245,3836819550,0,499,48,478,499,430
933237390,190092539,72,426,14,499,354,485
1317924349,4215694398,83,429,132,390,346,258
1047603852,919848997,91,410,20,486,319,466
1301347176,4151321722,0,499,78,421,499,343
937866413,199153102,62,436,0,499,374,499
1237182544,3716581821,37,474,33,462,437,429
1282834868,4058286286,0,499,0,499,499,499
1263749024,3921277892,0,499,0,499,499,499
1295863713,4126967423,35,478,75,471,443,396
1087330983,1522284309,0,499,62,436,499,374
1268841978,1099448335,102,396,13,499,294,486
1314343161,4202301082,24,435,21,473,411,452
1215560634,3470940847,0,499,0,499,499,499
1323584451,4231862703,47,452,126,401,405,275
1040620501,816697191,19,474,78,436,455,358
1322890623,4230466096,0,499,109,390,499,281
1246134087,3797213258,258,338,196,316,80,120
1026011424,558486078,20,477,19,478,457,459
921947767,170165704,138,363,167,341,225,174
1008173814,436091024,160,339,130,369,179,239
191526730,3099265,69,429,0,499,360,499
1273128771,3992519216,66,438,69,439,372,370
1107660288,1869200589,140,344,105,389,204,284
1133530010,2251057300,127,371,79,420,244,341
1253451840,3856809665,139,323,33,459,184,426
1302929310,4155408651,30,470,86,444,440,358
1190251435,2713620173,188,305,86,316,117,230
1273178116,3993179795,40,461,114,376,421,262
1292293341,4108382718,10,491,87,357,481,270
1096341544,1651584806,62,436,0,499,374,499
1192782174,3132792824,0,499,62,436,499,374
1312042994,4189096454,66,497,7,470,431,463
1105944596,1857293212,62,436,0,499,374,499
1008014585,435874853,100,399,57,442,299,385
4431930,1157093,87,411,0,499,324,499
1156654205,2675087171,142,371,139,365,229,226
1282289265,4056000045,93,403,30,463,310,433
1257385927,3881218703,0,499,0,499,499,499
925624943,177236414,134,366,65,435,232,370
1178459768,2356500312,127,365,54,427,238,373
875345409,121284471,73,426,0,499,353,499
1008145956,436065327,171,328,153,348,157,195
1026034059,559059833,133,379,120,392,246,272
962090342,175974564,0,499,63,436,499,373
1241747975,3760388373,0,499,62,436,499,374
1174584494,2940638372,0,499,0,499,499,499
1281869641,4053491296,12,488,82,416,476,334
1221318890,3561328698,137,390,6,491,253,485
876556270,100739128,89,409,0,499,320,499
1298880508,4139508834,35,491,14,463,456,449
897072724,132598617,71,427,0,499,356,499
1300186897,4141323393,0,499,62,436,499,374
1238279786,3727348206,83,416,0,499,333,499
1082464624,278545264,144,355,100,399,211,299
1110790368,1904327396,71,428,1,499,357,498
1305523637,4165983304,75,420,197,369,345,172
1151784509,2554293329,62,436,0,499,374,499
992067435,202957087,0,499,83,415,499,332
1319859554,4215085491,77,431,25,465,354,440
1077703687,1380339928,162,337,100,399,175,299
1248386206,3814894581,135,370,6,494,235,488
1307576134,3287242027,158,287,60,436,129,376
983095433,287225751,122,375,33,467,253,434
1104448242,1833414006,83,417,19,474,334,455
976144272,275477266,94,396,22,478,302,456
1177148832,2970575997,120,372,22,488,252,466
1062318409,1112997765,0,499,62,436,499,374
1167843008,270392084,21,482,47,448,461,401
1043519994,851918795,112,394,18,481,282,463
1255758156,3871285896,132,347,117,468,215,351
1313277910,4197502008,206,292,39,447,86,408
1256969207,3876188873,0,499,0,499,499,499
1259921728,3889202900,0,499,0,499,499,499
1182180644,3005786956,10,489,5,493,479,488
1275663435,4006906642,0,499,0,499,499,499
1294211112,4122559842,0,499,0,499,499,499
1054775809,1048373085,140,442,235,278,302,43
1038958444,779280985,0,470,84,415,470,331
1274324209,2062704622,100,399,0,498,299,498
1149687664,2563948330,70,400,10,488,330,478
964754995,247959274,219,279,194,305,60,111
956391334,138758457,0,499,35,464,499,429
1117929901,1977322853,62,436,0,499,374,499
1921130,1325016,100,399,58,441,299,383
1219659341,3528372538,0,499,0,499,499,499
1003560939,396681989,56,443,0,499,387,499
1310881187,4184548692,0,499,0,388,499,388
1191032239,3101159591,87,415,181,351,328,170
1130720736,3808538201,92,403,23,479,311,456
1313525483,4199252440,60,441,13,489,381,476
1323207791,4232028612,55,445,18,482,390,464
1090943570,1565983306,144,244,201,288,100,87
1191227187,3104375529,96,392,136,373,296,237
1196212580,3182722334,49,450,119,414,401,295
886422642,120926311,59,439,0,499,380,499
1279177320,4037584565,0,499,0,499,499,499
1156940732,2667276998,62,436,0,499,374,499
1323081488,4231411068,166,330,117,366,164,249
921250332,168344971,1,496,97,402,495,305
985457886,290885291,0,499,228,275,499,47
1225886873,532978723,206,292,132,352,86,220
1260074314,3889371707,125,425,105,410,300,305
1252559799,3850010628,13,490,0,490,477,490
1275642001,4007156429,78,432,136,370,354,234
1287487446,4078699361,55,491,2,462,436,460
1276357035,4012866642,66,499,40,499,433,459
1270350997,3962330913,0,499,8,490,499,482
1228544738,3617506303,0,499,2,496,499,494
990276975,296093945,71,427,0,499,356,499
476144739,18442808,70,428,0,499,358,499
1008061717,435860619,170,328,131,368,158,237
1124715578,2080731334,36,461,115,398,425,283
989059415,294411427,146,422,19,486,276,467
1275303302,4003958033,32,464,119,390,432,271
845987086,8732847,145,354,100,399,209,299
1314017103,4201307294,5,492,104,426,487,322
1239003812,3731602750,0,499,113,436,499,323
1227574866,3609084169,62,436,0,499,374,499
1002981051,388575526,0,499,203,273,499,70
1237505826,3952122099,45,454,48,463,409,415
1023883022,530583589,62,436,0,499,374,499
1040636367,817032454,0,499,62,436,499,374
1302457338,4155416508,0,499,0,499,499,499
1066067862,1160827973,159,343,19,486,184,467
1225886479,284150589,125,374,150,350,249,200
1008675733,439050995,73,425,0,499,352,499
1267986637,3944993407,82,445,49,428,363,379
1263222935,3912114679,28,419,21,474,391,453
940826787,205201227,83,415,0,499,332,499
1299033504,206460436,53,445,0,499,392,499
1099260742,1701541738,83,416,0,486,333,486
1316251478,4200880705,0,499,62,436,499,374
936565020,191003154,70,427,43,499,357,456
985456717,288041006,71,427,0,499,356,499
994951761,222624610,164,340,106,366,176,260
935474656,194945468,200,299,175,324,99,149
1324199788,4236297877,14,442,52,397,428,345
1102420353,1795992608,78,421,0,499,343,499
1027129089,569689570,106,393,50,449,287,399
1322696975,4229383833,8,495,0,493,487,493
1242873682,2621044594,100,398,0,499,298,499
1250960415,3836821051,158,440,122,348,282,226
1265378493,3930103776,0,493,82,499,493,417
1145014729,2491341952,83,415,0,499,332,499
1127541763,2063910503,62,436,0,499,374,499
1314853597,4186792915,22,477,21,477,455,456
940531033,138764089,146,423,186,345,277,159
1323362724,4231824938,38,440,89,448,402,359
898831845,64421889,62,436,0,499,374,499
1259590277,3889176138,0,499,0,499,499,499
948605852,211325293,100,399,100,356,299,256
1309400346,4180506257,79,420,0,499,341,499
352863342,48641562,0,499,62,436,499,374
1211983937,3414349037,230,307,18,485,77,467
1203139677,3267045701,183,315,150,349,132,199
1007498356,435013236,111,388,50,449,277,399
858012778,92106889,205,294,187,315,89,128
1225887067,1154697591,125,374,125,363,249,238
1054673911,1044414188,0,499,62,436,499,374
1253160105,3855208669,31,455,64,446,424,382
1270815398,3972619043,62,436,0,499,374,499
1089533293,1553382797,0,499,62,436,499,374
1268449527,3951007933,0,437,43,434,437,391
1236514009,3708920399,151,338,124,370,187,246
845322690,74068635,124,374,99,399,250,300
1057809194,1082207578,203,291,199,301,88,102
1274284036,3998839388,36,465,100,234,429,134
846735592,69303481,18,499,25,474,481,449
1036342584,700036128,45,445,22,478,400,456
1276011909,4010222766,19,462,8,474,443,466
1109286050,1886507114,66,432,148,441,366,293
1241416016,3756663096,195,304,191,307,109,116
1237273632,3716304848,51,446,12,473,395,461
1265223759,3929899646,25,478,39,468,453,429
1178133427,2981152501,54,453,142,343,399,201
1256913859,3875021563,7,499,61,447,492,386
1111883382,1916288043,111,378,86,460,267,374
1277569558,4023546488,71,425,27,421,354,394
1223282229,3580110391,118,381,121,383,263,262
1257069527,3877876961,0,499,0,499,499,499
1047354843,902725017,26,468,24,456,442,432
1264096678,3923184445,2,494,5,494,492,489
1007391568,416652248,100,399,46,453,299,407
1250356494,3827622498,36,463,0,499,427,499
1277507656,4019799549,67,499,0,499,432,499
1322188318,4229776812,30,464,86,453,434,367
1089522285,1553553217,0,499,62,436,499,374
1317485110,4213276883,19,475,80,424,456,344
1032784023,630628120,62,436,0,499,374,499
1290229480,4092680662,65,434,0,493,369,493
1026817504,569554331,122,377,50,449,255,399
1107660209,1869200610,44,457,141,381,413,240
1282583868,4057555171,28,448,95,458,420,363
1308313656,4151790153,34,479,121,374,445,253
1325141093,4240466223,113,385,165,345,272,180
1301552836,4150998958,95,406,112,413,311,301
1153327154,2625469142,100,411,100,412,311,312
1323673512,4234141341,0,475,105,499,475,394
1201464419,3235074076,0,499,109,389,499,280
1319127803,4214004977,43,466,64,422,423,358
1301768163,4151006952,18,485,37,465,467,428
911476212,155691426,191,307,165,334,116,169
1211904785,3411889016,0,499,82,416,499,334
1289609453,4086144998,0,499,0,499,499,499
1119489218,1999394634,73,426,35,471,353,436
1284923839,4066549990,88,396,55,444,308,389
1271063158,3974955998,6,466,92,409,460,317
1260352283,3893198290,73,422,100,465,349,365
1216927739,2783534029,137,361,100,399,224,299
872116197,52168705,68,430,0,499,362,499
1220412613,3542070944,0,471,77,457,471,380
1234464228,3684642876,74,434,70,445,360,375
1251077716,3837511435,21,472,15,483,451,468
1026960281,569672271,115,384,50,449,269,399
1276291713,4012660398,0,499,0,499,499,499
1281952921,547201064,84,414,0,486,330,486
1128485620,2148674568,0,499,70,428,499,358
1225283933,1887688251,49,450,136,332,401,196
940309780,203551353,31,467,0,499,436,499
1007813573,435351540,161,348,147,373,187,226
949383973,212343154,190,323,135,360,133,225
1272120041,3986440972,136,380,26,476,244,450
1215390135,3470127347,85,414,10,489,329,479
1252178783,3847828822,69,429,150,422,360,272
1258647740,3883456169,8,499,0,499,491,499
1124539182,2071905545,37,470,174,321,433,147
1279254211,4037108693,61,446,67,442,385,375
1121419842,2035478855,13,476,90,398,463,308
1066930729,1173353235,21,477,16,477,456,461
1146295979,2515739348,120,379,153,346,259,193
1063659359,278550793,159,340,100,399,181,299
1275628868,4007155762,50,490,62,438,440,376
977710843,278524245,83,416,33,479,333,446
1026837403,569666382,136,358,61,442,222,381
1190257707,1876686874,249,268,381,407,19,26
1165741999,2806785402,88,392,135,368,304,233
1312258792,4193882729,91,413,139,383,322,244
1077540773,1374123720,80,419,1,499,339,498
1321894642,4229382203,53,446,140,290,393,150
927603476,180669896,115,116,170,277,1,107
1260241911,3894922383,64,434,97,437,370,340
1034372299,673459218,36,463,10,489,427,479
1240610258,3748052860,0,499,0,499,499,499
927607189,180669471,145,345,63,433,200,370
965052091,248044968,117,381,65,434,264,369
1269191135,3957043212,69,438,92,391,369,299
1105385679,1848487214,208,273,396,454,65,58
1308828182,1911280450,100,399,12,486,299,474
1275475317,4006487977,0,499,0,499,499,499
1126052423,2098913028,110,389,50,449,279,399
993810363,301775798,0,499,37,461,499,424
1251172449,3837832967,0,499,62,436,499,374
1010792840,56160951,0,499,61,437,499,376
1261902871,3900714349,0,499,0,499,499,499
931974401,187230690,105,363,152,356,258,204
1026865665,569708287,104,395,50,449,291,399
1220536112,3530950421,0,499,109,389,499,280
1054219089,1038553866,0,499,62,436,499,374
1299184453,4141563216,74,407,108,454,333,346
869213615,113122239,70,430,0,499,360,499
983005851,286563898,46,463,19,470,417,451
1177592083,2976910155,52,460,50,412,408,362
1255220292,3868373799,69,384,53,458,315,405
1258843216,3887560076,0,499,0,499,499,499
1158864964,2701839352,130,359,41,450,229,409
858868348,93662013,159,337,144,355,178,211
1323667392,4234259467,0,499,0,499,499,499
988509586,295660753,29,470,212,287,441,75
1289574779,4088659028,23,499,0,499,476,499
1265624908,1936161383,83,415,0,499,332,499
1274001687,3995367650,0,456,51,403,456,352
1121820714,2043483592,89,410,0,499,321,499
1293373132,4104776922,27,463,163,345,436,182
1294217227,4122561868,48,462,190,325,414,135
1019281887,516360872,11,487,111,386,476,275
1268719396,3951838559,29,461,33,441,432,408
1166683594,2823445651,109,390,109,390,281,281
1298363630,4132876988,139,360,137,361,221,224
1271095786,3974957493,157,345,16,484,188,468
1237599126,3721549017,61,423,141,398,362,257
1060225874,424228345,99,399,50,449,300,399
1027365948,570734757,100,398,50,449,298,399
1309691216,4179732405,210,293,36,462,83,426
1289477350,4086132702,55,450,40,468,395,428
862580121,102707827,58,444,103,405,386,302
1251058673,3837314631,132,347,79,405,215,326
360009190,48948601,85,413,0,499,328,499
1121342160,2033953919,65,433,0,499,368,499
1062301888,344846054,155,343,100,399,188,299
1263898320,3921318620,125,378,10,499,253,489
1034861967,679363527,62,436,0,499,374,499
834332739,51178577,149,351,104,396,202,292
1323285042,4231690428,21,481,24,471,460,447
1316983743,4201017144,136,388,55,485,252,430
979588830,282226339,138,360,95,404,222,309
1094357868,1617126352,125,373,4,498,248,494
934526439,192920177,62,436,0,499,374,499
1313869778,4200413898,80,411,21,455,331,434
1211820672,3403622301,50,448,0,499,398,499
1239081957,3732685936,0,499,0,499,499,499
1257088796,3878314291,189,391,80,382,202,302
1226530786,3600214079,62,436,0,499,374,499
1275643162,4006510075,79,459,85,408,380,323
1258228422,3884337446,202,296,180,319,94,139
1305517301,4165954653,37,432,96,420,395,324
1303633315,4159071462,106,388,51,463,282,412
1235242671,3692642363,95,423,153,413,328,260
930744244,184713767,0,499,84,415,499,331
1270252228,3211247843,100,399,25,474,299,449
1314103336,4186148956,55,434,43,437,379,394
1270633459,3971763085,0,499,0,499,499,499
1171782314,2896531055,196,298,7,454,102,447
1057758168,1081418566,0,499,239,260,499,21
1177148810,2970575987,133,361,41,423,228,382
1307772230,1340400750,75,424,0,499,349,499
1200763719,3243611016,0,499,63,436,499,373
862633000,102705738,80,354,58,444,274,386
1026368089,562801991,0,499,52,447,499,395
1252627577,3850328470,0,499,62,436,499,374
1308441591,4176405293,0,499,0,499,499,499
845836904,74923326,50,449,100,399,399,299
1112137220,1920852523,0,499,109,389,499,280
970954056,261003490,122,396,130,376,274,246
1125141387,2089381875,32,482,165,400,450,235
1008080090,435922941,150,349,103,396,199,293
973308574,268422665,90,408,0,499,318,499
1082464228,1462569475,137,361,100,399,224,299
1182184195,3005788225,117,381,28,473,264,445
1024240793,542325400,57,448,131,393,391,262
977851143,278540447,91,408,102,499,317,397
1168639015,2862279043,36,464,43,416,428,373
1274518091,3461907139,87,412,0,499,325,499
1044763792,861467544,74,424,0,499,350,499
1275628969,4007155767,41,459,86,390,418,304
1323675413,4234146968,16,485,20,470,469,450
1265222870,3929899395,16,483,137,375,467,238
1286713873,4071959814,97,366,172,353,269,181
1294213370,4122560703,0,499,102,499,499,397
1323694844,4234264701,0,499,0,499,499,499
949386142,212342779,382,401,151,276,19,125
1255337782,3813572499,17,499,197,347,482,150
1300367215,4145772090,63,436,0,499,373,499
1069646528,1253420014,73,398,133,382,325,249
1140369153,2408637392,63,436,0,499,373,499
1088679600,1539031211,0,499,62,436,499,374
1231475623,3650284377,73,426,0,499,353,499
940889751,205320853,176,315,137,316,139,179
1141317128,2428721474,0,499,62,436,499,374
1249535829,3819983716,184,312,150,353,128,203
1281889240,4050968989,157,347,212,288,190,76
1255227321,3868374161,30,423,128,404,393,276
1276291878,4012660412,41,444,99,460,403,361
1327702675,4248813245,57,448,54,446,391,392
1026983390,569748704,100,399,61,437,299,376
725284353,90965073,53,446,0,499,393,499
1244540432,3785187461,0,499,113,436,499,323
1306607980,4168967255,36,470,72,436,434,364
1301441832,4060922365,26,496,30,493,470,463
938393534,200113753,0,499,62,436,499,374
1137747668,2352739646,67,431,0,499,364,499
856658564,929437,47,451,0,499,404,499
1053396030,1030889740,42,456,115,384,414,269
1141808217,2442427662,73,426,0,499,353,499
1261020175,3896793514,62,436,0,499,374,499
980851970,284047847,73,425,0,499,352,499
1054920056,1048530649,0,499,62,436,499,374
1027841810,576864331,0,499,62,436,499,374
1306717427,4169070422,0,499,0,415,499,415
1202821941,3263442299,0,499,62,436,499,374
1258385004,3883432738,62,499,15,499,437,484
1204261256,3272263785,151,347,100,399,196,299
633836560,55114783,69,429,0,499,360,499
1174593049,2940640416,8,470,9,490,462,481
1265234485,3929959021,0,482,115,414,482,299
1194057413,3147288924,130,321,52,449,191,397
1047480728,909850991,37,470,181,442,433,261
1188462869,3065095695,0,499,62,436,499,374
909810091,154143566,68,431,0,499,363,499
1207157862,3334558143,0,499,62,436,499,374
1276427237,4013271927,0,499,0,499,499,499
997521696,52965419,190,309,175,323,119,148
317036011,46669707,179,323,186,300,144,114
906632560,151468251,125,376,77,422,251,345
1165001503,2797415074,152,346,100,399,194,299
1150231556,2568005842,0,499,109,389,499,280
1316320754,4200885122,0,499,0,448,499,448
1158815199,2703308320,83,416,10,489,333,479
1250959816,3836820886,23,484,121,355,461,234
1221447275,3563520169,94,388,141,301,294,160
1101786371,1783768675,66,419,63,460,353,397
1071222541,1285814232,154,345,100,399,191,299
1304131122,4160952287,106,388,51,463,282,412
1316229435,4200879444,21,482,113,359,461,246
1273287630,3992553908,30,448,64,464,418,400
1224193100,3585682887,25,486,152,346,461,194
1254305681,3861171295,48,453,60,465,405,405
1301310033,4151249979,8,456,143,307,448,164
1204247054,3287287675,75,422,1,497,347,496
1266513722,3938614901,8,490,132,367,482,235
1304114776,4148602278,87,392,125,361,305,236
1324191559,4235881836,25,491,76,470,466,394
1190252011,2647272660,118,369,123,379,251,256
1232746062,3668700635,15,483,15,484,468,469
1263434084,3712282365,170,328,190,308,158,118
1264893366,3928052190,49,436,62,154,387,92
1065716144,1148744992,125,374,68,431,249,363
1253519621,3857173142,0,499,0,499,499,499
1257178304,3879630130,75,445,42,479,370,437
754725536,8712907,67,432,0,499,365,499
1291734769,4101892020,62,436,0,499,374,499
880082977,124487937,190,308,160,339,118,179
984440845,289018603,108,407,40,332,299,292
874397067,70277549,77,421,0,499,344,499
1250268164,3831364127,0,499,167,436,499,269
1272593292,3990411145,161,416,179,316,255,137
1251332288,247522,98,400,0,499,302,499
1160854802,2727107869,6,493,29,496,487,467
1324194332,4236297649,117,382,46,449,265,403
941678776,207258087,119,379,140,359,260,219
857539343,91669786,53,445,103,395,392,292
973607323,269653583,53,423,27,473,370,446
509110741,52374162,62,436,0,499,374,499
1323311469,4231696267,0,499,0,499,499,499
1285491261,4068920783,0,499,0,499,499,499
1131804924,2168077280,15,484,116,403,469,287
1035564923,687243788,1,468,61,452,467,391
989942875,296829932,0,499,81,417,499,336
1179612042,2992578598,0,499,83,415,499,332
1205280604,3303139042,0,499,12,499,499,487
1315105769,4187113180,37,468,61,452,431,391
1245974321,3795994732,15,485,76,425,470,349
1280505143,4045076264,0,457,9,499,457,490
1297050787,3746835076,4,464,29,470,460,441
1188538918,3067204221,130,369,130,369,239,239
1258621643,3885537547,79,411,85,436,332,351
1010049930,443997258,39,479,120,408,440,288
1317472721,4210985899,120,378,117,453,258,336
934962375,193630968,0,499,62,436,499,374
1275714186,4006539954,0,499,0,491,499,491
1049787857,954908722,0,499,62,436,499,374
1043840981,853456103,30,472,59,417,442,358
1260354384,3893244167,18,375,188,419,357,231
1265885444,3591581834,0,499,142,436,499,294
1112089771,1915808293,186,322,118,395,136,277
1235635185,3696599039,0,499,0,499,499,499
1244540944,3785187795,0,499,62,436,499,374
1130319923,2182681447,8,489,121,361,481,240
1127769252,2127579594,0,499,62,436,499,374
1317547399,4211181569,0,499,0,499,499,499
1065406530,278513310,143,356,100,399,213,299
1172791632,2920940600,56,443,107,391,387,284
1255277114,3868412669,158,310,74,463,152,389
1205825711,3312189747,26,459,16,476,433,460
897125695,67748752,83,415,0,499,332,499
1285920380,4071503393,79,419,0,499,340,499
921250032,168344633,190,293,137,378,103,241
1152761759,2611133450,0,499,82,415,499,333
1271561258,3976959763,16,491,45,454,475,409
1153493103,2629495070,62,436,0,499,374,499
1265600617,3931889765,44,459,46,499,415,453
1068057055,1188155927,79,420,0,499,341,499
876561898,69466244,68,431,0,499,363,499
1039719690,799205846,91,407,12,486,316,474
1262299763,3906636698,58,450,107,405,392,298
1301563377,4150999621,0,499,88,403,499,315
1053578881,1035053715,82,417,0,499,335,499
1317908462,4215693321,0,499,0,499,499,499
1252587881,3850183997,84,442,82,451,358,369
1080786085,1451235234,53,409,39,458,356,419
1316118291,4200871305,13,484,43,466,471,423
1258036261,3883414804,89,443,47,453,354,406
1090785117,1562509966,0,499,62,436,499,374
1025671244,554019764,13,484,39,466,471,427
1201830310,3249403255,22,474,84,440,452,356
1313418176,4197521431,103,409,24,479,306,455
1221454703,3563522161,87,420,119,421,333,302
1071316802,1287219751,153,345,100,399,192,299
977671792,278517824,93,406,0,499,313,499
1246302185,3798145299,0,499,62,436,499,374
1129721497,2168588668,9,486,8,487,477,479
983902949,288225813,173,324,101,397,151,296
1104326295,1830616352,101,399,178,231,298,53
1247292663,3800708338,0,499,62,436,499,374
1310045141,4182215117,50,452,91,462,402,371
1224488881,3521203925,0,499,213,288,499,75
1243383562,3773725669,48,434,160,439,386,279
1174585919,2940638578,164,337,7,494,173,487
1075760093,1352145736,4,494,107,405,490,298
1167001796,2826341256,0,499,161,338,499,177
1215531222,3155074564,140,365,173,327,225,154
1213742536,3452775455,75,423,0,499,348,499
1156109176,2664895397,103,394,185,320,291,135
1140310260,2406558254,95,381,136,369,286,233
973907236,269101910,73,425,0,499,352,499
1013131201,463464684,72,427,0,499,355,499
1279157843,4037096645,80,412,91,436,332,345
1048112532,937519617,0,499,237,270,499,33
1274583630,147823094,57,442,0,499,385,499
1236847967,2806623305,0,499,55,444,499,389
1282723148,4058733568,101,403,46,462,302,416
981390788,284383474,158,388,0,498,230,498
1313363442,4197514812,119,360,73,489,241,416
991861064,299381713,216,275,194,296,59,102
896411152,49573702,91,407,0,499,316,499
1124275331,1960318254,86,408,370,481,322,111
441335541,50248292,13,477,212,288,464,76
1246072378,3797080218,129,363,74,434,234,360
1198545678,2012858693,166,332,150,349,166,199
1107659818,1869200354,69,417,75,438,348,363
1245184283,3789531664,52,436,66,440,384,374
1277886257,4023206939,37,470,143,373,433,230
1277061255,4015769162,0,499,128,370,499,242
1283527525,4061583485,17,487,96,395,470,299
104485930,2537290,106,393,0,499,287,499
1325108766,4240397725,202,289,83,176,87,93
1234277673,3683689654,50,444,41,455,394,414
1157262433,2683293852,159,340,4,494,181,490
1253518399,3857166362,112,422,12,484,310,472
1156654269,2675087207,137,349,132,366,212,234
1011782018,408902613,73,425,0,499,352,499
1238530554,3275342388,100,399,12,486,299,474
1306850410,4167092011,0,499,0,499,499,499
979345952,281658846,64,459,118,383,395,265
180877930,5213663,145,354,100,399,209,299
1253581582,3857832679,100,409,139,388,309,249
1225886856,532978715,172,329,152,323,157,171
1079155871,1414869587,70,422,174,343,352,169
1240159260,3743741028,0,499,195,436,499,241
1274297475,3997832810,51,465,113,377,414,264
1316154639,4200874890,41,473,119,383,432,264
1204230833,3287250292,62,426,121,380,364,259
1094400888,1617187984,109,389,0,499,280,499
1098984932,1698390270,35,474,14,486,439,472
1136960703,2336080227,0,499,0,499,499,499
1290596683,4095103736,0,499,0,458,499,458
1253519564,3857173113,0,495,100,437,495,337
1306464714,4165232884,92,406,0,499,314,499
1264897300,3928053797,0,499,0,499,499,499
1167441313,2835849373,108,390,0,499,282,499
1086554374,1161960464,191,307,92,423,116,331
927055848,543823694,125,374,125,374,249,249
1265373041,3930103300,0,398,15,499,398,484
1157664071,2687978665,74,439,107,354,365,247
1152964298,2615636017,146,356,74,478,210,404
1264999668,3928961189,177,321,139,364,144,225
958730881,229202346,65,434,0,498,369,498
1283619141,4061593272,28,466,30,480,438,450
752516368,18834694,71,426,10,494,355,484
1188538885,3067204211,130,369,130,369,239,239
1009230677,440553384,104,395,50,449,291,399
1251441500,3842663401,31,461,70,444,430,374
1040961104,822538669,0,499,62,436,499,374
1209809140,2003724844,0,499,62,436,499,374
1275417423,4004200560,52,446,57,426,394,369
1042503694,841494782,0,499,62,436,499,374
1276050408,4010225212,37,483,9,498,446,489
1257247088,3879894216,0,499,0,499,499,499
1310064867,4181956734,0,499,0,417,499,417
1318119335,2887780298,201,297,171,472,96,301
957688491,224991623,212,289,141,318,77,177
1215863854,1892606225,153,351,219,321,198,102
1004585767,405335860,0,499,109,389,499,280
339856338,48096486,53,445,0,499,392,499
1165820271,2777264412,156,356,49,432,200,383
1240764525,3748224549,22,385,80,436,363,356
1265204028,3929889957,10,489,308,488,479,180
1275718690,4006540435,51,421,120,404,370,284
909723543,154079257,0,499,84,415,499,331
1274083994,3997500798,96,407,172,366,311,194
913330480,105477770,0,499,62,436,499,374
1273144577,3993165894,114,421,173,330,307,157
963378731,87773847,62,436,0,499,374,499
1256629930,3874713771,62,436,0,499,374,499
1254102498,3858729225,0,499,0,499,499,499
559144582,46864574,106,393,0,499,287,499
1121526881,2036618888,87,411,12,486,324,474
1253665895,3858353921,73,425,0,499,352,499
915605677,160315399,72,426,74,473,354,399
1157614582,2687256395,0,499,62,436,499,374
1325152492,4240471742,0,499,1,499,499,498
1306821356,4167088574,106,388,51,463,282,412
1040568812,808743756,83,415,0,499,332,499
1316291878,4209051556,32,476,85,404,444,319
1185623275,3021386926,13,487,122,356,474,234
1286233696,4073722172,55,448,129,374,393,245
1147086031,2522770037,0,499,12,487,499,475
1206023919,3317428768,0,499,109,389,499,280
1309629631,4181409427,32,473,30,467,441,437
1308903370,278382001,145,333,46,436,188,390
1261430730,3898729894,104,419,24,485,315,461
859403967,94511472,75,423,0,499,348,499
1232937763,3669373897,0,499,109,389,499,280
959275779,231485445,90,409,130,369,319,239
1131228472,2198596243,188,292,186,302,104,116
1145206363,2062689598,126,349,83,392,223,309
1232142172,3657393833,79,405,83,410,326,327
157453330,5080759,165,333,140,358,168,218
1274181283,3997818017,12,486,144,351,474,207
1174584498,2940638373,0,499,0,499,499,499
947959434,210452699,162,385,134,342,223,208
1294220300,4122562306,66,437,101,414,371,313
1146388126,192934059,75,398,82,457,323,375
1323693029,4234147607,15,462,17,441,447,424
1301534873,4150997265,0,499,4,499,499,495
1168810968,2865017190,73,426,10,499,353,489
467629330,50552821,150,349,120,378,199,258
1324054438,4236041438,0,448,35,499,448,464
1285842369,4017669971,36,465,153,346,429,193
1269835760,3962804387,0,499,0,499,499,499
1241715764,3759701225,95,404,74,426,309,352
1247131447,3804647582,0,499,197,436,499,239
1241407907,3756593518,43,459,79,437,416,358
1262583023,3908644310,180,330,76,427,150,351
1247827495,3811731373,57,354,112,342,297,230
1263885756,3921317349,125,378,10,499,253,489
1317929529,4215695959,163,334,10,462,171,452
1133771012,2265174118,70,431,71,472,361,401
1141762539,2426228269,107,390,53,470,283,417
1039791373,802854319,14,458,106,378,444,272
1009244472,440550600,106,392,50,449,286,399
1100079354,1711729700,70,429,145,354,359,209
1257242461,3879898415,31,450,26,468,419,442
1108122269,1870788202,50,449,50,442,399,392
460851430,50483322,160,339,121,378,179,257
961260756,237196588,62,436,0,499,374,499
1204219736,3287231098,45,404,140,360,359,220
1301504184,4151262345,133,319,126,295,186,169
920442590,166534869,90,409,130,369,319,239
956381807,138708710,53,59,234,266,6,32
878525522,60322790,0,499,109,389,499,280
864369390,7018608,62,436,0,499,374,499
861072618,86988511,181,318,150,349,137,199
1194186761,3155506828,65,451,190,321,386,131
1310037297,4181950684,222,304,154,332,82,178
1170182409,2892529462,41,457,21,457,416,436
1274506009,3999795428,25,476,85,437,451,352
1307753185,4172485425,0,499,109,389,499,280
1204249145,3287289604,5,482,35,454,477,419
971423551,262158639,144,355,100,400,211,300
1215806730,3473992922,113,366,22,426,253,404
1238662639,3729319758,63,416,62,453,353,391
1037583876,732787866,113,386,18,477,273,459
1304095753,4160937449,106,388,51,463,282,412
1038931078,766461059,75,424,0,499,349,499
1248866806,3817907748,16,471,30,436,455,406
920340703,166287762,62,436,0,499,374,499
1215222049,3469570138,88,467,119,358,379,239
1245205362,3789597364,124,461,64,265,337,201
1205825841,3312189763,53,466,81,399,413,318
1118389731,1983978263,166,331,198,294,165,96
1303107413,4061573767,79,406,147,370,327,223
1298338295,4138131659,0,499,84,415,499,331
1141937243,2444229653,118,356,80,459,238,379
1181445299,3002935680,107,334,168,372,227,204
1100061540,1711736351,110,389,52,446,279,394
1319412286,4214354244,31,468,141,418,437,277
1308905803,278407818,100,399,15,483,299,468
1301403808,4151256656,76,499,71,465,423,394
970338088,258776003,55,443,0,499,388,499
1061147918,1101106082,168,310,99,403,142,304
1304043571,4160812333,86,386,46,376,300,330
1261193302,3898711251,71,428,65,429,357,364
1043255710,849325577,109,389,0,499,280,499
981834623,285239887,159,326,199,286,167,87
1299287313,4141675831,28,499,33,499,471,466
1204253345,3287294541,14,483,17,483,469,466
972960013,267301908,68,431,0,499,363,499
1274188286,3998083105,68,430,32,499,362,467
1314443644,4202302842,309,463,57,242,154,185
1256090305,3873227992,0,499,0,499,499,499
1144457907,2482251639,0,499,75,423,499,348
1289672120,4088681045,128,390,109,476,262,367
1015607937,487002038,107,416,114,406,309,292
1199715698,3235225768,62,436,0,499,374,499
1292914442,4113738891,97,393,35,468,296,433
935487298,138746252,179,310,219,287,131,68
1108290308,1872730627,0,499,109,389,499,280
1269455615,3958959531,131,370,6,491,239,485
1279216642,4037105111,19,472,60,468,453,408
921249430,168344820,40,481,46,432,441,386
1289975164,319288,12,486,61,437,474,376
1273267305,3992548354,69,441,73,446,372,373
1299294624,4141676107,0,499,0,499,499,499
1201325135,3245709682,0,499,137,436,499,299
1317645854,4214341342,71,429,87,418,358,331
1253159596,3855208128,0,499,62,437,499,375
1234855340,54342555,84,415,12,486,331,474
1252182091,3835558086,37,463,64,426,426,362
1313401365,4197671041,15,475,41,479,460,438
1036747841,715453410,41,431,97,402,390,305
1261174257,3898707899,112,388,90,433,276,343
1292018361,4105727967,0,403,50,468,403,418
1206468387,3318131864,72,427,0,499,355,499
962974795,242239222,72,426,0,499,354,499
1096890734,1662041192,80,419,0,499,339,499
1261192134,3898711169,80,420,157,356,340,199
857744549,91868844,0,499,128,370,499,242
916856343,161979355,63,435,0,499,372,499
1311399408,4187115768,0,499,0,499,499,499
1269573116,3960570411,0,499,0,499,499,499
1273740571,3992780697,127,413,162,402,286,240
1202137931,3252294842,32,409,115,374,377,259
1142016146,2444539478,184,314,151,348,130,197
880527572,125402030,62,436,0,499,374,499
1200929148,3244749854,192,321,83,462,129,379
908500519,152926388,0,499,18,480,499,462
874730528,84057107,103,395,0,499,292,499
1156925833,2678802023,191,316,23,470,125,447
1004867944,409693586,62,436,0,499,374,499
1299536956,4141674916,34,440,130,371,406,241
1046443437,299019100,174,331,5,476,157,471
1305120396,4164669236,106,388,51,463,282,412
1249536291,3819984302,126,373,126,373,247,247
1174589662,2940639511,4,496,18,481,492,463
1308179167,4174773045,168,351,196,348,183,152
1246428730,3793866937,167,342,28,473,175,445
975284701,273470426,52,455,35,453,403,418
1011884054,455894577,0,499,62,436,499,374
1283585164,4061482336,0,499,0,499,499,499
1256057938,3873075215,0,499,0,499,499,499
1102674573,1805032441,73,428,153,349,355,196
1080836551,1452740198,67,431,100,399,364,299
1009290459,440644744,101,397,50,449,296,399
1303682945,4159315905,106,388,51,463,282,412
1283525979,4061479583,0,499,0,499,499,499
1145068703,2491685845,0,499,80,419,499,339
1310042314,4181951236,40,458,58,474,418,416
1265224643,3929899924,25,462,70,465,437,395
878503615,123825049,45,451,0,492,406,492
1278110527,4029556748,137,368,202,315,231,113
1323987954,4235884842,40,458,87,407,418,320
1283525159,4061583406,80,410,126,402,330,276
1313548764,4197530586,0,499,0,499,499,499
1239403354,3737631763,62,436,0,499,374,499
1307346923,4171370519,104,395,152,347,291,195
1289636463,4086148690,67,432,0,499,365,499
1222806800,3575836146,10,492,81,437,482,356
1008151506,436087187,160,339,126,372,179,246
1261193669,3898711315,50,440,169,370,390,201
1253969806,3859455996,84,394,82,395,310,313
153112830,2297809,94,404,0,499,310,499
1169935367,2888059473,98,400,108,391,302,283
1310457380,4182314314,40,459,68,440,419,372
1322830007,4231773500,61,457,67,455,396,388
1322935118,4231789220,72,429,93,438,357,345
1218050365,3496651793,62,436,0,499,374,499
1276306067,4012720798,0,499,89,440,499,351
1281804198,4050969255,7,494,6,494,487,488
1294194808,4122556899,75,406,80,423,331,343
1027061836,569734864,109,389,50,449,280,399
1308067970,4174210782,107,397,74,479,290,405
1240638826,3748055556,0,499,0,499,499,499
1249534657,3819979628,0,499,0,499,499,499
977994372,278574800,87,411,0,499,324,499
1211092810,3390635946,153,345,104,396,192,292
1280005378,4042653364,38,450,154,368,412,214
1047920325,934125422,82,416,0,499,334,499
1100082219,1711735353,110,389,52,446,279,394
319050919,46847844,62,437,0,499,375,499
1317902733,4215692776,21,486,95,402,465,307
1036488876,702973086,117,327,124,388,210,264
1323305389,4231696044,0,499,0,499,499,499
1247561188,3811457366,19,480,20,479,461,459
1053268975,1027907327,0,499,62,436,499,374
1254705528,3863647957,94,407,109,409,313,300
931968656,181424451,62,436,0,499,374,499
976639866,276221396,68,430,0,499,362,499
1254696899,3863646917,0,499,0,499,499,499
1324140454,4236042696,0,499,0,499,499,499
1221820893,3566661762,140,364,194,348,224,154
1236965782,3716330906,83,419,16,493,336,477
1267989015,3945013176,20,472,49,453,452,404
1316142165,4200873519,94,404,15,499,310,484
1261415462,3898724109,126,368,98,400,242,302
1174587245,2940638859,100,389,33,476,289,443
1289979210,554587301,56,441,0,499,385,499
1311670109,4189023186,0,494,0,311,494,311
1254295583,3859876293,82,421,70,480,339,410
1144458355,2482251919,0,499,70,428,499,358
1277425480,4024035232,0,499,71,427,499,356
1269776235,3962605360,0,499,62,436,499,374
983614156,287471560,70,429,12,486,359,474
1164819660,2795217658,70,429,145,354,359,209
1309038443,4174766213,0,499,109,389,499,280
1254517819,3861225964,25,477,22,469,452,447
1303680391,4159315415,106,389,51,463,283,412
1273212481,3992535724,28,481,31,476,453,445
1190252624,2832752206,0,499,67,432,499,365
1224173325,3585628193,62,436,0,499,374,499
1011323021,451377101,0,499,62,436,499,374
1156073947,2664721329,226,274,26,438,48,412
1192036505,3120524823,120,373,60,410,253,350
1274226398,3995947628,49,446,6,496,397,490
1196940034,3202159658,87,433,24,475,346,451
1016247131,491769471,195,303,125,374,108,249
1250261846,3831237327,0,499,199,308,499,109
1077913859,1384442629,63,436,0,499,373,499
968666839,254548122,0,499,0,467,499,467
1201837252,3249409693,30,468,91,409,438,318
1204204320,3287138203,62,440,182,384,378,202
1061571069,247392916,117,389,119,464,272,345
1278371161,4033838715,10,493,24,485,483,461
933246596,190099934,72,427,13,499,355,486
1241687226,3759544474,73,426,0,499,353,499
1323674779,4234260331,151,341,18,484,190,466
872507678,117632870,76,423,0,499,347,499
1089481077,1553196174,114,339,209,296,225,87
848850184,80097362,62,436,0,499,374,499
1299218087,4139571726,0,499,0,468,499,468
1261376585,3898716874,46,454,111,409,408,298
1078992025,1413545818,35,455,17,475,420,458
1236537100,3708928491,73,422,100,465,349,365
1061560840,567639605,3,483,61,441,480,380
1318066783,2460648739,52,463,57,437,411,380
1087414162,1523039563,0,499,62,437,499,375
1151540879,2585395277,10,490,103,419,480,316
1105572058,1853036469,0,499,44,455,499,411
1058102011,1086269531,161,345,193,357,184,164
1276074323,4010225745,21,385,10,479,364,469
1130716737,2187398280,48,452,0,499,404,499
1100067348,1711729235,70,429,145,354,359,209
1284950631,4066227915,0,499,89,499,499,410
1261193243,3898711245,15,478,109,405,463,296
1225673272,3586605474,114,385,0,499,271,499
1231468944,3549469133,53,446,0,499,393,499
1280525840,4045105257,0,499,0,499,499,499
1289490301,4088730706,122,397,41,447,275,406
1232686719,3667781858,38,460,0,499,422,499
1311005799,4182114420,58,440,64,464,382,400
1116979728,1967229881,183,316,150,349,133,199
1263008649,3913253871,50,455,55,499,405,444
1265216348,3929900610,152,377,73,436,225,363
1217283007,3490642827,0,499,62,436,499,374
1301791424,4146834010,0,499,62,436,499,374
1156022604,2663630216,103,396,100,393,293,293
1318394486,1070458070,160,339,29,487,179,458
1013235442,462941447,64,434,0,499,370,499
1116098679,278549886,144,355,100,399,211,299
1204636445,3294454604,186,287,202,286,101,84
1324057570,4236041530,0,499,2,499,499,497
1111887667,1916253608,6,493,177,322,487,145
1233541395,3680660837,93,406,31,468,313,437
1007517512,435015187,100,399,50,449,299,399
1281302578,4050817555,0,499,0,499,499,499
1311883321,4189054171,0,499,0,499,499,499
1277040105,4019303460,126,373,0,499,247,499
1281738521,4052948306,45,450,29,472,405,443
1261418924,3898725476,16,478,132,402,462,270
1280417250,4044747438,215,363,195,301,148,106
1255948326,3872799800,0,499,210,235,499,25
1257256043,3879901521,1,499,16,499,498,483
1230602341,3639723778,0,499,62,436,499,374
901354809,58415618,100,399,100,398,299,298
1246374018,3798820565,107,413,168,322,306,154
1195265315,3166494811,27,472,138,399,445,261
1120085789,2009472340,86,410,5,494,324,489
1243785501,3775998183,80,417,170,342,337,172
1241411475,3756593725,0,499,68,431,499,363
1045716077,870988074,0,499,103,396,499,293
871775744,71112855,62,436,0,499,374,499
1265630937,3932106544,147,384,145,377,237,232
1273452585,3992731719,17,458,60,465,441,405
1321410176,4222992696,181,314,52,433,133,381
1262471928,3900891019,206,293,139,385,87,246
854751741,87809171,18,486,144,358,468,214
1269508251,3959381936,112,337,16,487,225,471
1322496013,4229980007,0,499,10,499,499,489
1283074333,4058378691,104,388,86,466,284,380
1314146662,4186151625,154,369,126,466,215,340
1305131855,4164670817,106,388,51,463,282,412
1174592316,2940640299,34,470,20,490,436,470
1015055163,477472342,0,499,72,426,499,354
1075701284,1351876814,0,499,77,422,499,345
1263768459,3921174984,76,405,56,462,329,406
1311308842,4186981378,18,481,102,382,463,280
1133664506,2261212370,176,323,8,495,147,487
1323371972,4231414363,0,499,0,499,499,499
1306661220,4167792451,0,499,62,436,499,374
959490440,232524359,87,412,85,414,325,329
1256461974,3873671765,119,499,310,499,380,189
1219677777,3528710100,62,436,0,499,374,499
1124239873,2063603081,155,344,128,399,189,271
1205903552,3313678092,37,435,124,415,398,291
1217285936,3490416408,71,428,0,499,357,499
980301193,283323486,18,482,6,490,464,484
1026992641,569649963,112,386,50,449,274,399
1213167471,3442171013,148,352,112,418,204,306
1079156232,1414869752,94,415,135,400,321,265
995643587,303762194,62,436,0,499,374,499
1100063292,1711729967,70,429,145,354,359,209
1244408638,3779937490,0,499,83,415,499,332
892816699,140477939,80,418,12,492,338,480
1254021010,3859871971,0,479,85,457,479,372
1267332827,3942399419,24,477,128,343,453,215
1255425792,3868425916,40,426,72,401,386,329
1144760712,2475850737,165,339,190,335,174,145
901354299,146713199,100,399,101,397,299,296
1178310262,2984373231,14,478,54,451,464,397
1204655959,3126628049,177,321,150,349,144,199
1192160390,3122707160,68,432,22,488,364,466
1140756153,2419046439,66,438,22,473,372,451
1204249924,3287290003,20,478,9,489,458,480
1211052272,3239808935,109,389,0,499,280,499
864116269,105381299,0,499,62,436,499,374
1165913077,2808317278,0,499,83,415,499,332
1239281183,3736071113,0,499,62,436,499,374
1291288715,4101477003,12,495,12,453,483,441
975311048,210473339,72,438,107,485,366,378
1283646401,4061595925,210,318,13,492,108,479
957033968,223592145,88,401,111,384,313,273
1123579690,2058033142,0,499,0,499,499,499
1310622011,4182263131,155,341,169,344,186,175
984403025,288975128,0,499,18,481,499,463
1272967905,3992194229,4,494,128,476,490,348
1142273120,2448618245,74,451,157,352,377,195
1304164356,4160985120,106,388,51,463,282,412
1026072169,558208769,47,451,0,499,404,499
1254089252,3860072204,0,460,92,434,460,342
1272301818,3548955153,40,411,161,341,371,180
845635470,74574465,0,499,62,436,499,374
941621761,207151531,175,289,194,312,114,118
1077539631,1374123277,79,419,0,499,340,499
1323220392,4231849746,54,416,72,476,362,404
1321244167,4221774507,105,392,0,499,287,499
1245439595,3792297539,0,499,62,437,499,375
1259125553,3887606671,0,437,49,420,437,371
1307851255,4172912177,60,460,123,388,400,265
1275647341,4006510669,45,498,124,402,453,278
1027266315,570742209,110,388,50,449,278,399
1265335554,3930251025,0,499,0,499,499,499
1234691281,3689091179,29,433,130,340,404,210
941621825,207151316,125,393,155,333,268,178
1031312519,608402526,62,436,0,499,374,499
1211983329,3414348467,202,297,7,495,95,488
1312371204,4194402347,40,461,112,349,421,237
869152661,51605953,69,429,0,499,360,499
904462412,149152137,162,336,129,370,174,241
1311028204,4184404486,0,499,0,499,499,499
1108907281,1876857321,113,332,162,367,219,205
1273027795,3992387071,0,499,0,499,499,499
1243659059,3775275162,0,499,62,436,499,374
979512832,282053754,172,326,114,383,154,269
916311496,161048255,194,296,185,312,102,127
1202719260,3258373244,60,438,0,499,378,499
1265208362,3929890094,123,366,284,479,243,195
1283259448,4060809958,0,478,0,499,478,499
1242098846,3762504156,95,481,47,334,386,287
1298125500,4111502224,69,430,0,499,361,499
1026382650,563024130,95,402,24,459,307,435
1262862979,3911844336,67,434,0,499,367,499
1248857158,3817905299,98,397,58,441,299,383
924868497,175991452,133,338,176,323,205,147
1087851114,1530512700,218,306,88,421,88,333
1316106911,4200869971,0,499,0,499,499,499
986943098,293306023,142,380,34,470,238,436
1255474123,3868435289,0,499,0,499,499,499
1095076657,1627217293,73,426,0,499,353,499
1109614749,1891081764,0,499,0,499,499,499
1118291013,1981971014,177,320,16,451,143,435
868360823,111806723,40,459,120,378,419,258
259184573,10586420,162,336,122,376,174,254
1100061377,1711734943,228,310,220,268,82,48
1255244249,3869188556,125,374,125,363,249,238
302712892,19590433,0,499,45,453,499,408
1273089710,3992509047,25,477,53,472,452,419
933247802,190101096,72,426,13,499,354,486
1219115515,3523604116,0,499,109,389,499,280
1185503632,3019317387,82,417,0,499,335,499
1008177298,436104424,100,398,50,449,298,399
920889124,167489333,0,499,78,420,499,342
1320968222,4221642429,367,470,208,408,103,200
1202497967,3255511592,166,333,72,407,167,335
1107916070,1869938479,110,389,54,444,279,390
1270004404,278536350,100,399,38,461,299,423
1244540735,3785187518,0,499,122,436,499,314
1265245643,3929960742,40,369,193,313,329,120
1143219718,1552401757,145,353,100,399,208,299
956096234,220998284,153,291,295,402,138,107
1119407945,1998122359,171,338,120,383,167,263
1316315869,4200883886,76,434,101,420,358,319
1184751033,3017012724,85,404,28,499,319,471
1253651060,3857967443,0,498,0,499,498,499
1074739654,1338132503,94,390,83,407,296,324
1261978137,3902216081,95,408,29,420,313,391
1242140634,3762877804,67,431,5,492,364,487
1250998806,3837274713,126,409,113,395,283,282
1072968699,1312303485,0,407,124,398,407,274
1190252228,2746553089,0,499,62,436,499,374
1296209769,4109316253,98,499,155,385,401,230
1264136159,3923187128,0,499,0,499,499,499
1311395420,4187383439,80,417,9,490,337,481
1318844082,4217899994,22,482,23,476,460,453
1024296858,542218422,0,499,62,436,499,374
1270925757,3974556705,25,474,25,474,449,449
1328361818,4250683114,20,483,102,411,463,309
1102080559,1653486252,152,346,100,399,194,299
1273310131,3992611156,0,499,0,499,499,499
1301800952,4149096549,76,422,0,499,346,499
1258453425,3883450014,51,416,24,452,365,428
995098472,303051685,163,344,57,424,181,367
971434498,262168728,61,431,100,366,370,266
1323069475,4231809446,20,459,61,468,439,407
1305531447,4165988278,9,499,100,399,490,299
925328044,176899712,0,499,62,436,499,374
1294197004,4122557333,130,363,32,423,233,391
1048311733,939445820,19,479,4,494,460,490
1117519792,1974588391,100,399,0,499,299,499
967134765,254369564,84,414,50,449,330,399
1252377915,3848751684,50,449,50,449,399,399
1265905254,3935628472,109,380,7,497,271,490
1283789450,4061614094,0,499,0,499,499,499
1243224286,3766312893,175,324,130,369,149,239
1240164643,3743864690,0,499,67,432,499,365
1304140258,4160952990,106,388,51,463,282,412
1256105622,3873229681,31,485,39,474,454,435
1236000386,3703051727,31,474,57,460,443,403
1180207506,2662871911,0,499,48,451,499,403
1282167843,4055588288,0,499,0,499,499,499
1254875409,3866843170,0,499,62,436,499,374
1060106826,1028073045,107,458,195,333,351,138
1197332864,3205816565,80,418,0,499,338,499
1100069915,1711732133,110,389,54,444,279,390
1295536896,4126960338,128,369,120,391,241,271
1020234700,518122704,69,429,0,499,360,499
979542448,282129669,10,489,10,489,479,479
1254962850,3866917022,0,499,0,499,499,499
985577177,291057927,5,499,84,415,494,331
1313581563,4197533018,57,443,112,413,386,301
1102731953,1802464784,0,499,62,436,499,374
1251536173,3843644918,0,499,0,499,499,499
1234820057,3691194126,83,416,0,499,333,499
1282911723,4057532076,0,499,0,499,499,499
941622232,207151528,246,263,244,263,17,19
529444730,52937673,201,298,180,319,97,139
1156656734,2675088221,119,373,166,370,254,204
1309329349,4180375422,18,482,36,465,464,429
1108737636,1878218252,110,389,53,445,279,392
1188953735,3075343373,132,376,116,370,244,254
1152525561,2601133092,0,499,0,499,499,499
1048473777,942084208,32,467,143,352,435,209
737848038,60160589,38,460,1,498,422,497
1276527627,4014009856,124,369,43,461,245,418
1269916587,3963749471,32,466,0,499,434,499
1174585464,2940638492,8,499,7,499,491,492
1253343837,3856415889,10,489,174,353,479,179
1307875413,4173008557,0,499,0,499,499,499
1243660172,3775276275,0,499,62,436,499,374
1296465640,4130798285,29,483,103,421,454,318
1139086740,2379308185,0,499,109,389,499,280
1314945366,4186857411,77,482,65,427,405,362
1212213873,3373202571,159,347,127,392,188,265
960209220,235214158,0,411,118,414,411,296
1281417136,4050856052,0,499,78,415,499,337
1169977545,2887178791,62,436,0,499,374,499
1043024400,846626668,86,412,0,499,326,499
1222151762,3568594228,73,426,9,499,353,490
1280133199,4019916733,32,445,146,382,413,236
1119407337,1998121692,32,472,107,397,440,290
1265222284,3929898842,0,499,0,499,499,499
949387436,212343125,148,348,136,355,200,219
857725601,91873158,198,303,175,324,105,149
1128667365,278571064,155,343,100,399,188,299
1067447338,1181172627,84,408,69,427,324,358
1080929999,1450152683,62,436,0,499,374,499
1185799335,3022762904,2,416,122,341,414,219
1245204249,3789596261,177,313,17,475,136,458
1112678788,1924580584,177,251,16,429,74,413
887340565,133449859,152,346,120,378,194,258
1191424003,3107233815,224,297,3,491,73,488
1118445950,1984442763,7,492,88,417,485,329
1182979840,3009528831,133,499,68,372,366,304
888399405,134527838,221,278,210,289,57,79
1265204238,3929889962,24,481,84,455,457,371
1212233148,3420137800,101,409,109,487,308,378
1192477369,3128686807,91,409,25,489,318,464
1323329719,4231757443,87,414,17,477,327,460
1314488651,4202303463,6,493,18,494,487,476
1134230910,652463004,181,317,121,361,136,240
1243659233,3775275180,0,499,62,436,499,374
1290810541,4096819981,119,435,46,459,316,413
1061546043,146548739,72,424,35,463,352,428
1248561551,3813232635,40,428,32,398,388,366
1190250882,2394039631,30,386,194,320,356,126
1291746408,4101148713,62,436,0,499,374,499
1313382624,4197669382,0,499,38,499,499,461
1118660790,1983971107,124,347,107,353,223,246
1273032548,3992488766,44,456,67,460,412,393
1257267413,3879902843,30,397,34,447,367,413
1144756743,2475798146,5,495,65,435,490,370
1015521292,484961856,90,409,130,369,319,239
1174587826,2940638993,1,481,9,480,480,471
882705276,52975748,170,329,174,325,159,151
1303694462,4159362012,136,360,185,320,224,135
1121528090,2035926227,0,499,62,436,499,374
1112118942,1920559199,110,389,60,438,279,378
847536729,76993655,142,356,98,401,214,303
588136230,54376567,130,387,171,349,257,178
1243380253,3773712014,22,475,23,476,453,453
1178435706,2772684019,53,450,13,492,397,479
1307346484,4171233343,68,393,190,344,325,154
1100067983,1711736822,110,389,51,447,279,396
1307457459,4168852200,50,443,78,455,393,377
1260706707,3895301098,83,418,40,485,335,445
1311277725,4186854522,0,499,0,499,499,499
1230984893,3641054528,153,345,165,399,192,234
1309959509,4181943072,9,498,4,498,489,494
1119960014,2006970624,47,403,135,358,356,223
1301624128,4151266994,33,485,19,491,452,472
1312269770,4193923268,0,499,0,499,499,499
1023901967,538801097,84,436,118,350,352,232
1063143006,1117938244,63,436,0,499,373,499
1311063297,4184406599,0,499,0,499,499,499
1310617928,4182262927,0,499,88,499,499,411
1217833496,3498130757,0,499,83,415,499,332
1265223084,3929899413,119,436,22,467,317,445
1278704735,4036970950,46,452,147,401,406,254
1267247329,3942391998,0,499,0,499,499,499
1199276964,606061072,184,315,150,349,131,199
1248865469,3817907359,30,465,66,441,435,375
1030244891,596237778,110,389,145,354,279,209
999052195,86578075,190,309,165,333,119,168
1325154203,4240471791,131,445,70,424,314,354
1276600365,4014160909,203,294,28,421,91,393
1232369737,3660534501,0,499,62,436,499,374
1297599963,4110891351,24,475,125,469,451,344
1278560557,4035896719,9,490,155,350,481,195
1299550876,4141712093,89,461,110,354,372,244
1275535730,4006493814,52,459,89,438,407,349
1047566154,919161009,127,373,18,491,246,473
1204284511,3287636107,62,436,0,499,374,499
1298560612,4111949488,71,437,135,417,366,282
959219231,231451440,163,328,106,333,165,227
1093022257,1595128088,233,334,172,391,101,219
1325108312,4240397704,159,391,387,429,232,42
549963377,51165269,77,422,0,492,345,492
1225864322,3591291083,76,424,28,476,348,448
1269573326,3960570448,26,484,50,453,458,403
467031230,50546298,150,349,115,384,199,269
1303073211,4157458260,0,499,0,473,499,473
914807043,131510972,9,489,44,448,480,404
1292914073,4114705255,62,436,0,499,374,499
1283036881,261622,89,409,0,499,320,499
557602758,53658915,0,499,83,415,499,332
1254946279,3866827612,23,469,18,479,446,461
1217414910,3494065294,167,335,180,333,168,153
1295926226,4127721811,24,478,29,468,454,439
1287451144,4078708451,2,499,0,486,497,486
984270742,288908887,35,460,76,432,425,356
1069635943,1202513012,65,434,0,499,369,499
1298823686,4140928259,76,436,118,345,360,227
1245208705,3789599840,30,459,52,432,429,380
1073537324,1320167450,131,338,91,449,207,358
1230498885,3638923936,52,447,12,487,395,475
1287325127,4071969189,0,499,0,499,499,499
1286544723,3461672093,100,399,30,469,299,439
1290627825,4095303737,13,487,141,473,474,332
862632516,102703784,56,434,134,364,378,230
987653368,294484066,128,345,105,408,217,303
1177147633,2970573523,144,339,21,489,195,468
1311094713,4186085399,89,410,0,499,321,499
1314353723,4186266604,66,461,80,390,395,310
1276009769,4010222573,184,315,33,469,131,436
1245020585,3788237328,131,370,193,308,239,115
1145327853,2494567408,97,398,9,490,301,481
1190251529,2974260321,54,462,118,381,408,263
987495870,294378169,173,309,17,389,136,372
1277741095,4023038312,0,499,0,499,499,499
1054743210,1047151239,70,429,0,499,359,499
1276527611,4014009748,124,368,43,458,244,415
1266169375,3935902195,0,499,0,499,499,499
1243659692,3775275588,0,499,62,436,499,374
895270624,67582584,83,415,0,499,332,499
1215331979,3155065545,0,499,62,436,499,374
962090922,238917554,43,455,0,499,412,499
1252627473,3850328435,0,499,62,436,499,374
892967542,141017941,200,299,180,319,99,139
1044774963,861251971,68,441,137,372,373,235
1309111861,4179598787,0,499,0,499,499,499
1198892972,289962893,138,360,100,399,222,299
1243742827,3429889525,30,304,139,311,274,172
1041682271,831980319,17,479,20,490,462,470
1125264387,2091126862,149,352,102,397,203,295
1188462921,3065095744,0,499,62,436,499,374
1243659936,3775275614,0,499,148,436,499,288
1263692048,3920854022,0,482,27,463,482,436
1301468154,4151260647,96,367,86,483,271,397
1253465164,3856809971,144,355,316,472,211,156
1261371257,3898716098,0,499,0,499,499,499
985484529,290912762,32,468,79,434,436,355
1066930491,1173353209,75,425,15,483,350,468
1279175104,4037098694,67,436,78,442,369,364
1248866662,3817907714,31,469,8,485,438,477
1321583484,4227451848,0,499,0,499,499,499
453774930,50327229,132,367,89,409,235,320
984270619,288908868,0,499,83,415,499,332
1253151100,3855161579,0,499,0,499,499,499
871133959,115840101,0,499,62,436,499,374
994764439,302646570,166,337,103,394,171,291
1255705832,3870822941,16,484,91,405,468,314
1211445045,3399883540,110,375,95,411,265,316
1065834249,278548047,152,346,100,399,194,299
1126882244,2109911704,73,426,0,499,353,499
1141346626,2429364486,117,376,130,392,259,262
1269588367,1832985265,90,414,24,489,324,465
1027225864,570617917,100,399,51,448,299,397
1004647093,408388185,62,436,0,465,374,465
1071795780,1293511655,63,436,0,499,373,499
1264333882,3925301328,31,480,135,366,449,231
1274969298,4002848771,0,499,62,436,499,374
1188776625,3072110454,133,362,69,410,229,341
1205809892,3311801119,150,349,115,384,199,269
1174587805,2940638987,1,481,9,480,480,471
1149842037,2565640279,0,499,62,436,499,374
1273885739,3995298651,0,499,0,499,499,499
1208630076,3350419238,62,436,0,499,374,499
1313116173,4197490008,0,499,0,499,499,499
1103682630,1817813578,103,407,145,390,304,245
1153323443,2613847529,145,354,100,399,209,299
866998582,109669664,62,436,0,499,374,499
1186691210,3025733899,0,499,88,411,499,323
1295247721,4125357190,99,399,0,499,300,499
1316221219,4200878343,0,499,0,499,499,499
1241731211,3759649064,100,399,16,482,299,466
1123492716,278533587,156,343,181,399,187,218
1252996592,3854409293,0,499,30,499,499,469
872172964,117262756,0,499,62,436,499,374
1276135895,4011319182,87,419,79,454,332,375
991378466,298826143,212,263,146,253,51,107
854734191,87784196,197,302,175,324,105,149
1096653872,1616777117,151,347,102,398,196,296
1241400531,3756588706,185,314,167,331,129,164
1301343859,4151251229,18,485,85,412,467,327
947188622,209244791,62,436,0,499,374,499
1077757612,1376271939,152,332,107,399,180,292
859238723,94295654,0,499,62,436,499,374
1238372575,3728093436,156,342,125,374,186,249
1287950161,4079553461,104,387,36,467,283,431
1120306360,2012305212,1,498,29,470,497,441
1272147266,3986442036,137,409,23,476,272,453
1281970946,4050742550,26,468,126,358,442,232
1249614687,3817906163,50,449,50,449,399,399
1153340522,2625550017,0,499,12,486,499,474
1204468549,3290795169,72,427,0,499,355,499
940551206,204388298,151,302,237,262,151,25
1282959000,4057770421,176,337,50,447,161,397
1267482844,3943148259,82,426,118,372,344,254
1227478794,3610498159,13,486,113,379,473,266
1105946319,1842779265,0,499,100,399,499,299
1178210428,2982329443,109,425,155,363,316,208
1164498551,2786150059,30,471,128,446,441,318
1257583775,3881983729,0,499,0,499,499,499
1328823833,4252011401,14,482,13,491,468,478
1273035855,3992490224,61,431,111,451,370,340
1216906684,1581560595,158,340,100,399,182,299
1039225263,791918472,0,499,109,389,499,280
1027265425,570690745,115,384,50,449,269,399
1100062883,1711735489,110,389,64,446,279,382
1231791825,3652873179,0,499,109,389,499,280
1323260967,4231687854,77,457,161,368,380,207
1273889864,3995598320,14,462,55,473,448,418
1145460958,2491684034,62,436,0,499,374,499
1307782808,4172824687,49,420,54,407,371,353
127268030,3716072,145,353,102,397,208,295
1304013903,4160806940,43,457,71,442,414,371
1107660261,1869201179,26,485,98,403,459,305
319786261,46887137,68,430,0,499,362,499
1195258850,3166434577,57,439,108,398,382,290
1241409389,3756593882,193,300,187,311,107,124
1008028341,435881909,150,349,104,394,199,290
1278926595,4037564187,62,436,0,499,374,499
1292382193,4108697443,171,318,8,491,147,483
1243395356,3773715317,19,480,20,479,461,459
1238412055,3728229642,136,367,76,424,231,348
1062753192,1119273177,75,415,111,399,340,288
1158120680,2695197224,78,437,94,406,359,312
986473549,292258761,87,413,0,499,326,499
1043841067,853456063,24,495,72,428,471,356
1255111463,3868321117,100,398,79,458,298,379
1008776728,439124111,73,425,0,499,352,499
1204249679,3287289858,5,496,5,495,491,490
1132983704,2240360490,110,389,60,445,279,385
1260081106,3889374611,0,499,0,499,499,499
1225886240,547601764,125,374,125,374,249,249
1104323441,1830616322,46,448,87,229,402,142
1278810911,4037443785,21,481,52,429,460,377
1249535162,3819981986,172,329,197,293,157,96
1306519023,4167073543,106,388,51,463,282,412
941621847,207151499,99,388,186,320,289,134
1270219470,3969948700,23,469,176,370,446,194
1309102420,4179633473,198,307,191,307,109,116
1310514543,4182250451,0,499,0,499,499,499
1121654648,2040099533,64,427,86,386,363,300
1248856942,3817905253,52,484,105,385,432,280
1109022796,1878663083,74,425,0,499,351,499
1313455771,4197678274,22,482,11,427,460,416
894764601,107714342,119,326,62,486,207,424
1046635959,876741572,70,429,0,499,359,499
1126198490,2101168513,168,338,130,366,170,236
1251488396,3842787358,0,499,0,499,499,499
1274459167,200593894,88,411,0,499,323,499
1252573719,3850138337,84,442,82,451,358,369
1304087807,4160934933,106,388,51,463,282,412
1008782516,439100796,73,425,0,499,352,499
1094512859,1618850967,109,389,0,499,280,499
1318308601,2182950620,111,391,74,429,280,355
1311327595,4182069005,0,499,22,499,499,477
1322941657,4231790507,49,441,88,432,392,344
1231932559,3655792072,79,435,12,486,356,474
1286953423,4076974719,32,480,33,470,448,437
1259018400,3887598866,90,444,92,433,354,341
1106534145,1861152218,109,390,107,391,281,284
1275724139,4006541365,0,499,0,499,499,499
1192125545,3121831354,52,441,23,484,389,461
1213877652,146424422,177,311,166,342,134,176
933238248,190095993,74,424,0,498,350,498
307392663,6404936,78,421,0,491,343,491
1272491322,3985599487,62,436,0,499,374,499
932852739,189187327,0,499,62,436,499,374
1245885895,3795258967,28,471,27,397,443,370
874898263,120775151,200,299,180,319,99,139
1256557670,834909281,100,399,30,469,299,439
1072956858,1313197710,31,468,74,425,437,351
1027072886,569677803,120,378,50,449,258,399
1232369486,3660534474,9,499,176,405,490,229
1215384906,3470118051,17,482,132,360,465,228
1174592460,2940640326,69,450,59,483,381,424
1223594016,3582310818,10,491,151,395,481,244
1213109105,3441294430,73,426,0,499,353,499
1214213112,452577706,156,343,100,399,187,299
1011220270,450586794,83,415,0,499,332,499
1028444725,583080111,0,499,22,477,499,455
1239447746,1386673350,49,327,215,361,278,146
1311444522,4187125197,27,459,25,444,432,419
1317902619,4215692775,58,410,109,384,352,275
1282970678,4059900463,83,415,0,482,332,482
1277918533,4027523497,0,499,74,419,499,345
946273142,60347031,157,358,129,381,201,252
1244994841,3787995005,46,413,54,499,367,445
862580803,102711090,76,395,138,373,319,235
1269512355,3959384291,67,454,120,391,387,271
1221799515,3566608380,0,499,132,388,499,256
871595531,116497626,0,499,68,431,499,363
1092812376,1584554155,62,436,0,499,374,499
1266134376,3935892051,76,434,61,436,358,375
1068053358,1188388873,18,477,91,408,459,317
1061149072,1101106161,91,386,0,491,295,491
1296407212,4130662981,34,463,125,392,429,267
1187923855,3058829754,130,369,170,329,239,159
1167001815,2824168968,82,471,126,374,389,248
1275631544,4007155844,0,499,0,499,499,499
921249542,168344634,55,455,34,473,400,439
164326930,3910856,66,433,0,499,367,499
1250272173,3218817986,100,399,25,474,299,449
1144272908,2478875171,0,499,145,499,499,354
1052480064,985518831,0,499,5,493,499,488
1190253092,2833039398,0,499,67,432,499,365
1267185790,3941811646,24,471,147,356,447,209
1313278166,4197662320,2,499,65,499,497,434
1306024827,4167105579,7,493,179,345,486,166
1247490377,3810470300,0,499,54,445,499,391
1292402698,4108946553,11,469,142,408,458,266
933874035,176023681,97,389,52,441,292,389
1325155242,4240471817,34,471,105,412,437,307
1256011268,3873026977,140,358,116,365,218,249
1068118133,1189267044,144,354,114,399,210,285
1030225542,596125092,9,477,40,448,468,408
1321407366,4222992190,47,454,125,380,407,255
914204803,158686078,117,381,65,434,264,369
1273151412,3993169377,50,429,149,343,379,194
1323731825,4233749795,0,499,0,499,499,499
1231821693,3654675786,0,499,62,436,499,374
1108415492,1871402380,0,499,0,499,499,499
1260382748,3893204951,0,499,0,499,499,499
1249535437,3819982720,190,308,166,344,118,178
1125091389,2088848407,32,466,34,463,434,429
1212046738,3415934343,193,297,341,481,104,140
1174398166,2937437384,60,438,0,499,378,499
907962477,152321644,130,369,77,421,239,344
1282878776,4057766894,96,407,33,465,311,432
1273720714,3992778361,40,456,47,457,416,410
1272735980,3990162410,0,499,0,499,499,499
1204202701,3287130810,116,383,12,488,267,476
1261172984,3898707731,220,248,64,432,28,368
1283549987,4061584171,0,499,0,499,499,499
1275412823,4004194772,35,446,49,428,411,379
1266512797,3938620614,157,346,172,309,189,137
933260652,190110856,121,382,16,486,261,470
731580395,60055096,62,436,0,499,374,499
1294202583,4122558119,44,462,128,457,418,329
1260366328,3893203979,0,499,0,499,499,499
1319385494,4214348420,35,474,32,462,439,430
1277564503,4023546248,89,413,41,499,324,458
1172608975,1892606236,52,453,105,404,401,299
1199454791,3224976278,0,499,99,400,499,301
1273741937,3994713519,66,419,118,390,353,272
1261350891,3898734501,0,499,0,499,499,499
1222817492,3575758149,59,471,52,486,412,434
987671782,294490433,181,307,17,490,126,473
1277386760,4022368649,165,334,128,370,169,242
978168347,279465857,0,499,63,436,499,373
1264024884,3923100864,152,343,39,461,191,422
1135796857,2313078472,0,499,109,389,499,280
486261963,51002487,0,499,62,436,499,374
1270223570,3969256778,0,499,0,499,499,499
1116627033,1963418949,175,323,11,493,148,482
1151787929,2590129471,7,484,107,389,477,282
1141664764,2426851526,62,436,0,499,374,499
1260395994,3893246033,0,499,0,499,499,499
1322871689,4232079867,62,436,0,499,374,499
1027113699,569694379,120,378,72,427,258,355
1124918462,2085692387,83,415,0,499,332,499
1200705586,3233441990,62,436,0,499,374,499
1273503742,3992741763,0,499,0,499,499,499
1266719163,3939859083,41,485,33,448,444,415
1150288918,2572664398,110,389,1,497,279,496
991211119,298615266,72,427,0,499,355,499
949752961,212780556,73,426,0,499,353,499
1041585799,821986638,20,479,0,499,459,499
1255216301,3868406420,29,428,23,453,399,430
1321988024,4229796965,102,418,160,400,316,240
1282286948,4055998120,181,320,18,483,139,465
878023291,75663990,83,416,0,497,333,497
1278223947,4030620542,81,414,5,430,333,425
1260344657,3893243351,176,465,63,347,289,284
1026895725,569617480,100,399,54,444,299,390
1146355149,517536897,132,366,21,478,234,457
1283645822,4061595894,54,442,126,372,388,246
875914114,112352429,85,414,0,499,329,499
1273111010,3986787781,0,499,128,370,499,242
1298795165,3765678541,183,317,10,452,134,442
1257556484,3881708322,66,482,70,439,416,369
1088797485,1544227557,71,427,1,499,356,498
1208659775,3360978777,19,477,106,442,458,336
1282977074,4057771262,0,499,37,499,499,462
1313663115,4183882090,55,469,67,428,414,361
1280336075,4044739330,0,499,0,499,499,499
1307427907,4171557001,88,411,0,499,323,499
1185406254,2806784642,159,340,157,326,181,169
1192033177,3120541027,68,432,22,488,364,466
1221241221,3560835599,120,390,40,436,270,396
1318317350,176389390,0,499,0,499,499,499
1273908431,3995598906,28,472,46,486,444,440
1273170313,3993178218,38,451,130,361,413,231
1258607567,3883455260,55,455,42,471,400,429
1303184611,4157453356,0,499,0,499,499,499
1280332410,4044246923,75,415,112,499,340,387
1289802806,4089926353,0,499,0,499,499,499
1236864412,2763630812,72,401,75,459,329,384
1297574912,135350861,79,419,5,499,340,494
1052929951,986684024,68,463,40,484,395,444
1143237554,2462952496,151,372,143,348,221,205
1244540475,3785187473,0,499,138,436,499,298
1285953320,4066785506,120,379,117,388,259,271
1262289068,3906231199,0,499,16,485,499,469
1109553583,1891410227,88,410,125,374,322,249
1271268791,3976955962,47,451,0,499,404,499
856118454,89102838,0,499,73,426,499,353
1237177056,3716577719,44,446,114,370,402,256
893546050,2613235,97,402,12,486,305,474
1131479756,2033307867,46,475,95,397,429,302
1007374763,416637748,83,415,0,499,332,499
1309182908,4176932947,62,436,0,499,374,499
1307831769,4172828425,93,388,0,371,295,371
1251592740,3844081431,137,362,165,349,225,184
1002670324,384441564,62,436,0,499,374,499
1265567577,3931773725,138,365,15,460,227,445
941801254,207481762,0,499,126,373,499,247
990044583,296973522,157,375,176,336,218,160
915098325,159603828,0,499,0,499,499,499
1279378114,4037447437,54,476,37,478,422,441
1096608943,1657064572,38,435,96,406,397,310
1261193677,3898711317,139,362,64,399,223,335
1239940245,3742550989,10,486,52,427,476,375
1257402717,3881319210,0,499,0,499,499,499
977608177,278514588,83,416,44,479,333,435
1062986486,1115446069,225,284,215,322,59,107
1174593064,2940640417,8,470,9,490,462,481
846888822,76279805,108,388,218,275,280,57
1233860016,3682527788,184,326,40,464,142,424
1188462913,3065095735,0,499,62,437,499,375
1146443940,2518658986,180,315,120,379,135,259
1174586550,2940638738,4,494,28,488,490,460
1317782095,4211199935,153,279,292,395,126,103
1235680373,3697690596,31,468,56,439,437,383
1075687255,1351708407,62,436,0,499,374,499
941678927,207258052,112,383,156,348,271,192
1276308230,4012721071,0,499,0,499,499,499
1306067791,4167025511,0,499,0,499,499,499
1204961868,3300348723,15,481,53,446,466,393
1043902608,854214366,68,429,108,389,361,281
1287277026,4077177539,24,471,48,450,447,402
1209388779,3376295323,0,499,0,499,499,499
993211238,300853485,0,499,62,436,499,374
1219676077,3528702282,0,499,103,395,499,292
910255138,154457025,68,430,0,499,362,499
923160046,173481126,95,354,232,266,259,34
1007633102,435046491,67,432,0,499,365,499
862579104,102705517,102,397,53,446,295,393
1267992658,3945013509,0,499,0,499,499,499
1285181683,4066274071,72,412,95,413,340,318
1266043698,3931962323,77,422,0,499,345,499
1204249457,3287289788,62,436,0,499,374,499
1286541639,4074816960,20,476,22,471,456,449
892209675,139079941,201,298,180,316,97,136
1281965545,4050742173,64,457,112,417,393,305
1260357822,3893244325,67,292,210,435,225,225
1251132748,3837433236,0,499,62,436,499,374
1262878882,3910516727,0,499,29,469,499,440
1298483611,4139801936,62,434,78,385,372,307
1036344560,696454903,72,465,163,356,393,193
1262780400,3910580909,0,499,62,436,499,374
1209716260,3382584807,40,462,12,483,422,471
1271048443,3975027479,0,465,6,492,465,486
1280392342,4044817140,0,499,0,499,499,499
1284108064,4063410786,0,499,0,499,499,499
1065181370,1147806930,5,494,6,492,489,486
1322350290,4228969205,0,499,0,499,499,499
1198642574,1413090052,159,340,100,399,181,299
1215359100,3470030525,73,426,0,499,353,499
1307760388,4172822801,0,499,0,499,499,499
1191150547,3102665178,87,411,0,499,324,499
1253961202,3859438089,27,471,55,475,444,420
1250268318,3831364245,0,499,62,436,499,374
1318494459,1749761329,16,481,62,438,465,376
1177148060,2970573930,2,499,165,336,497,171
1006935432,430180550,94,404,0,499,310,499
1323730205,3813572029,0,499,129,436,499,307
1295847080,4126967214,61,437,31,437,376,406
1211700511,3246502893,71,427,0,499,356,499
1190252159,2647272609,112,388,111,387,276,276
1239386835,3737560366,198,301,170,329,103,159
1161241066,2735551953,62,436,0,499,374,499
1308861405,278540339,100,282,31,469,182,438
1195809962,3175468080,42,457,0,499,415,499
1260611957,3894565254,1,495,30,467,494,437
1087686257,1523862608,62,436,0,499,374,499
1243658998,3775275041,0,499,169,436,499,267
1123184927,2050362903,106,414,15,340,308,325
1072828610,1307776701,0,499,14,484,499,470
1304038012,4160811252,94,388,141,301,294,160
1275397013,4003969965,45,462,46,457,417,411
1162008208,2746423757,107,361,51,492,254,441
1156925268,2678821153,62,439,0,499,377,499
1017321440,505618022,78,421,0,499,343,499
1255339758,3810740133,90,475,172,427,385,255
1261417013,3898724668,148,374,87,421,226,334
1156676649,2662964829,61,437,77,422,376,345
1268554280,1462151044,100,399,50,449,299,399
1303986334,4014004297,79,418,2,496,339,494
1139059177,2375740683,62,436,0,499,374,499
1226405735,3592383094,0,499,142,436,499,294
1298974284,4139513411,59,439,66,433,380,367
1322965936,4232369210,21,499,12,488,478,476
1268549403,3951726436,36,499,0,471,463,471
1262732430,3910821632,126,394,83,479,268,396
1298515820,4139338407,59,477,45,430,418,385
874730352,82272428,71,427,0,492,356,492
1246062662,3796943589,0,499,62,436,499,374
1215524989,3470062133,50,465,88,407,415,319
1246302219,3798145316,0,499,62,436,499,374
1289985359,4090787259,83,413,119,373,330,254
933684985,190994715,97,400,27,468,303,441
1285449467,3939552066,97,401,0,499,304,499
1314597938,4186341288,28,462,120,411,434,291
1002329110,377278470,138,370,41,469,232,428
1117320560,1969251319,0,499,0,499,499,499
1268101049,441535313,100,399,33,475,299,442
1036495056,703098989,73,426,0,499,353,499
1027238792,570643692,44,455,0,499,411,499
1273189988,3992529224,41,454,60,450,413,390
866833385,109723546,114,384,132,375,270,243
893173539,141002055,76,423,0,499,347,499
1144924793,278586336,146,353,100,399,207,299
1256291002,3813572013,38,479,142,351,441,209
1112178507,1877658497,121,369,66,419,248,353
1301459110,4151260374,39,461,46,446,422,400
1027855338,577066285,180,235,222,279,55,57
1271556940,3976952902,27,484,13,458,457,445
1313866084,4200413880,0,499,0,499,499,499
994951524,222624692,76,422,118,381,346,263
1322108017,4229651940,20,477,29,471,457,442
1190866783,3098368259,27,471,99,421,444,322
1292550041,4108945645,28,451,141,360,423,219
1189474546,3076709617,74,425,0,499,351,499
949293437,212218275,4,491,173,327,487,154
1269900387,3963230923,110,389,52,447,279,395
1027100286,569657793,100,399,56,442,299,386
1241853801,3760910069,68,431,0,499,363,499
1131062931,2192157750,0,499,0,499,499,499
1296734446,2011287559,83,415,0,499,332,499
1275507734,4006490979,152,302,176,331,150,155
922170761,170808112,216,257,382,390,41,8
1133086347,2195092737,117,285,53,323,168,270
1189497148,3082610438,8,490,60,465,482,405
1269770519,3962599976,0,499,62,436,499,374
1027252428,570632253,105,393,50,449,288,399
1127127118,2116393788,0,499,196,328,499,132
1068059810,1181988218,181,323,12,484,142,472
1108215853,1871867502,0,499,109,389,499,280
1321983110,4229796688,50,443,46,416,393,370
1231459298,3649652978,62,436,0,499,374,499
1265209213,3929890119,0,499,0,499,499,499
1237505737,3952116506,5,494,0,499,489,499
1283031329,887330,102,397,0,499,295,499
1191438646,3107472691,0,499,62,436,499,374
1283925502,4061632736,65,440,166,401,375,235
1124775624,2083129652,156,343,100,399,187,299
1239002500,3731581953,0,499,0,499,499,499
1311428788,4187288444,0,499,62,436,499,374
1287040020,4074712792,0,499,0,499,499,499
1328384478,4250637211,0,469,83,415,469,332
1323988315,4235886005,38,450,35,445,412,410
1277567746,4023546403,0,499,0,499,499,499
1026335671,561896374,62,436,0,499,374,499
1182181598,3005787173,1,140,185,231,139,46
1321874740,4223050060,105,343,49,474,238,425
1129739711,2170959829,0,499,62,436,499,374
1276896118,4018252323,103,360,78,391,257,313
1211714263,3408585854,0,499,0,499,499,499
1201836262,3249409534,21,476,11,487,455,476
1309684084,4152927764,0,499,0,499,499,499
1282883327,4057530666,75,365,50,340,290,290
68842730,2376020,185,314,158,340,129,182
1323312012,4231696288,0,499,0,499,499,499
1029624106,593299866,18,120,164,330,102,166
1066930199,1173353315,17,484,19,479,467,460
1174586538,2940638737,4,494,28,488,490,460
1290599278,4095103816,0,499,0,499,499,499
1272061274,3986439019,127,369,66,437,242,371
1237397214,3719315685,24,472,112,392,448,280
1322924408,4231784708,53,448,69,442,395,373
1324698535,4238137940,79,429,139,424,350,285
1289061649,4086207625,46,458,43,480,412,437
1282585802,4057555658,0,499,16,499,499,483
737641030,59915934,196,303,173,325,107,152
961970676,239245744,78,421,0,499,343,499
1010065513,444108636,0,499,62,436,499,374
1101596822,1776042609,0,499,62,436,499,374
1316170299,4208886555,0,499,0,499,499,499
1255135397,3868388364,18,463,16,464,445,448
987615569,294477258,175,324,175,324,149,149
1274699857,862804965,74,425,0,499,351,499
1026525827,565792047,148,334,163,289,186,126
987601778,294389668,0,499,0,498,499,498
976354239,275684746,0,499,62,436,499,374
1198438817,3214459942,153,346,100,399,193,299
1274810181,1247762,93,406,0,499,313,499
1254320645,3861175903,0,499,0,499,499,499
1130827154,2188730424,86,402,38,448,316,410
1314742936,4186625778,64,471,129,402,407,273
1284877146,4066223941,45,471,200,385,426,185
1273270114,3992549204,42,462,45,463,420,418
997177389,314654412,83,416,0,499,333,499
1235264989,2644695717,150,337,143,414,187,271
1309666823,4152955767,56,406,123,412,350,289
1199205904,3224184832,0,499,83,415,499,332
1255422961,3868425710,0,499,0,499,499,499
779871894,62034301,0,499,21,477,499,456
979815166,282713491,100,399,100,399,299,299
1004008276,401111958,62,436,0,499,374,499
1126889027,2110135351,62,436,0,499,374,499
1319411732,4214354216,214,272,24,470,58,446
935137336,193746599,0,499,83,415,499,332
1273999389,3995367035,54,448,32,433,394,401
866594048,70990028,62,436,0,499,374,499
1320595825,4225204204,212,291,197,303,79,106
1041486093,828598192,62,436,0,499,374,499
1227168728,3607252108,33,482,22,483,449,461
1063491562,1119353030,59,439,0,499,380,499
1207172984,3334754488,24,474,6,495,450,489
961776336,237770037,11,496,120,373,485,253
1123820886,2062705841,152,347,100,399,195,299
996770100,316534932,194,301,154,319,107,165
1290613349,4093604696,0,499,62,437,499,375
964223759,246215811,95,403,26,472,308,446
1306891951,4167095346,106,388,51,463,282,412
895916956,544893,99,399,12,486,300,474
1223576116,3582299528,19,488,151,324,469,173
1285834994,4017665267,32,499,0,499,467,499
1271245340,3976690431,0,499,0,499,499,499
1253416423,3817892066,49,381,15,490,332,475
1295228712,4125619469,0,499,0,499,499,499
1030737778,601184389,62,436,0,499,374,499
1313192094,4158390107,0,498,0,499,498,499
1308922007,4177868301,86,419,19,476,333,457
1265224148,3929899760,9,488,56,460,479,404
1026806043,569555985,110,389,50,449,279,399
1217328876,3493502427,81,417,0,495,336,495
1007665054,435076082,100,399,48,451,299,403
938611494,200824584,0,499,62,436,499,374
1027371974,570734423,110,389,50,449,279,399
1138091740,2353251473,63,436,0,499,373,499
1276435118,4013273666,104,397,180,327,293,147
1291728299,4101362038,62,436,0,499,374,499
1140695821,2417993358,165,325,73,429,160,356
973606481,269653778,0,499,82,416,499,334
1024719982,288908870,37,447,71,424,410,353
1191504703,3107528552,109,389,4,499,280,495
1263668114,3920516867,72,426,0,499,354,499
901567065,146907270,62,437,62,437,375,375
930953550,184638411,0,499,62,365,499,303
1105648709,1854302006,0,499,62,436,499,374
966983016,138763826,118,350,149,349,232,200
1261173820,3898707857,20,480,138,357,460,219
1309567002,4179944076,6,499,2,496,493,494
933739238,190503178,0,499,8,490,499,482
1289893760,4089740872,0,499,0,499,499,499
891723097,138456674,163,336,100,397,173,297
1313039136,4197486652,115,364,40,454,249,414
143728530,4368656,121,377,130,369,256,239
1222604720,3571697971,0,499,62,436,499,374
990229829,297134950,91,407,0,499,316,499
1085618635,1500067789,166,333,130,369,167,239
1193317346,3141532938,188,292,186,302,104,116
1257423107,3881320275,0,499,0,499,499,499
1305320388,4165063347,27,473,157,405,446,248
1105047601,1846473431,24,437,113,356,413,243
1138561428,2359794694,192,305,188,320,113,132
1119783267,2001954257,71,428,0,499,357,499
1312187371,4193636191,144,344,14,499,200,485
1284913546,4066225853,101,398,132,398,297,266
1126956161,3716121422,110,389,50,448,279,398
1262557010,3908517264,48,495,63,489,447,426
1263797761,3921535324,0,499,62,436,499,374
1008758198,439177149,73,425,0,499,352,499
1118850631,1987545009,62,436,0,499,374,499
1318614842,4216663313,20,474,137,392,454,255
1305087940,4164663571,106,388,51,463,282,412
1292884510,4114276105,15,480,21,486,465,465
1316231372,4200879537,0,499,0,492,499,492
1296375815,4130471407,0,499,0,499,499,499
1026535944,566510994,84,415,0,499,331,499
1296068155,4129497363,37,475,14,467,438,453
1226431965,1221573345,13,485,82,357,472,275
1153385201,2618437952,18,462,32,478,444,446
1313457862,4197678426,31,371,98,383,340,285
1035157125,610610989,140,373,155,233,233,78
1197761555,3209250503,0,499,58,439,499,381
1283744167,4061608473,0,499,0,499,499,499
1156966698,2679474260,155,344,100,399,189,299
1265520341,3931657191,0,499,62,436,499,374
1265214407,3929900510,9,492,100,414,483,314
1233233006,3675760695,0,499,62,436,499,374
921249809,168344609,134,368,17,371,234,354
940537224,138762305,162,338,139,360,176,221
1210494193,278570560,161,337,100,399,176,299
989819988,296882737,134,364,99,389,230,290
1290409940,4093381453,110,392,31,465,282,434
1100050784,1709812439,46,457,108,389,411,281
1247560636,3811456543,19,480,120,479,461,359
1064382797,1136090899,101,422,90,394,321,304
941678870,207257942,172,327,169,330,155,161
968868842,254468464,76,423,0,499,347,499
1134651698,2278403850,62,436,0,499,374,499
602495049,54754666,150,349,95,403,199,308
1271191633,2940639425,5,496,154,414,491,260
1304039142,4160811439,18,484,29,450,466,421
1276194481,4010737902,62,436,0,499,374,499
989232124,294318021,43,455,0,499,412,499
904581873,99480147,155,343,116,382,188,266
1269541596,3959449353,0,499,0,499,499,499
1139624392,2397542298,186,313,156,344,127,188
1072960530,1312677100,87,411,21,478,324,457
1308391531,4176108016,131,456,162,316,325,154
1317640962,4214314153,18,445,128,371,427,243
986635871,292813764,68,431,0,499,363,499
847149240,76514908,64,435,0,499,371,499
1144522050,2402890551,145,353,100,399,208,299
940889138,205320506,167,330,141,367,163,226
1252551779,2868833855,97,401,0,499,304,499
1289181360,4086224007,0,499,0,499,499,499
1215442774,3470246354,0,499,45,499,499,454
1249535683,3819983415,195,306,165,332,111,167
1307406976,4171238627,0,499,0,499,499,499
1259754815,3889161141,80,405,25,473,325,448
1318319045,3232284929,11,433,158,341,422,183
933260592,190110185,100,409,22,482,309,460
1300263156,4145469454,0,499,0,499,499,499
1306877834,4167094697,106,388,51,463,282,412
1321961908,4229778401,14,484,107,335,470,228
1131337419,2198192950,62,436,0,499,374,499
1212014978,2155623593,68,434,116,381,366,265
1233438465,3678951286,62,436,0,499,374,499
1267257381,3940029011,25,417,108,431,392,323
1009612353,442965731,73,425,0,499,352,499
1264162051,3923548613,0,499,0,499,499,499
1230489069,3550550685,0,499,62,436,499,374
1103862444,1819232402,54,436,85,431,382,346
1225663124,3580269597,125,374,142,357,249,215
1253519629,3857173148,23,479,127,380,456,253
1178439098,1875876312,0,499,0,497,499,497
1204429466,3290458838,174,338,31,473,164,442
1008112717,435937562,160,339,133,365,179,232
1282043411,4054381128,83,415,75,421,332,346
1077851152,1385015675,0,499,62,436,499,374
1050196323,962150213,172,300,99,382,128,283
1316111755,4200870286,0,499,84,402,499,318
860332553,98066659,100,399,137,361,299,224
1007724540,435079677,100,399,44,454,299,410
1269844618,3962832841,0,465,0,453,465,453
1259142554,3887607531,30,448,64,465,418,401
1031494642,609913310,70,428,0,499,358,499
1308911080,4177867605,54,458,198,310,404,112
1301081078,4150449991,0,499,0,499,499,499
873784216,111848195,85,427,91,407,342,316
1234821616,3691241532,56,431,114,395,375,281
1269218820,3956633474,62,436,0,499,374,499
858820577,18982878,62,436,0,499,374,499
1268539682,1099448106,100,399,7,492,299,485
1305101844,4164666254,106,388,51,463,282,412
1303634614,4159071525,106,388,51,463,282,412
1174825260,2943734490,69,429,0,499,360,499
1240162259,3741157491,62,436,0,499,374,499
1231020310,3639601856,63,436,0,499,373,499
1215233533,3155075034,79,421,8,489,342,481
1282526480,4057542448,104,384,120,364,280,244
1257860079,3883240436,73,426,0,499,353,499
1144277106,2469765150,62,436,0,499,374,499
1231571554,3652549296,0,499,52,446,499,394
1220607656,2708656051,84,425,35,489,341,454
1235988198,3702775802,174,336,70,468,162,398
921249655,168344976,1,496,97,402,495,305
1142001942,2445585501,102,403,172,367,301,195
1193581179,3146761449,8,492,40,454,484,414
1255676384,3870819540,47,473,125,371,426,246
942210828,208194729,0,499,83,415,499,332
1280545393,4045477505,165,319,194,307,154,113
1316230452,4200879481,32,465,151,345,433,194
1311211752,4182064042,179,392,52,471,213,419
1260400414,3893581051,151,352,188,307,201,119
1302520651,4153305581,36,457,53,476,421,423
1225886892,555567875,141,353,141,350,212,209
1305848531,4166954124,106,388,51,463,282,412
1031807501,613825227,339,439,227,275,100,48
1213701021,3452157246,100,399,46,453,299,407
1270430788,3971905617,42,469,121,403,427,282
1267285277,3942395402,10,490,135,390,480,255
1292406806,4108946845,56,464,40,429,408,389
1203518105,3273188131,84,409,14,489,325,475
1279654043,56103233,72,426,0,499,354,499
1223795676,3580845012,71,428,0,499,357,499
1039908405,803707766,206,297,86,409,91,323
855456937,88293664,73,425,0,499,352,499
1304067408,4160931336,106,388,51,463,282,412
1310279732,4182231222,0,499,0,499,499,499
872552051,117811849,76,423,0,499,347,499
1190248601,1876685625,18,489,138,373,471,235
1267256952,3942393148,56,448,6,474,392,468
1203044666,3268298614,171,326,163,336,155,173
1065466866,1147266047,105,407,33,450,302,417
1107761856,1869495392,100,399,24,474,299,450
1275677730,4006938454,97,388,46,444,291,398
1325927501,4242974256,0,499,128,370,499,242
1003843085,390340055,170,326,74,414,156,340
1324017169,4235888069,79,408,56,456,329,400
909794189,154132800,59,439,2,499,380,497
1201813360,3228880610,180,313,6,325,133,319
1257873995,3883192156,8,492,78,421,484,343
1271086126,3974956650,0,499,0,499,499,499
1078868428,1410624363,23,478,84,412,455,328
1122799833,278580971,100,399,100,399,299,299
1320580409,4225145602,144,342,164,329,198,165
1295960778,4128438422,63,428,110,394,365,284
1279185960,4037100044,55,464,121,378,409,257
1166739367,2823881123,0,499,161,338,499,177
1281158884,4050405156,0,499,62,436,499,374
1309676241,4181533667,0,499,3,453,499,450
1261193691,3898711318,72,418,69,433,346,364
1264195438,3924576700,114,378,10,477,264,467
1299820076,4143422789,39,438,91,432,399,341
1296862694,4110028641,191,311,183,473,120,290
1190866566,3098368229,92,379,11,491,287,480
1125983306,278689679,151,350,117,366,199,249
871940706,116897454,0,499,16,482,499,466
1192483579,3128695090,150,327,106,398,177,292
1285839565,4017665930,47,441,38,426,394,388
991704942,299333544,0,499,63,436,499,373
985533691,290985106,181,319,150,349,138,199
1156931679,2665315697,127,380,23,473,253,450
1318119695,2226055409,44,480,78,404,436,326
873795246,119570550,185,313,150,349,128,199
1321330396,4222779037,73,425,0,499,352,499
1279393219,4037924149,0,499,0,499,499,499
959399241,231770082,69,429,0,499,360,499
868873038,112596705,62,436,0,499,374,499
977678514,278517889,122,380,63,499,258,436
1097087820,1666181224,16,492,123,358,476,235
940888486,205320310,0,499,62,436,499,374
1309113174,4179667729,11,493,157,393,482,236
909444470,153895964,87,411,0,499,324,499
1316218203,4208962200,0,499,0,499,499,499
982944821,287006550,138,360,78,421,222,343
1234768253,3690231701,200,300,12,494,100,482
1280053234,4042479013,0,499,0,377,499,377
991801542,299492743,220,284,137,342,64,205
1257717646,3881728973,118,406,115,410,288,295
1261425171,3898727737,0,343,0,475,343,475
996553881,311555147,0,499,62,436,499,374
1281929316,4044227109,49,460,18,460,411,442
862538197,102342327,70,442,184,314,372,130
1193529240,3144163048,0,499,62,436,499,374
1169265784,2873754841,1,499,75,424,498,349
1071678978,144923041,74,425,0,499,351,499
1258097255,3883744197,0,499,0,478,499,478
1116540913,1361851333,105,393,0,499,288,499
1321670143,4227459330,172,315,114,491,143,377
1124848221,2084573923,57,440,76,425,383,349
1136835039,2335319746,71,433,24,464,362,440
1261429776,3898729600,0,499,0,499,499,499
1191041989,3101179011,27,470,125,404,443,279
1145420143,2490609600,81,423,10,489,342,479
1323026268,4231802775,24,476,48,475,452,427
1181407300,3002753630,0,499,96,402,499,306
1269771404,3962600373,0,499,62,436,499,374
1240378576,3747087577,0,499,62,436,499,374
1269949211,3964906380,0,499,0,499,499,499
1278363123,4033855111,63,449,81,437,386,356
1280042271,4042478836,49,449,38,499,400,461
1163006753,2761298961,4,484,39,466,480,427
1248212945,3814580563,118,381,46,454,263,408
1294602977,4123552957,92,406,0,499,314,499
1063667559,1129893516,2,480,108,422,478,314
1111482606,1911620052,25,488,118,364,463,246
1287211438,4077168152,140,382,41,438,242,397
1273205288,3992533835,75,417,86,438,342,352
1262518351,3908848261,0,499,0,499,499,499
1008168352,436094610,150,349,115,383,199,268
1286975735,4075226250,0,499,109,390,499,281
1196812191,3198836978,0,499,80,418,499,338
1064712195,1132782466,63,436,0,499,373,499
1269307088,3957773538,0,499,20,499,499,479
1099705783,1706101304,128,370,165,351,242,186
1008064144,435900687,124,374,50,449,250,399
1215520937,3470059393,32,461,16,484,429,468
1094000372,1598175266,100,398,12,457,298,445
1144015761,2473820372,30,469,0,499,439,499
1266785222,3939949360,233,263,10,487,30,477
1273154306,3992522473,61,437,70,442,376,372
1064912428,1143151618,0,499,62,436,499,374
1185806260,2724076424,96,406,151,348,310,197
23874830,946259,3,495,11,487,492,476
1295220771,4125633540,135,356,22,481,221,459
1319862283,4215086281,118,398,50,317,280,267
1102705668,278568087,148,350,100,399,202,299
1282539729,4057635192,17,499,21,499,482,478
1215532325,3470082116,100,399,35,463,299,428
1267979059,3944991671,35,449,43,458,414,415
1172649610,2916201438,62,436,0,499,374,499
1178133313,2981152220,218,269,38,441,51,403
1009310414,440684454,126,372,91,407,246,316
1090828973,1563893424,75,417,131,379,342,248
1308839857,524087094,100,360,104,428,260,324
1255465153,3868433866,0,499,0,499,499,499
1276020726,4010517631,24,471,12,486,447,474
915097764,159603825,0,499,0,499,499,499
1301219023,4150967086,0,499,0,499,499,499
1144455957,2482251077,166,354,15,484,188,469
1273281129,3992552357,0,499,0,499,499,499
940538231,138757407,108,391,145,353,283,208
980166705,283152183,54,444,0,499,390,499
903948686,148566717,197,301,180,319,104,139
1282568630,4057550366,0,499,0,499,499,499
936481824,8771289,93,413,0,499,320,499
1323152715,4232954520,0,499,0,499,499,499
1259228901,3887613703,57,440,60,421,383,361
1209716010,3382584691,151,377,128,449,226,321
1268549454,507957407,161,327,151,278,166,127
1253464514,3856676171,0,499,0,499,499,499
1131021976,1807324570,60,438,0,499,378,499
1239926893,1996348971,63,436,0,499,373,499
1314358142,4186269277,61,450,52,463,389,411
1009339195,440663594,100,399,42,457,299,415
1280693450,4046437809,153,308,165,354,155,189
1136618329,2219512939,137,361,100,399,224,299
1307735055,1892621907,0,499,46,499,499,453
1240228978,3745011318,85,414,10,489,329,479
1309803317,4182051455,56,487,64,399,431,335
1327702752,4248813554,5,471,85,417,466,332
971434410,262168776,64,434,2,496,370,494
937648723,76536422,49,450,0,499,401,499
1322991384,4231798905,27,462,46,481,435,435
941472635,18422211,75,423,0,499,348,499
1169598318,2877200699,61,437,0,499,376,499
1240670398,3748061502,107,391,98,446,284,348
1062233426,1098558938,0,499,62,436,499,374
1300145796,4145102458,240,257,0,499,17,499
1306824543,4167089127,106,388,51,463,282,412
1304117404,4145253838,140,383,123,372,243,249
1234768151,3690228598,22,472,107,403,450,296
830668351,63111411,108,390,61,449,282,388
1316138051,4200873136,39,452,7,409,413,402
1026033956,559060070,84,415,19,479,331,460
1279438181,4037930764,10,448,37,484,438,447
1310113807,4182218908,0,499,0,499,499,499
979085174,281205062,176,322,138,361,146,223
1174585722,2940638533,3,491,159,353,488,194
848919255,79791163,62,436,0,499,374,499
1241429164,3756677662,196,301,191,310,105,119
1292474088,4108927463,8,485,138,409,477,271
1049852643,956383734,0,499,1,486,499,485
1277440353,3766473598,100,399,20,478,299,458
1166328717,2813707579,0,499,62,436,499,374
1270991043,3974670755,80,426,26,470,346,444
1285487646,4068911259,74,428,85,402,354,317
1104460067,1831555781,185,313,158,341,128,183
1308946203,4178505157,226,261,213,274,35,61
1271569804,3976966789,176,310,147,385,134,238
1261148101,3898434022,132,368,204,297,236,93
1268843801,1111893786,100,399,27,471,299,444
1324035393,4235889670,2,499,0,494,497,494
1316169270,4200875969,26,493,4,491,467,487
1027343687,570710507,102,396,50,449,294,399
983012588,286977989,59,440,0,499,381,499
1075758464,1352145666,8,485,138,348,477,210
1008137950,436059345,160,339,130,369,179,239
971513404,262289876,110,388,0,499,278,499
1317260821,4211716538,76,388,62,487,312,425
1231196158,3643897774,82,417,79,420,335,341
1265345848,3930503539,110,389,62,445,279,383
351747130,48582776,62,436,0,499,374,499
1146954570,2526904836,13,488,105,334,475,229
1196930336,3121664985,184,314,161,349,130,188
1243382906,3773714581,55,446,20,479,391,459
1196671091,3192322219,102,396,0,499,294,499
1277523055,4019807095,68,415,40,242,347,202
1026910442,569597421,119,380,50,449,261,399
1134801957,2292452326,95,405,97,476,310,379
981587534,284840581,126,374,68,436,248,368
1259192162,3887611187,80,389,73,385,309,312
1087227470,1517606950,0,499,62,436,499,374
1212274878,3420709859,8,475,46,424,467,378
1244410056,3759764344,0,499,78,420,499,342
1191564834,2829418598,71,428,0,499,357,499
1283886259,4063459444,0,499,0,499,499,499
1141871241,2441883330,0,499,0,499,499,499
1007522879,435058773,89,410,0,499,321,499
1273955867,3995259378,142,372,108,364,230,256
1274227594,3998538350,110,389,52,447,279,395
1308924375,4177868377,0,499,0,499,499,499
927023158,179579800,65,434,0,499,369,499
1269770331,3962599893,0,499,0,499,499,499
862538873,102355315,177,320,84,408,143,324
923110044,172921291,0,499,62,436,499,374
998414119,85730182,190,309,143,355,119,212
987634418,294477851,147,351,100,399,204,299
1251288931,3839450638,83,415,0,499,332,499
1174592397,2940640312,20,483,18,490,463,472
1283981025,4061639359,0,499,0,499,499,499
1100596956,1733585545,94,405,27,471,311,444
13011230,927548,42,457,0,499,415,499
1316305486,4200883203,13,478,50,476,465,426
932963471,57520162,62,436,0,499,374,499
1108738650,1878218253,110,389,54,445,279,391
1233300387,1834838957,1,499,20,477,498,457
1234573297,3686515343,1,499,114,385,498,271
1237244604,3718128121,0,499,28,471,499,443
1002983779,388575660,0,499,203,273,499,70
1192183354,3123018290,71,431,251,486,360,235
1317004839,4211510840,236,275,240,319,39,79
1304068598,4160931556,106,388,51,463,282,412
1324066660,4236041678,1,498,4,499,497,495
1223583915,3582304530,2,496,142,373,494,231
1309329271,4180375371,25,466,173,322,441,149
1241628234,3758350957,0,499,83,415,499,332
1256522240,3874389053,117,381,30,476,264,446
1133087543,2241966388,0,499,63,436,499,373
1174593285,2940640447,148,358,141,363,210,222
1217414851,3494065274,160,344,149,346,184,197
1241821255,3759558349,52,446,0,499,394,499
1082755533,905878439,132,367,0,498,235,498
1097278610,1665627875,0,499,43,455,499,412
1263637949,3919315316,75,424,0,499,349,499
1252799473,3851807904,7,491,107,392,484,285
1313625608,4183688054,81,416,46,462,335,416
1250248877,3831234206,44,455,35,489,411,454
1263874870,3921315921,125,378,10,499,253,489
1243392977,3773730345,19,480,55,436,461,381
1277502419,4019797082,4,492,73,488,488,415
1042492557,841359489,62,436,0,499,374,499
1237196426,3716586899,3,492,6,493,489,487
966985768,138743415,14,485,17,488,471,471
1158708834,2702370819,66,433,0,499,367,499
835774573,70102364,169,330,153,346,161,193
939729583,202758830,16,483,0,499,467,499
985890331,291501118,0,499,113,385,499,272
1162149725,2747716210,62,436,0,499,374,499
1323507724,4231855670,77,425,82,420,348,338
1289815201,4089927934,0,499,0,499,499,499
987384009,292161125,7,485,81,414,478,333
1149823848,2556834094,0,499,0,499,499,499
290907165,17349280,62,437,0,499,375,499
1267937840,681240,143,355,132,367,212,235
1225666886,3584185750,134,374,165,363,240,198
1321420796,4227436771,0,499,0,499,499,499
1291749711,4067795268,62,436,0,499,374,499
1084717146,1500422424,0,499,63,435,499,372
1077606244,1376217948,72,423,0,499,351,499
1272513725,3985449888,109,389,0,499,280,499
1055271569,1053779698,20,485,12,487,465,475
1107660567,1869201447,105,406,96,409,301,313
1172617205,2919812229,167,381,132,396,214,264
1257575257,3881712449,45,450,93,404,405,311
857276,1170843,0,498,0,499,498,499
1119405838,1998118332,130,349,206,403,219,197
1254834179,3866446639,52,451,53,461,399,408
875903255,94475208,82,417,0,499,335,499
1153239274,2622635159,183,321,101,436,138,335
876014232,120293062,87,412,0,499,325,499
1062300236,1078623765,54,445,0,499,391,499
1178273835,2983705009,0,499,236,263,499,27
1274894672,4001823955,46,447,52,150,401,98
965108649,249653211,182,295,19,460,113,441
1013731635,469457019,62,436,0,499,374,499
1270220028,3969948860,8,492,129,383,484,254
891736477,138464174,111,399,116,383,288,267
1255254558,3869225378,45,457,47,458,412,411
1276318512,4012773248,29,471,28,489,442,461
1304075324,4160932689,106,388,51,463,282,412
1313617267,4183675342,26,449,99,379,423,280
1243742248,3775262793,14,480,83,405,466,322
1248212838,3814580559,110,397,47,444,287,397
1107915650,1869905343,110,389,54,445,279,391
1257628743,3881237750,0,499,0,499,499,499
1261427918,3898729106,80,418,24,485,338,461
1229080842,3622980889,59,470,32,499,411,467
893308813,141191167,180,299,205,292,119,87
1276306445,4012720818,0,499,124,499,499,375
889875041,135995779,101,397,86,488,296,402
1196324996,3180321290,0,499,62,436,499,374
1092313319,1548294503,87,383,154,396,296,242
1251719015,456606343,83,415,0,499,332,499
1211983062,3414348132,21,475,54,457,454,403
979012891,281067792,165,334,186,313,169,127
1007981844,435848542,100,399,51,447,299,396
1311905042,4188974818,0,499,0,499,499,499
1248837950,3817897329,9,492,0,499,483,499
1250268392,3831364260,0,499,62,436,499,374
1261411740,3898722966,0,499,0,499,499,499
1255238515,3868409772,109,318,100,443,209,343
1135755282,2091698297,99,402,16,484,303,468
1250268222,3831364216,0,499,99,436,499,337
1319633092,4214645128,31,473,225,276,442,51
1138436137,2368217091,134,369,112,390,235,278
1248391593,3814898515,34,455,72,416,421,344
1100079950,1711731923,70,429,145,354,359,209
1270256900,3218807555,100,399,38,460,299,422
1278110376,4029556679,103,386,86,416,283,330
1174580689,2940637266,178,325,206,334,147,128
878824957,99480060,120,379,76,422,259,346
1275601280,4006499627,114,399,74,480,285,406
964141871,245980907,0,499,62,436,499,374
1265487713,3931444021,0,499,0,499,499,499
1251478277,3842784162,29,457,123,387,428,264
874729185,74093515,72,426,15,499,354,484
1321665801,4227456614,56,499,0,499,443,499
1307384212,4171236588,0,499,24,499,499,475
1064140363,1134317698,0,499,0,499,499,499
1100061225,1711736479,110,389,54,445,279,391
1307063524,563014383,100,399,25,474,299,449
1309699487,4179732939,43,442,50,443,399,393
1133455017,288908611,0,499,62,436,499,374
935203351,194146601,94,405,23,475,311,452
1109031807,1881242617,34,467,154,388,433,234
1137043270,97851428,88,418,17,477,330,460
1317556187,4213493279,114,362,69,436,248,367
1166156473,2776231204,22,476,136,395,454,259
1254093427,3860266194,10,489,145,406,479,261
1275976967,4010220323,0,449,120,407,449,287
1253148364,3855160209,7,491,79,421,484,342
1299697246,4143428898,213,282,214,285,69,71
1053703692,1031544240,63,436,0,499,373,499
1187462615,3046347370,52,450,102,400,398,298
1270647922,3972430449,26,451,64,430,425,366
959846009,233920154,125,393,155,333,268,178
1215444684,3470259039,0,499,48,499,499,451
1072960208,1312085488,62,436,0,499,374,499
1296373387,4130468847,23,413,140,424,390,284
1174590360,2940639669,22,477,72,453,455,381
1243844268,3776684006,6,367,97,399,361,302
531488230,53036031,12,486,12,486,474,474
1012135268,457537369,0,499,62,436,499,374
1263379799,3915396717,81,418,26,479,337,453
1318003320,122450497,0,499,40,499,499,459
1284810599,4066220854,0,349,0,429,349,429
1147591733,2532994189,152,347,100,399,195,299
1295987237,4127729272,0,499,0,499,499,499
1135788564,2313282543,63,436,65,433,373,368
1167257560,2829687044,0,499,84,414,499,330
1254496731,3861225027,98,393,25,478,295,453
1009055436,439677235,73,425,0,499,352,499
1275113979,4004084287,0,499,0,499,499,499
849487603,80956380,75,423,0,499,348,499
1244541077,3785187844,0,499,122,436,499,314
1240237245,3745169542,153,345,3,486,192,483
1117067304,1967304934,0,499,31,468,499,437
1028551763,585118712,138,370,136,360,232,224
1048487626,942412767,72,426,0,499,354,499
1281253997,4047004114,10,498,8,490,488,482
1177449619,2973959902,133,365,116,383,232,267
1273142483,3992571120,45,435,51,437,390,386
1288938870,4085950014,0,395,0,492,395,492
1242762395,3765677308,70,429,0,499,359,499
1294753735,3762611744,9,486,10,493,477,483
1164380764,2783178847,67,431,0,499,364,499
1201410030,3238603627,62,436,0,499,374,499
1190259093,1876687703,132,376,134,366,244,232
1152227481,2602212877,241,257,0,499,16,499
1198966238,408866025,147,351,100,399,204,299
935379286,194621121,69,431,0,497,362,497
1168122279,2852838205,0,499,242,256,499,14
1308881360,4177866489,49,439,88,438,390,350
1302299517,1892637966,67,436,63,434,369,371
1276009085,4010222442,48,491,14,489,443,475
1273363870,3992623533,33,452,59,451,419,392
1292122902,4106615967,146,355,185,305,209,120
1163636195,2766641721,198,308,44,449,110,405
1270219626,3969948717,152,377,73,436,225,363
1024219631,542299011,97,429,137,376,332,239
1156971805,2679537640,106,413,85,431,307,346
1207550089,3341749293,74,425,12,486,351,474
1274500877,177637652,68,455,21,499,387,478
1138907676,1118849521,200,298,176,301,98,125
1305081397,4164662752,106,388,51,463,282,412
1282953251,4057770035,0,499,0,499,499,499
990268452,296975000,186,313,160,339,127,179
1276334186,4012704642,25,486,32,470,461,438
971027409,260154824,92,406,0,499,314,499
960228703,235231013,165,334,186,313,169,127
977373773,278049431,0,499,0,499,499,499
1321685537,4228791303,11,471,16,485,460,469
1100060588,1711736981,110,389,54,445,279,391
1225888255,3593775008,150,349,150,349,199,199
1223430178,3580770756,115,370,86,409,255,323
1252357825,3848478654,74,437,83,419,363,336
1002976351,388544540,147,351,125,374,204,249
1254906261,3866822134,25,466,28,453,441,425
1263332845,3915386958,83,418,26,479,335,453
1185251410,3018896556,7,486,94,410,479,316
1023262636,534265601,75,424,5,494,349,489
1154518648,2640273756,77,444,124,417,367,293
1255031632,3867017600,132,376,35,461,244,426
874730938,73410188,86,424,91,400,338,309
1267057183,3941341741,138,359,84,427,221,343
1323885488,4234288409,116,376,86,417,260,331
956391678,138764174,12,474,16,477,462,461
979346972,281618686,62,436,1,499,374,498
1076172890,293892259,62,436,0,499,374,499
1157702722,2688259961,0,499,109,389,499,280
1249823441,3823564721,58,442,8,493,384,485
835774542,70101954,150,349,114,384,199,270
1305082320,4164662794,106,388,51,463,282,412
1110020674,1884385142,39,471,211,281,432,70
957049311,223615634,80,418,0,499,338,499
1311481737,4187456682,141,362,34,469,221,435
1107659886,1869200426,57,455,81,426,398,345
1057540265,1079936596,158,341,100,399,183,299
1275805455,4007486054,72,418,173,359,346,186
1317708030,4213432499,88,410,0,499,322,499
1262740100,141726473,94,405,31,499,311,468
1124141431,2071862829,109,389,0,499,280,499
1275470090,4006486257,37,479,63,458,442,395
885122483,81197669,78,420,0,499,342,499
958590505,228312320,37,462,10,489,425,479
1032069273,618265511,40,395,82,417,355,335
1258616510,3883455440,78,398,49,499,320,450
1173036661,465706404,72,426,0,499,354,499
1311426065,4187121044,0,499,0,499,499,499
871227408,115850722,62,436,0,499,374,499
862044384,74692678,0,499,0,499,499,499
996077930,304799105,0,499,256,361,499,105
1323293830,4231695334,35,458,160,384,423,224
913749607,158173112,68,430,0,499,362,499
1260455506,3893737664,159,325,193,310,166,117
1231248672,2792862902,148,351,100,399,203,299
1278867881,4037566041,0,499,0,499,499,499
1316894484,4201011619,73,418,64,439,345,375
1277588906,4023548283,42,225,199,298,183,99
1209548955,3196729985,183,315,150,349,132,199
1275166541,4003929571,64,456,42,425,392,383
1310078060,4181961983,73,430,60,440,357,380
1221331583,3561455675,138,361,112,399,223,287
1107660193,1869201259,131,373,12,487,242,475
1289178225,4086071575,0,499,0,499,499,499
1237106170,2660821441,10,492,107,410,482,303
1215531042,3470074183,146,360,112,362,214,250
1134489590,1909061623,67,435,71,451,368,380
1260343472,3893243268,0,499,1,499,499,498
1324067977,4236041701,52,444,29,466,392,437
1245668314,3793737115,19,480,20,479,461,459
1241674083,3759393838,9,475,20,438,466,418
1107659753,1869201016,35,471,108,387,436,279
1124441599,2077723486,174,325,0,499,151,499
1234566274,3686346332,0,499,73,426,499,353
1054649717,1046145679,146,354,37,465,208,428
1275718756,4006540439,63,483,24,499,420,475
1086221733,1510048039,62,436,0,499,374,499
1201838573,3249410164,67,441,33,475,374,442
1104004628,1825225268,68,431,0,499,363,499
1280260620,4044443036,0,499,0,499,499,499
1006152237,420845201,175,323,45,425,148,380
1328464626,4250641659,0,402,84,499,402,415
1209715136,3382583588,148,346,102,465,198,363
1186699767,3031437543,62,436,0,499,374,499
1240977361,3750393049,93,405,0,499,312,499
1174591103,2940639868,130,369,125,374,239,249
1282828154,4058579733,0,499,0,499,499,499
1260235795,3894917750,34,480,35,470,446,435
1268562550,3951726859,37,483,27,424,446,397
1007730971,435252746,170,328,148,350,158,202
1174589783,2940639528,9,491,92,481,482,389
1105831412,1857268846,21,489,94,417,468,323
1255191330,3868403589,50,448,71,418,398,347
1200866739,3930058331,31,482,156,402,451,246
1155695084,2658507210,77,422,6,492,345,486
1241395636,3756586872,185,314,223,275,129,52
1303634126,4159071499,106,388,51,463,282,412
1156976701,2679555474,73,426,0,499,353,499
905725008,150204312,62,436,0,499,374,499
922617685,171704046,125,374,62,436,249,374
1240519840,3748195461,208,293,182,304,85,122
956391698,138762756,109,375,114,363,266,249
1259277650,3887622382,18,460,61,468,442,407
1153790876,103637092,64,434,0,499,370,499
874538440,112710408,71,427,44,455,356,411
288418844,17098140,119,380,50,449,261,399
1247849102,3813570933,0,499,62,436,499,374
1011821402,302947795,128,370,17,478,242,461
1282811757,4057524965,0,499,0,499,499,499
933240116,190095854,74,424,0,499,350,499
1050128846,173278775,89,409,0,499,320,499
1312399395,4194030277,0,499,0,499,499,499
934204025,191890537,0,499,89,409,499,320
977875416,278552062,92,406,0,499,314,499
1103878823,1821074438,198,305,193,287,107,94
1048522899,942608072,74,424,0,499,350,499
1288037542,4079554461,21,475,123,384,454,261
1274531814,3999827806,0,499,0,499,499,499
1262467639,3908161342,15,483,110,396,468,286
1204177232,3286509711,178,317,36,447,139,411
1276042722,4010225061,195,319,38,456,124,418
1304029883,4160809332,28,474,120,376,446,256
965312311,250085698,70,429,0,499,359,499
1259587503,3889175903,0,499,0,499,499,499
1002971865,388573443,125,374,125,374,249,249
1029511632,591830039,23,474,48,429,451,381
1273541943,3992749327,47,446,49,452,399,403
978861816,227141829,228,449,239,398,221,159
1283998196,4063211985,20,480,89,412,460,323
1314586323,4202305414,0,499,0,499,499,499
1243001738,3769329880,62,436,0,499,374,499
1310865657,4184548316,56,452,49,436,396,387
1303681923,4159315738,106,388,51,463,282,412
1262199344,3905766964,78,420,0,499,342,499
1198716242,1100667264,157,342,100,399,185,299
1276308703,4012661936,127,467,101,351,340,250
1251401859,3842549369,0,499,0,499,499,499
1313220961,4182814465,19,480,142,384,461,242
961787749,235070827,71,427,26,473,356,447
1281985103,4050747413,50,475,221,361,425,140
1292551062,4108948024,28,451,141,360,423,219
1273041359,3992389438,0,499,51,499,499,448
1066928089,1173351038,117,376,126,387,259,261
987665269,294487209,202,308,34,268,106,234
1133294117,284026704,105,141,228,276,36,48
1029296139,590932484,52,446,0,499,394,499
1043841138,853456196,22,468,71,421,446,350
1245670132,3793735086,32,467,32,467,435,435
1203354955,3270702634,52,447,0,499,395,499
286659385,16849960,62,436,0,499,374,499
1094644834,1625634921,379,490,203,296,111,93
1270623244,3972428028,0,494,0,496,494,496
1322356744,4228969321,0,499,0,499,499,499
1152833902,2612223379,62,436,0,499,374,499
1027253607,570651920,100,399,53,446,299,393
1232857299,3661580882,0,499,123,376,499,253
877391067,122766006,0,499,62,436,499,374
1178133832,2981153514,165,332,22,479,167,457
1063267325,278555155,151,347,100,399,196,299
1313907095,4200629593,0,499,0,499,499,499
1307661538,4172516135,0,499,0,499,499,499
1155972818,2662726139,12,487,107,391,475,284
984245096,60453831,69,429,0,499,360,499
1136544273,2332095826,0,450,130,399,450,269
1052190000,983389282,0,499,0,499,499,499
1064256559,1127149212,0,499,109,389,499,280
1117520321,1974938442,95,403,89,429,308,340
1301510566,4150991731,87,443,121,363,356,242
1121419988,2035478880,51,411,221,459,360,238
923804302,174414473,174,325,124,375,151,251
1295960586,4128438408,204,294,202,299,90,97
1311677379,4188903674,0,499,0,499,499,499
913849921,158287054,158,341,100,399,183,299
930670635,184632930,62,436,0,499,374,499
1096604755,1657057259,31,455,145,354,424,209
851436733,83448177,58,440,10,422,382,412
1267184561,278568808,100,399,25,474,299,449
1305149729,4164673190,106,388,51,463,282,412
1255227094,3868407650,56,449,99,441,393,342
1240570078,3748045060,0,499,0,499,499,499
1280452062,4044822651,0,499,0,499,499,499
1136568801,2332174409,0,499,62,436,499,374
1288449329,4082098798,150,363,89,393,213,304
1225887327,3147314802,142,351,146,361,209,215
1092463387,1583312079,113,388,124,376,275,252
1267720089,1697678071,0,499,0,499,499,499
1223581464,3582302392,19,489,146,370,470,224
1155749759,2603208833,11,489,12,489,478,477
1114642663,1935295174,84,430,20,489,346,469
1123076667,2049810709,140,334,100,399,194,299
1311492413,4187457940,105,399,22,477,294,455
1196136030,3181909101,16,474,89,459,458,370
1191333430,3104923581,70,428,12,499,358,487
1061149176,1101106073,130,403,19,192,273,173
1252627015,3850328070,186,313,184,400,127,216
1281370987,4051395877,62,436,0,499,374,499
1253152178,3855161633,12,487,137,364,475,227
930122579,183920023,0,499,62,436,499,374
1117537225,1974546212,0,499,109,389,499,280
1136425845,2318920226,0,499,62,436,499,374
1124794313,2083741161,62,436,0,499,374,499
150366130,4728228,72,426,0,499,354,499
1294820785,1940502365,66,405,19,489,339,470
1196329381,3185610499,77,428,84,435,351,351
934556765,192975527,130,365,4,498,235,494
1096653546,1161960707,156,336,103,394,180,291
1261177302,3614489427,95,421,69,418,326,349
1125944298,278541970,158,343,100,399,185,299
1283505931,4061479288,64,424,26,481,360,455
1072682633,1308224064,104,398,77,485,294,408
1292415696,4108910729,90,397,150,362,307,212
1303273768,4157387351,106,388,51,463,282,412
1039452773,795223623,96,403,34,464,307,430
1273070026,3992553910,0,499,69,408,499,339
1201834796,3249407129,89,411,15,485,322,470
1295769394,4126965903,0,499,0,499,499,499
1044821919,863334948,70,418,24,471,348,447
1318408043,2034797558,49,448,5,488,399,483
1197454791,3117671179,22,486,17,499,464,482
1260336885,3893243014,30,414,153,389,384,236
1218265813,3508102470,43,460,37,462,417,425
972246036,263985468,0,499,59,439,499,380
1156652000,2675086053,176,344,143,281,168,138
965518068,250559218,127,390,79,462,263,383
1227587267,3583334553,0,499,62,436,499,374
1176504447,2958500438,48,445,74,427,397,353
1146405098,1256943428,0,499,62,419,499,357
1316235439,4200879728,29,471,134,360,442,226
1023612817,532230329,79,420,0,499,341,499
1252282870,3848420203,83,416,0,499,333,499
959989188,234646760,75,423,0,499,348,499
1304003098,4160803716,0,499,0,499,499,499
1322029423,4229639881,0,499,0,499,499,499
1090261858,1553875322,62,436,0,499,374,499
849097526,80395944,89,409,5,493,320,488
1130970537,2190316273,0,499,0,499,499,499
1107660322,1869201374,116,398,11,473,282,462
1100065488,1711734569,180,319,152,347,139,195
1273213922,3992535900,39,466,39,464,427,425
1291865884,4104159336,91,384,213,382,293,169
1267996933,3945013742,62,438,52,415,376,363
1025867101,544813716,51,447,0,499,396,499
1282020638,4050756768,62,380,10,472,318,462
867888568,104406519,169,329,156,342,160,186
1308873326,1550711000,100,399,25,474,299,449
1299336470,4140458498,56,442,0,499,386,499
1306681148,4165702194,62,436,0,499,374,499
1249422821,3815589278,62,436,0,499,374,499
1232662363,3667137573,62,436,0,499,374,499
1289609893,4088665661,188,319,91,416,131,325
1316100364,4200868944,13,488,16,429,475,413
1275717492,4006540347,0,499,0,499,499,499
940546980,138760483,91,419,166,325,328,159
1262727064,3910821110,105,384,23,413,279,390
1328323633,4250680797,202,353,10,495,151,485
1007738129,435130019,100,399,43,456,299,413
1319152162,4214020146,203,294,40,475,91,435
1250259809,3831236933,182,335,152,320,153,168
1279347243,4037127773,0,499,0,431,499,431
1254994584,3867145468,0,499,0,499,499,499
884165871,129406170,74,424,0,499,350,499
1304063599,4160930681,106,388,51,463,282,412
1133291293,2161940337,150,349,100,399,199,299
901740220,146974050,177,430,30,466,253,436
1109910168,1877302607,78,420,12,486,342,474
1221455844,3563522466,115,418,20,492,303,472
1008214219,436082438,100,399,89,410,299,321
890795432,136996720,62,436,0,499,374,499
1266901441,3940475630,13,483,82,417,470,335
1037435968,730066701,75,382,136,390,307,254
1250259471,3831236861,39,404,48,386,365,338
1188521952,3067034412,69,407,123,398,338,275
1188357461,3055784216,0,499,84,415,499,331
1243712143,3774419361,0,499,62,436,499,374
1088243364,1535190129,86,413,0,499,327,499
988840328,295963661,0,499,63,435,499,372
1304006190,4160804790,0,499,0,499,499,499
1268457750,3951008143,0,499,0,499,499,499
1308796256,4177816028,209,298,31,435,89,404
987527803,294378565,0,494,74,425,494,351
1273208339,3992534423,78,410,92,438,332,346
1226601267,2060555824,75,424,102,395,349,293
882043124,126463340,76,423,0,499,347,499
1271442131,3976920262,125,368,27,466,243,439
1243838252,3776672977,35,454,4,499,419,495
1279217475,4037105385,15,464,60,466,449,406
1301558395,4150999300,29,489,78,478,460,400
1307365896,4171235647,0,499,0,499,499,499
1245737288,3794097156,0,499,0,499,499,499
1245923310,3795447135,113,394,170,284,281,114
1013192594,464629851,0,499,186,188,499,2
1134779240,2286683812,84,415,28,473,331,445
1321676066,4223016505,172,370,30,476,198,446
963065588,165436416,174,324,141,357,150,216
1301016635,4105613805,55,449,82,416,394,334
1168639287,2862279128,47,411,134,450,364,316
989173526,294343138,71,427,0,499,356,499
1317954022,4211225635,132,407,103,450,275,347
964625139,247668460,223,275,159,348,52,189
962349845,240395956,34,472,79,427,438,348
1225666817,3493235803,125,374,140,358,249,218
1256044509,3873074743,0,499,0,499,499,499
1298332113,4129364792,0,499,116,383,499,267
1129078212,2162433535,106,393,0,499,287,499
1283662772,4061597061,40,444,56,435,404,379
1252627730,3850328565,0,499,154,436,499,282
1281712812,4052947038,156,402,72,453,246,381
1236512214,3708919959,26,468,126,358,442,232
1257264669,3879902305,5,487,76,403,482,327
1243647840,3774867670,0,499,72,426,499,354
1283840775,4061618060,65,428,43,426,363,383
1077614717,1376271922,153,345,100,399,192,299
1268895411,3893404120,0,499,62,436,499,374
995256014,303353370,0,499,85,414,499,329
1282816449,4057525692,83,428,154,422,345,268
1316650071,4200950514,0,499,0,499,499,499
1269332169,3958048007,146,348,16,486,202,470
1320399178,4224453151,46,475,34,459,429,425
1240661343,3748059730,72,425,46,475,353,429
1175649299,2940972577,77,421,0,499,344,499
1254942119,3866827090,31,462,56,442,431,386
1236553180,3709290748,82,416,0,499,334,499
1027067820,569937863,109,390,50,449,281,399
1279755684,4041456205,16,489,28,491,473,463
1287895390,4079552427,44,460,0,484,416,484
1026855530,569611528,100,399,53,446,299,393
1300186847,4143498987,101,408,38,471,307,433
350417835,48504638,187,311,192,330,124,138
1215761304,3472484308,123,349,37,456,226,419
1285919261,4071503008,79,419,0,499,340,499
1267986728,3944993422,64,447,121,340,383,219
1218923684,3521342986,45,399,192,307,354,115
1298850286,4139508090,3,481,31,471,478,440
1310290625,4182231745,17,447,17,469,430,452
947959330,210452373,120,350,122,368,230,246
924748649,175863192,75,423,0,499,348,499
1263163286,3915120756,15,491,121,404,476,283
1190253052,2832752238,0,499,67,432,499,365
1308509411,4176663712,62,436,0,499,374,499
972637656,266082736,0,499,62,436,499,374
1075782638,1352434055,83,416,0,499,333,499
1174586136,2940638624,2,498,15,498,496,483
1251080059,3837511710,2,497,55,377,495,322
1281778242,4050842831,0,499,0,499,499,499
1276015923,4010222959,0,499,0,499,499,499
1170223785,2892350584,62,436,0,499,374,499
1271574122,3978108699,8,488,181,339,480,158
1105990086,1441623537,65,434,0,499,369,499
981732304,285056280,43,447,208,399,404,191
1282345306,1252289866,100,399,40,459,299,419
1282545015,4057545235,26,473,50,450,447,400
875706535,64365291,47,452,0,499,405,499
851444901,83465102,70,429,0,499,359,499
1244541335,3785188011,0,499,62,436,499,374
984270752,288908872,0,499,83,415,499,332
1308894944,278403957,100,399,20,479,299,459
1273423836,3992582933,55,449,63,446,394,383
1313189896,4198194984,21,478,21,478,457,457
1319705899,4214674456,37,453,24,473,416,449
1143218534,2462594149,42,469,24,469,427,445
1295737997,87534095,57,442,0,499,385,499
1007978831,435842747,170,328,141,357,158,216
1261430422,3898729865,60,437,73,431,377,358
885906564,131684645,71,428,0,499,357,499
1040388858,812312084,159,340,144,399,181,255
1120742068,2017003581,100,399,0,499,299,499
1049484243,951996356,40,455,81,422,415,341
1306929756,4169989368,0,499,0,499,499,499
1323685738,4234147242,36,473,55,440,437,385
1178464655,2714194972,19,493,0,473,474,473
1287035107,176917443,93,406,0,499,313,499
1305853959,4166954569,106,388,51,463,282,412
1267458941,3943121888,71,427,0,499,356,499
1044047439,856038669,64,398,156,350,334,194
1309826922,4181825500,163,164,121,133,1,12
1313269606,4197501767,42,468,41,414,426,373
990217665,297126767,105,394,100,399,289,299
1311966668,4189000107,0,499,0,499,499,499
918541938,149798049,137,361,100,399,224,299
1260227611,3894915124,0,499,0,499,499,499
1034588841,678379617,67,433,155,396,366,241
1308886221,278589107,100,399,13,485,299,472
1144755859,2477468487,217,271,219,309,54,90
1250279714,3831652905,31,468,31,468,437,437
979387735,281752113,56,444,110,389,388,279
927352656,108510231,62,436,0,499,374,499
932049925,187356161,121,372,134,359,251,225
1110300687,1129664803,113,385,0,499,272,499
1196322695,3183395290,176,321,141,339,145,198
1265204269,3929889963,17,481,121,432,464,311
1247581187,3811594946,100,399,37,462,299,425
864742826,106588618,62,436,0,499,374,499
1259065871,3887601750,0,499,0,499,499,499
1061326315,1102368876,110,389,145,354,279,209
1213783756,3453391672,76,421,28,498,345,470
1258358310,3883427103,30,466,23,474,436,451
1304069196,4160931615,106,388,51,463,282,412
1301522449,4150996184,38,470,52,450,432,398
1311399160,4187115753,81,458,169,333,377,164
1244991618,3787994831,74,448,25,465,374,440
1268568132,3952099490,55,446,133,353,391,220
1323250388,4231686554,15,483,115,373,468,258
1230794711,3641714850,0,499,0,499,499,499
1252627305,3850328363,0,499,169,436,499,267
1123829210,2063144505,189,289,174,271,100,97
1286627144,4075769856,43,456,114,387,413,273
1248831685,3817888076,0,499,0,499,499,499
1301431564,4060919428,70,417,73,438,347,365
1323987629,4235884823,31,473,127,406,442,279
1306193894,4167142083,33,473,23,463,440,440
1278185458,3702416868,100,399,21,478,299,457
1058196625,1087585469,0,499,0,499,499,499
1263378953,3915396588,82,418,26,479,336,453
1223611371,3578857027,0,499,43,456,499,413
1235588565,345770248,100,399,39,460,299,421
933251899,190104382,73,425,14,499,352,485
1292557652,4108951871,318,323,193,312,5,119
1295960373,4128438372,18,474,114,377,456,263
1261395377,3898719798,0,499,0,499,499,499
1174590273,2940639656,22,477,72,453,455,381
1121678318,2041105266,110,389,54,445,279,391
1258506803,3885602712,0,499,10,498,499,488
1313231998,4197660193,40,462,33,465,422,432
1227170018,3607252496,29,484,84,426,455,342
1109848396,1893858018,63,436,0,499,373,499
1129166253,2160018640,0,499,109,389,499,280
1025360705,551012812,35,451,114,359,416,245
1289699660,4088688129,0,499,0,499,499,499
1260077157,3889797100,0,499,62,437,499,375
1158639754,1078144537,5,482,121,375,477,254
1298316874,4130337671,62,437,0,499,375,499
1065202950,1148449103,0,499,98,437,499,339
1141482493,2433970593,0,499,62,436,499,374
937024746,197186544,127,159,217,238,32,21
1180958443,2999122387,128,373,217,309,245,92
1020171875,520465625,98,429,213,287,331,74
1100078573,1711736795,110,389,50,448,279,398
849798712,81291288,0,499,62,436,499,374
1026810311,569553070,106,393,50,449,287,399
1158120725,2695197351,87,409,47,455,322,408
1276356427,4012750145,30,449,64,464,419,400
981722163,284477372,0,499,62,436,499,374
1035529557,686041187,65,434,0,499,369,499
1215859575,3468306148,62,436,0,499,374,499
1243659394,3775275374,0,499,157,436,499,279
1322863424,4231777726,0,499,67,403,499,336
1116614277,1962255867,16,457,11,479,441,468
963121210,242634812,207,292,0,498,85,498
1318137016,1999269272,32,370,121,374,338,253
1257243414,3879893909,0,499,22,499,499,477
1254802271,3866315671,18,474,112,391,456,279
1269068731,3953864585,21,478,97,402,457,305
1178080792,2980669806,0,499,78,421,499,343
1274105371,3997446857,0,499,0,499,499,499
1188608906,3069215801,83,416,0,499,333,499
1324191068,4236297457,54,440,26,465,386,439
876342886,114279918,86,413,0,499,327,499
1323671447,4234141311,0,499,0,499,499,499
1248835348,3817893866,8,491,0,499,483,499
996085395,304800127,68,434,76,476,366,400
1273173559,3993178800,8,494,147,335,486,188
958089973,226568371,71,427,1,497,356,496
1047340980,879817886,62,436,0,499,374,499
1172463042,236051402,118,357,13,491,239,478
1311667066,4189022525,0,499,0,499,499,499
1269053132,3955109490,0,499,0,499,499,499
1107660278,1869201021,103,376,77,408,273,331
1309033886,1520695719,100,399,50,449,299,399
1248681517,3817310660,42,457,52,468,415,416
1042189532,838280900,84,433,19,470,349,451
1140736803,2408100728,0,499,62,436,499,374
1151706624,2579236718,0,499,62,436,499,374
1267425782,3942853534,125,362,125,364,237,239
1152075622,2598438251,110,389,54,445,279,391
1265214387,3929900509,243,258,0,499,15,499
1316236059,4200879733,0,444,32,499,444,467
1100063988,1711736756,110,389,50,448,279,398
1096148807,1643530851,0,499,124,375,499,251
912986554,157150374,62,436,0,499,374,499
931772883,186563676,170,329,117,381,159,264
1195833404,3082469884,100,396,203,334,296,131
977670374,278516136,57,442,30,499,385,469
1310105470,4182925577,11,486,26,481,475,455
340253616,48105708,71,427,0,499,356,499
1015753818,47265662,48,450,0,499,402,499
1292892084,4114276436,182,315,44,463,133,419
1281150879,4050294750,0,498,0,499,498,499
291309910,17429306,62,436,0,499,374,499
845316602,74076556,107,391,177,322,284,145
929314446,182850845,132,297,209,353,165,144
1282819020,4058579503,71,432,10,461,361,451
1305319946,4165063316,55,466,118,386,411,268
1311417919,4187452431,0,499,0,499,499,499
933239578,190096054,75,424,18,490,349,472
1257545851,3881706964,42,459,232,291,417,59
1181441592,3002932538,62,436,0,499,374,499
291695890,17508144,69,425,0,499,356,499
900878418,146417550,67,431,0,499,364,499
1272018893,3986436950,61,409,41,483,348,442
848668249,79641489,0,499,62,436,499,374
1318953830,4213849185,119,183,31,146,64,115
1198108176,1309366652,161,344,113,386,183,273
1289331367,4086091889,0,499,17,499,499,482
1237461202,532978405,172,331,211,289,159,78
1109239042,1886035154,22,446,55,455,424,400
985777876,291334279,71,430,146,363,359,217
1178310265,2984373233,14,478,54,451,464,397
946280133,75245524,115,400,114,384,285,270
1252627061,3850328244,0,499,62,436,499,374
1119367280,1992901775,0,499,62,437,499,375
1253087696,3854887201,65,448,86,415,383,329
1263348793,3915389619,81,418,26,479,337,453
1102936686,1811270537,0,499,106,392,499,286
1226942788,3604824130,0,499,0,499,499,499
1252628164,3850328878,0,499,62,436,499,374
1026789699,569541251,109,389,50,449,280,399
1074519877,1335892504,0,498,93,427,498,334
52215930,1941131,63,435,0,499,372,499
856854770,7583286,97,401,0,499,304,499
1316234093,4200879717,41,457,46,465,416,419
439264730,814986,100,399,26,473,299,447
1307778465,4172824306,0,499,0,499,499,499
1187228177,3041023380,66,433,0,499,367,499
1295220619,4125633500,136,335,38,432,199,394
1258933968,3887584103,15,477,42,467,462,425
1283449837,4061578382,0,499,0,499,499,499
1300463091,4146735810,40,444,73,461,404,388
1245667607,3793733704,19,480,20,479,461,459
1136925167,2336204729,18,491,101,403,473,302
1225887076,1154697594,125,374,125,363,249,238
1112678716,1924580527,83,408,10,488,325,478
1215531432,3470078179,117,382,29,443,265,414
1147246303,2077261576,192,310,65,448,118,383
284625241,16300637,100,399,100,399,299,299
957774243,225428489,0,499,83,415,499,332
1262300452,3136899931,19,476,35,398,457,363
1275474702,4006487936,74,431,85,391,357,306
1269448979,3957819126,0,499,0,499,499,499
1287238449,4077758846,0,499,62,436,499,374
883089521,128030463,0,499,62,436,499,374
1282843945,4057527688,0,499,37,499,499,462
1288733977,4085466258,88,410,4,495,322,491
1309093735,4179604710,0,499,0,499,499,499
1099331143,1698908116,0,499,109,389,499,280
1117474398,1952783182,128,303,223,367,175,144
1167670301,2843192289,205,478,9,483,273,474
1267162380,3941810485,29,428,126,473,399,347
1294224081,4122564071,62,434,110,407,372,297
1301418625,4060897996,99,410,51,453,311,402
1279756532,4041456331,95,404,31,468,309,437
1285106785,4063763170,54,448,68,437,394,369
1273144637,3993165906,115,421,157,314,306,157
1026814071,569572562,111,388,50,449,277,399
1260260202,3893191413,77,423,76,378,346,302
1176505314,2958503898,2,498,78,415,496,337
1277067487,4019718334,90,419,9,493,329,484
210918930,1705171,0,499,70,428,499,358
1266901498,3940475648,10,491,74,416,481,342
911381371,155574383,0,499,116,381,499,265
1098160025,1680706392,227,258,237,274,31,37
1261379256,3898717083,0,454,88,411,454,323
985438878,290724001,99,400,26,473,301,447
1205931258,3314026206,0,499,0,428,499,428
1143928049,2471886384,0,499,59,440,499,381
1026920570,569621320,116,382,50,449,266,399
1269516237,3959386919,0,499,0,499,499,499
1186454115,3028454604,0,499,59,440,499,381
1121269392,1118849544,164,336,2,491,172,489
987485248,294324738,35,489,73,427,454,354
1311863987,4189052765,0,499,0,499,499,499
862582586,102704709,105,396,53,445,291,392
914686402,159178220,82,423,14,497,341,483
1195024756,3163757703,14,488,124,389,474,265
1323320975,4231696964,26,475,86,416,449,330
1246418203,3798934093,84,410,66,403,326,337
1146024006,2510106191,110,394,131,377,284,246
1226246248,3596409689,109,389,0,499,280,499
1283795468,4061614577,0,499,0,499,499,499
987457790,294336378,24,463,67,428,439,361
1009291152,440642299,104,394,50,449,290,399
1168539133,2852144970,0,499,0,499,499,499
848680964,79695886,104,393,230,268,289,38
1246382862,3798822713,159,316,86,460,157,374
1295960466,4128438388,266,266,0,499,500,499
1273907529,3995598870,22,465,59,444,443,385
1313351066,4197666582,142,378,182,336,236,154
818441703,62422819,0,499,28,470,499,442
1299273589,4141673862,54,480,130,438,426,308
1104572987,1837722053,7,492,94,413,485,319
1240902020,3750740449,0,499,176,436,499,260
1271564336,3976960859,0,499,0,499,499,499
1023934399,539047485,56,443,56,442,387,386
1119036813,1991334580,83,414,131,374,331,243
1269505962,3959373653,73,453,142,387,380,245
1267984073,3136546028,127,374,4,496,247,492
1007363347,416636450,65,434,0,499,369,499
881900122,85067124,69,429,0,499,360,499
1234399402,3682462152,68,431,0,499,363,499
1112553393,1923649268,172,359,174,328,187,154
1228416678,3616481921,62,436,0,499,374,499
1271465268,3976922302,82,486,26,484,404,458
1307201245,1940511952,60,430,0,499,370,499
1203463554,3277809084,156,369,29,462,213,433
979478730,281994656,10,489,10,489,479,479
1257047476,3877763243,0,499,0,499,499,499
1167718369,2844169385,1,499,62,438,498,376
1283656780,4061596360,84,411,66,440,327,374
941621877,207151498,246,263,244,263,17,19
1204249304,3287289698,10,490,93,404,480,311
1128179909,2138228449,180,374,115,392,194,277
1088623285,1540913776,153,348,191,307,195,116
1243838620,3776673463,100,398,25,470,298,445
1256464167,3874320883,0,499,0,499,499,499
962338866,226117092,90,409,12,486,319,474
1176098821,2954029434,21,470,51,424,449,373
1269236610,3951642214,62,436,0,499,374,499
1190858921,3716249187,110,389,54,445,279,391
1177652961,2977765051,9,491,68,449,482,381
1132633996,2230071933,0,499,83,415,499,332
908164798,116681496,86,412,13,486,326,473
911331864,155541680,67,431,0,499,364,499
1297735469,4137064857,0,499,49,499,499,450
24518730,733653,92,406,9,489,314,480
949592728,59474657,73,426,0,499,353,499
1117523258,1974983618,180,319,100,393,139,293
1328247091,4250626524,8,489,77,413,481,336
1262338182,3906638939,53,499,0,499,446,499
1264054469,3923179393,0,499,0,499,499,499
1317916695,4215693861,36,468,71,433,432,362
1316282996,4209050681,0,499,0,499,499,499
856484899,89869933,0,499,50,449,499,399
1322015706,4229798787,83,414,20,480,331,460
1254064620,3860071210,153,347,56,454,194,398
1289822557,4089731682,44,457,0,499,413,499
1174587942,2940639006,27,481,14,490,454,476
977264649,277787651,90,409,130,369,319,239
1247604847,3811529276,0,499,0,499,499,499
1253972178,3859456225,64,434,82,449,370,367
1283258026,4056815685,0,499,0,499,499,499
1251229075,3838168300,53,477,133,269,424,136
1265305232,3930245112,0,499,32,499,499,467
502389901,52066083,62,436,0,499,374,499
1273342997,3992618701,0,499,0,499,499,499
520489558,52734883,62,436,0,499,374,499
1266344417,3938140403,6,491,78,463,485,385
1134672043,2285328777,112,387,0,499,275,499
1316170256,4200876005,50,452,128,388,402,260
1273966031,3995365497,0,499,53,499,499,446
1215857947,3474746343,55,450,89,383,395,294
1211476092,3398554100,183,315,150,349,132,199
1302254495,4153278992,28,486,59,450,458,391
1156740858,2246837538,0,499,109,389,499,280
1075612752,1350498866,156,343,100,379,187,279
1138346052,2365283159,47,464,64,335,417,271
1211444805,3399882259,84,415,31,420,331,389
930013831,183840385,68,431,0,499,363,499
1199840875,3236682430,0,499,62,436,499,374
1319412951,4214352726,78,434,16,301,356,285
1009686845,281016750,170,328,161,349,158,188
1287852936,4079437335,80,398,72,357,318,285
1292370179,4108696154,91,310,10,243,219,233
1019299451,516383809,10,494,35,469,484,434
1324007638,4235887489,24,469,28,483,445,455
1177728550,2978138041,134,364,0,499,230,499
1061544256,1097021441,4,495,17,487,491,470
1239728796,3739413270,223,235,0,499,12,499
1169842889,2885735606,0,499,0,499,499,499
1007616814,435071922,100,399,53,446,299,393
835069148,68499501,79,420,0,499,341,499
1244326340,3782771604,0,499,126,436,499,310
1321640831,4223007401,111,388,52,468,277,416
1301875662,4153639978,11,452,33,455,441,422
939214323,56884339,0,499,63,436,499,373
1043841436,853456095,10,488,91,399,478,308
1278282119,3709890825,100,399,15,483,299,468
1122979059,67638470,84,414,30,496,330,466
1276829335,4017265420,47,472,138,384,425,246
1079877500,1437668343,1,498,78,421,497,343
1282002472,4050751227,0,499,0,499,499,499
1260455478,3893737663,144,374,166,366,230,200
1287324456,4071968742,172,337,41,443,165,402
856026384,88979642,71,428,0,499,357,499
1260380564,3893204851,43,457,71,442,414,371
1299205118,4139571419,65,461,33,499,396,466
1176505332,2958504018,2,498,78,415,496,337
1289753345,4087671800,151,344,101,484,193,383
1323578539,4231862047,28,452,63,462,424,399
1108315832,1874931025,110,389,51,447,279,396
1041067893,678349101,63,436,0,499,373,499
1272150447,3986442331,134,376,32,465,242,433
1316227892,4200879390,116,381,72,462,265,390
964777284,210856007,97,353,56,455,256,399
1236538057,3706733075,75,424,0,499,349,499
1278797961,4037083982,64,424,110,429,360,319
1193271780,2671943277,131,369,35,453,238,418
1292122700,4106615836,0,499,128,371,499,243
995642454,303967094,2,390,6,462,388,456
1317204583,4212301247,0,499,198,436,499,238
1261412978,3898723369,27,469,74,447,442,373
1274279688,3997828327,0,499,0,499,499,499
1316301988,4200883136,0,479,19,499,479,480
1008001220,435874590,170,328,135,363,158,228
1257592927,3881985188,66,436,69,439,370,370
1250557108,3212857282,100,399,26,472,299,446
1306582543,4167083034,106,388,51,463,282,412
1273966492,3995365512,0,499,7,499,499,492
1255513849,3868445796,0,499,0,499,499,499
1097571735,1670296450,69,429,0,499,360,499
1253519561,3857173112,152,377,73,437,225,364
1123890901,2060956603,0,499,7,492,499,485
975794684,210789221,160,345,32,446,185,414
1265208516,3929890097,70,490,127,385,420,258
925057481,176490770,125,374,62,436,249,374
996083881,304798684,0,499,21,444,499,423
1269332177,3958048008,120,380,51,452,260,401
941676702,207196245,158,330,161,311,172,150
1007651831,435046952,69,430,0,499,361,499
1283952786,4063337187,41,469,43,452,428,409
1196212609,3182722342,50,438,120,412,388,292
1262338642,3906638968,0,499,18,499,499,481
1129165405,2159922280,62,436,0,499,374,499
1243393317,3773730462,33,466,35,467,433,432
1252516598,3849952038,7,491,121,397,484,276
981950944,285391687,79,420,0,499,341,499
859847468,91075932,100,399,137,361,299,224
1289405082,4086379433,0,499,62,436,499,374
1192175602,3120179856,52,484,149,435,432,286
1217414900,3494065289,144,356,194,329,212,135
1196633033,3195328192,0,499,0,499,499,499
835861111,70041325,150,349,101,397,199,296
1257245788,3879894054,0,499,1,485,499,484
1314821219,4186725688,79,417,33,466,338,433
1316129344,4200872287,13,488,11,479,475,468
1038105602,4255067,68,431,0,499,363,499
1310405345,4182240394,33,471,180,348,438,168
1123666060,2059868742,63,435,64,440,372,376
1316147329,4200874030,66,420,42,464,354,422
1005922900,375388229,0,499,62,436,499,374
1305338855,4165385646,49,443,40,480,394,440
1196212622,3182722345,31,456,108,415,425,307
1022953250,531639724,109,389,50,449,280,399
1267990634,3945013394,67,446,184,340,379,156
105764330,2110959,51,448,0,499,397,499
1185871750,3023431308,0,499,28,471,499,443
1125462942,2091364735,0,499,63,436,499,373
1213124789,3437540438,0,499,59,438,499,379
1254614690,3707735214,190,318,188,322,128,134
1277794332,3673696343,115,384,7,499,269,492
1278044435,4029213880,38,461,15,499,423,484
991479768,298982497,109,389,22,476,280,454
975746964,262740962,104,394,0,499,290,499
1257748351,3881732422,15,475,15,499,460,484
38779130,1766055,180,319,150,349,139,199
933157769,61744338,62,436,0,499,374,499
1124192141,1556885523,88,411,0,499,323,499
946264883,53929449,171,334,137,368,163,231
1279675728,4040193470,67,408,70,466,341,396
1275509983,4006491207,22,476,29,478,454,449
898719456,144855166,130,369,77,421,239,344
977839805,278812825,166,317,185,331,151,146
1053833249,3155627253,158,337,202,315,179,113
1289751919,4086158992,0,499,84,499,499,415
1320938385,4221622778,51,440,115,348,389,233
1291980170,4105522055,0,499,0,435,499,435
1316106821,4200869966,116,381,72,462,265,390
1257210941,3879837874,58,444,69,448,386,379
1189120482,3078440034,64,432,129,380,368,251
1302459501,4155416597,0,499,0,499,499,499
1008144342,436067840,150,349,101,397,199,296
1243658935,3775275018,0,499,169,436,499,267
1201856398,3249441343,172,315,169,343,143,174
1256425479,3874303839,0,499,0,499,499,499
1055598420,1050824424,0,499,62,436,499,374
1243746022,3775727444,19,480,20,479,461,459
1027046597,569656637,114,384,50,449,270,399
1243187432,278493509,103,396,14,485,293,471
1190251431,2713620170,174,339,121,431,165,310
1225886870,532978722,206,292,131,355,86,224
1263668548,3920517189,73,425,0,499,352,499
1207713400,3344433200,0,499,63,436,499,373
1316996652,4201017812,0,499,0,499,499,499
1270249247,3970276408,19,473,0,492,454,492
1252796860,3851795420,63,446,15,487,383,472
1232477077,3663363125,62,436,0,499,374,499
1279058179,4037090100,38,447,73,444,409,371
1241607369,3757996219,26,473,0,499,447,499
1087007239,1518741313,30,471,105,406,441,301
1209710917,3382580865,126,374,66,482,248,416
1009236594,440546180,160,339,130,369,179,239
925851294,177587154,0,499,62,436,499,374
1158121286,2695198183,25,475,66,461,450,395
1007523858,435016460,100,399,50,449,299,399
961547433,237885269,144,354,100,399,210,299
977669159,278517933,93,405,0,499,312,499
1125748616,433403475,103,397,135,386,294,251
1316262216,4200881248,19,481,153,361,462,208
1047990187,935033088,144,354,100,399,210,299
1249535752,3819983512,168,324,200,316,156,116
1328275159,4250678386,25,413,49,436,388,387
1244540494,3785187478,0,499,138,436,499,298
1239002393,3731581820,0,499,0,499,499,499
977903373,278911271,62,436,0,499,374,499
1243295776,3772607020,0,499,109,389,499,280
1283681210,4061597822,63,452,127,377,389,250
1308120892,4094130818,192,308,197,271,116,74
1310331764,4182235567,161,332,308,362,171,54
1105660627,1854628505,75,431,101,407,356,306
1304182324,4160988600,106,388,51,463,282,412
869834970,114016954,79,454,0,498,375,498
1246274291,3797626763,45,454,94,399,409,305
1106006060,1859565371,83,416,0,499,333,499
1174600728,2940605604,4,499,56,426,495,370
1316097556,4200868899,101,435,61,387,334,326
1230645173,3621802780,0,499,8,491,499,483
1318138791,4117640994,46,443,149,386,397,237
1234768205,3690228625,0,499,63,436,499,373
860909784,98739959,68,431,0,499,363,499
1115147085,1776430653,155,343,100,399,188,299
1307871686,4173007650,168,349,15,413,181,398
992113488,57586808,95,352,57,442,257,385
949746331,212770427,192,305,103,373,113,270
1081591618,1457360506,62,436,0,499,374,499
1310657271,4182265544,38,464,119,396,426,277
1325223125,4240773342,40,480,102,393,440,291
1275500895,4006490478,0,499,0,499,499,499
1240650358,3748770450,62,436,0,499,374,499
1219887480,3532983256,0,499,0,499,499,499
1316308335,4200883287,0,499,0,499,499,499
1235829969,3700377198,0,499,62,436,499,374
1304622410,52876186,57,442,0,499,385,499
1186289153,3027644557,24,470,13,485,446,472
1250248046,3831233990,112,394,96,401,282,305
1268096223,3945662159,0,499,62,436,499,374
1198946887,278513537,223,344,140,384,121,244
1159940532,2721871473,133,381,128,375,248,247
977145542,277513729,0,499,246,248,499,2
1300035790,4001227358,73,425,0,499,352,499
1075683915,618992223,85,414,0,499,329,499
1314017015,4201306831,8,478,13,490,470,477
1275046472,4003836485,24,485,19,481,461,462
1072714258,308521704,154,345,104,395,191,291
959549549,232952225,164,341,155,344,177,189
1313479381,4183330230,107,397,32,471,290,439
1201367430,3246080385,69,441,113,393,372,280
1311440123,4187124321,42,464,33,435,422,402
1313873687,4200688560,62,436,0,499,374,499
1275192831,4004099022,96,432,85,418,336,333
1078944803,1412328378,104,395,73,426,291,353
1308871720,344845346,100,399,1,498,299,497
1166719419,2823686516,30,479,112,488,449,376
989996788,85776908,190,309,159,339,119,180
1255070105,3867157193,0,499,0,499,499,499
1275495504,4006489083,115,385,104,434,270,330
1303083725,4157459099,9,499,19,499,490,480
1264110560,3923185291,3,499,0,437,496,437
1138302723,2363948052,0,499,52,447,499,395
1313288257,4182955825,52,456,157,307,404,150
1146168560,1960324672,88,409,42,460,321,418
1161716275,2735229170,84,414,0,499,330,499
1313525937,4183466179,45,454,95,384,409,289
1192397910,3098204623,208,345,55,340,137,285
1040627892,816919265,62,436,0,499,374,499
1043434032,848804148,0,499,62,436,499,374
1248835327,3817893859,9,492,0,499,483,499
1269454245,3957824673,0,499,69,419,499,350
1232817353,3776166071,0,499,0,499,499,499
844580886,72785603,0,499,62,436,499,374
982232311,285700955,0,499,62,437,499,375
977850745,278543229,63,435,0,471,372,471
1309103321,4179633731,207,300,208,302,93,94
921023525,167678183,0,499,62,436,499,374
1312695462,4195560376,124,467,80,456,343,376
1249535281,3819982128,130,369,170,329,239,159
1289658608,4086150259,0,499,1,499,499,498
1154519671,2640273795,55,499,0,499,444,499
1323290078,4231691924,154,440,96,367,286,271
1310627756,4182263325,24,469,108,416,445,308
1106020353,1859917804,170,348,100,399,178,299
1176098427,2954029161,29,394,105,393,365,288
920827816,167360978,5,493,5,493,488,488
1284166124,4064620262,3,496,0,499,493,499
1248702352,2042328487,166,493,101,400,327,299
1100070989,1711736320,110,389,56,443,279,387
1313538573,4199252613,59,444,15,424,385,409
1309655154,4179727030,48,354,24,480,306,456
1129509391,2167452380,109,389,0,499,280,499
1308856662,1111893826,100,399,21,477,299,456
893310715,141190972,188,313,188,313,125,125
1250268272,3831364235,0,499,100,436,499,336
903745357,148366260,170,329,171,328,159,157
1112276799,1921225469,67,432,51,421,365,370
1278119472,4029713011,65,457,33,375,392,342
1264796342,3927349731,35,456,35,464,421,429
1236254777,3706680756,0,499,226,234,499,8
1229142769,3617366755,65,433,0,499,368,499
1008767374,439126926,73,425,0,499,352,499
1157377963,2671402185,0,499,109,389,499,280
1316236262,4200879735,0,499,0,499,499,499
1026886981,569590659,100,399,55,444,299,389
1324135383,4236042613,10,499,20,492,489,472
1282541604,4057635335,0,499,0,499,499,499
1240565722,3748044506,0,499,0,499,499,499
1261022605,3896831221,87,411,0,499,324,499
1295383159,4063906502,0,499,83,415,499,332
1275249129,4005356701,184,336,94,397,152,303
1009210524,440489718,78,421,0,499,343,499
1138338294,2365055608,145,347,183,329,202,146
1245390750,3792104969,0,499,60,439,499,379
1252627117,3850328300,0,499,154,436,499,282
955850685,1297834,103,395,41,457,292,416
893310225,141190890,0,499,215,284,499,69
1126756465,468199265,100,399,135,364,299,229
1212768534,3433571355,0,499,0,499,499,499
886550535,132524606,77,421,0,499,344,499
971683174,261453909,0,499,62,436,499,374
1027188143,569826526,111,388,50,449,277,399
1119407977,1998121867,103,446,18,479,343,461
1262518445,3908848363,0,499,0,499,499,499
1313410121,4197672856,164,439,182,290,275,108
1192151676,3122669568,68,432,22,488,364,466
1320570804,4224634003,0,499,0,499,499,499
862215757,101728888,0,499,62,436,499,374
1107915778,1869938494,110,389,54,445,279,391
1244386130,3777593006,62,436,0,499,374,499
1261193393,3898711266,79,415,115,414,336,299
1008032221,435884798,100,399,56,427,299,371
1221747682,3566343590,40,499,123,433,459,310
1305169541,4164674395,106,388,51,463,282,412
1311611129,4188731306,1,498,0,499,497,499
1143981034,2473129327,1,498,51,389,497,338
1091766569,1567060280,70,428,0,499,358,499
1116943135,1966809163,21,458,33,471,437,438
1289794987,4089924824,33,452,32,408,419,376
1269547182,1853167011,73,426,0,499,353,499
1323285457,4231691354,119,380,20,400,261,380
1033233401,645485160,62,436,0,499,374,499
1233076242,3928358714,0,499,0,499,499,499
1017186553,267511305,141,302,151,336,161,185
1265203863,3929889953,234,280,250,492,46,242
854179927,85756939,70,429,0,499,359,499
1136238951,2324600482,0,499,109,389,499,280
1269472391,3957835561,0,499,0,499,499,499
1169935379,2888059481,3,496,0,499,493,499
863765615,99523648,97,403,25,475,306,450
836473375,55616631,147,352,111,387,205,276
989329116,296466314,0,499,237,261,499,24
1273222539,3992590507,57,443,65,446,386,381
1152207886,2591304870,109,389,0,499,280,499
1308330831,4152032007,80,434,174,335,354,161
905689693,150272781,107,392,3,499,285,496
1108739096,1878218278,0,499,50,449,499,399
1043841361,853456116,12,487,40,483,475,443
941678351,207258158,164,341,155,344,177,189
1026815337,569552807,108,391,50,449,283,399
1273102244,3992559508,26,476,49,472,450,423
1301503686,4150990444,47,443,140,278,396,138
941583588,207029010,62,436,0,499,374,499
1143084959,2455500113,68,431,0,499,363,499
1243767645,3775826657,62,436,0,499,374,499
1322864114,4231777814,1,499,73,407,498,334
1188462891,3065095714,0,499,62,436,499,374
1269148565,3766474399,100,399,4,495,299,491
1262609660,3908524113,118,499,0,377,381,377
1281776934,4050842746,0,499,0,499,499,499
1181059626,2999849192,53,448,17,486,395,469
1301280852,4150972236,28,464,49,441,436,392
1275249076,4004118001,80,422,91,425,342,334
1211983036,3414348113,177,325,183,316,148,133
1250982159,467108,72,427,13,499,355,486
1282313753,4056047348,14,479,17,479,465,462
1285979440,4071437742,0,492,16,441,492,425
969084526,254520628,85,414,0,499,329,499
464668030,50525770,68,430,0,499,362,499
998426235,334571796,0,499,0,475,499,475
1236971038,3709160017,109,389,0,499,280,499
1108315893,1874931045,110,389,63,435,279,372
1096466396,1654437655,109,389,0,499,280,499
1201830422,3155074885,0,499,14,428,499,414
1317483566,4213276744,0,499,0,499,499,499
1281005475,3709029358,20,479,0,499,459,499
1303906688,4159973144,100,399,52,446,299,394
1159047136,554528776,100,299,15,451,199,436
1078723932,1405512227,65,420,26,475,355,449
971432624,262169725,88,419,24,480,331,456
1197750081,3209516057,18,485,7,481,467,474
1293718863,4119898224,0,499,0,499,499,499
1225523269,3582239240,0,499,83,415,499,332
1248698495,3816707684,55,461,80,445,406,365
1307389454,4171236761,210,291,58,460,81,402
1277796045,4023047592,0,499,0,499,499,499
1226670934,3603066446,0,499,24,475,499,451
1117500049,1974799966,68,431,0,499,363,499
1035625601,687641516,223,293,61,340,70,279
1220991748,3559274340,0,499,62,436,499,374
848622176,48630738,76,423,0,499,347,499
1191062111,3098284905,203,298,192,381,95,189
1176998374,2966549041,0,499,106,436,499,330
1249536663,3819984740,174,308,167,325,134,158
1314554297,4202304659,12,499,20,490,487,470
1235615248,3696317175,16,479,157,351,463,194
1221766704,3566351511,44,482,28,485,438,457
1249536654,3819984739,161,338,131,358,177,227
895575345,142401661,62,436,0,499,374,499
1008786431,439186813,73,425,0,499,352,499
509046105,52373628,170,329,14,484,159,470
1057321653,1077735453,143,347,116,450,204,334
1256860506,3874567253,55,438,71,499,383,428
1045098828,867222368,84,417,23,465,333,442
1317755366,4211197479,85,468,82,419,383,337
975311450,189906033,7,491,60,442,484,382
1258610124,3885526186,20,460,61,465,440,404
960125485,234405752,71,428,0,499,357,499
1271695789,3979563207,49,435,118,435,386,317
1180017237,2994034198,62,436,0,499,374,499
1301219444,4150967119,0,499,0,499,499,499
1145434656,2491706082,62,436,0,499,374,499
1311273351,2694735055,100,399,23,476,299,453
1273952506,3995259152,0,481,0,443,481,443
1053499522,1033556090,0,499,75,423,499,348
1322853074,4231965340,0,499,0,499,499,499
1227604063,3612658856,80,419,0,483,339,483
1008138290,436060666,174,324,144,354,150,210
1317820308,4213274485,0,499,0,499,499,499
1020554571,457346812,190,309,154,345,119,191
1265200874,3929889675,34,453,5,496,419,491
1313554842,4183490566,130,429,397,484,299,87
1047393800,902403040,109,389,0,499,280,499
920559229,6139423,103,396,0,499,293,499
573555,996195,175,324,184,315,149,131
1281723990,4052947754,64,407,133,365,343,232
1269455593,3958959520,131,370,6,491,239,485
1111288341,1910373399,0,499,0,499,499,499
1158121306,2695198228,100,399,12,488,299,476
939948631,111335236,0,499,62,436,499,374
895725268,142364709,116,383,0,499,267,499
973175581,268088480,155,397,138,318,242,180
1232424619,3661588546,83,415,0,499,332,499
1091677034,1568427069,158,354,178,443,196,265
1248645671,3816940896,14,439,101,395,425,294
1008041276,435863394,100,399,63,435,299,372
1195069274,3164165235,0,499,0,499,499,499
1258187355,3883965606,0,480,32,412,480,380
1323456706,4231852016,20,459,59,468,439,409
1191489920,3109428921,0,499,0,499,499,499
848564849,60772629,142,357,83,415,215,332
956848010,223175512,62,436,0,499,374,499
1181550576,3003421879,0,499,83,415,499,332
1042989117,746291967,32,466,89,411,434,322
1142535548,2450824802,0,499,62,436,499,374
1295632644,4127355415,0,499,0,499,499,499
1158501132,2696953316,216,273,208,319,57,111
1301523522,4151263395,45,454,32,458,409,426
1119407496,1998121833,40,453,41,473,413,432
1132264131,2220936057,72,420,94,397,348,303
1132874838,2233059888,0,499,0,499,499,499
1273145456,3992571496,57,444,73,411,387,338
1124365258,2076102379,128,296,93,417,168,324
1273191871,3992529828,0,499,0,499,499,499
1317922693,4213186123,62,436,0,499,374,499
904797100,149311485,0,499,62,436,499,374
876589818,86365121,185,313,150,349,128,199
1252295329,3848187826,0,499,0,499,499,499
1146256433,2514717165,83,416,0,499,333,499
1248835682,3817894223,0,499,0,499,499,499
1286473593,4074847495,75,424,20,499,349,479
1151517793,2585083537,71,428,0,499,357,499
854179762,85755426,70,429,0,499,359,499
1219889984,3532983466,105,499,0,480,394,480
1268743601,3913593207,229,267,257,489,38,232
1246071152,3797074200,15,499,33,485,484,452
1232554351,3665151348,62,436,0,499,374,499
1126193991,2100915663,233,291,193,298,58,105
964629733,247669257,189,322,172,318,133,146
1215230334,3469589650,70,395,84,499,325,415
1225862040,2847551431,125,374,125,374,249,249
1322225589,4229835159,0,499,0,499,499,499
1278110435,4029556709,85,405,108,370,320,262
1102999508,1807113808,0,499,62,436,499,374
1262754363,3909249624,0,499,0,499,499,499
1237434748,3718583281,173,321,473,498,148,25
1295220830,4125633552,41,454,15,485,413,470
1215482437,3470034448,39,470,23,480,431,457
1077736140,1381344319,168,351,137,407,183,270
1266725616,3939903821,32,483,44,442,451,398
1243176410,3770966868,169,314,129,350,145,221
1027214939,570608502,101,397,50,449,296,399
1089481446,1553197168,16,413,168,327,397,159
1275532772,4006492230,78,410,92,386,332,294
1043951560,852664855,0,499,62,436,499,374
1292494878,4108935657,99,413,48,430,314,382
1000493202,353771692,71,427,0,499,356,499
1002977073,388574243,172,343,174,307,171,133
1231541163,1854687862,99,406,79,499,307,420
1192289382,3125251322,0,499,62,436,499,374
1274647178,4000180273,0,499,96,403,499,307
1077007216,1370611087,94,405,27,471,311,444
1156655692,2675087817,85,357,144,366,272,222
1300296169,4145581708,82,439,82,446,357,364
958610030,228768304,0,499,83,415,499,332
1239350681,3630539721,0,444,24,499,444,475
1029528868,592032563,0,499,1,494,499,493
563029408,53843444,74,424,0,499,350,499
1319770720,4214998842,28,328,180,367,300,187
1070213632,1255534153,0,499,0,499,499,499
1136975066,2336931286,0,499,62,436,499,374
284884738,16316358,62,436,0,499,374,499
1283470246,4061578849,0,499,1,470,499,469
1151792530,2590167834,93,405,170,372,312,202
1151821386,2590590786,5,494,90,409,489,319
1196330300,3185626999,77,428,76,428,351,352
933242229,190098855,73,425,0,498,352,498
1128013213,2134867508,71,428,0,499,357,499
1322017486,4229798805,59,478,107,451,419,344
1265926712,3935694660,0,499,0,499,499,499
1074359413,1334685627,22,445,102,396,423,294
1253214699,3854772526,33,445,117,407,412,290
1261172757,3898707467,225,232,0,499,7,499
1280695243,4046438000,55,448,103,409,393,306
1317516514,4186126588,64,443,118,384,379,266
1139565103,2387691922,62,436,0,499,374,499
988509472,295660585,7,491,180,319,484,139
1144740952,2487671054,0,499,62,436,499,374
1319429905,4214364238,63,360,47,227,297,180
1260346482,3893243570,59,476,140,350,417,210
1260326027,3894931702,0,499,0,499,499,499
1274992990,4003747255,0,499,0,499,499,499
1294105249,4122227382,0,499,0,429,499,429
1065834939,278516691,160,339,100,399,179,299
1269668652,3961317779,62,436,0,499,374,499
1100075677,1711732749,70,429,145,354,359,209
1030588157,599672416,69,429,0,499,360,499
1236456574,3707074118,0,499,0,499,499,499
1152576492,2608616563,83,415,0,499,332,499
1261402764,3898720696,71,427,54,439,356,385
1016405785,498744674,0,499,23,476,499,453
1167652160,2842410919,7,491,220,281,484,61
1022389733,529948393,0,318,231,267,318,36
861903338,100771902,71,430,0,499,359,499
1008142843,436063630,160,338,130,369,178,239
933516307,190714518,0,499,62,436,499,374
1311785851,4189048411,33,499,15,499,466,484
1157335383,2683759004,107,389,158,341,282,183
1312017620,4189091488,0,499,0,499,499,499
933265781,190121895,73,426,0,499,353,499
1302748263,4107133707,0,499,0,499,499,499
1283939983,4061633812,14,483,23,392,469,369
1155843314,2660936952,0,499,64,434,499,370
1027264971,570687648,100,399,52,446,299,394
1190252606,2832752200,8,483,126,413,475,287
1123821539,2062706614,160,339,100,399,179,299
1246615806,3801274201,62,436,0,499,374,499
988509523,295660235,168,364,135,331,196,196
973607411,269653887,0,499,109,416,499,307
1189465736,3073508424,123,376,50,449,253,399
1309035118,285096939,100,399,34,465,299,431
1323894858,4234091564,22,476,63,462,454,399
1140991245,2422682727,98,473,132,424,375,292
1265245766,3929960748,23,464,184,313,441,129
1175359891,2947788304,97,360,75,417,263,342
1260265008,3893191829,39,419,129,423,380,294
1136967038,2336087736,51,453,78,444,402,366
1277712936,4023024672,0,499,0,499,499,499
1100250148,63638829,93,403,193,305,310,112
1168122634,866814046,0,499,0,499,499,499
1313553778,4199252812,22,485,12,474,463,462
1127505597,303189177,141,357,100,399,216,299
1262536969,3908875517,29,428,76,446,399,370
965053489,243903931,89,410,25,474,321,449
1282331974,4056268397,75,416,50,476,341,426
1192162160,3122714647,68,432,22,488,364,466
1272643153,3989833705,134,361,81,499,227,418
891731190,138460889,144,354,100,399,210,299
1310862858,4184607703,59,440,66,435,381,369
995154853,303083907,65,434,0,499,369,499
316969240,4195453,145,354,100,399,209,299
1174593628,2940640505,149,353,141,362,204,221
1319957944,4215274653,28,465,22,468,437,446
1019274243,516346819,92,402,50,492,310,442
1189480020,3079412402,51,448,0,499,397,499
1194474257,3160169800,65,451,190,321,386,131
1283595122,4061482856,9,491,26,470,482,444
1302463248,4151152369,62,436,0,499,374,499
964953027,248795914,0,499,62,436,499,374
1250268180,3831364135,0,499,167,436,499,269
1059476093,278531879,193,274,110,379,81,269
1152422609,2606073012,224,276,142,498,52,356
1041887026,834301951,6,493,29,470,487,441
921249794,168344827,9,487,109,410,478,301
1319849191,4220793638,77,469,1,460,392,459
1128598447,2151388005,93,407,111,388,314,277
1309971651,4181944491,0,499,40,499,499,459
1282803700,4053858962,83,415,0,499,332,499
1305041769,4164658552,106,388,51,463,282,412
1261384486,3898717536,87,398,39,477,311,438
1216751677,3484904679,35,458,122,366,423,244
1132951214,2239228522,93,404,8,493,311,485
1245880101,3795107570,0,499,0,499,499,499
1102739109,278529736,150,349,100,399,199,299
1323466757,4231853000,31,466,46,465,435,419
1301283823,4151296312,61,438,0,499,377,499
1213805031,3453541215,0,380,0,462,380,462
987347318,294178423,24,456,159,320,432,161
1213647616,3451438892,60,439,0,499,379,499
1302638350,4155969204,90,398,128,353,308,225
995098275,303051081,156,343,49,417,187,368
1118969983,1976623335,156,343,100,399,187,299
1269148488,3674010939,100,399,19,479,299,460
937788771,199005590,211,271,190,299,60,109
1007520399,435015500,100,399,50,449,299,399
1267351580,3942323152,44,474,72,321,430,249
848934197,80184781,0,499,0,498,499,498
1321970571,4229796119,55,499,0,499,444,499
1240982884,3751067602,0,499,62,436,499,374
1093183612,1598150591,63,436,0,499,373,499
1133643756,2252752960,69,430,4,499,361,495
1220603833,3546276028,75,424,0,499,349,499
1257588123,3881984405,0,499,0,499,499,499
1097068799,1665934545,51,447,0,499,396,499
682465335,1155211,82,417,34,465,335,431
1323278173,4233426380,164,362,162,364,198,202
1321634825,4223005492,34,466,7,476,432,469
1255734611,3871089313,68,415,76,425,347,349
1156925836,2678802027,191,316,23,470,125,447
1232368316,3660424694,62,436,0,499,374,499
1305595128,4164366466,0,499,83,415,499,332
1302495296,4155419904,25,462,91,423,437,332
963843323,244796477,0,499,62,436,499,374
986245728,292136971,77,433,228,275,356,47
1267245290,3938853778,0,499,82,416,499,334
1090387925,1556912008,146,352,100,399,206,299
1177700618,2974131308,0,499,0,499,499,499
1321774757,4223037860,76,437,78,444,361,366
1023735534,537855454,0,499,62,436,499,374
923879344,174928285,0,499,71,427,499,356
1256575537,3873253090,109,389,0,499,280,499
1143236618,2462947465,133,358,172,326,225,154
1324190985,4236297449,109,406,210,456,297,246
1103812470,1819778066,94,405,27,471,311,444
1267352324,3942386909,48,482,110,397,434,287
1123883734,2064392074,110,389,54,445,279,391
1298423282,4139333386,65,491,39,494,426,455
1270975248,3974745673,30,481,21,483,451,462
1254300574,3859876483,5,491,49,493,486,444
1128429391,2145645573,15,484,44,455,469,411
1049148352,250271265,0,499,62,436,499,374
1275053243,4003837462,40,444,73,461,404,388
1268021857,3944543319,10,487,42,475,477,433
1316263419,4200881308,21,477,37,470,456,433
1077255854,110186808,62,436,0,499,374,499
1261173544,3898707826,21,477,141,355,456,214
973606883,269653570,124,380,174,334,256,160
1009267514,440567938,137,362,100,399,225,299
1227463428,3610178800,152,346,96,402,194,306
1120658491,2016215609,62,436,0,499,374,499
1254518973,3861226011,128,377,124,473,249,349
1275071690,4003840447,23,464,40,463,441,423
1152762684,2611119469,0,499,24,474,499,450
1221446296,3563519954,43,450,49,434,407,385
1223585281,3582305152,7,488,106,386,481,280
1320962738,4221636295,260,390,206,277,130,71
964958923,79869861,197,301,165,334,104,169
1240717019,3748199729,51,474,120,438,423,318
946932405,209049661,64,434,0,499,370,499
1309557115,4152809682,27,457,165,347,430,182
1243391964,3773729945,138,379,48,462,241,414
1008186596,436109260,160,339,147,352,179,205
1167633886,2841850969,0,499,113,385,499,272
1186522353,3031072313,118,388,15,483,270,468
1289944216,4090624332,0,499,0,499,499,499
989024444,296202037,97,401,145,353,304,208
850681891,82249590,0,499,238,257,499,19
1255777545,3871044867,74,482,82,499,408,417
1317996347,1951685702,0,499,40,499,499,459
1251536070,3843644899,0,499,0,499,499,499
1304116014,4149373452,130,362,132,344,232,212
1307880226,4173008680,0,499,0,499,499,499
1290595502,4095093405,0,499,0,476,499,476
1148499767,142375617,81,418,33,483,337,450
1269502360,3959371271,8,491,9,490,483,481
1271827199,3981338564,0,499,62,436,499,374
1264598508,3926332596,65,435,80,399,370,319
947147483,209252641,137,365,47,470,228,423
1024292394,541497308,0,499,77,422,499,345
1249789618,3822885031,64,434,0,499,370,499
1250025413,3828717560,62,436,0,499,374,499
1168981717,2861476907,0,499,0,499,499,499
1240164633,3743864685,0,499,67,432,499,365
1290411547,4093215760,0,499,170,325,499,155
1322841433,4231775705,44,450,64,444,406,380
862021468,100822362,0,499,80,419,499,339
1176042246,2952636132,204,295,24,488,91,464
941256645,203641860,266,374,208,291,108,83
1119405840,1998118333,161,342,157,337,181,180
881895792,124334148,0,499,62,436,499,374
1255982388,2067750676,83,415,0,499,332,499
1276438142,4013274279,0,499,0,499,499,499
1275496699,4006489140,76,438,61,489,362,428
1130130118,2177475219,0,499,62,436,499,374
1317207506,4212302296,181,319,185,367,138,182
1233923657,3682543374,0,499,0,499,499,499
1231027548,3643836619,62,436,0,499,374,499
1254931664,3867137610,39,453,119,392,414,273
1257139737,3878944810,80,419,0,498,339,498
1030920824,605397112,138,374,41,444,236,403
1250919384,3836821313,0,499,0,499,499,499
1318066630,4216695084,101,396,1,498,295,497
1059018151,1090315348,55,442,127,367,387,240
1276429846,4013272515,0,499,0,499,499,499
1240530434,3748213265,63,434,5,491,371,486
1029511481,591830026,1,499,12,478,498,466
1203420811,3275380623,0,499,109,389,499,280
1163897429,2775255323,109,382,220,320,273,100
1262170752,3905723624,0,499,0,499,499,499
935321880,165937705,165,333,137,361,168,224
1097577682,1670428975,0,499,109,389,499,280
1026993157,569653713,108,391,50,449,283,399
1188504908,3066593381,2,498,38,461,496,423
1218271097,3259720271,109,389,0,499,280,499
1190254215,2832752554,146,394,97,401,248,304
1275485613,4006488513,3,495,3,495,492,492
1121063180,2029684472,0,499,62,436,499,374
1112219828,1892606216,41,458,77,499,417,422
1273894248,3995553735,0,499,4,499,499,495
1323129470,4232881265,52,465,34,467,413,433
1146384737,1853849315,0,499,0,499,499,499
1301244821,4150968998,20,477,54,451,457,397
1029511441,591830021,31,466,85,415,435,330
1294190496,4122554736,96,393,68,414,297,346
1117495912,1974797188,79,420,0,499,341,499
946230965,207673978,0,499,62,436,499,374
1306096009,4167132068,42,467,47,464,425,417
1316758947,4210719212,182,316,134,375,134,241
1133279052,2246493270,134,369,174,345,235,171
1063581399,1129077909,130,368,100,399,238,299
1307843545,4172829968,0,499,0,499,499,499
1261210658,3897756118,79,420,0,499,341,499
1039973194,805423945,73,426,0,499,353,499
987476879,294324621,0,499,83,415,499,332
1261097070,3897601211,0,499,62,436,499,374
1065485414,1152122007,76,422,6,492,346,486
1115219345,1940941355,257,293,329,350,36,21
1101749995,1782413956,0,499,0,499,499,499
1271580587,3976973110,61,452,40,427,391,387
1255246928,3869221816,42,467,62,476,425,414
862188366,101738274,73,430,0,499,357,499
1313425485,4197675073,222,304,154,332,82,178
1277442228,4022745557,0,499,0,499,499,499
1273145551,3993166140,20,482,165,345,462,180
891738901,138465066,111,399,115,376,288,261
1272157150,3987833980,0,499,80,419,499,339
1164624745,278511305,171,327,118,350,156,232
1275401672,4004166985,29,451,63,464,422,401
872288019,117389361,94,405,27,471,311,444
1301869358,4153638980,62,485,42,493,423,451
1252627889,3850328751,0,499,62,436,499,374
1283033165,3969948907,23,481,176,321,458,145
581567,927520,72,426,94,404,354,310
1270238310,3970213450,41,457,61,438,416,377
1289672058,4087662719,0,499,0,499,499,499
833078187,63474224,98,369,139,413,271,274
1213169019,3442172236,107,417,84,409,310,325
977874482,278552702,85,413,0,465,328,465
1273355606,3992568979,30,448,64,464,418,400
991519202,299046333,173,325,150,349,152,199
940546391,138754740,50,449,127,371,399,244
1265207396,3929890072,0,499,0,499,499,499
1232333766,3659918127,150,364,203,278,214,75
1244007155,3777645648,31,465,140,380,434,240
1240939182,3751189385,100,399,25,474,299,449
1283585097,4061586084,0,499,0,499,499,499
1277534336,4019813724,38,434,121,348,396,227
1270323490,3971188179,74,425,0,499,351,499
1188515401,3066969689,66,434,11,488,368,477
1165742252,2806785419,146,347,159,315,201,156
1311620996,4188744677,1,497,0,499,496,499
1298336490,4133335468,26,473,0,499,447,499
1254710071,3863859381,99,409,117,388,310,271
1117411600,1973182494,0,499,100,399,499,299
1048411571,935659869,73,425,0,499,352,499
1047874134,933716002,127,372,0,484,245,484
885820063,131459451,0,499,62,436,499,374
1237282389,3716309342,0,489,32,499,489,467
1201833042,3249406225,45,467,89,415,422,326
1138540748,2369418929,68,431,0,499,363,499
1319412702,4214354266,58,446,65,449,388,384
851346409,83041226,68,431,0,499,363,499
1121013836,2028987636,21,464,112,358,443,246
1308755078,4177859794,48,445,0,499,397,499
977672870,278677362,104,395,0,499,291,499
1223496971,3544310653,158,340,133,367,182,234
1041121870,823788611,71,427,0,499,356,499
1316924108,4201013625,110,376,22,483,266,461
1263803163,3921312832,125,378,10,499,253,489
1231074337,3644507115,0,499,0,499,499,499
1104366263,1831442099,194,305,122,408,111,286
1039196027,788971142,0,499,62,436,499,374
921923594,162845883,71,427,44,455,356,411
1320688104,4225401690,148,361,84,417,213,333
1067208350,1177843583,0,499,62,436,499,374
1273875152,3995297161,0,499,0,499,499,499
1158121472,2695198674,16,482,17,483,466,466
1240605562,3748052404,0,499,0,499,499,499
1098784483,1696147017,110,389,145,354,279,209
990902755,297968605,62,436,0,499,374,499
1120300723,2012235787,108,383,46,441,275,395
1033540293,651473106,70,429,0,499,359,499
1309674100,4181533476,115,385,129,371,270,242
1070006169,278412492,217,234,118,170,17,52
1186394415,3028261964,26,439,157,355,413,198
1038474536,751395915,28,474,51,439,446,388
867579609,110657569,223,277,210,289,54,79
1320763953,4224769637,83,405,74,414,322,340
1047105575,18220189,80,409,16,480,329,464
1245045581,297277766,28,472,148,350,444,202
1277488458,4023122729,12,498,187,387,486,200
868879394,84833738,201,293,184,320,92,136
987657643,294485352,114,389,42,487,275,445
1277516587,4019800977,0,499,83,415,499,332
1245829218,3794712898,0,499,0,499,499,499
1118853973,1987805236,62,436,0,499,374,499
847517957,76975698,86,412,125,374,326,249
1289550786,4087653756,0,499,0,499,499,499
1121108879,2030957695,0,499,0,499,499,499
1142874184,2455612547,0,499,83,415,499,332
1007607920,435156876,150,349,113,386,199,273
1266213028,3937634547,60,450,40,443,390,403
1244635763,3785435794,0,499,0,499,499,499
1272005417,3986434450,0,499,0,499,499,499
1236109588,3705313818,82,394,125,480,312,355
1158305723,2697702712,83,415,0,499,332,499
1124097205,278510539,172,328,125,372,156,247
1196212613,3182722343,48,455,118,415,407,297
905259500,149860962,87,412,0,499,325,499
1076408741,1363100082,214,246,0,499,32,499
1288456611,4082135062,137,357,92,400,220,308
1240116443,3743378695,117,381,65,434,264,369
1064303325,1135482279,115,385,25,431,270,406
1076486486,1363928618,85,393,142,361,308,219
1247053455,3803627178,87,411,0,499,324,499
1264104918,3923709307,180,319,154,345,139,191
859861224,95811673,205,300,218,279,95,61
1251829704,3845397681,62,443,163,378,381,215
1274228662,133450796,69,429,0,499,360,499
873118698,118574549,0,499,62,436,499,374
1301015828,4105603939,38,421,25,470,383,445
1092511197,1584196732,4,494,46,449,490,403
1204437425,3468010987,96,274,291,448,178,157
1191047726,3101165353,67,435,107,383,368,276
1275653947,4006517024,115,394,13,487,279,474
849831657,81310562,108,396,173,374,288,201
1190251251,2887023591,135,386,154,373,251,219
1149487252,2560100156,83,416,0,499,333,499
970955243,261005560,87,407,28,463,320,435
1276291400,4012660372,106,499,118,390,393,272
1307460795,4169066369,45,454,113,375,409,262
1310298428,4182232567,7,485,131,301,478,170
1132713850,2231547157,62,436,0,499,374,499
1007712022,435131776,100,399,31,467,299,436
1192170417,3122844251,68,432,22,488,364,466
1261398117,3899874783,100,429,114,395,329,281
1265225418,3929900104,0,499,0,499,499,499
1311023467,4184403765,19,481,33,374,462,341
1269569581,3959929462,130,371,187,439,241,252
1099087237,1923134823,41,481,46,499,440,453
947819502,125805514,9,499,68,436,490,368
1288985015,4085932965,0,498,0,499,498,499
1271866101,3984035878,111,417,135,324,306,189
1282708884,4057510754,54,448,88,429,394,341
1257894797,3883419760,0,499,0,499,499,499
696858194,57724913,37,414,112,401,377,289
1310303952,4183483804,68,431,0,499,363,499
949660331,212653642,117,381,65,434,264,369
1253519584,3857173122,108,397,75,443,289,368
1166976792,2827900816,0,499,0,499,499,499
1164521478,2784092711,0,499,62,436,499,374
1195756325,3175510474,140,350,171,335,210,164
1066930465,1173353215,75,425,15,483,350,468
1275633249,4006508438,38,475,102,451,437,349
1268534004,1099447185,100,399,65,433,299,368
1119259266,1995206151,0,499,25,473,499,448
1218268617,3502569971,70,428,0,499,358,499
1244807634,3785412820,62,436,0,499,374,499
1044282332,859467532,156,420,90,413,264,323
1309729908,4152983145,10,484,0,485,474,485
1164823158,2787060073,80,435,225,425,355,200
1265927393,3935695208,0,499,0,499,499,499
1136999526,2336119671,35,479,38,459,444,421
978546095,279725149,100,399,137,361,299,224
1282343462,278396255,100,399,30,468,299,438
1098685633,1692178656,140,361,95,399,221,304
937368377,197619669,94,405,27,471,311,444
1324066966,4236041682,41,470,9,487,429,478
875448033,121392531,150,349,107,391,199,284
1303927998,4160322535,0,499,70,429,499,359
1137556382,1548293490,133,392,85,411,259,326
1243659942,3775275617,0,499,148,436,499,288
1244997040,3787995167,60,438,13,458,378,445
939869825,203024840,107,406,129,325,299,196
940889037,205320516,146,349,151,353,203,202
1093904131,1606627103,0,499,100,399,499,299
1274509272,168505029,61,439,0,499,378,499
1251758797,3844928085,109,389,0,499,280,499
1279051729,4037089688,45,448,46,450,403,404
1188524058,3067035930,171,350,142,345,179,203
1077736174,1381343474,107,347,111,422,240,311
1046789610,879270678,0,499,62,436,499,374
1257249503,3879898920,74,432,39,454,358,415
1058039538,2319518,109,389,0,499,280,499
1241395752,3756586912,190,312,163,335,122,172
1246305846,3798250394,4,486,16,469,482,453
1006402591,421357677,68,431,0,499,363,499
1313462056,4197679909,63,492,24,469,429,445
1295220250,4125633010,33,469,99,429,436,330
1190252031,2647272667,120,384,115,379,264,264
1245748397,3794158983,138,364,148,364,226,216
934916637,193529845,125,374,62,436,249,374
1236027590,3528287960,102,353,103,438,251,335
1201850188,3249437000,26,485,78,431,459,353
1239233967,3735613173,0,499,0,499,499,499
1264357050,3923999139,62,436,0,499,374,499
835026564,68496479,62,436,0,499,374,499
941621992,207151505,166,338,153,347,172,194
1197100372,2564892093,182,317,175,349,135,174
988315121,295296755,0,499,62,436,499,374
1318625434,4216147721,0,499,0,499,499,499
995597069,303846418,68,432,84,410,364,326
1203069580,3261579401,62,436,0,499,374,499
1220327603,3540930576,0,499,7,491,499,484
895376852,85599856,83,414,0,498,331,498
1280920801,4047734566,11,478,144,330,467,186
875678703,117652171,92,406,0,499,314,499
1057640784,1078007654,0,499,4,495,499,491
1100072980,1711735424,110,389,54,445,279,391
1244541481,3785188046,0,499,122,436,499,314
1282022780,4053880227,0,499,0,499,499,499
916510368,154453126,130,368,84,407,238,323
1282851167,4057528810,1,493,12,495,492,483
1039538995,797913865,0,499,62,436,499,374
1003704508,397061907,208,297,204,277,89,73
1102167823,1791763976,23,474,118,385,451,267
1257733736,3881730072,0,499,58,499,499,441
1149859829,2565967545,7,488,64,433,481,369
925211275,176693504,0,499,75,424,499,349
1294189493,4122554538,1,492,29,477,491,448
1279094602,4037092131,0,499,0,499,499,499
965755891,251011568,83,415,112,390,332,278
1310681608,4184543373,31,463,84,442,432,358
1319412587,4214354260,36,231,129,353,195,224
1040131460,805999052,0,499,0,499,499,499
1188953793,3075343400,129,378,112,378,249,266
1324054464,4236041439,0,499,18,397,499,379
1234768219,3690228632,72,430,15,491,358,476
1257237303,3879891134,4,495,4,495,491,491
1100250624,1199682450,86,429,81,417,343,336
1291932883,4105271973,31,433,162,338,402,176
1255897541,3872340865,51,487,60,485,436,425
946699880,208686945,147,353,156,347,206,191
1215502141,3287130019,33,463,94,400,430,306
1296529276,4130955821,178,327,21,493,149,472
1250158191,3830391333,0,499,0,499,499,499
1313411141,4197672907,72,440,100,409,368,309
1114390881,1933150128,69,429,69,429,360,360
1292523293,4108940740,118,399,139,365,281,226
1252799292,3851807863,3,494,8,490,491,482
1250908516,3836743647,124,353,85,413,229,328
1059017596,1087744432,76,422,0,499,346,499
1260367252,3893244773,103,395,116,441,292,325
1043227036,849040383,87,419,32,464,332,432
1264047563,3923103965,0,499,0,499,499,499
1028710766,587658599,100,399,50,449,299,399
1110345397,1902322016,40,454,170,390,414,220
1298610748,4111972951,70,386,139,460,316,321
1274229899,3994734891,0,499,0,487,499,487
1144402592,2470925387,0,499,0,499,499,499
912000679,155998403,99,400,0,499,301,499
1163736318,2761056881,33,396,80,407,363,327
294484796,18061195,71,427,0,499,356,499
1241294183,3755260450,0,499,62,436,499,374
1093803780,1923133210,0,499,0,499,499,499
946685896,192442770,0,499,153,346,499,193
1268906044,3953953901,169,356,69,482,187,413
728352419,56744321,207,292,188,310,85,122
1006098311,419023205,120,379,76,422,259,346
1295974477,278572545,174,325,98,428,151,330
1299833837,4143786347,0,499,0,499,499,499
1273554922,3992757895,19,459,60,466,440,406
1008102750,435913278,116,382,77,421,266,344
922031512,170369470,91,407,0,499,316,499
1174590156,2940639612,206,300,183,302,94,119
1230546689,2493960569,70,429,0,499,359,499
1254303759,3861171176,26,467,53,458,441,405
983829125,288157324,106,394,156,341,288,185
1100065968,1711736686,110,389,51,447,279,396
1283827310,4061617576,36,433,77,465,397,388
1048061153,936296410,73,426,0,499,353,499
1112279803,1921225702,25,499,91,391,474,300
1276016204,4010222970,0,424,7,473,424,466
1196386401,3186024293,71,428,6,499,357,493
1215480616,3470032432,85,404,87,434,319,347
1009026772,439655675,73,425,0,499,352,499
1061567149,567639446,8,478,56,457,470,401
1203141568,3267046814,187,311,150,349,124,199
940889959,205319337,12,492,69,431,480,362
970925227,114064353,92,397,0,473,305,473
1245929689,3795573232,147,362,297,435,215,138
1322778286,4231405891,0,499,0,499,499,499
1279021993,4037801693,50,464,37,473,414,436
1304095676,4160937444,106,388,51,463,282,412
1191040948,3101163203,28,495,63,436,467,373
1116847831,1965615444,0,499,0,499,499,499
1154398319,2404882859,0,499,62,436,499,374
1298321965,4130783013,62,436,0,499,374,499
697030947,57776374,50,449,59,440,399,381
1094173718,1614527853,173,292,68,455,119,387
1124395981,2077023299,4,486,44,445,482,401
1269395457,3958459979,110,389,54,445,279,391
1200758221,3243546575,71,427,12,499,356,487
1301431716,4060919438,0,499,0,499,499,499
1006226628,421840520,0,499,62,436,499,374
1201833164,3249406363,16,490,29,472,474,443
1053832076,1033577505,63,436,0,499,373,499
1283961202,4061637061,0,499,19,499,499,480
1327702721,4248813249,91,407,28,420,316,392
442595130,50203186,103,395,29,469,292,440
870972794,115636729,62,437,0,499,375,499
1193068587,3067636313,8,415,116,365,407,249
1211983977,3414349047,236,275,484,484,39,500
1190252780,2887023740,99,393,204,304,294,100
1283666458,4061597186,32,470,31,460,438,429
1267222484,3942379402,98,381,10,488,283,478
1112080974,1899754822,8,492,82,406,484,324
1104944858,1845657766,0,499,62,436,499,374
1151340365,2582443123,50,449,100,399,399,299
1317644732,4213260874,40,473,128,392,433,264
1314804700,4186708020,206,293,336,396,87,60
1279980275,4042492843,90,400,71,429,310,358
1261172585,3898707436,33,473,104,391,440,287
863096714,103520995,94,439,225,273,345,48
1106115940,1841080458,0,499,0,499,499,499
1227343109,3609037779,141,358,134,364,217,230
1316297767,4200882990,26,460,103,429,434,326
1187302359,3047189350,202,296,165,334,94,169
1258432526,3883446976,25,472,35,478,447,443
1269402200,3958460006,132,365,76,427,233,351
848504319,79435049,0,499,64,434,499,370
1256368307,3874188038,90,410,20,473,320,453
1052014535,982246414,58,433,0,451,375,451
1107660248,1869200359,21,474,37,474,453,437
919285549,164844126,103,396,100,399,293,299
1239264447,3735866274,73,426,0,499,353,499
1064956946,1144274037,207,292,191,307,85,116
1276316173,4012662575,0,499,0,499,499,499
1310375814,4181900882,29,465,161,415,436,254
1281199757,4050298152,24,482,65,446,458,381
1133983749,2271129976,86,422,97,413,336,316
1244312108,3782337542,62,436,75,499,374,424
885144368,130836719,0,499,105,395,499,290
1228243199,3615825274,19,494,86,413,475,327
1242849753,3766472873,92,419,98,400,327,302
1287492700,4076593298,37,468,30,461,431,431
1150736957,2578068597,0,499,109,389,499,280
925809163,177512829,62,436,0,499,374,499
1275462842,4006485661,37,443,48,446,406,398
1273027826,3992387084,0,499,0,499,499,499
451820130,50304390,104,394,50,449,290,399
1069752037,1255351521,0,499,62,436,499,374
1013311672,465442456,41,377,235,262,336,27
1027300163,570637655,115,383,50,449,268,399
980664262,283897503,30,461,71,421,431,350
1068903939,1191761743,150,349,150,349,199,199
1218987171,3516990955,175,323,150,349,148,199
1311930997,4188991383,0,499,0,499,499,499
965045643,248825378,62,436,0,499,374,499
1053511807,1033882452,188,310,165,334,122,169
1057321711,1068366946,54,413,142,425,359,283
1289569223,4088819509,0,499,136,362,499,226
933261780,190111103,72,426,0,499,354,499
1191666530,3112353532,75,425,144,365,350,221
1277537226,4019814322,90,436,96,499,346,403
1255311116,3868683216,47,492,7,499,445,492
1308216997,4175100695,83,415,0,499,332,499
1285877874,4017685863,0,499,0,499,499,499
1196328519,3185599284,77,428,84,435,351,351
1133292968,138767183,382,402,97,115,20,18
976420919,275481419,0,499,62,436,499,374
1117161375,1967330517,14,462,63,368,448,305
1026887173,569596774,100,399,60,438,299,378
940889721,205320855,128,364,91,401,236,310
1313750077,4184003858,76,423,126,443,347,317
1289692399,4087666441,0,499,0,499,499,499
1261942399,3901697887,140,381,160,355,241,195
1009069264,439806398,73,425,0,499,352,499
1047730993,912733058,72,427,0,499,355,499
853883721,85111104,110,464,63,328,354,265
1008177011,436094819,115,383,50,449,268,399
1323259592,4231367191,8,408,62,439,400,377
844620653,72845851,73,425,0,499,352,499
1048402789,940290617,66,425,129,374,359,245
988534962,294413726,57,442,0,499,385,499
1031270227,611040994,91,412,106,405,321,299
1174593839,2940640537,18,479,5,468,461,463
1211983080,3414348257,13,480,52,471,467,419
1304156860,4160954051,106,389,51,463,283,412
1189729870,3085098193,56,431,59,472,375,413
975980828,275016763,62,436,0,499,374,499
1028912403,589479315,10,479,84,426,469,342
1265000043,3928961193,209,294,210,359,85,149
1275976209,4010220255,136,357,132,386,221,254
967140710,254003067,75,424,9,492,349,483
1236000639,3703052742,32,474,57,460,442,403
909281142,153775792,120,354,109,387,234,278
1260353237,3893198687,56,435,65,431,379,366
1269008594,3955075138,0,499,0,499,499,499
1302648109,4155460449,0,499,0,499,499,499
1257268509,3879903121,0,466,0,499,466,499
933244426,190100552,74,424,0,499,350,499
1257608810,3881986815,0,499,0,499,499,499
1125122322,2089160922,47,447,102,398,400,296
1258950556,3887588183,62,439,68,441,377,373
1167646534,2842264951,167,332,174,335,165,161
1112778817,1925154975,65,439,68,437,374,369
1113061691,1926715050,14,484,17,481,470,464
1270237694,3969776938,62,436,0,499,374,499
1243390500,3773729406,19,480,20,479,461,459
857503207,13465616,69,430,0,499,361,499
644469771,55476298,230,270,210,289,40,79
1008093992,435916098,100,399,147,352,299,205
1080793222,1442842900,197,283,233,297,86,64
1133160471,2244248760,0,499,63,436,499,373
1092308623,1581453803,159,339,4,496,180,492
1095515076,1634030160,30,203,99,234,173,135
1206414416,3324451565,55,448,67,416,393,349
1225887082,1154697596,125,374,125,363,249,238
1305421283,4165669220,70,418,35,499,348,464
1041182315,824466922,86,471,30,413,385,383
1255937254,3872705312,180,488,200,299,308,99
1253470440,3856810125,0,499,0,499,499,499
1320968099,4221642148,3,470,89,410,467,321
1250268204,3831364147,0,499,167,436,499,269
1298540519,4139980536,48,432,93,487,384,394
914971930,159475001,62,436,0,499,374,499
1320233658,4215726458,44,493,58,464,449,406
940866415,205130519,0,499,0,499,499,499
1271504303,3976926125,30,469,140,370,439,230
882942559,127729258,155,344,140,358,189,218
506475449,52239835,0,499,62,436,499,374
964954938,248816052,188,352,138,369,164,231
1319272295,4218753464,96,290,134,367,194,233
1117511205,1974895125,19,499,105,436,480,331
1279332531,4037125670,24,479,48,472,455,424
922483907,171522568,0,499,165,251,499,86
1279466316,4039489304,0,499,168,331,499,163
1301699842,4151269797,0,499,0,499,499,499
1273909835,3995598948,24,484,12,485,460,473
863162192,103588043,82,416,0,499,334,499
865951789,108493299,74,424,0,465,350,465
1168541046,2853841555,41,457,0,499,416,499
959549542,232952226,164,341,155,344,177,189
933255215,190108350,86,412,6,495,326,489
1318345441,1891366078,16,456,23,475,440,452
1150223736,2567618772,62,436,0,499,374,499
1203066408,1172804374,160,339,109,389,179,280
1252627146,3850328321,0,499,154,436,499,282
1237015262,3710992412,0,499,62,436,499,374
1026369832,562802210,0,499,52,447,499,395
1066930130,1173353253,26,469,21,476,443,455
434781507,47002677,94,403,30,472,309,442
1227310408,3608336478,32,432,156,379,400,223
977470169,278310103,90,436,0,499,346,499
1221768010,3566352163,135,390,83,427,255,344
1198657586,3218778890,141,358,100,399,217,299
1257238809,3879893491,0,499,28,499,499,471
1313447712,4197522788,104,409,68,423,305,355
334581498,47879969,0,499,62,436,499,374
925241829,176760029,0,499,72,427,499,355
1169868755,2883812513,133,363,15,485,230,470
1068067710,1182443596,0,499,62,436,499,374
1092326824,6855886,57,442,0,499,385,499
402774530,2644591,79,419,12,486,340,474
968869850,254891267,65,433,0,499,368,499
1196638416,3195332316,0,499,0,499,499,499
1323340721,4231757987,98,398,21,479,300,458
987434455,294322622,135,379,52,476,244,424
1133636239,2254639221,109,389,0,499,280,499
1309568008,4179944439,164,356,56,477,192,421
1064840425,1136496189,109,389,0,499,280,499
933262514,190111222,53,445,0,499,392,499
1128459492,2141070700,88,411,0,499,323,499
1203371647,3272276912,79,420,0,499,341,499
995098465,303051683,166,332,69,435,166,366
1056287579,1071878064,0,499,0,499,499,499
1066403369,1165567743,0,499,65,421,499,356
1117990625,1978505347,67,442,88,403,375,315
1323319499,4231696806,0,499,0,499,499,499
903979481,148595668,94,409,170,323,315,153
1324211884,4236298251,144,367,32,470,223,438
1068807799,1201050282,20,453,153,346,433,193
1302634743,4155930231,70,429,145,354,359,209
1127347897,2121747373,147,359,149,349,212,200
1255758106,3871285876,237,263,235,488,26,253
1306807119,4168955911,0,496,0,499,496,499
1142016149,2444628771,114,385,14,469,271,455
1026033977,559059933,20,478,87,410,458,323
946231005,207696723,0,499,62,436,499,374
1005838880,418203387,4,489,97,403,485,306
1291980475,4105522127,46,436,135,323,390,188
914686381,159178294,82,423,1,499,341,498
1244326334,3782771601,0,499,126,436,499,310
1301517206,4151263160,0,499,0,499,499,499
1221464246,3563525512,90,407,22,481,317,459
1328704838,4250701391,76,422,81,419,346,338
1079156024,1414869637,97,421,116,417,324,301
1193178127,3138621775,14,483,179,321,469,142
1196342467,3185774385,88,410,0,499,322,499
1305169364,4164674391,106,388,51,463,282,412
1155015477,2646730868,146,465,205,294,319,89
1275505889,4006687483,0,499,16,497,499,481
895140539,67407346,95,403,13,485,308,472
1308912218,2645060866,100,399,10,488,299,478
1244540501,3785187480,0,499,138,436,499,298
1263163221,3915120752,42,474,43,474,432,431
1008000014,435873591,100,399,42,457,299,415
1186709206,2675199518,142,356,24,473,214,449
987659959,294486962,88,416,53,490,328,437
1174590120,2940639602,206,300,183,302,94,119
1317566002,4213729537,0,499,70,406,499,336
1045004459,866170968,69,430,0,499,361,499
1261563542,3900589773,0,499,0,499,499,499
1305590588,4166199913,105,387,85,438,282,353
1261421502,3898726950,81,499,77,499,418,422
588134530,54375541,135,331,90,438,196,348
1082340481,1466013348,108,397,69,429,289,360
963904591,245145608,0,499,62,436,499,374
1314562234,4202304848,10,491,126,412,481,286
1043841433,853455933,58,488,126,410,430,284
987563307,294402294,189,331,43,449,142,406
1309692326,4179732433,38,471,11,489,433,478
1191151955,3102705364,10,481,142,368,471,226
1007511056,435012712,100,399,67,431,299,364
1274526133,388549,96,403,8,499,307,491
1239447328,1171412906,39,461,185,356,422,171
1161437292,2730100765,77,422,0,499,345,499
1282707442,4058713434,0,499,0,499,499,499
1323341514,4231758012,79,449,87,499,370,412
1178126987,2981080744,103,401,1,499,298,498
1311387691,4187115008,0,499,74,444,499,370
1016488302,499151114,67,430,58,432,363,374
1178081309,2980671883,0,499,62,436,499,374
1237336727,3718589304,39,461,137,356,422,219
978771386,280286280,74,425,2,499,351,497
1115396637,1943879803,0,499,62,436,499,374
1276326749,4012665055,17,499,22,474,482,452
1225886717,532978823,210,284,152,347,74,195
1169407520,2720601854,0,499,109,389,499,280
1258381036,4010531278,130,372,128,372,242,244
1307835552,4172828982,54,425,58,469,371,411
148205630,4600827,150,349,107,391,199,284
1254819761,3866428633,0,499,0,499,499,499
1305341429,4165065923,111,473,20,478,362,458
1078328437,1397277538,0,499,0,499,499,499
1321719753,4228840130,0,499,0,499,499,499
1027341176,570728795,104,394,50,449,290,399
1243383684,3773725893,19,480,44,449,461,405
1263755952,3921265660,238,436,39,400,198,361
983787038,288066381,107,413,78,433,306,355
1190251981,2647272654,0,499,62,436,499,374
1282559889,4057547211,33,478,188,353,445,165
1307428701,4171503396,0,499,0,499,499,499
1282853143,4057766007,48,478,104,429,430,325
1306863391,4167093352,0,499,0,499,499,499
1047160142,892115017,62,438,137,376,376,239
1151232310,2581187926,0,499,68,431,499,363
1182149102,3005672482,0,499,70,499,499,429
1299534305,4141674683,11,481,110,337,470,227
1247525106,3811069991,0,499,73,426,499,353
1016545853,495653073,0,499,63,436,499,373
963380869,243436431,0,499,66,432,499,366
1287276944,4077177525,0,499,0,499,499,499
1260196182,3891765920,0,499,62,436,499,374
157973230,3213560,0,499,41,467,499,426
1283783364,4061612340,0,499,0,499,499,499
1107660265,1869201337,22,487,138,355,465,217
1141936653,2441524914,68,431,0,499,363,499
1298541155,4139981423,167,333,13,485,166,472
1227167450,3607251848,0,499,36,462,499,426
1265223514,3929899608,49,479,110,409,430,299
1267247733,3942383415,0,499,0,499,499,499
861852533,100512277,0,499,62,436,499,374
1029511438,591830014,79,385,85,432,306,347
874732281,79375832,78,427,91,408,349,317
1037415984,729936184,160,356,190,338,196,148
1321326316,4219094281,10,489,0,499,479,499
916551208,161344172,67,431,0,499,364,499
1191226172,3104462049,4,494,3,473,490,470
847113856,76471840,79,420,0,499,341,499
1175950412,2952053271,52,445,47,470,393,423
1229539077,3619160323,0,499,62,436,499,374
887141695,84723034,90,408,0,499,318,499
930649533,184474195,134,364,92,409,230,317
921335144,168471479,26,499,43,467,473,424
905623686,150194069,130,369,77,421,239,344
1257407520,3881319436,69,418,142,446,349,304
891740333,138464494,112,399,116,382,287,266
1282199573,4054684954,63,499,109,428,436,319
919350460,164807453,75,424,5,494,349,489
1283021114,4057772934,0,499,0,499,499,499
1255007217,3867147793,137,371,74,471,234,397
1249562941,3811431564,42,484,73,420,442,347
946273252,60415950,160,344,131,380,184,249
1302929278,4154933415,97,438,87,382,341,295
1244608050,3784900536,71,441,156,350,370,194
1304026413,4160808763,12,481,163,400,469,237
1309122840,4179727397,197,303,208,293,106,85
884686916,128263735,89,410,0,499,321,499
1319715200,4219596000,153,355,40,474,202,434
1068056779,1188156274,67,431,0,499,364,499
1263877049,3921316022,125,378,10,499,253,489
1265209780,3929890137,0,499,25,474,499,449
1182183873,3005788106,64,435,0,499,371,499
1109379809,1888181625,107,395,128,367,288,239
1233240399,3675759938,78,421,12,486,343,474
1273107088,3992560628,77,408,114,430,331,316
993493240,301509082,114,383,58,434,269,376
1273064181,3992552295,1,499,22,477,498,455
1135773259,2312770003,0,499,38,470,499,432
779868120,62030792,0,499,83,415,499,332
1178130278,2981089345,60,495,232,281,435,49
916678364,161755858,37,462,10,489,425,479
1135081687,2296136766,0,499,62,436,499,374
1239890830,3741740559,121,356,140,356,235,216
1100073531,1711731629,180,319,152,347,139,195
1007496101,435017384,58,440,0,499,382,499
1324042351,4235890024,81,412,84,407,331,323
1236238899,3706379457,100,386,67,431,286,364
1196482743,3088613675,0,499,62,436,499,374
1308918475,4177868176,0,499,0,499,499,499
848934236,80184839,66,432,0,499,366,499
1257232849,3879890711,146,326,187,363,180,176
1174590675,2940639763,232,277,190,191,45,1
998293381,334562483,135,352,164,333,217,169
1254055431,3859857092,0,499,0,499,499,499
1313060523,4197487566,138,345,317,470,207,153
1189553278,3082989805,72,456,121,327,384,206
1277514603,4019800586,6,472,18,480,466,462
1261407074,3898721348,48,419,69,455,371,386
964713634,247653293,167,332,152,344,165,192
1261427590,3898729018,0,499,1,499,499,498
1233846455,3682507446,0,499,0,499,499,499
901354820,146713235,144,355,103,395,211,292
1303122763,4157460512,30,450,125,372,420,247
1307184875,4170894031,0,499,0,499,499,499
1285987977,4071897416,131,476,218,382,345,164
1085968631,1498517955,78,413,4,491,335,487
1255218720,3868406578,0,499,0,499,499,499
1172487793,2919053186,102,396,13,490,294,477
1113061639,1926714936,5,495,64,436,490,372
871842110,116835081,0,499,71,427,499,356
1196865735,3200183331,56,451,215,308,395,93
1255590751,3870361162,23,477,22,491,454,469
971424389,262161913,158,357,114,387,199,273
1324035345,4235889668,18,494,6,485,476,479
1283596658,4061586834,0,499,0,499,499,499
1317643648,4213738815,26,456,208,329,430,121
1226780403,3604507568,43,451,109,397,408,288
1241428999,3756677341,224,269,204,284,45,80
958302165,227410652,166,335,89,424,169,335
927145094,179853872,104,409,191,320,305,129
876343615,112814288,80,419,0,499,339,499
844219447,71799277,0,499,83,416,499,333
1169935352,2888059466,0,499,0,499,499,499
1192175604,3120179859,52,484,149,435,432,286
1240227928,3745009906,48,472,122,405,424,283
1243659969,3775275625,0,499,134,436,499,302
1273115226,3992563701,0,499,0,499,499,499
1174592816,2940640388,27,463,37,481,436,444
1026931266,569624498,115,383,50,449,268,399
1241420069,3756669643,73,426,0,499,353,499
1213555262,3449934299,0,499,62,436,499,374
1194571398,3160908657,110,376,151,209,266,58
1255356620,3869195698,62,436,0,499,374,499
1262821819,3911416769,0,499,126,373,499,247
861330729,99619372,69,430,0,499,361,499
987628670,294479522,105,426,113,388,321,275
1282029622,4053883680,19,482,78,384,463,306
1312009536,4189050512,65,447,197,275,382,78
1175749030,2950356433,2,496,101,398,494,297
1168603538,82640359,155,341,115,378,186,263
1301419137,4151258234,43,384,198,499,341,301
929935162,105191084,69,429,1,499,360,498
1271175105,298735570,100,399,32,490,299,458
959087491,229242126,17,484,141,425,467,284
1230189514,3633439194,0,499,75,424,499,349
1311435772,4187123789,0,499,0,499,499,499
1026373924,562802058,62,436,0,499,374,499
1303091375,4157459731,142,383,159,364,241,205
1319624004,4214635733,58,446,96,359,388,263
1260237656,3894918300,28,483,29,470,455,441
1238711851,3729312479,0,499,195,303,499,108
1250457024,3832880680,73,426,0,499,353,499
1201832190,3249405665,60,455,22,468,395,446
1114528977,1934520703,144,354,100,399,210,299
1256896955,3874926825,0,499,0,499,499,499
1316480566,4209066471,69,473,23,499,404,476
850106810,81702651,0,499,62,436,499,374
1111013544,1901954206,0,499,62,436,499,374
1208112754,3350587205,0,499,62,436,499,374
1323308694,4231412713,18,485,107,397,467,290
1294321942,4123012779,62,443,144,357,381,213
1199642609,3233832463,0,499,83,415,499,332
1225667949,3588229627,0,499,5,493,499,488
1144199897,1700087460,61,438,163,417,377,254
1281929304,4044227167,21,477,129,364,456,235
1176503630,2958499427,0,499,171,332,499,161
1220369131,3542244087,108,391,0,499,283,499
1212453177,3425781610,0,499,62,436,499,374
1130979764,2190978644,35,473,13,490,438,477
1276766579,4016006484,0,499,0,499,499,499
1292279489,4108382156,91,467,107,496,376,389
1075759820,1352145703,8,493,143,345,485,202
987462820,294315586,168,330,146,353,162,207
869475909,113367316,67,431,0,499,364,499
924417891,74785274,74,425,15,499,351,484
1275784129,4008679425,0,499,0,499,499,499
1302519106,4155420451,192,300,35,477,108,442
1166935182,2826401419,109,389,0,499,280,499
1121349362,2034793659,159,360,71,491,201,420
1268714425,3951838399,36,460,15,482,424,467
1255757156,3871285623,51,475,130,392,424,262
1078713546,1404694045,0,499,63,436,499,373
1311446278,4187125541,0,499,0,499,499,499
1238532253,3728843588,0,499,0,499,499,499
1177444717,2971711260,0,499,109,389,499,280
920887898,167489321,0,499,83,415,499,332
1255526030,3868447002,78,449,80,435,371,355
1182958914,3009725705,88,427,91,407,339,316
1305350572,4165405868,48,462,108,387,414,279
1321102087,4221740441,5,494,175,324,489,149
1239578584,3681413002,183,315,157,342,132,185
876285707,103637635,67,431,0,499,364,499
1007573043,435060563,63,435,0,499,372,499
1075976827,1356370601,135,362,135,357,227,222
1310492405,4182246992,146,352,26,499,206,473
1292784015,4113865167,9,489,120,373,480,253
1317721374,4213268726,0,499,0,499,499,499
1322778399,4231405893,0,499,9,499,499,490
1086381931,1129076721,73,426,0,499,353,499
844217507,71799251,99,399,0,499,300,499
1265222960,3929899402,14,485,156,484,471,328
833748127,47518752,75,423,3,485,348,482
1265222657,3929899376,11,489,117,390,478,273
1009232556,440549270,100,399,147,351,299,204
1162996642,2760557196,0,499,62,436,499,374
1007039965,193251340,62,436,0,499,374,499
1115378318,1943133012,115,387,63,429,272,366
1298280032,4134828054,0,499,62,436,499,374
1258535813,3885717703,11,466,126,414,455,288
623943186,55114804,62,436,0,499,374,499
1262173220,3905724728,62,418,83,416,356,333
1236944546,3716248646,180,319,153,346,139,193
1077943944,1382071375,126,373,100,399,247,299
916914525,118204266,130,369,90,409,239,319
1225832080,3583681554,162,337,100,399,175,299
1196650663,3193550890,185,313,150,349,128,199
959218708,231450168,83,416,171,359,333,188
1240951635,3751573160,0,499,72,427,499,355
1264907690,3928057697,43,437,95,407,394,312
844627444,57692557,82,416,3,499,334,496
1158121426,2695198608,46,462,57,475,416,418
1190254180,1876686865,33,468,99,429,435,330
1156925686,2678801972,77,410,129,378,333,249
1082430466,1465309324,10,489,10,489,479,479
1098541319,1682562199,0,499,28,471,499,443
1271547554,3976940080,26,489,17,483,463,466
1198718896,3218794018,154,344,100,399,190,299
1038478569,748825497,62,436,0,499,374,499
1169754908,2882744476,110,389,54,445,279,391
987349515,294183415,115,380,62,472,265,410
921976369,170100013,0,499,62,436,499,374
1204345432,1122900652,188,290,163,341,102,178
925092996,176551430,0,499,50,448,499,398
1260349634,3893243940,39,437,130,339,398,209
854734172,87784214,197,303,175,324,106,149
916960734,162328528,97,423,3,483,326,480
1241400597,3756588730,189,313,160,331,124,171
1306308783,2066158052,83,415,0,499,332,499
987580048,294332435,0,499,97,401,499,304
1248836085,3817895213,82,395,32,474,313,442
1318874659,4220198090,44,457,104,422,413,318
1308925913,4177868444,74,453,65,432,379,367
1315080237,4204290269,133,363,32,466,230,434
1244309182,3782497320,94,420,58,462,326,404
1288633193,4084096420,163,336,115,384,173,269
1269036852,3955083013,0,499,0,499,499,499
1190256380,1876686193,17,484,105,380,467,275
1215537326,3470092625,49,450,28,471,401,443
1101972943,1785553854,62,436,0,499,374,499
1273152929,3993170932,11,487,154,341,476,187
1319113010,4220473196,95,402,56,461,307,405
697827039,57819584,81,418,0,499,337,499
1240756845,3748222794,82,460,93,418,378,325
1321022615,4221665027,121,367,36,447,246,411
1178467882,2542492478,21,490,0,486,469,486
1026849188,569609282,100,399,55,443,299,388
979521474,282093054,48,460,64,441,412,377
1001548635,369538373,176,322,158,349,146,191
1252591800,3850001987,78,442,77,431,364,354
976284357,275522373,0,499,62,436,499,374
1181482151,3003209455,138,347,122,376,209,254
1223603100,3582314951,19,437,44,385,418,341
1324210258,4236298202,86,408,40,459,322,419
1307826208,4172827721,0,499,0,429,499,429
1307874681,4172854931,144,373,99,430,229,331
1303082839,4157459047,41,474,113,388,433,275
1321997263,4229797298,157,341,152,364,184,212
1234768153,3690228599,232,269,45,461,37,416
1033926208,194528458,92,396,104,398,304,294
1296373158,4130468772,29,461,75,410,432,335
1261407212,3898721359,36,432,145,461,396,316
981983444,285428362,11,488,30,469,477,439
1309469967,656738889,100,399,24,475,299,451
1275804073,4004617931,50,449,108,390,399,282
1260087532,3889378805,0,499,0,499,499,499
1198823699,2574686337,137,361,100,399,224,299
1271516103,3976931728,119,392,215,357,273,142
1196660067,3192664124,10,489,10,489,479,479
994981987,302779942,62,436,0,499,374,499
1128292429,2140542333,79,419,0,499,340,499
1246419218,3797625473,25,431,67,444,406,377
1245907092,3789073583,111,388,46,452,277,406
1235383783,3693236040,62,436,0,499,374,499
1093119535,1597594453,63,435,0,499,372,499
836106108,70568784,86,412,8,490,326,482
1311259127,4182066428,199,283,26,480,84,454
1204642059,3294505394,84,419,28,468,335,440
1257675600,3881791705,0,499,33,499,499,466
1306565556,4167080047,106,388,51,463,282,412
1171813587,2900937758,66,432,0,499,366,499
1307830724,4172828347,112,406,115,413,294,298
978771185,279698949,83,416,0,499,333,499
1213431861,3211245089,151,348,100,399,197,299
1158537624,2699568782,35,470,92,417,435,325
1057308923,1077635713,133,372,193,327,239,134
1269480204,3957842300,0,499,0,499,499,499
1221618456,3565213305,117,372,32,457,255,425
1253969158,3859455931,0,499,32,499,499,467
1026777672,569539593,103,395,50,449,292,399
1236541497,3708929921,39,469,20,480,430,460
1057222231,1072976666,80,419,0,499,339,499
1309069831,4179413224,18,499,1,499,481,498
1319428937,4214364205,98,400,175,338,302,163
1290810561,4096819984,0,499,0,499,499,499
1318066013,241784464,122,394,135,475,272,340
1251447855,3842713606,101,433,42,414,332,372
1311211377,4182064031,58,450,38,468,392,430
1017775450,418466190,190,309,165,334,119,169
1064209765,1134869629,9,498,76,439,489,363
1319671449,4219573323,0,499,207,321,499,114
1128322865,2141725338,141,357,100,389,216,289
1286542168,4074816990,346,374,191,303,28,112
1072356780,1301297709,76,421,106,427,345,321
1273208814,3992412168,0,499,0,499,499,499
1319634830,4219559391,71,427,0,499,356,499
909726560,130976347,71,427,1,497,356,496
980141355,543823362,0,499,207,499,499,292
1311436281,4187123826,27,452,31,408,425,377
1321570112,4223039153,0,499,0,499,499,499
1063332938,1125105152,0,499,62,436,499,374
1296903550,4132098887,0,499,62,436,499,374
1246512616,3799716452,0,309,100,399,309,299
1286457230,4072530447,144,351,132,387,207,255
477508960,50822300,150,349,107,391,199,284
882263269,70099392,48,451,0,499,403,499
1311379969,4187114359,20,485,124,417,465,293
1257044425,3877762669,5,455,2,402,450,400
1099344935,1699135536,137,361,166,332,224,166
1204198325,3287125089,133,358,24,471,225,447
1173879377,2932591602,4,491,47,449,487,402
1178066617,2980765965,0,499,109,389,499,280
1243785539,3775997573,216,293,96,432,77,336
1085685115,1502609408,62,436,0,499,374,499
1261174051,3898707884,49,445,139,335,396,196
1257107574,3878640769,166,369,170,335,203,165
1266213555,3937634658,83,411,78,461,328,383
1286536654,4074816817,75,410,121,361,335,240
1236865055,3508515318,73,428,30,478,355,448
846129083,75261233,49,427,56,427,378,371
1026165567,558037206,65,433,0,499,368,499
1321073589,4221737513,19,483,45,437,464,392
1275149962,4003925876,86,428,73,418,342,345
435337516,49900627,128,392,118,388,264,270
1283740780,4061608104,0,499,20,463,499,443
1309610177,4180206868,76,434,44,383,358,339
1292405037,4108946766,27,442,75,338,415,263
992916729,300658546,58,400,105,449,342,344
1311510513,4187533517,0,498,0,499,498,499
1311378444,4187364193,193,283,217,264,90,47
1015523221,484961758,94,411,171,348,317,177
1104836861,1843977794,186,312,150,349,126,199
882712091,127556755,0,499,62,436,499,374
1186394486,3028261979,26,439,157,355,413,198
1174592717,2940640373,35,476,119,430,441,311
1288287598,4080764614,62,499,0,499,437,499
1240572819,3748048232,15,482,73,410,467,337
1013989470,471422179,0,499,0,499,499,499
1245670990,3793735305,32,467,32,467,435,435
1255116625,3868322198,0,499,123,499,499,376
1167048877,2829096792,108,389,82,461,281,379
1149655337,2563251222,158,341,100,399,183,299
1223555607,3582141212,70,429,145,354,359,209
1248400525,3814892649,30,475,84,411,445,327
1204248384,3287288444,75,425,9,498,350,489
1269503809,2483692971,106,392,0,499,286,499
983988653,288355303,83,393,52,480,310,428
1280696739,4046438154,0,499,0,499,499,499
1320599837,4224790121,0,499,48,450,499,402
1101792872,1783736849,0,499,71,427,499,356
1279489749,4037933510,0,499,74,499,499,425
1242122073,3762619039,66,433,8,499,367,491
1255189579,3868888278,0,499,0,499,499,499
1190252047,2601396869,0,499,178,304,499,126
985047322,290169377,218,278,138,366,60,228
1244326315,3782771592,0,499,126,436,499,310
1122174303,67298634,86,412,0,498,326,498
1323259267,4231687303,0,499,0,499,499,499
962099454,239453560,0,499,62,436,499,374
1323288174,4231691869,10,477,51,447,467,396
1242007571,3761345455,50,449,103,396,399,293
1312645604,4195544505,21,483,58,458,462,400
1238968503,3731022242,71,427,0,499,356,499
1280691661,4046437613,26,414,47,438,388,391
977773966,278534073,183,335,67,499,152,432
1265216144,3929900600,75,427,21,489,352,468
980402420,283430440,75,423,0,498,348,498
1026950943,569908656,111,387,50,449,276,399
1151635040,2578791989,40,465,83,435,425,352
1081196259,298873474,118,380,100,399,262,299
1290357614,4093146580,79,420,0,499,341,499
1283003890,4057772404,74,359,26,484,285,458
1016845674,499637625,0,499,129,370,499,241
1216627495,3482009746,0,499,0,499,499,499
1292920974,4113742286,66,451,48,465,385,417
866330308,109156564,40,459,0,499,419,499
1320150869,4215428762,127,394,119,309,267,190
1250921141,3836828428,59,442,55,458,383,403
1253646509,190402266,83,415,0,499,332,499
1090812194,278788458,133,365,118,399,232,281
452754830,50316113,100,399,54,445,299,391
1266886717,3939889482,49,446,17,480,397,463
1223580212,3582301671,9,490,127,387,481,260
1279043468,4037089204,97,418,88,402,321,314
1009250795,440562153,160,339,130,368,179,238
1115142727,1936263917,0,499,62,436,499,374
856410107,89727897,62,436,0,499,374,499
1287317422,4074470181,84,491,14,489,407,475
1200872354,2169066710,7,488,40,464,481,424
725422943,2612878,62,436,0,499,374,499
1075720911,1352056266,158,341,100,399,183,299
1275658499,4006517699,123,435,23,496,312,473
1207031885,3332039834,24,474,0,499,450,499
1275491669,4000077637,0,499,62,436,499,374
1243844043,3776683288,85,414,10,489,329,479
1186790926,3038304328,12,483,172,327,471,155
1311908761,4188979448,127,479,76,443,352,367
1026815960,569606995,110,388,50,449,278,399
1264835621,3926216691,24,463,189,321,439,132
1258520016,3885493563,33,484,37,459,451,422
995033966,302555815,62,436,0,499,374,499
1273131240,3992404355,66,451,70,459,385,389
966839984,138731953,98,406,41,481,308,440
1270270361,1121106909,100,399,2,496,299,494
1318117691,196253666,29,463,94,422,434,328
1185675202,2684776822,103,402,58,452,299,394
1132983768,2240360501,110,389,52,446,279,394
1324215705,4236298368,71,420,39,471,349,432
1209157012,3369814726,191,306,224,274,115,50
941620801,207151535,154,346,189,298,192,109
973607845,269653776,0,499,82,416,499,334
1261846594,3901331668,0,499,0,499,499,499
1243419052,3773722008,79,418,118,393,339,275
1265221957,3929898805,234,293,86,483,59,397
1166335414,2812566701,62,436,0,499,374,499
1019262653,516348302,69,426,26,499,357,473
1271676871,3979557896,77,422,0,484,345,484
1276072687,4010225673,0,445,33,455,445,422
1262529860,3908177468,85,446,44,473,361,429
1278219982,4030647005,67,432,131,312,365,181
959088985,230981497,14,437,127,358,423,231
1283611562,4061483526,123,384,24,479,261,455
909607125,153962744,62,436,0,499,374,499
1103969172,62862535,63,436,0,499,373,499
1007594128,435153220,108,390,50,449,282,399
1292351690,1555380532,35,464,94,355,429,261
874732400,107946169,71,428,15,499,357,484
1273073224,3992396614,22,482,48,472,460,424
404647430,48451622,76,423,12,486,347,474
1108863859,1879034914,140,358,72,423,218,351
140731230,4266269,71,428,0,499,357,499
1257725833,3882642493,104,395,156,343,291,187
1307802838,3027358213,71,425,63,441,354,378
1237104912,3616288891,7,497,104,366,490,262
847847038,77400971,160,466,78,450,306,372
1000571226,358270654,86,423,120,378,337,258
1315108326,4187113703,24,348,33,452,324,419
1026897129,569641926,100,399,59,440,299,381
1292122715,4106615851,0,499,51,448,499,397
868344171,108326239,74,424,0,499,350,499
845011557,73677477,0,499,53,446,499,393
923986941,174529790,49,450,0,499,401,499
1247480127,3810740232,129,351,203,342,222,139
1283606021,4061587542,0,499,0,499,499,499
884897858,130323127,62,436,0,499,374,499
1308825915,4177838382,0,499,0,499,499,499
917457933,144772432,0,499,87,412,499,325
1313411279,4197672914,10,499,156,454,489,298
1204199842,3287127001,44,469,96,410,425,314
1287022479,4074711855,34,483,161,346,449,185
1253441001,3856809289,0,499,82,414,499,332
956536091,222485502,77,419,78,472,342,394
1100072108,1711733315,0,499,109,389,499,280
1245879684,3795106684,0,499,0,499,499,499
1295960289,4128438358,39,430,53,446,391,393
1299232500,4141567965,76,436,77,441,360,364
911789691,154704931,31,482,142,372,451,230
1008557135,278931693,0,499,62,436,499,374
1262628257,1530880781,100,399,10,477,299,467
1018397217,510790446,0,499,32,466,499,434
1023901831,538801369,192,294,208,301,102,93
1205889067,3313307503,63,435,0,499,372,499
1315465465,4205941430,17,482,0,499,465,499
1215439949,3218512887,134,374,63,431,240,368
845419652,19439136,145,354,100,399,209,299
1319411981,4214354231,33,367,156,344,334,188
1214827188,3463195192,27,472,57,438,445,381
1144459191,2482252385,0,499,70,428,499,358
1027005179,569851841,108,391,50,449,283,399
1305534826,4165989250,19,344,187,315,325,128
1282568351,4057550242,17,482,17,481,465,464
1257673875,3881724344,22,465,43,486,443,443
965176996,249806589,94,401,41,454,307,413
1177076919,2970191260,110,389,54,445,279,391
1282008623,4050754202,65,426,159,366,361,207
1313344771,4197513490,0,499,29,499,499,470
1092266336,1580102138,92,353,196,475,261,279
1286968938,4076976659,2,473,16,464,471,448
1260224032,3894913012,44,448,45,451,404,406
1239312346,3735942408,62,436,0,499,374,499
1217628539,3199292644,87,421,111,398,334,287
1228101034,3614106330,0,499,62,436,499,374
1232860265,3661013771,62,436,0,499,374,499
1283645755,4061595890,97,422,70,449,325,379
1301018817,4105613965,19,492,64,444,473,380
1316375335,4209238178,22,342,15,453,320,438
1073611514,1322034955,62,436,0,499,374,499
1317821257,4213274511,0,499,0,499,499,499
1255761852,3871050509,85,350,18,339,265,321
862540403,101945985,160,341,52,445,181,393
977676232,274453440,0,499,63,436,499,373
1276226151,4012179499,20,477,79,434,457,355
1099009333,1698894136,36,464,70,440,428,370
1011825219,455494994,150,346,150,307,196,157
1275554951,4006693198,58,454,40,458,396,418
1241429345,3756677740,194,305,191,310,111,119
1283729904,4061607277,19,476,16,494,457,478
1282578889,4057554384,0,499,0,499,499,499
1322163769,4228960172,0,499,0,499,499,499
1235655497,3696869740,0,499,80,418,499,338
1137588122,2334445598,0,499,63,436,499,373
1119407646,1998122021,158,398,157,331,240,174
1308892447,4177866806,20,499,0,372,479,372
1248864355,3817906994,30,465,66,441,435,375
1246394236,3798913886,0,499,83,415,499,332
846013245,75010826,73,426,1,499,353,498
1008663629,439043894,73,425,0,499,352,499
966065242,251507245,93,406,0,499,313,499
1120661214,2016604949,150,349,125,374,199,249
1253519537,3857173094,135,479,180,342,344,162
1243416358,3773721481,79,418,118,393,339,275
1016622379,500593948,115,385,98,407,270,309
1270600053,3972427238,106,360,78,384,254,306
1308917182,4177868125,53,455,157,331,402,174
940888854,205319029,165,334,120,384,169,264
1215511981,3470055008,54,444,0,499,390,499
1324212726,4236298283,128,380,42,472,252,430
1308820821,1610726539,102,399,35,480,297,445
1192166380,3122734853,71,431,239,486,360,247
1188462942,3065096165,0,499,62,436,499,374
1198205932,538532569,181,317,121,321,136,200
1308793115,4178060701,10,490,6,487,480,481
333806708,47838993,54,445,0,499,391,499
1226201220,3596355289,135,362,0,499,227,499
1162776780,2751531618,62,436,0,499,374,499
1189474196,3076709558,109,389,0,499,280,499
1173515890,2922172259,0,499,100,399,499,299
867053782,109449916,185,313,150,349,128,199
1290333285,4090280916,62,436,0,499,374,499
1275094344,4004076589,46,452,145,401,406,256
1129958588,2174005838,141,358,0,499,217,499
1191483638,3109300636,161,161,174,211,500,37
1276076058,4010225797,0,468,30,477,468,447
1224841829,3587210103,110,384,9,494,274,485
1092846814,1590962982,11,484,72,423,473,351
1262583083,3908644322,0,499,0,499,499,499
1198926807,3221771113,8,492,139,353,484,214
1279224881,4037101658,23,477,55,466,454,411
1258492760,3885602100,53,446,59,440,393,381
954360306,218392076,128,356,119,377,228,258
1254645868,3863634862,0,444,0,475,444,475
1045098831,867222356,84,425,23,472,341,449
1251223978,3838151459,0,482,85,418,482,333
1275157061,4003927713,89,380,123,415,291,292
1320279372,4221430076,140,359,46,494,219,448
1307826608,4172827762,52,433,51,432,381,381
1248857723,3817905411,100,399,59,441,299,382
1028352999,583543819,82,423,120,400,341,280
1274211007,454035921,33,465,0,499,432,499
1263756167,3921324250,48,438,100,415,390,315
1316905230,4211076190,1,499,1,499,498,498
1289186708,4086225128,0,499,0,499,499,499
1193214843,2076834645,65,423,96,339,358,243
995633854,303928929,41,458,116,383,417,267
1295624273,4127303551,0,405,0,499,405,499
1026748755,569217326,62,436,0,499,374,499
1306164931,4150350359,23,478,136,387,455,251
1084440008,1497605902,0,499,152,347,499,195
1074979000,1341111899,0,499,62,436,499,374
1304031753,4160809476,82,416,205,348,334,143
1257673992,3881724349,19,493,29,491,474,462
1121777822,2042278258,128,370,87,460,242,373
1276299142,4012701256,35,469,27,462,434,435
958568178,228489667,147,353,168,346,206,178
1135368584,2209778968,162,337,121,399,175,278
1270120349,3929343064,27,460,61,488,433,427
1310051806,4181953625,1,499,0,499,498,499
1186557840,3032960259,0,499,83,415,499,332
1123584935,2057758098,62,436,0,499,374,499
1128331290,309604090,142,356,100,399,214,299
1309968860,4181944010,139,372,138,366,233,228
1273542093,3992749341,54,450,51,447,396,396
1317988788,4215704018,0,499,0,499,499,499
1148104921,2535927067,48,455,49,434,407,385
1072470538,1296724197,0,499,0,499,499,499
1094644876,1625634887,364,493,215,283,129,68
1268000694,3945013906,103,371,215,465,268,250
1292800156,4108904914,136,391,83,466,255,383
1196814198,3198839528,0,499,80,418,499,338
1287887323,4079689571,68,431,0,499,363,499
1239447905,1435385671,48,430,149,343,382,194
1204253285,3287294485,18,484,19,483,466,464
1105044540,1846472886,132,433,191,328,301,137
1301546244,4150998549,0,499,0,499,499,499
1309063787,4179409320,20,476,61,398,456,337
878018506,123197160,62,436,0,499,374,499
1191849254,3117533915,0,499,0,491,499,491
940552052,138708871,397,444,229,269,47,40
1092227840,1576405161,109,389,0,499,280,499
1232331865,3659525993,0,499,62,436,499,374
1256779103,3875044622,39,468,81,468,429,387
1243841746,3776679030,11,484,86,380,473,294
1300614441,4147557600,32,467,120,404,435,284
1107660311,1869200584,140,351,126,389,211,263
1287280645,4077180216,54,447,63,410,393,347
1251438342,3842662915,21,485,131,380,464,249
1282706378,4058713326,21,499,49,421,478,372
1289812871,4089927755,74,407,48,348,333,300
1303068965,4157458106,18,484,14,487,466,473
1043950301,853215476,72,427,1,499,355,498
1115888310,1951951329,16,468,94,331,452,237
1118903251,1988685403,18,499,62,436,481,374
1254446779,3860155652,19,472,128,418,453,290
1073257786,1193385944,109,389,0,499,280,499
1029511588,591830029,21,491,188,342,470,154
1266055701,3931453034,321,465,122,357,144,235
1123926065,1118849531,90,406,8,480,316,472
941693644,207287175,167,352,199,311,185,112
1243434274,3773723448,19,480,95,403,461,308
1107660429,1869201327,171,338,120,383,167,263
1178124763,2981080126,127,357,66,453,230,387
1192038230,3120558265,68,432,22,488,364,466
1190252092,2600000485,131,371,128,378,240,250
1323989616,4235886102,27,467,41,478,440,437
466477630,50540384,102,399,54,445,297,391
1058902744,1082283542,85,414,0,499,329,499
1054743505,1047253133,70,429,0,499,359,499
1149623505,2562547812,28,485,20,486,457,466
1323063283,4232573382,142,341,162,370,199,208
1164857908,2795866131,78,423,79,419,345,340
1071868905,296093827,160,338,116,399,178,283
1108365269,1875804589,110,389,51,447,279,396
1298085068,4138131819,62,436,0,499,374,499
1250750306,3833475853,62,436,0,499,374,499
1261238453,3898888983,65,427,59,440,362,381
1158028655,2678248342,42,457,1,498,415,497
1109747505,51862913,165,334,138,361,169,223
1264911325,3928058118,12,485,88,188,473,100
1300095992,414466277,85,413,0,499,328,499
1166554215,2810160403,62,436,0,499,374,499
1309985461,4181946121,48,425,56,443,377,387
1192052534,3120606951,68,432,22,488,364,466
1237954828,3724623114,62,436,0,499,374,499
1188538947,3067204239,130,369,130,369,239,239
1308907260,4177867454,232,275,108,361,43,253
1283902055,4061626107,182,322,179,449,140,270
1246302535,3798145324,0,499,62,436,499,374
1257735238,3881730128,0,358,76,491,358,415
1319250870,4218751135,45,459,143,475,414,332
862539850,102342526,323,426,229,272,103,43
1275566677,4006495393,0,499,0,499,499,499
848358911,78215910,149,341,146,449,192,303
1036356911,700388066,84,414,12,495,330,483
1305181815,4165059658,16,473,72,454,457,382
1322827618,4231772837,74,413,92,424,339,332
913388363,75028770,63,436,0,499,373,499
1192151221,3122661672,68,432,22,488,364,466
1281713576,4052947175,8,491,9,490,483,481
1257270050,3879904020,30,499,0,499,469,499
1319412528,4214354257,127,377,22,461,250,439
1275403788,4003973299,66,432,80,428,366,348
1270632196,3972429568,10,499,0,471,489,471
1128459298,2141213791,0,498,0,499,498,499
1317254000,4210987191,104,497,47,446,393,399
1323993287,4235886352,173,319,191,311,146,120
1291773777,132370674,54,444,0,499,390,499
1178439179,1875876321,0,499,0,497,499,497
1316161978,4200875628,31,476,37,445,445,408
1273216613,3992536438,66,434,70,440,368,370
1169856751,2879668355,70,428,0,499,358,499
1041138977,823777030,104,393,158,386,289,228
1108215015,1871867478,0,499,109,389,499,280
1148429812,89825526,70,429,0,499,359,499
869844140,114033168,0,499,82,416,499,334
1300151740,4141462527,68,431,0,499,363,499
1111251801,1161960630,0,499,109,389,499,280
1252627447,3850328427,0,499,62,436,499,374
1277053157,4016118440,67,431,0,499,364,499
1008165642,436095688,110,389,50,449,279,399
1061566065,511836538,35,460,3,489,425,486
877965332,123148276,0,499,62,436,499,374
1236001992,3703065977,31,474,59,460,443,401
835080479,68579085,75,423,0,499,348,499
1307973662,4173576378,68,431,0,499,363,499
856309880,89371512,89,409,0,499,320,499
1263009328,3913253927,47,447,0,499,400,499
882004533,126636026,0,499,62,436,499,374
875826386,116422017,69,430,0,499,361,499
1151792635,2590167875,101,374,120,436,273,316
1292874556,4114275637,129,367,50,455,238,405
1041584263,827982593,78,421,0,499,343,499
867067920,109873681,72,441,80,416,369,336
1265189558,3928016382,47,476,125,376,429,251
923873828,174927595,0,499,80,419,499,339
1143163738,2454983640,120,380,33,471,260,438
1288891838,4086012947,0,499,0,499,499,499
844385470,72406402,62,441,158,381,379,223
1269455603,3958959525,39,456,97,395,417,298
925961964,69794719,90,409,17,482,319,465
1270333884,1163599561,100,399,15,484,299,469
1089481011,1553192564,0,499,214,288,499,74
1292887444,4114276288,0,480,70,499,480,429
1096316618,1651289737,96,424,136,374,328,238
1105831405,1857268849,11,492,80,424,481,344
888642588,132785975,0,499,62,436,499,374
1171228322,2606313694,96,444,277,405,348,128
1156655677,2675087812,85,357,144,366,272,222
1248635164,3816939343,56,449,9,463,393,454
1276033159,4010224820,0,447,96,499,447,403
1302554864,4155424468,0,499,0,499,499,499
1204582812,3293143409,78,420,0,499,342,499
1251229922,3838168894,64,468,105,242,404,137
870541518,46928680,87,410,26,453,323,427
1318466518,2109423906,171,295,23,481,124,458
1146388116,302898551,26,470,20,497,444,477
1212455931,3425781623,0,499,62,436,499,374
1192160360,3122706445,68,432,22,488,364,466
1207353227,3339952161,136,359,21,473,223,452
1270445350,3971717962,0,499,0,499,499,499
1227162105,3607250609,9,490,81,416,481,335
914507130,158925087,148,386,103,413,238,310
1173707357,2777249664,9,468,90,411,459,321
1314017154,4201307451,33,463,52,465,430,413
899916392,145393719,129,369,168,331,240,163
1186388141,3028260384,86,414,66,436,328,370
1050501064,965204825,156,343,100,399,187,299
1269958190,3964949737,30,450,96,411,420,315
1104355657,400117606,156,343,100,399,187,299
1266487129,3938615324,17,482,172,335,465,163
978862306,265939171,0,499,62,436,499,374
210686930,927258,77,422,0,499,345,499
1257238722,3879893479,12,494,30,495,482,465
1208093938,3350325398,73,425,0,487,352,487
1145557106,2498162855,23,458,83,436,435,353
934972740,138768139,0,499,62,436,499,374
638772143,48866336,97,401,0,499,304,499
1026887141,569596771,100,399,51,447,299,396
1046068518,871281071,71,427,0,499,356,499
1276435019,4013273640,0,499,0,499,499,499
1301525034,4150996450,3,497,2,496,494,494
1134793322,2292391966,95,433,97,482,338,385
1299531324,4141662105,0,499,195,499,499,304
1258244892,3883967579,132,367,102,357,235,255
1082970427,278521673,152,338,121,399,186,278
1260217934,3894910983,51,454,47,448,403,401
894746961,142134907,154,295,181,312,141,131
1124912377,2085689777,88,410,8,499,322,491
1245671704,3793735500,47,453,47,453,406,406
1119424836,1998591803,237,259,93,127,22,34
1280132560,4019916673,32,469,70,423,437,353
1081196272,278783069,113,385,100,399,272,299
1192056898,3120611086,68,432,22,488,364,466
1125616637,2093555091,52,456,42,456,404,414
1232190519,3657920470,29,479,43,468,450,425
1255143945,3868751688,17,481,161,340,464,179
1313904564,4200414268,269,462,108,390,193,282
1316292874,4200882811,79,439,6,494,360,488
1065877023,1155547739,0,499,62,436,499,374
1159548009,2716198853,51,447,0,499,396,499
1075824201,1353462804,102,396,0,499,294,499
891679390,138151494,0,499,62,436,499,374
1220830994,3554806029,0,499,62,436,499,374
1026367747,562802291,0,499,52,447,499,395
1217173797,3490668029,127,479,23,456,352,433
1243522542,3774345109,110,381,69,418,271,349
1050066900,954631486,63,436,0,499,373,499
1009242321,440547442,103,396,50,449,293,399
1095637000,1638107314,150,347,155,352,197,197
1064567642,1129072530,109,389,110,499,280,389
1189966018,3081720818,109,389,0,499,280,499
1265208497,3929890096,345,437,213,407,92,194
1269484128,3957844982,0,499,0,499,499,499
1107660254,1869201438,198,305,196,298,107,102
1323268841,4231688248,155,405,198,315,250,117
1105835374,1856452145,31,490,136,373,459,237
1145875416,2507123001,98,401,0,499,303,499
941257469,203641852,93,413,176,335,320,159
1190867499,2767909790,0,499,59,440,499,381
1302457543,4155416516,235,262,0,499,27,499
1205708205,2757712420,142,346,46,469,204,423
1193025697,3136615699,31,461,186,309,430,123
1258680355,3885552457,93,435,73,416,342,343
1145985352,2500885537,20,476,97,405,456,308
1323317068,4231807450,0,499,0,499,499,499
1171330103,2906840057,68,431,0,499,363,499
1053314898,1029911234,188,310,44,467,122,423
1284181393,4063235352,183,319,256,445,136,189
1229330868,3624023644,10,483,119,389,473,270
1264432242,1016108,93,405,0,499,312,499
903721563,148380244,75,424,0,499,349,499
1282000741,4050750798,58,472,78,458,414,380
1306660379,4164738433,0,499,62,436,499,374
1283578212,4061482253,0,499,0,499,499,499
996081999,304795713,6,493,84,418,487,334
977926906,278564544,58,440,0,499,382,499
1117628132,1472805470,158,340,100,399,182,299
1318276982,4217911205,0,499,0,499,499,499
1262582870,3908644284,0,499,0,499,499,499
1301526152,4150996519,107,393,150,328,286,178
987634523,294477846,51,453,23,477,402,454
1128674188,2151327449,109,389,0,499,280,499
1261233058,2737294835,4,494,33,466,490,433
1303123722,4157460574,0,499,0,499,499,499
1270285288,3970496091,71,428,81,418,357,337
1276360503,4012869707,0,483,48,464,483,416
1088859956,1544920288,0,499,62,436,499,374
977716775,278780859,0,499,62,436,499,374
1066986101,1174579374,20,453,153,346,433,193
1096609664,1657064396,113,371,45,466,258,421
1275672284,4006519577,14,499,38,480,485,442
1252184470,3847768237,49,439,168,330,390,162
1119974771,2006307176,0,499,62,436,499,374
1066906055,1167564897,124,375,0,499,251,499
1027081403,569876934,103,395,50,449,292,399
1007501564,435010997,100,399,57,441,299,384
1257977352,3883413562,14,481,27,464,467,437
861903311,100772134,69,430,0,499,361,499
1276224679,4012179027,0,499,112,499,499,387
1177468095,2974271134,63,430,12,492,367,480
1118519502,1984419643,86,409,16,477,323,461
1302461559,4155416662,228,277,58,184,49,126
941622073,207151492,99,388,186,320,289,134
1242124410,3762635310,59,445,4,497,386,493
1216139647,3475388399,0,499,0,499,499,499
1250423889,3830570303,238,261,275,277,23,2
836168432,70642399,0,499,62,436,499,374
1190258150,1876686976,0,443,67,432,443,365
1101482499,1773549344,68,430,0,499,362,499
1323257651,4231687273,123,327,24,450,204,426
1057211394,1035133754,63,436,2,499,373,497
1309680015,4181521981,88,411,12,478,323,466
1277543248,4019817608,4,483,15,499,479,484
1275625910,4007155587,0,499,0,499,499,499
1098448707,1687066568,84,413,84,413,329,329
1277575428,4023547588,199,270,30,466,71,436
1134792721,2292391437,95,405,97,472,310,375
1286763355,4076300971,94,406,150,341,312,191
1273760159,3994911456,0,499,62,436,499,374
594682230,54376030,3,498,59,437,495,378
1033616101,655878191,0,499,62,436,499,374
1267252357,3942389657,32,438,139,370,406,231
1108365333,1875804602,110,389,50,447,279,397
1262818659,3911201435,0,499,137,362,499,225
1295220324,4125633112,0,499,0,499,499,499
1297593046,4136203761,72,427,0,499,355,499
1190258256,2820041024,81,402,168,330,321,162
834956897,68379765,64,434,0,499,370,499
1320222950,4215707339,39,471,42,454,432,412
1248057784,3813795466,0,499,0,499,499,499
1278187549,4030244250,76,426,159,343,350,184
938482140,200505007,185,314,150,349,129,199
1217172123,3490666324,110,395,128,328,285,200
1265207784,3929890084,9,494,44,461,485,417
1309560793,4179929732,0,499,0,499,499,499
1269457950,3957825788,0,499,0,499,499,499
1283484103,4061477625,44,457,208,464,413,256
1265223427,3929899577,71,458,33,446,387,413
1100081470,1711732495,70,429,145,354,359,209
1117986670,1978503165,148,344,175,347,196,172
1075760752,1352145999,14,490,117,346,476,229
1283429450,4061577992,31,497,11,493,466,482
1227384332,1854687880,125,383,20,493,258,473
1275567243,4006495409,0,499,0,499,499,499
924345176,175481982,117,381,65,434,264,369
1283689405,4061598141,0,499,0,499,499,499
1157277106,2682853034,0,499,109,389,499,280
1215528427,3470070175,14,479,95,401,465,306
1117509733,1974892358,4,499,62,432,495,370
830672059,63123979,124,380,169,368,256,199
1278869155,4033134819,39,460,0,499,421,499
1171957203,2914195418,75,393,41,459,318,418
1176503974,2958500022,33,473,104,391,440,287
1027091614,569965984,129,370,50,449,241,399
1253962602,3859438266,12,492,3,489,480,486
1188538808,3067204183,130,369,130,369,239,239
950562819,74289424,75,424,0,499,349,499
1182304103,3006401211,34,474,4,497,440,493
1099706502,1706101679,84,415,0,499,331,499
1061548622,260447855,34,469,76,452,435,376
1147275319,2530538897,41,458,101,398,417,297
1024784966,545425988,0,499,24,474,499,450
1123537319,278533445,156,343,100,399,187,299
1248844219,3817901313,9,492,0,499,483,499
980292889,283317071,9,475,68,432,466,364
1323125936,4231824444,30,448,64,464,418,400
976881374,276577110,62,437,0,499,375,499
1297537761,4110808562,61,441,116,417,380,301
1313718886,4198419351,62,436,0,499,374,499
1154823555,2644377984,62,436,0,499,374,499
1313107425,4196033853,71,428,0,499,357,499
1255054868,1100134294,100,399,5,494,299,489
1204200272,3287127148,97,405,16,484,308,468
940551911,138758876,91,402,144,350,311,206
1155782100,2660100447,8,492,121,372,484,251
1262463273,3904693900,62,436,0,499,374,499
1321815402,4147087780,137,337,61,460,200,399
1280429088,4044820129,16,489,70,441,473,371
1034829888,680920210,69,430,1,498,361,497
1261420298,3898726278,1,415,8,482,414,474
1244194499,3780593123,0,499,48,450,499,402
1233331928,3677241820,0,499,62,436,499,374
1282289956,4056000750,20,480,24,499,460,475
1285848786,4017672317,1,473,16,497,472,481
1058733564,1089234711,73,426,0,499,353,499
1296079655,4128126470,53,446,0,499,393,499
1100074499,1711728856,180,319,153,346,139,193
1130715464,2187397201,25,484,41,467,459,426
1251501933,3843163625,23,484,147,465,461,318
1299835537,86924966,84,415,0,499,331,499
908164961,52816310,86,413,12,486,327,474
1181073942,2999984634,0,463,6,376,463,370
1168515956,2861077064,110,389,66,432,279,366
1015519400,484961810,90,409,130,369,319,239
1323273538,4231688835,43,452,98,398,409,300
1121528082,2035495056,0,499,62,436,499,374
1312397212,4194030067,35,278,27,413,243,386
1150251912,2570068616,0,499,0,499,499,499
1125209067,237885242,74,424,0,499,350,499
1125220575,2090341540,0,499,121,377,499,256
1265215933,3929900586,32,465,156,371,433,215
1269779461,3962606046,0,499,0,499,499,499
1292016773,4105747220,30,477,138,400,447,262
1300063187,4144869126,125,374,32,458,249,426
1262497453,3908515579,23,476,25,474,453,449
1240226822,3745007094,0,499,200,302,499,102
1285134990,4063778095,23,467,51,461,444,410
1241429179,3756677667,223,277,212,294,54,82
1053056263,418193837,0,447,175,415,447,240
1240669573,3748061254,0,499,0,499,499,499
1235640529,3696690307,220,278,212,288,58,76
1313496700,4183371952,61,438,176,368,377,192
1302483029,4155417723,55,477,141,362,422,221
1158850944,2704432313,110,389,145,354,279,209
1323112038,4232769953,0,499,0,499,499,499
1250256880,3831236193,21,489,0,498,468,498
1026147623,560185391,130,369,62,436,239,374
862632831,102706301,242,440,149,256,198,107
1204252102,3287292811,121,376,3,499,255,496
1282953412,4057770051,90,433,26,462,343,436
1224475824,3586316715,0,499,0,499,499,499
1269441517,3957798965,0,499,53,446,499,393
956759974,222995298,0,499,62,436,499,374
894998642,73601293,107,391,40,459,284,419
869980194,114228306,89,410,0,499,321,499
987627219,294477410,9,492,108,392,483,284
1010014469,212153335,219,335,152,322,116,170
1026933773,569647703,114,385,50,449,271,399
955850878,60689692,156,343,117,382,187,265
1158449217,2699883977,51,485,130,364,434,234
1238182719,3726681881,0,499,0,499,499,499
1276321038,4012663063,1,493,75,421,492,346
846434278,75738270,62,436,0,499,374,499
1305041837,4164658557,106,388,51,463,282,412
1323720223,4234268587,27,492,7,493,465,486
1276061437,4010225438,0,499,79,416,499,337
1317743281,4213757404,0,499,20,499,499,479
985637841,6385991,120,378,0,499,258,499
1182279935,3005607846,8,493,2,499,485,497
1142146155,2447249084,6,493,0,499,487,499
1260317818,3893242359,66,499,84,449,433,365
1261360600,3898715151,47,448,102,407,401,305
1323253186,4231686619,122,380,187,340,258,153
1142199492,2448285247,96,399,77,484,303,407
1285063429,4063750647,40,456,61,453,416,392
1281323251,4050824531,100,446,24,382,346,358
1275697812,2149543468,100,399,10,489,299,479
1290612331,4092408409,0,499,62,436,499,374
1316225490,4200879101,0,499,0,499,499,499
1037509268,731672038,108,393,26,477,285,451
1236511811,3708919690,53,448,53,445,395,392
1311474956,4187640290,0,499,26,472,499,446
952639056,216196079,0,499,100,399,499,299
891725594,138457526,112,399,106,393,287,287
1321732844,4223028373,77,350,20,484,273,464
1262529136,3908516302,0,499,0,399,499,399
934631477,193135285,60,439,0,499,379,499
1017419325,94221337,133,365,87,412,232,325
1209429885,3376915768,67,472,69,423,405,354
1137663982,2349989093,0,499,83,415,499,332
1305088277,4164663627,106,388,51,463,282,412
1248860990,3817906119,38,484,110,393,446,283
1041067904,821653855,86,412,0,499,326,499
932719264,179763708,115,384,164,334,269,170
1262286176,3906573394,21,478,155,346,457,191
1264796229,3927349710,35,464,35,464,429,429
1054502520,858166185,69,323,203,292,254,89
1283820427,4061617036,159,364,155,369,205,214
1294224538,4117300398,137,361,198,333,224,135
1244411932,3778888604,68,404,127,364,336,237
1273172640,3992407616,55,448,64,446,393,382
961977673,239266566,90,409,130,369,319,239
1138833880,2369418915,62,436,0,499,374,499
1262356587,3906639984,76,433,157,402,357,245
1306008831,4167104389,61,434,113,392,373,279
1157528538,2686285719,0,499,62,436,499,374
1250268218,3831364214,0,499,99,436,499,337
1143236432,2462946986,156,334,173,331,178,158
1283325108,4061153521,47,451,92,390,404,298
1225887123,1154697612,125,374,125,363,249,238
1292519170,4108940233,99,413,48,430,314,382
858136367,18436065,75,424,0,499,349,499
1275998045,4010308203,0,499,0,499,499,499
984485878,288600957,0,499,62,436,499,374
1324049067,4236041303,13,487,95,398,474,303
1314175259,4199407937,0,499,62,436,499,374
858553306,93099035,128,370,115,386,242,271
971428909,262163786,104,397,13,487,293,474
1249460247,3819557014,0,499,0,499,499,499
1133352681,1876686888,11,465,62,428,454,366
1313894666,4200414113,0,352,15,485,352,470
1265222725,3929899382,0,499,116,354,499,238
1273389474,3992630260,18,460,60,468,442,408
1022794774,530812637,184,278,195,305,94,110
1190245919,2041882141,27,465,86,419,438,333
1173994546,199740500,127,354,68,466,227,398
986921382,293306742,204,292,329,451,88,122
1226405727,3591581806,0,499,142,436,499,294
1243659698,3775275591,0,499,62,436,499,374
1119040340,1991303516,192,307,63,481,115,418
1218872043,3520654650,0,499,0,499,499,499
1308322407,4151913230,33,458,27,449,425,422
1274443377,427423,94,403,0,472,309,472
1252799494,3851807908,26,463,141,378,437,237
1169776194,2878005430,62,436,0,499,374,499
1146386021,1968807406,18,473,74,397,455,323
862188099,101741499,73,430,3,499,357,496
1127941043,2133072803,150,349,134,387,199,253
860560601,98591397,204,294,170,329,90,159
1026907944,569769973,100,399,51,447,299,396
1116976344,1967225776,225,297,164,343,72,179
977100472,277328850,58,441,0,499,383,499
1297605970,4131199129,12,486,0,499,474,499
1275103470,4004080926,16,460,59,467,444,408
1313428885,4197675229,19,446,39,457,427,418
1043227032,849040397,13,483,39,457,470,418
1142646741,2451305517,62,436,0,499,374,499
1099670405,1705868536,206,292,65,435,86,370
1198097485,756337047,161,333,107,399,172,292
1302673009,4107074297,59,435,0,499,376,499
1303080033,4157458756,33,467,77,392,434,315
1196820046,3195169527,0,499,0,499,499,499
1307827441,4172827852,0,499,201,241,499,40
449977130,50282653,102,396,27,472,294,445
1252748664,3851271772,15,483,178,323,468,145
1061594217,1088069453,59,423,13,484,364,471
1107660089,1869201430,34,448,136,397,414,261
1253361558,3853668210,73,427,2,499,354,497
1253950568,3859352259,0,499,0,499,499,499
285873205,16550574,0,499,62,436,499,374
1104818919,1841003001,44,454,0,499,410,499
1025507823,542652402,99,399,0,499,300,499
1129891175,2173853566,102,378,18,394,276,376
1309730442,4152983377,19,490,10,471,471,461
970955573,261004950,102,387,72,473,285,401
1305121067,4164669367,106,388,51,463,282,412
1255121737,3868375253,119,384,22,482,265,460
1243658962,3775275029,0,499,169,436,499,267
1164436520,2784951302,88,410,10,495,322,485
1244016057,3708330777,103,432,138,365,329,227
1258841220,3887559591,0,499,0,499,499,499
1123811546,2062696401,152,346,100,399,194,299
1305590615,4166199916,122,394,76,423,272,347
872746189,97253230,71,427,1,497,356,496
1205396889,3303148771,0,499,0,499,499,499
1236934774,3716121150,180,319,153,346,139,193
1088404133,1538641983,0,499,62,436,499,374
1169904072,2887191333,39,491,121,386,452,265
1026008323,558486617,47,445,49,455,398,406
1288938088,4085949987,26,481,132,366,455,234
897462262,143105035,90,409,136,362,319,226
1176045950,2952983764,78,295,75,435,217,360
1302259108,4153279218,36,482,28,497,446,469
1252814505,3852002002,0,472,115,410,472,295
1027022194,569748197,105,393,50,449,288,399
1294216389,4122561791,14,451,74,352,437,278
1241234484,3754652161,0,499,62,436,499,374
1109124495,1883094962,159,344,116,361,185,245
1248863063,3817906635,102,396,69,430,294,361
1007629726,435106449,88,411,0,499,323,499
987356062,294185562,63,435,117,381,372,264
960030342,234847395,0,499,62,436,499,374
1305049540,4164659013,106,388,51,463,282,412
1241183228,3753536983,165,334,186,313,169,127
1208626360,3353822014,92,407,1,497,315,496
1289635258,4086148510,0,499,0,499,499,499
246162130,3688284,68,430,0,499,362,499
1149732736,2564175082,151,347,100,399,196,299
1216098213,3206024711,95,403,0,499,308,499
1053584554,1035104443,79,419,0,499,340,499
1083808220,1490056236,0,499,62,436,499,374
1157326008,2675806881,74,424,0,499,350,499
874716332,70156418,73,426,13,499,353,486
1289464314,4087647809,54,445,52,441,391,389
1198670385,3219342831,40,453,39,474,413,435
1275411560,4004189847,0,499,0,499,499,499
1202636492,2902487558,0,499,109,389,499,280
1203185962,3270882420,27,473,162,343,446,181
1313704287,4197553472,45,479,11,466,434,455
1267874427,3944759764,0,499,62,436,499,374
976484989,275971941,0,499,246,248,499,2
1262807904,3910486025,0,499,29,469,499,440
862539558,102350150,100,399,54,446,299,392
920559888,2479523,73,425,0,499,352,499
1323629115,4231864845,29,451,62,464,422,402
1294109349,4122228355,23,475,85,408,452,323
1289110390,4086050246,0,499,0,499,499,499
1253395300,3856214381,0,444,47,495,444,448
1192286089,1952785053,67,430,77,421,363,344
996076966,304796101,128,371,99,406,243,307
1026840619,569613440,100,399,50,449,299,399
1254478721,3861825649,0,499,0,499,499,499
1243711153,3775469612,40,461,223,349,421,126
1316150906,4200874429,119,377,87,465,258,378
1256864853,3874568563,0,499,201,213,499,12
1265222644,3929899375,12,484,132,401,472,269
893672261,132436463,68,431,0,499,363,499
1066931109,1173353195,4,497,86,415,493,329
1256777097,3874918945,0,499,57,407,499,350
1040616959,814466989,0,499,62,436,499,374
1211887471,3312222474,0,499,83,415,499,332
933253414,190106096,99,398,41,471,299,430
1289806660,4089927002,143,367,64,452,224,388
1112678709,1924580515,46,247,196,350,201,154
1273615388,3992768993,35,477,36,469,442,433
1276190364,4010644629,62,436,0,499,374,499
1275516819,4006491372,29,469,74,414,440,340
1240112826,3743373072,158,341,18,476,183,458
1323260851,4231367225,107,396,77,471,289,394
1114344167,1932151856,0,499,109,389,499,280
1288050401,4079554726,0,499,0,499,499,499
1322426399,4229927246,91,422,93,403,331,310
1193221460,3139415300,179,348,117,438,169,321
1257452866,3881467549,0,499,173,499,499,326
1169935370,2888059475,98,400,108,391,302,283
1276364256,4012895380,0,499,62,436,499,374
1323884532,4234091350,64,441,27,478,377,451
1155769856,2659730527,33,499,48,449,466,401
1243408581,3773720159,31,469,30,468,438,438
1145611039,2499585832,156,343,100,399,187,299
1287832903,4079436388,10,492,54,472,482,418
956183347,221159492,60,439,79,420,379,341
1262722098,3910807445,233,263,10,487,30,477
1190258916,1876687630,152,323,197,333,171,136
1280439731,4045061819,0,468,96,422,468,326
933252911,190105967,53,445,0,499,392,499
1263009097,3913253904,134,373,101,475,239,374
1196814140,3199158172,162,336,139,366,174,227
1067896578,294758451,142,356,100,399,214,299
1129722590,2170444512,100,399,22,477,299,455
870726397,114905130,0,499,125,374,499,249
1099705248,1706102290,160,338,76,403,178,327
1146288508,1968011726,79,421,0,499,342,499
1267940137,3944874214,74,424,0,499,350,499
467473330,50551012,150,349,116,383,199,267
1192186755,3123026948,40,457,37,487,417,450
979589022,282226289,138,360,95,404,222,309
1219714672,3528974226,62,436,0,499,374,499
1172462224,2227114217,19,475,149,385,456,236
1137588389,2335686162,55,460,24,470,405,446
1141906487,2444200676,120,379,50,449,259,399
1043048597,846655197,148,348,205,292,200,87
1323684968,4234147223,0,499,0,499,499,499
1193273950,3065095653,168,333,193,390,165,197
1030445722,597596997,61,438,8,493,377,485
1007372392,416630449,53,445,0,499,392,499
1278866018,4037600510,35,464,35,454,429,419
1196212627,3182722346,31,456,108,415,425,307
1279505733,4037938972,0,499,0,499,499,499
1275324666,4003960390,53,443,47,455,390,408
1265214976,3929900536,8,492,149,353,484,204
1305021903,4164611329,106,388,51,463,282,412
1152495494,2607273657,138,361,0,498,223,498
987466492,294376238,51,425,163,317,374,154
1076107806,1358135430,52,446,0,499,394,499
1264903250,3928057273,0,499,0,499,499,499
1282582050,4057554886,101,465,31,380,364,349
1236934779,3716121159,180,319,153,346,139,193
1277249705,4021563268,161,340,142,377,179,235
1303736078,4157898725,25,479,113,470,454,357
1042015929,836939872,0,499,0,499,499,499
1262172056,3905724016,45,444,37,428,399,391
1027360524,570678165,107,391,50,449,284,399
1195469465,3170638771,62,449,73,447,387,374
1273047127,3992545190,51,453,52,453,402,401
1264177827,3924316099,40,452,103,401,412,298
1008071531,435888989,100,399,135,363,299,228
833845370,65600769,179,316,130,366,137,236
1281095039,4049373270,142,356,115,384,214,269
1248418081,3814916715,116,380,30,474,264,444
1264433112,1574130,81,417,0,499,336,499
924720864,175860491,100,399,100,399,299,299
452193230,50308620,150,349,120,378,199,258
1259351925,3887630528,79,427,80,429,348,349
949383461,212342907,128,394,149,351,266,202
1115706587,1949572686,65,425,49,442,360,393
1190257689,1876686871,196,289,150,416,93,266
1323335481,4231757781,95,404,38,458,309,420
1117894098,1232681997,130,363,118,383,233,265
977867801,278547537,119,339,168,498,220,330
1104618532,1835162948,64,451,108,442,387,334
1289984011,4090784175,143,350,92,366,207,274
1219794973,3530526989,40,460,104,411,420,307
1164553943,2787060080,0,499,84,415,499,331
1176503838,2958499704,71,427,164,336,356,172
1303121859,4157460453,133,385,44,388,252,344
946265426,55043513,154,352,114,392,198,278
1188511808,3066785583,110,389,145,354,279,209
1268859446,3953945371,0,499,0,499,499,499
1303123253,4157460543,85,436,135,365,351,230
1244598030,3785383241,55,441,49,421,386,372
1110355429,1898095488,58,413,54,435,355,381
1240240461,3745175615,33,417,181,357,384,176
1240227186,3745008037,40,472,53,446,432,393
343835961,1188219,53,445,0,499,392,499
1239449585,399320764,41,435,190,347,394,157
1316233257,4209021192,141,352,245,412,211,167
777285993,61851206,195,259,210,275,64,65
1269848794,3962832784,0,499,0,486,499,486
1254232021,3859873888,0,499,98,400,499,302
1203420809,3275515706,0,499,109,389,499,280
1152357412,2604755249,234,265,0,499,31,499
1231089595,3644571084,149,346,39,459,197,420
1261430027,3898729633,62,499,115,499,437,384
1215522793,3470061017,140,319,56,378,179,322
1273761555,3992794091,17,458,60,467,441,407
1066154721,1162155712,63,436,0,499,373,499
1008102937,435914772,101,397,50,449,296,399
1071773782,1297442530,37,464,82,425,427,343
856969152,90730102,192,253,212,284,61,72
1006617884,426781261,0,499,62,436,499,374
925292621,176871722,187,313,218,277,126,59
1185798426,3022762609,2,416,122,341,414,219
1309815756,4181826186,0,499,129,369,499,240
1273260743,3992546916,0,499,0,499,499,499
1189974432,3087950574,39,458,110,417,419,307
871256848,114533783,207,296,171,316,89,145
1192150530,3122651846,68,432,22,488,364,466
1098434645,1680393724,0,499,62,436,499,374
1146886375,2525786767,25,489,105,393,464,288
1306520888,4167073750,106,388,51,463,282,412
1204236311,3287275737,71,401,19,476,330,457
1265503423,3931446849,34,467,141,400,433,259
1119407419,1998121736,23,483,95,410,460,315
1139546502,2393554817,0,499,62,436,499,374
1243659660,3775275576,0,499,62,436,499,374
1267280722,3942499496,17,491,125,322,474,197
1275374549,4004153864,54,450,63,446,396,383
1242289550,3761690987,84,414,14,473,330,459
1152349210,2596296781,62,436,0,499,374,499
1241826071,3760886680,87,411,0,499,324,499
1268741492,3936362966,226,483,9,377,257,368
1049161724,949634496,0,499,62,436,499,374
1015917800,491088608,0,499,73,425,499,352
870692108,110662875,0,499,62,436,499,374
1218645476,3515313654,79,420,0,499,341,499
934728410,183036754,195,305,156,306,110,150
1188953697,3075343355,132,377,113,380,245,267
1287075727,4076993289,62,436,0,499,374,499
1273445063,3992727025,45,457,150,383,412,233
1192013412,3120284895,162,357,56,450,195,394
1241852209,3760909441,68,431,0,499,363,499
942027813,207914057,63,436,0,499,373,499
1092313542,1580449473,62,436,0,499,374,499
1076565934,1365014345,17,475,147,353,458,206
998482088,334574408,27,475,29,470,448,441
1258674913,3886164704,0,499,77,421,499,344
921250283,168344650,19,466,56,452,447,396
1223071775,3568512456,86,412,6,481,326,475
1245188213,3789647008,20,479,77,421,459,344
871214589,93964830,0,499,62,436,499,374
878572282,123950950,117,381,65,434,264,369
1280184763,4040583332,0,499,0,499,499,499
1205742806,3310018703,70,429,145,354,359,209
1140600145,2416206129,72,427,0,499,355,499
862579167,102704489,97,407,69,428,310,359
1149993653,2568083284,82,415,174,384,333,210
1243314233,3772830052,52,451,155,354,399,199
1247561260,3811457507,19,480,20,479,461,459
1009356988,440825889,169,335,43,469,166,426
1190251314,2644695714,47,458,186,369,411,183
932516736,188684070,25,462,139,350,437,211
1260366070,3893244634,34,324,155,292,290,137
1174587364,2940638887,51,462,39,458,411,419
1140754250,2419036331,45,428,116,367,383,251
1249535686,3819983416,200,297,169,331,97,162
1081588806,278512555,150,349,100,399,199,299
1041184307,824466731,164,334,0,499,170,499
1198621494,3218517422,125,418,22,406,293,384
1283054538,4058377389,51,448,117,369,397,252
1135474330,2309273662,0,499,62,436,499,374
1276147280,4010548957,0,499,0,499,499,499
1264891820,3928050685,22,485,99,485,463,386
1261363909,3898715567,0,499,0,499,499,499
1257264604,3879888972,0,499,0,499,499,499
1123726698,278513109,152,347,100,399,195,299
1253150958,3855161571,20,481,98,434,461,336
1166894886,2825946072,3,495,0,499,492,499
1323300738,4231695956,0,499,0,499,499,499
1309972091,4181944522,16,466,94,426,450,332
1282019639,4050756425,15,464,37,430,449,393
1209395114,3376610327,53,497,219,279,444,60
977840988,278813568,134,349,196,337,215,141
998292977,334561837,157,340,15,483,183,468
1262283305,3906573252,20,486,86,385,466,299
1174584745,2940638403,79,440,49,446,361,397
998444811,334571198,179,415,150,454,236,304
1008650748,439097299,119,371,113,437,252,324
1302451801,4155416330,0,499,0,499,499,499
1280535946,4045214127,48,454,158,334,406,176
1292418202,4108910883,90,397,150,362,307,212
1296936526,1525994135,45,453,9,484,408,475
1211445024,3399883517,103,397,75,433,294,358
1174591401,2940640078,130,369,130,369,239,239
1295868623,4126967503,73,463,83,476,390,393
1260309465,1936180954,83,415,0,499,332,499
252801427,2919498,125,374,125,374,249,249
1299775949,457246773,98,400,35,474,302,439
1267990173,3945013370,25,437,156,352,412,196
1282826235,4057526719,0,499,0,499,499,499
1136968482,2336090101,66,438,68,440,372,372
864777217,106658988,100,399,137,363,299,226
971601506,262446847,109,390,0,499,281,499
986745022,292834077,70,429,0,486,359,486
1102077692,1789637308,140,360,126,374,220,248
982438732,286120674,62,436,0,499,374,499
1198724875,278571313,199,301,114,329,102,215
1190250768,1949595235,0,499,62,436,499,374
1320447344,4224460117,21,482,24,482,461,458
1286478186,4074722473,30,472,66,428,442,362
1084626840,1499330820,8,491,85,414,483,329
1311984071,4189039692,0,499,0,499,499,499
849616447,47978076,53,445,0,499,392,499
1211792037,3409966452,40,481,17,455,441,438
1240204280,3744107350,0,499,109,389,499,280
863918661,103573635,183,315,150,349,132,199
1027368055,570729878,108,390,50,449,282,399
941621980,207151467,153,352,175,327,199,152
972193555,264546003,110,391,159,354,281,195
1202500058,3255495124,72,417,164,324,345,160
1135184096,2301313769,130,369,90,409,239,319
1105491385,1851460649,72,426,0,499,354,499
1245967436,3795862205,0,499,89,436,499,347
937479123,197988410,0,499,104,395,499,291
1303095401,4157570696,130,499,44,465,369,421
1262108913,3904497492,123,376,63,436,253,373
1104425144,1704948699,88,419,34,488,331,454
1313162012,4182712908,99,390,62,471,291,409
940547021,204390297,73,426,137,361,353,224
924251436,175413112,128,371,86,412,243,326
1313222352,4197496631,0,499,0,499,499,499
1283461838,4061578662,0,499,0,499,499,499
1127347907,2121747378,147,359,149,349,212,200
1299554115,4141723605,46,465,135,352,419,217
910864881,155129010,0,499,62,436,499,374
1244293418,3782270051,47,454,89,397,407,308
1309672796,4181533388,34,361,30,301,327,271
1217855776,3498045133,73,426,0,499,353,499
1232369766,3660534515,80,413,147,360,333,213
1294225035,4122564165,101,422,44,410,321,366
1206464334,3320330274,62,436,0,499,374,499
956705904,209608982,20,479,0,499,459,499
1298716258,4140429396,62,436,0,499,374,499
1316151833,4200874653,113,395,53,459,282,406
440423530,76373438,125,374,85,413,249,328
1312632979,4195544250,60,463,152,402,403,250
1050157962,961894475,0,499,112,386,499,274
1265927852,3935771353,0,499,62,436,499,374
1254485759,3861779658,0,499,0,499,499,499
1317916713,4215693863,146,358,27,433,212,406
876539391,121896288,0,499,106,393,499,287
913991186,153999170,137,360,74,427,223,353
1078439777,1399019328,9,491,81,407,482,326
1133437363,2250733634,70,429,145,354,359,209
987508073,294398623,150,349,89,410,199,321
435338703,61561139,68,431,0,499,363,499
1038856837,767594971,0,499,0,499,499,499
1201829345,3249401441,81,432,81,434,351,353
879246133,85467477,195,303,170,329,108,159
1323917402,4231426371,33,478,141,357,445,216
1273161538,3993175413,40,461,164,376,421,212
1275160977,4004090469,34,462,43,464,428,421
1251477881,3842784098,160,356,40,444,196,404
1233290991,209464004,55,442,0,498,387,498
999233488,339921567,113,379,182,331,266,149
1251592726,3844081428,127,374,163,351,247,188
1086168663,1509492095,33,477,72,373,444,301
1281916248,4050714954,43,439,101,400,396,299
1278041198,4029141214,84,426,11,467,342,456
1246430937,3799004510,121,456,152,378,335,226
1313423085,4197674960,40,478,27,484,438,457
1257087621,3878313832,125,421,89,377,296,288
1301645850,4151267750,173,309,102,393,136,291
1271443889,3976920309,34,491,2,497,457,495
1147565030,2532874704,98,403,85,418,305,333
1219868608,3532463634,0,499,0,499,499,499
985691798,291220970,117,381,65,434,264,369
1033293047,649186988,8,499,71,469,491,398
1008805332,439151842,73,425,0,499,352,499
1275636712,4007156042,0,499,96,499,499,403
1317555272,4213728929,20,480,78,389,460,311
1276353141,4012864045,68,441,199,306,373,107
1215507666,3470053143,21,479,44,466,458,422
1270212660,3969772772,0,499,0,499,499,499
1094455564,1620946121,0,499,95,403,499,308
1136099894,2311258166,95,403,2,494,308,492
1262142488,3905002584,0,499,62,436,499,374
1287905237,4079552510,0,499,0,499,499,499
1316254534,4200880979,0,499,0,499,499,499
1216134730,3475009650,0,499,62,436,499,374
1265244448,3929960670,24,415,149,227,391,78
966288206,252343919,124,374,165,333,250,168
1273432270,3992641614,78,411,92,437,333,345
874732365,73670766,77,422,20,499,345,479
1136274773,2326605218,23,466,118,366,443,248
1211832182,3408287788,62,436,0,499,374,499
1301657316,4152892648,107,425,49,458,318,409
1278867652,4028534686,62,436,0,499,374,499
1005554039,413034755,84,414,0,499,330,499
1309983481,4181945917,70,448,68,437,378,369
1281894744,4051261150,122,376,0,499,254,499
1004992682,405100493,26,473,0,499,447,499
1251224181,3838151531,0,499,74,424,499,350
1305590797,4166199932,70,441,0,434,371,434
1141924036,2444260237,72,426,0,499,354,499
1008220685,436149678,128,359,158,350,231,192
1008021490,435874897,150,349,111,387,199,276
1090316534,283651581,153,346,100,399,193,299
1241399188,3756588351,185,314,168,330,129,162
1069667286,1251808000,144,355,100,399,211,299
1194474269,3160169806,65,451,190,321,386,131
1277516670,4019800986,133,374,188,316,241,128
1198881964,1859588260,137,361,100,399,224,299
1306845745,4167091589,0,499,0,499,499,499
1197748956,1992240727,147,351,119,399,204,280
1154579663,2641167325,113,380,67,435,267,368
958544633,228337650,64,407,78,442,343,364
1245191615,3789544127,73,449,28,497,376,469
1226024384,3594305876,129,286,271,388,157,117
1145024862,2484010581,0,499,2,497,499,495
1136356732,922877605,150,348,100,399,198,299
1280144461,4042488311,24,483,18,485,459,467
1237277732,3716305929,216,373,240,260,157,20
1296076352,4128124810,83,415,0,499,332,499
1280149792,4019921932,4,499,85,499,495,414
1275658393,4006905589,108,380,60,233,272,173
1213024387,3182778608,159,330,154,364,171,210
1320102575,4215360947,225,323,0,499,98,499
1039625111,538802040,125,366,100,399,241,299
1277840737,4023186362,71,430,0,499,359,499
1265223241,3929899423,9,488,82,459,479,377
1313643294,4197539317,0,499,0,498,499,498
528096730,52919815,198,301,170,329,103,159
1265223875,3929899681,6,491,78,463,485,385
1316537187,4209069036,15,467,24,487,452,463
933252769,190106018,76,422,0,499,346,499
1254343939,3861176469,201,322,98,444,121,346
1083501167,1481648898,4,477,88,415,473,327
984515464,289135352,56,445,232,276,389,44
1163471194,2765287398,110,389,145,354,279,209
1313178426,4197493168,85,406,43,467,321,424
1136835360,2335320367,6,490,101,404,484,303
1313162718,4182713082,42,418,112,424,376,312
921681977,169080780,62,436,0,499,374,499
1107660369,1869200828,131,373,12,487,242,475
873328588,118794815,0,499,61,438,499,377
973370848,268700509,0,499,62,436,499,374
1090778359,50875433,62,436,27,499,374,472
949753182,212778424,49,450,0,499,401,499
1268011607,3608437370,100,399,10,488,299,478
1007727290,435112936,62,436,0,499,374,499
1111310835,1910791354,0,499,58,441,499,383
1317073588,4211500308,58,474,147,382,416,235
1311266385,4182066645,31,482,27,481,451,454
1320224433,4215694801,22,464,75,403,442,328
1225886960,1427969515,133,365,195,315,232,120
906547134,147843604,0,499,62,436,499,374
1283059983,4058377795,40,414,22,480,374,458
1289190813,4086075128,0,499,0,499,499,499
1219683021,3525484433,62,436,0,499,374,499
985613855,290959640,60,439,0,499,379,499
1007779326,206955954,64,434,0,499,370,499
1074416444,1335677153,0,499,53,445,499,392
696360730,57694190,150,349,107,390,199,283
1311982688,4189039010,0,499,0,499,499,499
859710002,95451117,14,485,0,499,471,499
1281214297,4047000459,47,466,72,439,419,367
1060728581,1082380626,92,406,50,449,314,399
1077826405,1384059710,0,499,62,436,499,374
971432967,262168609,115,385,103,396,270,293
1129571333,2168075842,56,455,188,410,399,222
1311388941,4187379595,105,463,140,391,358,251
1137863256,2346576795,120,378,153,346,258,193
1118949135,1989691120,31,469,128,374,438,246
1322836103,4231774938,18,475,28,464,457,436
1270842986,902509039,100,399,32,466,299,434
1128290669,2140520708,72,430,26,477,358,451
1244326234,3782771553,0,499,126,436,499,310
887142681,108544021,62,436,60,499,374,439
922464164,171488618,0,499,62,436,499,374
1067903194,1185128918,8,491,0,499,483,499
1146391948,2479964483,31,471,50,466,440,416
1146362623,2517520118,58,441,0,499,383,499
1191492028,3109429279,0,499,0,499,499,499
1188605982,3069327832,104,375,130,394,271,264
1251437650,3842662795,240,499,52,435,259,383
1033142635,645588940,0,451,22,429,451,407
1301291261,4150972930,0,499,0,499,499,499
1170306625,2806785400,184,321,231,268,137,37
1169115486,2870813701,0,499,53,459,499,406
927440877,180442068,110,389,0,499,279,499
916708509,161549983,62,436,0,499,374,499
1265249198,3929961204,18,487,65,433,469,368
1185498158,3019265187,25,474,0,499,449,499
862558471,102321431,100,398,115,383,298,268
1264543296,92965403,72,426,0,499,354,499
941622102,207151329,146,349,169,324,203,155
1308824525,4177838239,0,499,0,499,499,499
1225886689,3064255266,140,362,181,323,222,142
1045965387,869280416,32,466,0,499,434,499
1265928230,3935696068,0,499,0,499,499,499
1133913950,2268684648,144,355,100,399,211,299
968765278,254908647,0,499,81,417,499,336
1266025423,3936427998,150,349,68,369,199,301
1257575465,3876272022,86,413,0,499,327,499
931666679,186135553,51,448,0,499,397,499
1305519290,4165976526,7,495,55,453,488,398
1317034221,4211394415,64,443,87,499,379,412
1276328446,4012704206,57,447,64,443,390,379
1148428604,89431308,70,429,0,499,359,499
1312697899,4195680276,0,499,0,499,499,499
1280378484,4044816632,9,492,110,426,483,316
1208625048,3353767182,93,405,0,499,312,499
1257924602,3883412585,216,394,104,344,178,240
1208662193,3360981623,101,397,15,479,296,464
1192033512,3120541517,68,432,22,488,364,466
1304160945,4160984737,106,388,51,463,282,412
1324077603,4236041841,0,499,0,499,499,499
1285067513,4063753489,0,499,0,499,499,499
1064378805,1136077629,169,331,125,388,162,263
1252580589,3850154155,84,442,82,451,358,369
957797116,225509769,59,439,0,499,380,499
963734785,244423555,0,499,254,254,499,500
1131849691,2212291033,132,416,19,487,284,468
1299192085,4139570946,81,416,47,168,335,121
1130827257,2188730448,94,421,31,479,327,448
1264404948,3925283082,25,455,108,395,430,287
974170006,4936286,0,499,73,426,499,353
966679522,253407350,0,499,190,240,499,50
1128224833,278588452,156,343,127,399,187,272
1324017186,4235888071,79,408,56,456,329,400
1316140716,4200873279,23,467,132,351,444,219
1264120997,3923914552,36,484,94,412,448,318
1171933225,2914053401,0,499,0,499,499,499
815083906,6971259,180,319,150,349,139,199
873761872,119581719,146,353,103,396,207,293
1139609758,2396836153,68,430,0,499,362,499
1276829324,4017265412,0,432,0,149,432,149
1190258154,1876686977,0,449,67,432,449,365
1073197535,1315030743,62,436,0,499,374,499
1174591108,2940639870,130,369,170,329,239,159
1173818989,2932153934,0,499,66,432,499,366
1241855180,3760787840,26,452,87,451,426,364
1066722057,278798694,142,357,100,399,215,299
1156925937,2678802118,136,394,116,364,258,248
1007382017,416643337,58,441,0,499,383,499
1252627089,3850328273,0,499,62,436,499,374
1076874755,1367193443,0,499,62,436,499,374
1214294281,3460634574,0,499,62,436,499,374
1057894682,1082841565,89,397,123,314,308,191
1289914062,4089190572,73,426,0,499,353,499
1319412740,4214352715,74,438,84,430,364,346
1249764712,3821773117,159,313,105,369,154,264
1146810607,2514580309,0,499,62,436,499,374
1311269514,747588524,100,399,25,474,299,449
1262596185,3908956284,15,482,49,393,467,344
1275295718,4003956726,71,429,79,442,358,363
1124582615,2079419728,150,349,129,387,199,258
1133485531,2118846257,85,452,156,409,367,253
851355688,83138608,0,499,68,430,499,362
847828765,77443666,0,499,62,436,499,374
1213817046,3443682925,0,499,113,386,499,273
1257671017,3881724266,21,490,17,499,469,482
527005551,51682129,74,424,0,499,350,499
1273837432,3995335518,0,499,0,499,499,499
1259089755,3887603947,0,499,0,499,499,499
1235627219,3696441674,19,493,50,450,474,400
1260622844,3894600246,37,445,32,457,408,425
1209717222,3382587096,66,448,28,449,382,421
1047342628,902032974,73,426,0,499,353,499
1251360489,3841410301,0,499,109,389,499,280
1249535831,3819983721,115,383,124,382,268,258
931009269,185028573,0,499,109,390,499,281
1310283670,4182231479,56,434,74,453,378,379
1277946018,4023226463,15,484,147,352,469,205
1100077727,1711736083,110,389,49,449,279,400
1031250368,610738587,0,499,77,421,499,344
888134112,134284214,28,471,23,476,443,453
898071958,142946243,0,499,109,389,499,280
933240025,190096940,70,429,0,499,359,499
994679613,297847459,73,475,105,411,402,306
1078041688,1390404437,184,327,119,381,143,262
870407676,114825069,126,384,15,481,258,466
1276268957,3897272063,100,399,107,399,299,292
1323332222,4231757598,31,469,18,473,438,455
1280713390,4046439476,0,499,0,499,499,499
1158098526,2694890472,78,400,196,382,322,186
1258488212,3885600831,105,290,294,441,185,147
1283407476,4061577178,74,419,70,431,345,361
977686469,278520390,79,412,48,206,333,158
1296068006,4129497234,11,491,36,435,480,399
1301164965,4150978832,26,469,24,467,443,443
1118656592,1983977785,135,364,94,406,229,312
1161248721,2735551740,199,283,26,480,84,454
851215126,82808944,72,425,0,499,353,499
1216061978,3477131833,142,357,100,399,215,299
893310102,141191222,0,499,0,499,499,499
1192049341,3120597021,68,432,22,488,364,466
1203463163,3277807294,120,335,17,464,215,447
1275040634,4003907230,0,499,0,499,499,499
956069959,220939472,154,338,152,351,184,199
1240203268,3744405396,130,369,10,499,239,489
1128649539,2152081863,0,499,0,499,499,499
1221338109,3561159087,0,499,109,389,499,280
1250164399,3830391694,7,499,0,420,492,420
1289169964,4086067552,0,499,0,499,499,499
1075711307,1351973066,9,491,71,446,482,375
1316984228,4211261575,50,449,108,410,399,302
1100639056,1733981718,211,280,211,288,69,77
1295960121,4128274517,46,453,84,414,407,330
1265378670,3930103780,115,442,46,463,327,417
1283252134,4060770962,0,499,0,499,499,499
1312453403,4194037189,0,499,0,499,499,499
1276348808,4012248865,67,421,52,435,354,383
1270324170,3971188559,94,404,0,499,310,499
1323730229,3813572042,0,499,129,436,499,307
956722979,223018597,81,413,0,499,332,499
1237248066,3715134737,0,499,62,436,499,374
1294385368,4122741090,0,499,18,499,499,481
1261173388,3898707810,21,484,138,352,463,214
1133293726,203641991,82,422,224,277,340,53
1243164251,3766445706,37,450,39,460,413,421
1309666583,4152955761,87,403,11,476,316,465
1017811866,507780902,8,489,129,393,481,264
1276346916,4012862860,105,428,125,360,323,235
868442287,111912218,0,499,67,432,499,365
1303266548,4157386733,106,388,51,463,282,412
1205825863,3312189776,17,486,85,411,469,326
1203081848,3264540855,62,436,0,499,374,499
1266512837,3938620624,157,346,172,309,189,137
1268861438,3953945651,23,460,82,471,437,389
197798130,5919407,0,499,79,419,499,340
283916657,15655620,0,499,70,436,499,366
847911061,77604367,62,436,0,499,374,499
1145611837,2499585454,73,426,0,499,353,499
1277522650,4019807063,58,470,112,461,412,349
1058847165,1082477735,183,315,150,349,132,199
1310332113,4181899244,0,499,0,499,499,499
1207913282,3341522064,0,499,62,436,499,374
1292021883,4105728017,115,383,32,469,268,437
1254812121,3866396754,0,499,0,499,499,499
970263249,258834131,0,499,62,436,499,374
1296992334,775910088,0,499,0,499,499,499
1294674764,1940510228,126,376,4,492,250,488
1100075488,1711729343,70,429,156,354,359,198
1267011841,1100403722,100,399,26,472,299,446
1252586694,3850028730,67,499,0,499,432,499
1324140073,4236042683,155,390,26,469,235,443
1276077798,4010538376,19,481,145,356,462,211
976685703,276429733,62,437,6,492,375,486
1261172742,3898707460,81,409,75,414,328,339
1165315477,2802266754,138,302,148,344,164,196
964672605,247562991,38,460,0,499,422,499
1204825720,3298145134,132,369,17,459,237,442
1324156559,4236042946,18,467,81,436,449,355
1310050749,4181953552,57,435,112,378,378,266
1281432286,4044084647,133,366,0,499,233,499
1053594352,1035142640,79,419,0,499,340,499
1202660619,3256339806,62,436,0,499,374,499
1154723739,2643267070,0,499,0,499,499,499
1256980301,3876416924,76,425,140,363,349,223
1190252072,2610184539,0,499,62,436,499,374
1269467701,3957832938,101,416,30,469,315,439
1075758524,1352146017,41,443,120,357,402,237
1313314755,4197664361,41,460,33,462,419,429
1284349076,4050036553,0,499,109,389,499,280
1126258482,2101750736,0,499,9,489,499,480
1204251943,3287292718,98,403,35,465,305,430
1228776261,3619931278,0,499,80,419,499,339
1020570771,523019450,0,499,63,436,499,373
978571646,279841010,68,431,0,499,363,499
1265246346,3929960918,6,494,105,389,488,284
832857057,63263854,68,431,0,499,363,499
1310290751,4182231851,17,499,6,490,482,484
1291760052,562443,12,486,10,488,474,478
1323283760,4232535117,15,483,28,475,468,447
1295527539,4126959896,0,499,0,499,499,499
58022430,1409692,48,451,17,498,403,481
1317753478,4211197055,0,499,0,499,499,499
1196406059,3187682788,30,479,160,358,449,198
1051383865,970936724,71,427,0,498,356,498
1188462948,3065096170,0,499,62,436,499,374
873577435,119078365,68,431,16,499,363,483
939296168,201820844,0,499,62,436,499,374
1113112289,1832994003,111,392,93,461,281,368
1323927805,4231426812,0,499,0,499,499,499
1002585052,92356153,183,315,164,349,132,185
1019355737,516422428,160,341,7,496,181,489
1275653197,4006516983,112,417,109,420,305,311
1151944557,2593819038,87,411,0,499,324,499
1177147725,2970573643,6,492,79,417,486,338
1257405727,3881319379,159,331,124,461,172,337
1174589957,2940639563,134,364,172,341,230,169
971583648,157640402,62,436,0,499,374,499
1124583782,2079427867,3,492,83,409,489,326
1287523300,4071377808,0,499,0,499,499,499
1192188410,3123055762,68,432,22,488,364,466
1107660258,1869201146,74,421,22,490,347,468
1303908188,4160155145,199,301,158,376,102,218
1063216805,1123730149,0,499,80,418,499,338
987698875,294546361,12,478,83,409,466,326
1287957213,4079733485,20,479,77,421,459,344
1158121298,2695198217,13,484,39,466,471,427
977079612,277326899,83,415,0,499,332,499
1248843342,3817900432,10,483,137,359,473,222
997283332,209743530,190,309,160,339,119,179
1324210475,4236298208,45,423,27,472,378,445
1036686259,715204984,221,278,210,289,57,79
1301542042,4150997960,0,499,0,499,499,499
1247341593,3808694293,0,499,62,436,499,374
1270212421,3969772766,5,466,3,482,461,479
1292764070,4112980484,6,491,8,486,485,478
1193054340,3136749048,17,483,175,332,466,157
1018393543,510784772,59,447,212,287,388,75
1261377963,3898717042,90,396,89,431,306,342
1266345117,3938140483,6,493,129,404,487,275
987577524,294421483,28,467,98,395,439,297
1243432185,3773723347,19,480,95,403,461,308
1265414145,3930265665,69,324,132,359,255,227
1069088061,1222938995,96,421,50,461,325,411
1304014935,4160807047,0,499,0,499,499,499
1098431758,1678911136,11,499,16,495,488,479
1002810487,303226963,97,401,12,486,304,474
1247131441,3804647573,0,499,197,436,499,239
1024324983,277543501,0,499,16,483,499,467
1283323422,4061150469,198,338,107,430,140,323
1087273119,1520952309,0,499,63,436,499,373
1274148003,3997449470,10,424,44,457,414,413
1030558541,598131480,314,475,146,335,161,189
1257562291,3881709185,57,449,69,409,392,340
1239729532,3739415782,164,362,207,271,198,64
1282290576,4056000876,20,478,23,476,458,453
707565249,58501010,62,436,0,499,374,499
1324017681,4235888098,4,478,0,484,474,484
1217932229,3500901421,13,486,90,409,473,319
621241420,48129795,68,431,0,499,363,499
1009252991,440551094,150,349,115,383,199,268
1089460603,1553195203,0,499,210,300,499,90
1072619384,197000275,0,499,62,437,499,375
1281982884,4050745625,64,435,40,459,371,419
1264105029,3923709319,110,389,52,439,279,387
1007688023,435112608,92,407,0,499,315,499
1027099934,569660719,115,384,50,449,269,399
1311037679,4182117581,0,499,0,499,499,499
1174586229,2940638649,2,495,15,406,493,391
1273994897,3996025522,0,499,62,436,499,374
1242294988,3764165519,62,436,0,499,374,499
1252149283,3847464183,141,374,232,373,233,141
968985127,255839380,0,499,0,499,499,499
1252119571,3847029446,0,499,0,499,499,499
1292426033,4108912049,8,485,109,408,477,299
927395006,180303273,182,317,152,345,135,193
977548962,278411149,102,408,22,477,306,455
1206168828,3320653871,17,430,105,473,413,368
956069952,220939471,178,322,157,341,144,184
1182861560,3008784686,0,499,56,442,499,386
1306155830,4164869671,0,499,83,415,499,332
1126094484,278783101,204,287,120,343,83,223
1267358656,3942387181,88,409,148,198,321,50
912473557,156578232,0,499,62,436,499,374
1289655030,4088674198,0,499,0,499,499,499
1323617724,4231863859,24,482,20,477,458,457
1324070443,4236041736,0,389,140,336,389,196
1309153628,4178482389,62,436,0,499,374,499
360138430,48968982,233,264,268,281,31,13
1294388209,4123083383,72,431,26,499,359,473
1249535696,3819983433,0,499,240,259,499,19
1064522150,1138199135,109,389,0,499,280,499
1320091140,4215357295,19,478,150,325,459,175
1223527061,3581907842,209,315,66,168,106,102
1257709611,3881725411,43,394,141,431,351,290
1252627291,3850328359,0,499,169,436,499,267
1314346161,4202210678,8,484,30,465,476,435
1211837611,3410812499,100,399,50,449,299,399
1308733138,4177785405,0,499,0,499,499,499
1312053817,4192411483,19,487,44,472,468,428
1243403072,3773717919,19,480,75,420,461,345
856030143,88304413,185,314,184,323,129,139
874729203,115477148,71,427,14,499,356,485
1276003860,4010222007,0,499,4,499,499,495
1025708416,554475640,0,499,62,436,499,374
1178432415,1697158895,12,470,18,489,458,471
1308742052,4177822536,1,499,0,499,498,499
1244807642,3785524538,103,372,142,372,269,230
987689598,293575977,0,499,62,436,499,374
1174580660,2940637262,178,324,206,327,146,121
1254764724,3865327391,135,364,86,413,229,327
1281840911,4053422703,48,450,52,447,402,395
1300298956,4143097504,0,499,62,436,499,374
1248388226,3814896311,97,408,34,492,311,458
1030299454,596680089,11,485,141,357,474,216
1026861463,569598035,68,431,0,499,363,499
863096939,103520834,119,380,71,433,261,362
977873941,278550195,97,401,67,499,304,432
1313763045,4200104345,40,385,92,402,345,310
1161295599,286398199,152,346,100,399,194,299
1318299542,1950498638,38,445,46,431,407,385
989196162,294378632,0,499,79,420,499,341
855808526,88568640,70,429,0,499,359,499
861080669,99209585,3,464,120,431,461,311
1308873191,1558019776,100,399,9,490,299,481
1198700873,3219852771,98,400,78,420,302,342
1266967965,3940053533,26,461,56,452,435,396
1321634452,4223005388,52,439,77,419,387,342
1023876061,536962954,0,499,8,491,499,483
1324016491,4235888004,39,451,19,467,412,448
881149049,125836952,107,392,0,499,285,499
1145965279,2502046531,0,499,109,390,499,281
1317755028,4213442177,0,499,0,499,499,499
865404786,107743179,59,439,0,499,380,499
1204207594,3287146907,0,499,0,498,499,498
1236866391,3212835973,100,399,5,494,299,489
1192164401,3122723258,68,432,22,488,364,466
1313350867,4197513928,0,499,0,499,499,499
1107917089,1869938653,110,389,54,445,279,391
872700941,114473764,76,423,14,499,347,485
1252627771,3850328582,0,499,154,436,499,282
1265223835,3929899670,29,455,59,482,426,423
1276372685,4012755875,51,450,67,464,399,397
1262337299,3906638876,0,499,0,499,499,499
1253941472,3859351731,0,499,0,499,499,499
1174589969,2940639565,134,364,172,341,230,169
1186718427,3037069622,37,420,48,481,383,433
1123579420,2058032921,206,290,166,290,84,124
1225886680,3161394401,128,337,163,336,209,173
1158199724,2686431897,0,499,62,436,499,374
1314167147,4186173539,50,456,93,410,406,317
1173670416,2930169785,0,431,80,499,431,419
1304121117,4160951187,106,388,51,463,282,412
1039308766,793865762,62,436,0,499,374,499
250143394,7379600,70,428,0,499,358,499
1243785537,3775997572,128,348,50,444,220,394
1237565591,3721437094,0,499,62,436,499,374
1211506315,3401899054,62,436,0,499,374,499
1092217439,1579007285,153,346,100,399,193,299
1291659041,4102986988,38,462,153,395,424,242
949765636,212791799,193,295,166,344,102,178
898402258,144712450,200,299,200,299,99,99
1311153948,4181904534,0,499,0,499,499,499
1320066809,4215348915,37,448,117,402,411,285
1322509791,4229980132,31,468,48,438,437,390
1276825385,4017299758,62,436,0,499,374,499
1287979872,4079553848,0,499,0,499,499,499
1053498013,1033611966,0,499,88,410,499,322
989062240,294416954,18,486,69,439,468,370
939028925,201473494,181,307,73,410,126,337
928391224,181721336,192,334,162,334,142,172
1102674370,1805032434,73,428,153,349,355,196
1295451889,830324073,83,415,0,499,332,499
1258874744,3887567073,48,444,80,418,396,338
1237460575,532978866,166,344,129,363,178,234
1301078670,4150480348,0,499,0,499,499,499
1263204970,3915305487,0,499,62,436,499,374
912985641,157048558,35,464,101,398,429,297
1248634474,3816939317,17,483,54,421,466,367
1242125748,3762643731,122,389,23,487,267,464
849113669,80410987,69,429,0,499,360,499
1127255526,2120090600,158,341,100,399,183,299
1314690387,4186564238,23,465,40,470,442,430
1066930007,1173353304,20,470,19,479,450,460
1302565685,4153308289,59,433,59,446,374,387
1223596058,3582312266,9,490,160,408,481,248
1231234215,3646787381,21,479,121,375,458,254
1204233461,1960306887,92,404,3,498,312,495
1275465065,4006485722,0,492,144,403,492,259
1191873012,3117667926,73,434,91,269,361,178
874584,1173324,53,446,53,446,393,393
1312595805,4195595282,120,400,27,468,280,441
1282548447,4057545709,16,489,90,487,473,397
1264238108,3925039028,82,432,83,396,350,313
1004370849,404071874,137,362,100,399,225,299
1153474783,2628863936,112,380,43,455,268,412
941251766,206147450,33,465,62,455,432,393
1271711601,3979583640,0,499,0,499,499,499
1275394858,4004161010,72,441,86,441,369,355
1275479573,4006488215,31,482,92,484,451,392
1279109841,4037093366,0,499,0,499,499,499
1249535692,3819983430,181,295,213,311,114,98
993379259,293562965,120,378,153,346,258,193
1269519547,3959414681,0,499,0,499,499,499
1308661285,4177581259,0,499,0,499,499,499
1274227094,1587618,77,422,0,499,345,499
1253519593,3857173128,18,474,93,402,456,309
875059551,120942322,67,443,206,294,376,88
1250268220,3831364215,0,499,99,436,499,337
1312317216,4194022110,0,499,0,499,499,499
1307393427,4171236843,0,499,5,499,499,494
1265834464,3934790986,69,430,0,499,361,499
1280147539,4019921861,64,450,145,371,386,226
959840863,229202332,65,434,0,499,369,499
1004008060,50298067,62,436,0,499,374,499
1137562433,2346601006,72,427,0,499,355,499
1305402903,4165070813,107,393,31,466,286,435
1268432470,3951006963,14,490,49,453,476,404
1304028166,4160809111,86,419,59,465,333,406
1306845637,4168957110,0,499,0,499,499,499
1253465147,3856809969,204,349,358,435,145,77
1208569026,3358480835,189,309,51,465,120,414
1211738143,3409394319,16,484,4,495,468,491
1273753433,3992786853,63,439,68,440,376,372
1251646037,3844296300,118,392,37,454,274,417
1194472328,3160186150,100,399,0,499,299,499
308097323,3397274,8,490,0,499,482,499
1189167097,3079641252,0,499,62,436,499,374
862681574,102705694,292,294,427,444,2,17
1244802764,3781551764,32,466,0,499,434,499
1282365284,4056051258,62,439,20,473,377,453
854303404,48459853,63,436,0,498,373,498
1284038857,4063351856,22,462,45,454,440,409
1283949514,4061636557,27,474,63,446,447,383
1249535229,3819982076,130,369,170,329,239,159
1105890941,1857990852,96,418,131,325,322,194
1152495446,2607273640,6,493,133,368,487,235
1019292866,516367504,136,369,33,447,233,414
1269455613,3958959530,51,461,30,465,410,435
1179870256,2984782640,14,494,22,478,480,456
1273140680,3993163829,120,442,185,314,322,129
993209920,300954345,77,422,0,499,345,499
1316274421,4200881777,13,485,13,469,472,456
1254921726,3867257450,38,460,145,390,422,245
1112186793,1921330009,75,425,97,421,350,324
1317917990,4215723907,28,471,122,399,443,277
956932186,223273713,74,424,0,499,350,499
887251306,133370760,52,445,117,386,393,269
187045730,5684463,77,426,0,497,349,497
908164224,1763261,92,407,12,486,315,474
1053394296,1030803722,0,499,45,453,499,408
1268013043,3944542595,0,499,0,499,499,499
958068710,226317339,86,411,0,496,325,496
1213989661,3456874300,43,455,81,443,412,362
1289079205,4086048240,66,404,77,403,338,326
1253043974,3854417475,88,415,18,475,327,457
946699871,208686943,147,353,156,347,206,191
1266776610,3939946502,0,482,0,464,482,464
1111310895,1910791382,89,409,113,398,320,285
1164109881,2779771881,106,365,103,386,259,283
1278994245,4037798504,0,499,0,499,499,499
862580253,102353294,0,499,234,264,499,30
1255293723,3868682789,0,499,0,499,499,499
1267261245,3813572001,0,499,140,436,499,296
1174587327,2940638882,51,462,39,458,411,419
1294409695,4122741732,0,499,27,499,499,472
993393041,301332080,24,475,0,499,451,499
1266060421,3929344640,126,391,11,496,265,485
1043841224,853456154,20,460,129,377,440,248
1190100597,3087753615,62,436,0,499,374,499
1234812182,3686380705,72,427,0,498,355,498
1119407506,1998121838,171,329,148,336,158,188
1248851334,3817904141,100,399,58,441,299,383
1316980090,4203534803,0,499,64,434,499,370
1316131328,4200872486,71,380,41,499,309,458
1253827632,3858765921,0,499,62,436,499,374
1311191431,4184450303,70,449,93,436,379,343
1316413117,4209328034,0,499,109,389,499,280
1243660024,3775275647,0,499,136,436,499,300
1248222546,3814580834,12,489,95,402,477,307
1031203535,606368786,68,429,0,499,361,499
1124239782,2063603728,156,342,100,399,186,299
1265903499,3935517875,14,489,75,415,475,340
1323736727,4234271068,74,461,101,380,387,279
1241429949,3756678208,19,477,25,475,458,450
1311444674,4187125206,0,499,0,499,499,499
749891516,60828543,86,413,0,499,327,499
1142708364,2455220875,133,365,142,361,232,219
1274151851,3997813655,30,469,95,358,439,263
1268589412,3952243910,74,424,19,489,350,470
1319824076,4215050464,177,331,61,463,154,402
1322431220,4229927634,4,499,2,499,495,497
1320379450,4224249888,34,463,52,463,429,411
884196697,126691524,56,426,218,284,370,66
1255264310,3869230607,38,459,24,472,421,448
1265248624,3929961171,8,489,146,351,481,205
1317996384,1951685716,0,499,40,499,499,459
1282880109,4057530581,0,499,0,499,499,499
1317466332,4213275837,0,497,0,499,497,499
1253339701,3856415406,12,490,100,200,478,100
951686769,106383821,62,436,0,499,374,499
1316104697,4200869668,0,499,81,416,499,335
1005655975,412229885,0,499,62,436,499,374
1311854171,4189052365,227,269,225,267,42,42
1275485726,4006488521,11,492,50,458,481,408
1235988502,115176229,89,409,0,499,320,499
933253307,190106168,73,426,14,499,353,485
1152403698,2605650111,222,278,1,461,56,460
1027179508,569818350,109,389,50,449,280,399
1090774984,1548294663,90,492,176,330,402,154
1045856410,872547431,216,282,190,308,66,118
1283398879,4061566435,0,499,0,491,499,491
1228608635,3618681517,0,499,99,400,499,301
1094549789,1554512213,62,436,0,499,374,499
1302543003,4155423835,0,499,0,499,499,499
1051029444,969448408,62,436,0,499,374,499
1292399795,4108946117,33,467,81,428,434,347
964676258,246931095,70,428,0,499,358,499
863122962,103552681,0,499,62,436,499,374
1026369464,562801778,0,499,52,447,499,395
1254927499,3867137306,42,450,116,387,408,271
1230736202,3641066615,105,395,38,463,290,425
1273191503,3992529804,89,415,99,411,326,312
1213676724,3451774396,150,349,118,380,199,262
1135350505,2306174634,146,351,100,399,205,299
1265379528,3930103806,97,436,40,462,339,422
1323243206,4231786254,32,466,104,402,434,298
1226021315,3594116364,197,437,51,316,240,265
912210962,95836954,67,432,0,499,365,499
848934053,80184314,74,425,0,499,351,499
1305766385,4166642841,106,388,51,463,282,412
1309703688,4179733366,104,349,138,330,245,192
1239083966,3732686139,61,463,58,463,402,405
1054228431,1038782261,71,428,0,499,357,499
1305142274,4164671980,106,388,51,463,282,412
1295654695,4126963987,17,385,92,498,368,406
1260304343,3893329044,74,415,37,414,341,377
1229873772,3550550693,0,499,62,436,499,374
1183033796,3011028316,73,426,0,499,353,499
1257894555,3883245007,0,499,72,427,499,355
933987166,191563529,0,499,62,436,499,374
1192835030,3135791803,70,429,145,354,359,209
1273033716,3992489139,38,466,40,453,428,413
1140198242,2402191962,0,499,62,436,499,374
1269629999,1100406975,100,399,25,441,299,416
1300063458,4144869172,56,474,26,474,418,448
1112279369,1921227410,75,424,75,424,349,349
1075397602,1346903014,5,494,112,393,489,281
1325146633,4240471354,36,436,39,499,400,460
1305811059,4166725960,0,499,83,416,499,333
1322676084,4230268294,8,493,37,471,485,434
1174593235,2940640441,48,453,43,490,405,447
1063427591,1126897146,81,417,0,499,336,499
1099240753,278535761,144,354,100,399,210,299
947190002,208989628,0,499,62,436,499,374
1276432208,4013273031,0,499,0,499,499,499
1291328529,4101891759,210,290,226,306,80,80
1306546828,4167077395,106,388,51,463,282,412
1255758139,3871285888,124,378,19,405,254,386
1254472502,3861777935,0,499,0,499,499,499
884193829,124564689,50,449,101,398,399,297
1283641242,4061595644,0,499,0,499,499,499
1025289886,550726309,25,474,135,364,449,229
1008147593,436084975,160,339,115,383,179,268
933768794,191149912,62,436,0,499,374,499
1324209241,4236298176,55,441,27,475,386,448
1232356787,3660367833,143,358,141,360,215,219
1280421533,4044747610,77,445,30,448,368,418
932881563,119735179,180,318,156,342,138,186
1014036518,471531459,190,309,181,317,119,136
1244541407,3785188028,0,499,62,436,499,374
1160819841,2726458297,85,412,57,426,327,369
1027221742,570616154,108,390,50,449,282,399
1236935175,3716121704,180,319,153,346,139,193
1305330617,4165064813,113,397,108,367,284,259
1313199975,4197493653,192,270,12,456,78,444
1188953882,3075343438,126,380,108,368,254,260
1266676410,3939552237,55,459,41,484,404,443
1132789654,2232964153,0,499,80,419,499,339
1269778506,3962605854,0,499,225,499,499,274
1297296259,4110517902,53,351,148,428,298,280
1096609206,1657064487,177,323,28,474,146,446
1118658611,1987656429,128,369,89,411,241,322
1269951250,3964907668,0,499,0,499,499,499
1008143150,436065083,100,399,39,459,299,420
604147,1017375,72,427,34,487,355,453
1311437981,4187124062,16,444,8,393,428,385
1282979316,4057771391,5,452,81,424,447,343
1169256515,2871934095,62,436,0,499,374,499
1007611486,435094562,100,399,50,449,299,399
987676271,294489892,33,393,63,457,360,394
1010540616,447632371,100,399,100,399,299,299
1196957640,3202315293,62,436,0,499,374,499
1115673042,1949014077,157,364,98,366,207,268
1309055965,4179409680,0,499,1,498,499,497
1117923922,1977820071,165,334,102,397,169,295
1243660351,3775276415,0,499,148,436,499,288
1007995094,435852864,174,324,139,359,150,220
1189146337,3078926736,70,429,145,354,359,209
1244817936,3785549640,176,299,88,397,123,309
1282541014,4057635291,0,493,0,499,493,499
1196806911,3199014382,88,423,75,413,335,338
864918102,106963562,52,446,0,499,394,499
1204263684,3287309589,9,450,91,482,441,391
1313198035,4197493601,60,430,83,421,370,338
1259611984,3889150153,22,481,139,357,459,218
1316114231,4200870833,0,499,0,499,499,499
1324028497,4235889317,54,488,0,474,434,474
1253450064,3856809616,0,499,0,499,499,499
1237150804,3716558819,47,461,106,398,414,292
1111402811,1911212881,0,499,62,436,499,374
1115574145,1947411797,104,397,19,484,293,465
1031809505,613834250,86,413,0,499,327,499
117511130,3650336,75,424,0,499,349,499
1098305164,1683660187,76,397,141,363,321,222
1242113670,3762609902,186,313,78,421,127,343
1047617896,841595967,0,499,77,422,499,345
1246105011,3797081236,101,375,113,395,274,282
1288384798,4081499693,59,439,66,433,380,367
1157600561,2679031305,62,436,0,499,374,499
1314865712,4186808815,90,388,56,466,298,410
354471274,11746388,74,425,0,499,351,499
1238341470,3724623063,77,421,0,499,344,499
1123579640,2058033066,0,499,244,258,499,14
956069972,220939480,158,344,159,336,186,177
1243746151,3775727718,19,480,20,479,461,459
1209717282,3382587123,39,472,100,433,433,333
1230631500,3640063867,146,350,155,343,204,188
869554213,85263671,80,418,0,499,338,499
1316807033,4201002037,43,476,44,459,433,415
1275975483,4010220193,77,414,36,473,337,437
1261467602,3900386553,166,334,130,367,168,237
1236480292,3708823334,209,291,241,381,82,140
1114639956,1935222490,31,468,119,375,437,256
888573013,127939376,90,409,25,474,319,449
1104415768,1832765879,154,364,95,412,210,317
1312336921,4193998900,167,332,20,493,165,473
1240746813,3716328297,37,467,68,417,430,349
893311644,141191185,192,314,188,311,122,123
1221338492,3561599427,33,439,139,370,406,231
1072539072,1306068047,125,374,82,443,249,361
1228290376,3616175132,0,499,83,415,499,332
1105411116,1848933693,93,406,0,499,313,499
1317209991,4211532196,16,494,25,477,478,452
991231559,298634533,109,383,23,477,274,454
848061271,77774394,164,334,136,362,170,226
1251400631,3842529272,63,427,78,458,364,380
977983448,278569612,62,436,0,499,374,499
1246358309,3798829371,30,469,0,499,439,499
1319201899,4218282538,37,452,82,416,415,334
892937956,125287838,71,427,12,499,356,487
913109601,157237827,151,348,168,330,197,162
1288985701,4085932973,22,388,60,459,366,399
1254533475,3861834241,37,453,31,484,416,453
1275501619,4006686994,26,483,32,466,457,434
1282975876,4057855371,0,499,0,499,499,499
1241203118,3744427234,136,363,0,499,227,499
1196057021,2107990183,0,499,0,499,499,499
1277357473,4019822775,87,416,99,359,329,260
1276447130,4013276290,5,416,56,480,411,424
969922327,258074480,94,410,151,357,316,206
1178128687,2981088316,11,477,12,480,466,468
987674203,294488687,167,359,54,478,192,424
1273096097,3992972570,137,353,193,306,216,113
919350589,164856265,133,362,93,409,229,316
1077703831,1380339909,137,362,100,399,225,299
1129877576,2173681512,73,404,15,484,331,469
1008328017,436985256,77,422,0,499,345,499
904147325,148792371,20,480,150,399,460,249
1279146050,4037095642,29,451,63,464,422,401
1177245077,2971309236,86,410,101,403,324,302
1323587144,4231863017,40,461,96,408,421,312
1143342756,2464621965,118,381,133,381,263,248
1283606073,4061587544,0,499,0,499,499,499
1133705375,2257881306,71,428,0,499,357,499
1213418293,143882703,185,313,150,270,128,120
881515462,126064129,0,499,103,395,499,292
1174131320,2931011124,71,428,0,499,357,499
1020306527,278812747,81,436,224,268,355,44
1100399047,1721119191,155,344,133,361,189,228
1248850903,3817904055,30,481,108,378,451,270
1025370404,206800755,51,447,0,499,396,499
1033383652,651030897,1,489,22,472,488,450
1315331461,4204337994,38,458,61,457,420,396
1294215634,4122561722,57,455,57,470,398,413
1138071856,2344682704,137,361,100,399,224,299
853917632,85154857,97,389,45,457,292,412
1250268178,3831364134,0,499,167,436,499,269
849081416,77832792,91,408,25,474,317,449
1100082286,1711729015,180,319,153,346,139,193
1277578507,4023547867,55,449,77,426,394,349
1188358300,3058449109,0,499,40,458,499,418
1137869470,2355457113,62,436,0,499,374,499
1141032402,2423763350,155,343,100,399,188,299
1295220377,4125633348,41,456,96,399,415,303
1062487045,1115319117,77,422,0,499,345,499
1268713461,3951838366,10,448,76,475,438,399
917915538,163548407,131,367,0,499,236,499
1243394602,3773730813,19,480,20,479,461,459
941678582,207196218,201,301,170,335,100,165
835890295,70226454,73,425,0,499,352,499
1262497998,3908168476,28,499,90,396,471,306
1299728687,4143441903,18,441,98,452,423,354
975957631,274820849,0,499,62,436,499,374
1295959966,4128274489,125,365,121,387,240,266
1324179755,4232373569,75,437,27,463,362,436
1007791035,435137935,100,399,50,449,299,399
1282557672,4057546941,47,362,163,355,315,192
1158643860,2702162075,43,386,68,449,343,381
1225674770,3585735563,63,436,0,499,373,499
1163006749,2761298959,40,480,52,444,440,392
1280262512,4044463303,66,439,70,432,373,362
1245645214,3793573635,19,480,47,317,461,270
1287776680,4077785111,0,499,82,417,499,335
1288107741,4079556531,68,464,18,479,396,461
1309595184,4180201398,0,499,0,499,499,499
1287906029,4079552515,0,499,0,499,499,499
1279755215,4041456034,157,345,16,484,188,468
1313090897,4195888831,0,499,62,436,499,374
1176504157,2958500207,6,492,92,399,486,307
966435219,252890323,4,496,83,415,492,332
869568875,113236060,196,302,175,324,106,149
1231019993,3638180639,89,409,0,499,320,499
1313436267,4197676001,29,484,84,426,455,342
1093588239,1607942862,162,337,184,315,175,131
1324161614,4236042986,0,499,0,498,499,498
874538378,102313910,71,427,11,499,356,488
1008947221,439650140,73,425,0,499,352,499
1276285052,4012659758,0,499,0,499,499,499
1249404328,3817963552,0,499,83,415,499,332
1273136948,3993154504,39,461,137,356,422,219
910945411,155204136,86,413,0,499,327,499
1130968768,2051950512,11,461,10,464,450,454
1108538898,1877292053,165,334,179,321,169,142
1305893269,4159973126,0,499,62,436,499,374
1316959488,4204438791,85,428,87,400,343,313
1311157820,4184453534,69,429,3,489,360,486
949321021,212253872,2,477,29,377,475,348
1249534159,3819978665,226,299,265,491,73,226
1136544100,2332095806,74,425,143,362,351,219
1307869306,4173007596,175,315,89,421,140,332
761147542,61293661,22,477,28,471,455,443
1295956521,4127725475,64,458,64,436,394,372
1239355445,3737241868,0,499,0,499,499,499
1178293524,2983942349,188,343,160,361,155,201
912480162,156601068,0,499,62,436,499,374
1245436843,3792430666,109,389,0,499,280,499
1287855489,4079437723,0,499,0,499,499,499
935223088,194202926,62,436,0,499,374,499
1104292490,1829784092,197,306,92,396,109,304
1278770107,4037079778,23,480,30,467,457,437
1172791695,2920940624,19,471,47,469,452,422
1282290378,4056000851,134,366,20,479,232,459
639793130,53851785,193,305,170,329,112,159
1304040104,4160811589,62,420,175,366,358,191
1289984050,4090784189,144,358,158,378,214,220
1235623524,3694498499,62,436,0,499,374,499
1148101063,2536263254,19,482,103,373,463,270
972434132,265392860,71,428,0,499,357,499
1274765276,1545819826,74,425,0,499,351,499
1273423517,3992639931,53,451,70,447,398,377
933534954,110948362,200,299,179,319,99,140
1320657974,4224638812,0,499,0,499,499,499
1314877125,4186841167,43,456,106,421,413,315
1290513045,4094110081,84,414,4,469,330,465
1313443755,4197677385,0,499,109,499,499,390
1291289856,4101477044,139,357,88,430,218,342
1011825772,455495012,75,424,96,398,349,302
1026367857,562801616,0,499,52,447,499,395
1281977409,4050744945,0,499,0,499,499,499
1043841391,853456143,41,456,51,448,415,397
1020448277,523836466,149,349,0,499,200,499
1323442174,4231849756,0,499,0,499,499,499
1027758256,575938257,173,326,100,400,153,300
1031312952,611168291,0,499,109,389,499,280
1249587112,3820236764,74,428,140,364,354,224
854032859,85263936,199,302,176,324,103,148
861271541,7080763,73,426,0,499,353,499
933251525,190104050,74,425,0,499,351,499
1032903561,636898112,155,342,90,413,187,323
1277061256,4014146457,2,499,56,499,497,443
1245645351,3793573835,19,480,47,317,461,270
1216731772,3484565275,0,499,0,499,499,499
1252286154,3843238131,0,499,0,499,499,499
1275029595,4003905644,162,371,160,419,209,259
1250268132,3831364111,0,499,62,436,499,374
1275718827,4006540445,0,499,0,497,499,497
995098579,303051094,28,464,88,460,436,372
1256270533,3873642718,0,499,0,499,499,499
1250251530,3831234702,145,413,150,345,268,195
1007618999,435123847,100,399,45,453,299,408
917735670,163314083,138,360,95,404,222,309
1266180412,3935904427,0,499,0,499,499,499
1258646640,3883456134,0,499,100,499,499,399
1244319967,3782687517,87,446,44,411,359,367
1158121271,2695198164,0,499,79,499,499,420
1260289690,3894930604,33,453,41,455,420,414
1260611959,3894565255,16,479,10,484,463,474
1209010822,3366438850,15,484,70,450,469,380
1285844278,4017670868,24,499,0,499,475,499
866382420,85628952,185,314,150,349,129,199
1230498706,3638923832,70,416,63,438,346,375
941620816,207151532,154,346,189,298,192,109
1028352483,583543815,88,407,144,397,319,253
1152292411,2092688878,77,432,50,499,355,449
1295991387,4127730149,19,480,27,483,461,456
1174589302,2940639461,4,496,75,481,492,406
1285875073,4017685304,0,499,0,495,499,495
1107916265,1869938509,110,389,63,448,279,385
1275517383,4006491395,65,443,116,379,378,263
1286529747,4075337506,87,413,4,255,326,251
1115642357,1948803639,0,499,0,499,499,499
1280129466,4042486779,38,446,75,441,408,366
1270184413,3969253364,0,499,0,499,499,499
1301529056,4150996707,22,499,9,498,477,489
879895915,125106650,159,329,158,347,170,189
1086382950,1129076711,73,426,0,499,353,499
1069230334,1229426971,59,441,0,499,382,499
1277615218,4023550131,195,404,108,427,209,319
1316197217,4200877274,32,473,118,368,441,250
1316216370,4200878001,10,484,31,463,474,432
948125087,210748215,137,361,100,399,224,299
949385572,212341939,178,322,137,334,144,197
949770382,212762576,17,479,116,385,462,269
874993111,120873527,80,418,10,489,338,479
1178128537,2981088268,228,271,21,470,43,449
1029551389,592165968,68,430,0,499,362,499
1267258799,3942393178,0,499,68,431,499,363
1006440322,412897747,142,355,224,357,213,133
1252568480,3850132464,84,442,82,451,358,369
893896473,141750978,0,499,11,488,499,477
1087683222,1374045770,0,499,84,415,499,331
1094905078,1630592213,25,464,57,467,439,410
1033633926,657327321,49,450,179,364,401,185
834250049,66683370,0,499,62,436,499,374
1282296493,4056002648,147,352,24,472,205,448
1324188362,4236297215,93,414,5,498,321,493
1029511468,591830008,77,418,20,458,341,438
1202817695,3262901118,62,436,0,499,374,499
1218255690,3507957927,124,375,13,485,251,472
1316177923,4208886861,0,499,0,499,499,499
1270338285,3971351535,0,499,71,438,499,367
1012295074,425196812,91,403,93,407,312,314
1292122695,4106615830,0,499,91,408,499,317
1239819929,2487836629,100,399,50,449,299,399
1146088286,2033310458,0,499,62,436,499,374
1233250956,3672582533,0,499,130,368,499,238
1069376709,1242479037,0,499,109,390,499,281
1147306647,2530425514,30,470,30,463,440,433
1249533266,3819977568,9,484,96,443,475,347
1115542854,1941534897,52,441,58,402,389,344
1289820341,4087681146,0,499,0,499,499,499
864699371,50801062,84,415,0,499,331,499
1316250996,4209046983,69,431,13,464,362,451
1105044916,1846470777,94,399,53,435,305,382
1079156211,1414869583,68,431,133,374,363,241
1295220606,4125633494,139,362,66,441,223,375
1247578577,3811526992,0,499,0,499,499,499
1273883956,3995552240,0,438,46,497,438,451
1057986577,1083785724,0,499,238,260,499,22
1273270715,3992600930,15,469,59,468,454,409
1211887725,3312222612,55,471,161,312,416,151
1308397043,4152138075,72,375,109,427,303,318
1289173318,4086068535,0,499,0,499,499,499
1302526472,4155420619,228,280,32,473,52,441
1293337271,4104725961,24,472,134,380,448,246
1256505038,3874388587,100,393,17,499,293,482
1100063537,1711728535,180,319,153,346,139,193
1158278473,2697490363,137,361,100,387,224,287
938714725,183250717,168,333,14,489,165,475
1209717294,3382587126,39,472,100,433,433,333
250487474,5625352,145,354,100,399,209,299
1272954851,3992099316,0,499,0,499,499,499
1320091165,4215357296,22,468,91,420,446,329
1123353754,2051974382,33,450,44,480,417,436
1243659328,3775275213,0,499,62,436,499,374
1289027580,4085382110,62,436,0,499,374,499
1257221355,3879888138,0,499,0,499,499,499
1257859278,3883201245,74,425,82,439,351,357
1051564461,470301170,68,431,0,499,363,499
1225855058,3589922097,0,499,62,436,499,374
1077880003,1379211564,26,456,44,467,430,423
1263885925,3921317487,125,378,10,499,253,489
865183070,8658829,0,499,26,473,499,447
1162770845,2756082795,45,453,0,499,408,499
1299295431,4141676130,118,381,46,454,263,408
1089468217,1553189713,7,443,129,368,436,239
1142223356,2429057320,0,499,62,436,499,374
1234768169,3690228607,74,423,34,453,349,419
1117989641,1978504847,72,374,236,338,302,102
1268254833,3807289140,26,472,118,385,446,267
908161315,152706158,130,369,77,421,239,344
1161380244,2737658965,110,389,145,354,279,209
1090788159,1560528731,153,345,150,348,192,198
1276026978,4010224469,144,359,53,478,215,425
1244326230,3782771551,0,499,126,436,499,310
892897063,140764079,87,416,0,499,329,499
1027383122,298825016,65,441,50,448,376,398
964146864,246026682,195,292,195,306,97,111
1121420028,2035478887,145,334,28,402,189,374
1284209428,4058897184,0,499,0,499,499,499
1070213665,1255913065,38,499,211,288,461,77
1265216049,3929900594,71,458,33,446,387,413
1179860953,2977176663,120,379,68,430,259,362
1237244381,3715837531,44,455,86,449,411,363
865640105,108089107,0,499,63,435,499,372
1112118978,1920559200,110,389,52,446,279,394
1252637756,3850386818,0,499,83,414,499,331
907643652,85785023,165,334,129,370,169,241
1273290744,3992554693,25,478,49,472,453,423
1127090159,2115720887,101,399,27,472,298,445
941874086,207639272,168,367,93,373,199,280
958199570,227121131,0,499,84,414,499,330
1217172831,3490667157,0,499,202,257,499,55
1283837642,4061617977,35,471,96,423,436,327
1260332737,3893242774,41,439,89,423,398,334
1276059214,4010225368,50,451,75,441,401,366
931907400,2064570,210,289,200,304,79,104
1235599018,3696123780,62,436,0,499,374,499
978906193,280635719,108,398,4,471,290,467
1250256485,3831236101,30,472,143,401,442,258
1115171806,1940498401,125,374,62,436,249,374
1252961463,3854282649,51,468,51,456,417,405
1271995062,3986433071,18,472,51,458,454,407
1154825416,2627682770,62,436,0,499,374,499
1240225361,3745003058,7,499,22,491,492,469
1278211018,4030672547,36,494,128,371,458,243
1108472170,1877085786,62,436,0,499,374,499
1056245565,1029724643,67,431,0,499,364,499
987443624,294322547,180,306,63,453,126,390
1249534087,3819978142,44,460,78,442,416,364
1176760096,2961353908,57,442,0,499,385,499
1249586752,3820236353,78,419,111,404,341,293
1292923014,4113743067,0,499,0,499,499,499
1318552846,4217948247,0,499,0,499,499,499
995711028,142223004,88,417,11,493,329,482
1251233463,3838163502,11,481,4,490,470,486
856950844,90752598,0,499,62,436,499,374
845250839,73973157,70,428,0,499,358,499
1111894809,1916253643,0,499,83,415,499,332
1273509540,3992742531,0,499,0,499,499,499
982176365,285826652,0,499,62,436,499,374
1109479438,1889794198,33,468,103,402,435,299
1082868178,304025928,156,343,100,399,187,299
880274141,125353259,61,438,61,438,377,377
1116377497,1960305602,180,304,79,429,124,350
1165726126,2806659882,1,499,63,438,498,375
846406291,75716700,77,425,0,494,348,494
1225887229,3064144312,141,374,125,364,233,239
1070846608,1279083181,144,354,100,399,210,299
1283678331,4061597705,11,464,79,483,453,404
1270169647,3969468344,91,458,89,433,367,344
851037136,82595270,139,367,167,339,228,172
1257385031,3881218421,0,499,0,499,499,499
1269777664,3962605717,0,499,0,499,499,499
1254956689,3866916623,85,397,29,472,312,443
1253336191,3856414984,77,416,203,283,339,80
1275523048,4006491619,81,434,29,474,353,445
975676334,127960791,197,301,180,319,104,139
1268011648,3608437421,103,396,0,499,293,499
1102685701,1805402451,73,426,0,495,353,495
1235187928,3692460679,33,473,61,460,440,399
1306866921,4167093934,0,499,0,499,499,499
1309329903,4180375695,17,482,84,420,465,336
1284219117,4058900674,0,499,0,499,499,499
1154342789,2634468110,229,270,2,453,41,451
1005839547,418204485,219,278,12,497,59,485
875786493,121589733,95,402,0,499,307,499
1309102592,4179633518,223,270,202,276,47,74
1026012740,558485613,26,468,92,410,442,318
958068619,226423538,4,495,10,489,491,479
1253219182,3854773175,45,455,52,452,410,400
863577416,81700075,0,499,7,493,499,486
1002978908,388567355,147,352,125,374,205,249
1062768798,1119414684,0,497,86,412,497,326
1162664381,2756187261,113,212,63,386,99,323
1027281371,570745661,65,434,0,499,369,499
1256969999,3876189013,0,499,0,499,499,499
1275834993,4009113517,147,350,111,428,203,317
1104915240,568525045,176,432,145,357,256,212
1053177920,1001351342,52,447,0,499,395,499
1294201788,4122558034,0,499,0,499,499,499
1144264385,2478803278,123,471,108,406,348,298
981831483,285238722,226,273,289,307,47,18
1127115556,2116391014,37,454,136,375,417,239
1311929427,4188989528,55,446,68,409,391,341
1313389158,4197515932,0,499,0,499,499,499
1307392457,4171236821,27,488,177,389,461,212
1310875094,4184608474,0,499,0,499,499,499
1321344480,4220974630,62,436,0,499,374,499
1236934989,3716121479,180,319,153,346,139,193
961584351,237844922,72,426,0,499,354,499
987632262,294459566,40,491,49,454,451,405
1257487076,3881469873,0,499,0,499,499,499
1067946983,1185965856,147,353,78,408,206,330
1170249391,2893694626,45,475,21,477,430,456
1007357522,416611852,83,415,0,499,332,499
1248846887,3817903088,33,483,107,380,450,273
311055945,46604557,62,437,0,499,375,499
1262878461,3910516415,0,499,29,469,499,440
1218471379,3511515745,165,295,190,262,130,72
1261380238,3898717113,0,499,176,499,499,323
987665902,294486562,114,426,129,460,312,331
1054424478,1043345395,200,299,179,320,99,141
1190250826,2041884726,0,499,104,436,499,332
1021543345,527189769,0,499,236,264,499,28
1278212381,4030674542,47,470,22,455,423,433
1149850992,2565819968,65,437,4,499,372,495
1223495990,3580785955,34,458,72,420,424,348
1301865067,4153662672,0,499,0,499,499,499
1257524685,3881701593,0,499,0,499,499,499
1325976203,4237481401,80,418,0,499,338,499
1142445353,142372515,16,484,31,473,468,442
1134196296,2274648461,62,436,0,499,374,499
1317224799,4211533176,0,499,0,499,499,499
1259016595,3887598768,48,452,76,455,404,379
1027034921,569787744,107,391,50,447,284,397
1261384236,3898717520,0,499,0,499,499,499
1155756781,2659537436,0,499,0,499,499,499
1245127183,3788931997,110,389,54,445,279,391
1131238995,2192686266,62,436,0,499,374,499
1227168104,3607251985,78,474,55,329,396,274
1306559393,3134899587,81,418,0,499,337,499
1315000806,4204286223,109,376,6,484,267,478
1301509988,4150991665,82,427,93,399,345,306
854517030,95841232,67,431,0,497,364,497
1318589354,4217949168,0,499,0,499,499,499
1043841077,853456106,160,361,36,437,201,401
1167720031,2844318755,8,488,49,425,480,376
1241281093,3755060705,62,436,0,499,374,499
1299662871,4143344573,0,499,0,499,499,499
1095856555,1639893779,54,444,56,443,390,387
1068227380,1190698117,147,351,100,399,204,299
1255999198,3872873384,0,499,0,499,499,499
1225681536,3584352900,0,499,125,373,499,248
1243660197,3775276381,0,499,148,436,499,288
1277938672,4027950528,68,432,15,482,364,467
1322834219,4231774754,0,499,0,499,499,499
1042183161,838247728,171,334,18,483,163,465
1295073815,4125282709,0,499,0,499,499,499
1117566074,1975325050,159,339,116,399,180,283
1287490292,4078699493,0,499,0,485,499,485
1317243604,4210986938,91,429,60,407,338,347
1100075339,1711736829,110,389,51,448,279,397
1283933432,180456733,65,449,45,416,384,371
1328572122,4250688764,6,497,10,499,491,489
1296405963,4130124989,0,499,0,499,499,499
1321059351,4221732998,133,370,184,327,237,143
1100081775,1711728927,180,319,153,346,139,193
1260065787,3889791472,0,499,62,436,499,374
1086682389,1513850505,0,499,62,436,499,374
845554205,59139936,0,499,63,436,499,373
1275596575,4006498242,154,356,145,368,202,223
779867800,62030720,135,364,135,359,229,224
1043840948,853456076,12,483,134,364,471,230
1119065286,1992239805,138,360,100,399,222,299
1262173391,3905724856,42,450,99,421,408,322
1168014923,2849849829,53,456,186,351,403,165
1313257464,4197501274,4,457,20,499,453,479
1131467486,2205290972,79,418,1,499,339,498
1168015007,2849849939,26,478,125,351,452,226
922580906,171527230,0,499,62,436,499,374
1275053882,4003837558,24,485,19,481,461,462
1044822390,863334870,25,480,176,342,455,166
1217285232,3490142965,0,499,71,427,499,356
1328324004,4250680803,10,455,136,414,445,278
1250914830,3836749203,39,394,78,422,355,344
1088683113,1541083690,0,499,62,436,499,374
1291293165,4101477448,59,410,21,499,351,478
903982002,148597056,103,390,105,381,287,276
1313415358,4197673244,199,341,153,345,142,192
987305741,294115400,0,499,71,427,499,356
1260343286,3893243249,124,409,62,346,285,284
1033849585,161174897,0,499,62,436,499,374
1275467565,4006485911,0,499,0,499,499,499
937787420,199005526,179,320,206,300,141,94
964677404,247575655,72,426,0,499,354,499
1145510703,2497384183,21,499,5,443,478,438
1196818128,3198846058,0,499,80,418,499,338
1157617720,2687494614,100,399,10,489,299,479
1283342879,4061257077,151,351,123,423,200,300
1104323804,1830614290,139,354,49,460,215,411
1273150933,3993168366,39,461,186,356,422,170
1242566081,3765118383,100,399,24,474,299,450
1254436790,3859878238,0,499,46,499,499,453
1197293399,3205647105,0,499,63,436,499,373
1287837997,4079436675,27,473,59,452,446,393
1273990787,3995366671,132,376,151,392,244,241
1103085073,1503965611,62,436,0,499,374,499
1290375519,4093213427,125,362,82,412,237,330
1177653032,2977765074,0,499,0,499,499,499
1156928339,2678811776,58,333,178,404,275,226
1252627429,3850328418,0,499,62,436,499,374
894695708,105295539,92,406,0,499,314,499
1027019467,569723465,103,396,50,449,293,399
1274392957,3999382478,40,470,19,453,430,434
1319802237,4215036768,39,412,197,290,373,93
1218176642,3506175408,7,496,181,319,489,138
874538407,102313516,70,427,0,499,357,499
1029511586,591829984,2,487,86,491,485,405
1316998768,4201017864,0,498,0,499,498,499
835825702,68559634,86,399,14,469,313,455
1263796045,3914734916,62,436,0,499,374,499
1301847413,4151009620,40,416,40,499,376,459
1225869084,3589475911,83,415,0,499,332,499
1237105605,3709954527,40,461,114,376,421,262
1311266814,4186548417,185,310,175,424,125,249
1297593109,4136203784,25,473,0,499,448,499
1012922435,138710360,59,439,0,499,380,499
1013347660,463995264,62,436,0,499,374,499
1287844396,4079437021,12,487,16,485,475,469
1008207339,436107963,161,337,126,373,176,247
1305767119,4166642865,106,388,51,463,282,412
895079444,119907282,75,423,0,499,348,499
1282023631,4050758346,127,370,143,352,243,209
1141830967,2442792513,9,493,147,358,484,211
1306176244,4164874963,102,397,0,492,295,492
1174586431,2940638709,174,307,216,307,133,91
1258588721,3883454851,80,417,29,468,337,439
1092119709,1563620695,71,428,118,380,357,262
1146568383,2520644177,62,436,0,499,374,499
1125024831,2087931269,0,499,63,436,499,373
1264040400,3923102575,0,499,0,499,499,499
1304180284,4160988386,106,388,51,463,282,412
1231533710,3648576005,0,499,65,434,499,369
1210094614,3379727675,93,406,18,481,313,463
1231797306,3654500409,175,334,65,459,159,394
1054485170,1035133835,94,417,9,474,323,465
1273984933,3995262764,0,499,0,499,499,499
1126860979,2108018416,0,499,0,499,499,499
1283845817,4061618182,0,499,0,499,499,499
1259611745,3889150140,39,460,11,460,421,449
970843887,260443616,28,459,170,399,431,229
995103679,303051727,107,376,61,399,269,338
973907972,269472811,83,417,12,490,334,478
1292480070,4108930126,25,481,70,429,456,359
1146392013,2482256318,9,490,82,413,481,331
1034339976,424235047,95,404,50,449,309,399
1263388468,3917074380,0,499,62,436,499,374
1218645474,3515313653,82,416,0,499,334,499
1144786750,2488881469,100,399,0,499,299,499
1027361794,570734039,107,391,50,449,284,399
1156511662,2668830898,0,499,109,389,499,280
1208659756,3360978757,20,482,17,486,462,469
1027292564,570694382,100,399,65,433,299,368
1285098091,4063761035,49,442,59,426,393,367
1240952791,3749912171,68,430,0,499,362,499
1226903975,3604821708,38,483,15,460,445,445
1027338527,570664793,104,394,50,449,290,399
1311212553,4186471693,0,499,0,499,499,499
1291293207,4101477550,10,465,15,491,455,476
1243381831,3773713919,55,446,20,479,391,459
1267903571,3944625731,169,325,98,432,156,334
1007627815,435043195,68,431,0,499,363,499
1311135199,4186128088,55,441,166,411,386,245
1299663668,86494199,57,441,0,499,384,499
1277885276,4023206682,55,441,53,478,386,425
877342817,122758290,120,379,76,422,259,346
1061549362,567640859,62,436,0,499,374,499
867017708,109722620,143,355,170,329,212,159
1284916270,4066225905,164,343,44,468,179,424
1164805190,2794961282,217,281,115,389,64,274
1019263311,516356082,0,499,0,499,499,499
1209716272,3382584809,206,301,69,471,95,402
1007737353,435113521,53,446,0,499,393,499
1320377052,4224249606,101,383,124,399,282,275
1310528295,4182503297,29,472,29,452,443,423
1174585855,2940638560,185,304,237,261,119,24
1313334626,4183089708,67,367,45,454,300,409
988840613,295963613,0,499,63,403,499,340
1311398413,4187115601,0,499,0,499,499,499
1007626437,435176367,100,399,66,433,299,367
1314017029,4201307074,0,499,0,499,499,499
1113061658,1926714945,26,481,51,447,455,396
1172390793,2918334469,0,499,62,436,499,374
933247794,190101705,59,440,0,499,381,499
1250160290,3830391465,62,436,77,450,374,373
1266825690,1166068230,120,379,0,499,259,499
987778469,294605686,24,477,58,429,453,371
1299833186,429835576,89,409,0,499,320,499
1283516437,4061479457,9,364,22,493,355,471
1250280479,3831684933,31,468,104,395,437,291
1146932261,2516872849,152,346,137,361,194,224
1309703900,4179733379,145,357,25,477,212,452
1169790234,2882914545,0,499,62,436,499,374
1204232198,3287254650,142,325,118,395,183,277
986927375,293306203,8,439,159,369,431,210
1310112100,4182218856,191,292,254,430,101,176
1014695771,473961635,122,377,84,415,255,331
921970077,170026024,16,449,183,316,433,133
1032039016,617871309,50,440,130,387,390,257
1285218113,4067804759,0,499,0,499,499,499
47515230,1409109,62,436,0,499,374,499
1251073346,3837506906,0,487,100,398,487,298
1060824850,86580676,127,372,50,449,245,399
875909027,104925688,65,433,0,499,368,499
1287496321,4076845742,80,437,68,424,357,356
1301352055,4150980517,42,470,29,400,428,371
949304430,212230365,0,499,115,383,499,268
1301430347,4060919086,0,499,80,499,499,419
1255191585,3868888328,0,499,0,499,499,499
1304109875,4160950280,106,388,51,463,282,412
1215447486,3470157226,106,399,66,434,293,368
1317468328,4211043950,0,499,62,436,499,374
1127716203,269099958,119,366,126,351,247,225
1317582394,4213256835,99,372,70,405,273,335
1136340772,2327728777,0,499,109,389,499,280
926059145,177943988,202,280,217,275,78,58
1268413615,3951004960,86,410,110,382,324,272
1048426466,937090752,63,436,0,499,373,499
1263759190,3921346453,179,322,9,440,143,431
1284162371,4063230558,0,499,0,499,499,499
1290598426,4095107115,37,470,92,413,433,321
1307880910,4173008698,0,499,0,499,499,499
1251349752,3841133609,0,499,25,473,499,448
1185806178,2724076386,181,328,190,316,147,126
1194565044,3160907882,45,453,150,373,408,223
1280709402,4046495447,15,483,148,413,468,265
1215444494,3470258853,0,499,48,499,499,451
1269018097,3954965332,0,499,62,436,499,374
1008146799,436075714,150,349,101,397,199,296
874730792,49132716,68,430,71,428,362,357
1283782558,4061612298,51,452,59,460,401,401
1307778068,4172824264,52,450,164,397,398,233
1324219156,4236298473,104,376,59,445,272,386
1140695831,2417993362,117,383,41,444,266,403
1287458646,4077203320,0,499,0,499,499,499
1083758837,1483662003,83,424,0,499,341,499
1088416968,1539032033,72,426,0,499,354,499
1158796628,2703667346,114,385,156,343,271,187
1288386241,4081499932,165,354,156,316,189,160
968770220,254956091,0,499,81,417,499,336
1217200557,3490959572,7,471,28,452,464,424
1263098517,2445072737,108,399,82,462,291,380
1094846761,1629867736,48,433,63,433,385,370
1155543826,2655401794,0,499,62,436,499,374
1180589162,2996195441,12,486,0,499,474,499
1301532557,4150996962,0,499,0,499,499,499
868616672,112268913,169,332,73,435,163,362
1136333240,2320223094,35,470,145,462,435,317
1222190255,3569191849,75,419,32,471,344,439
1247849119,3813570945,0,499,62,436,499,374
1123862371,2063606175,141,357,100,399,216,299
1148537621,2350051695,79,421,28,472,342,444
1316153345,4200874703,12,485,151,390,473,239
1251008857,3837274814,3,499,0,499,496,499
1126164555,2079427884,16,487,26,479,471,453
1239402695,3737631596,19,465,20,467,446,447
1053576136,1035045712,81,418,0,499,337,499
1233290628,1229306993,0,499,55,444,499,389
1258590626,3885517134,57,432,59,435,375,376
971334669,261765489,0,499,62,436,499,374
1278333580,4033032389,73,426,0,499,353,499
1192598630,3129995043,30,492,0,447,462,447
1190866591,3098368235,130,397,30,469,267,439
1308445129,4176405584,0,499,10,499,499,489
1010845141,449010556,86,413,8,490,327,482
1253963286,3859485104,20,477,86,411,457,325
1245967448,3795862211,0,499,89,436,499,347
987675991,294489147,157,315,56,417,158,361
1270731494,3973779824,145,356,100,359,211,259
1233610768,3681690634,47,470,43,462,423,419
1310377729,4182238874,35,469,30,457,434,427
1292394022,4108909179,0,387,145,369,387,224
986924278,293306668,14,487,66,434,473,368
914056174,124487437,189,309,156,342,120,186
1275051272,4004068144,25,485,29,470,460,441
1129796423,2171735123,10,489,70,429,479,359
1313604997,4183601061,39,476,137,246,437,109
1279291389,4037122377,26,453,63,465,427,402
1178273497,2983704790,0,499,237,261,499,24
1097466624,1671698548,113,382,114,385,269,271
1293174770,4116507046,29,481,34,461,452,427
1304041959,4160811984,46,452,192,332,406,140
1311097617,4181903330,0,499,0,499,499,499
1123921046,2065450153,10,489,30,469,479,439
1295960060,4128274503,178,321,70,429,143,359
1301510311,4150991708,81,410,66,465,329,399
986088139,291641264,68,431,0,499,363,499
1128413481,2144436915,143,357,122,380,214,258
1298455192,4139764883,101,337,51,401,236,350
1270166586,3969252644,0,499,0,499,499,499
1146384592,1879502598,41,458,1,499,417,498
979097954,280604619,79,420,3,495,341,492
1070626293,1262888640,32,470,79,421,438,342
1296387847,4130472278,108,392,109,388,284,279
1023905887,538829710,101,426,130,362,325,232
920235830,121910031,151,347,100,399,196,299
1055275220,1056630428,100,429,169,338,329,169
959377436,10752354,80,420,0,499,340,499
1186394509,3028261982,92,369,148,334,277,186
1026674675,567661016,68,431,0,499,363,499
1307380766,4171236438,0,499,1,498,499,497
1144454950,2482250725,83,404,206,479,321,273
872476727,117490270,0,499,24,475,499,451
1174584483,2940638367,0,499,0,499,499,499
1134407864,2277402757,62,436,0,499,374,499
1275550824,4006692759,0,499,0,499,499,499
1262733327,3910821652,12,485,31,481,473,450
1191053043,3101167176,97,403,112,435,306,323
1100075278,1711731834,70,429,145,354,359,209
1267267303,3938194847,109,389,0,499,280,499
1298196577,4138878956,100,399,100,399,299,299
1276431739,4013272826,52,469,28,473,417,445
1305128689,4164670334,106,388,51,463,282,412
1319946803,4215265787,73,394,41,453,321,412
949386929,212343237,157,330,139,358,173,219
1110944376,1907325887,62,436,0,499,374,499
925589529,177177846,0,499,109,389,499,280
1265475249,3931414317,0,498,13,499,498,486
1314097287,4186148076,120,372,140,360,252,220
1298908410,4139509457,0,499,0,499,499,499
1263892200,3921318457,125,378,10,499,253,489
1261430659,3898729886,0,499,0,499,499,499
964813519,245764565,117,381,65,434,264,369
1261708398,3900594973,42,458,111,476,416,365
1291956193,4102661856,153,346,120,378,193,258
1192302373,3125903466,74,423,64,440,349,376
1328674485,4250699025,67,442,130,405,375,275
1298357412,4111868972,52,467,83,431,415,348
1274382915,476568317,100,399,0,499,299,499
1167727992,2844677811,145,356,78,426,211,348
1174592581,2940640349,31,453,53,472,422,419
930175366,184112766,203,295,192,306,92,114
973606611,269653436,7,495,90,412,488,322
1311619867,4188742332,1,497,0,499,496,499
1241422308,3756670666,185,314,164,334,129,170
1308737060,4177822406,54,439,55,437,385,382
858966086,93797831,70,430,0,499,360,499
1255245015,3868410838,205,269,181,274,64,93
1307824348,4172809253,0,499,0,499,499,499
1244806584,3782141182,62,436,0,499,374,499
1140134185,2397738338,0,499,62,436,499,374
448528830,50266880,135,364,75,424,229,349
1061587299,511837052,51,448,206,291,397,85
1218676838,3515718004,0,499,62,436,499,374
1313241065,4197497931,75,445,50,459,370,409
1027054577,569732091,100,399,59,439,299,380
1181443710,3002933924,1,499,38,461,498,423
1223576065,3582299512,22,417,155,324,395,169
1301023629,4105632589,97,411,133,373,314,240
1027757860,575938355,184,315,76,486,131,410
1252627842,3850328624,0,499,62,436,499,374
1277606926,4023549445,22,425,28,475,403,447
874729296,82255886,71,427,18,499,356,481
1246379557,3798822390,26,489,95,393,463,298
1292413789,4108910622,90,397,150,362,307,212
922170738,170808109,216,257,382,390,41,8
1040466763,813498101,0,499,0,499,499,499
1275976679,4010220297,60,446,37,416,386,379
1252597983,3850029046,94,458,54,430,364,376
1258319753,3883969094,0,499,98,499,499,401
1275072293,4003840509,80,417,88,436,337,348
1201850430,3249437041,113,385,4,495,272,491
1140659569,2417176840,30,370,141,339,340,198
1257676040,3881724410,51,457,16,402,406,386
1260356452,3893244256,44,451,140,447,407,307
1178126582,2981065249,60,441,40,487,381,447
1269512883,3959938837,56,455,87,400,399,313
1248862101,3817906351,57,441,0,498,384,498
975712694,274276928,0,499,62,436,499,374
1096544763,1655768658,49,449,0,499,400,499
1287913532,4079553169,0,499,0,499,499,499
1190245263,1901640849,20,479,87,409,459,322
998334542,334563105,16,476,173,348,460,175
977635849,278513389,84,413,73,499,329,426
1261376313,3898716825,0,499,0,499,499,499
1038996251,770115057,62,436,0,499,374,499
1123232843,2047054541,62,436,0,499,374,499
1279037076,4037575610,0,499,0,499,499,499
1177151781,2970593749,8,499,114,364,491,250
1174593192,2940640435,17,482,53,445,465,392
1070158331,1264578712,129,368,90,409,239,319
1148367631,1859465433,84,415,0,499,331,499
1324082183,4236041901,18,483,63,450,465,387
1123829641,2063144829,155,265,204,306,110,102
1246375219,3798821355,57,444,226,273,387,47
1240109737,3743370343,117,381,65,434,264,369
928138195,177613181,139,362,61,420,223,359
1053579955,1035082982,80,418,0,499,338,499
999651682,67264781,190,309,164,334,119,170
1167373572,2833659449,2,498,130,363,496,233
1205763093,3091280021,50,449,0,499,399,499
1243659991,3775275636,0,499,134,436,499,302
1248831730,3817888114,9,492,0,499,483,499
1145856976,2499617753,0,499,109,389,499,280
1034221114,674283257,50,449,117,382,399,265
1242371324,457262834,97,402,0,499,305,499
1251410959,3842602813,0,499,0,499,499,499
1238796598,3729898890,62,436,0,499,374,499
1284013226,4063345821,24,468,38,462,444,424
1252553113,3850010502,0,499,0,458,499,458
949370454,212091274,0,499,76,423,499,347
933428144,188176454,76,422,12,486,346,474
1190252570,2832752195,180,319,98,417,139,319
1133914004,2268724917,72,441,52,480,369,428
1304174779,4160987507,106,388,51,463,282,412
872582199,117717496,0,499,62,436,499,374
1102910727,1810701779,109,389,0,499,280,499
1095511364,1632416973,62,436,0,499,374,499
1078868384,1410624400,232,284,7,497,52,490
1283897863,4061625567,0,499,161,499,499,338
937295363,197557856,89,402,82,414,313,332
1198898760,590611156,157,342,100,399,185,299
1154987461,2646579417,0,486,84,426,486,342
1328445910,4250685981,97,418,69,414,321,345
1047990106,935034048,144,290,182,385,146,203
1301645955,4151001594,0,471,45,468,471,423
1220208885,3541009443,0,499,0,499,499,499
1317894671,4215692359,7,492,29,377,485,348
1217048621,3488884968,146,353,27,476,207,449
1146542216,2483599922,0,499,62,436,499,374
1153316519,2609388274,40,454,12,480,414,468
1196273233,3184514940,61,440,14,475,379,461
1122706441,67402799,99,399,0,499,300,499
860384185,6888889,88,410,0,499,322,499
1256583006,3873072608,0,499,62,436,499,374
1295617299,4126635150,63,435,0,499,372,499
1248328108,3814340016,226,271,32,70,45,38
941676704,207258055,110,379,187,321,269,134
1290594493,4095099657,20,482,38,474,462,436
1257838950,3883190022,73,425,78,437,352,359
1193067614,3136069698,125,373,0,499,248,499
901535218,145700048,102,396,0,499,294,499
144675230,4420809,69,430,103,395,361,292
24844230,873288,75,424,0,499,349,499
1091922200,1573361694,0,499,69,429,499,360
1100077966,1711729908,180,319,153,346,139,193
1217026616,3488486130,110,389,50,448,279,398
1295220629,4125633504,145,328,23,481,183,458
1279174969,4037098675,45,456,47,458,411,411
1257641014,3881990133,35,477,36,469,442,433
1026882811,569710126,110,389,50,449,279,399
1317271893,4210988712,0,499,0,471,499,471
1192764246,3132963813,0,499,62,436,499,374
1015146500,478290422,96,402,0,499,306,499
1112118840,1920559181,110,389,52,446,279,394
1308320179,4151879644,89,479,34,410,390,376
1193039290,3136650864,183,407,34,449,224,415
1008077681,435922835,100,399,56,442,299,386
1090526254,1557725254,21,494,79,416,473,337
1030697551,602358903,98,401,27,484,303,457
1249535815,3819983673,60,439,57,441,379,384
1282005395,4050752987,0,499,0,499,499,499
949380961,212334999,100,399,67,431,299,364
1116796902,1965404694,105,405,83,386,300,303
1287487147,4078699238,0,499,0,499,499,499
1282014179,4053879494,0,499,0,499,499,499
858511152,92939587,92,430,0,499,338,499
965248635,250026668,127,376,113,375,249,262
1237277234,3716305723,72,452,113,418,380,305
1213405903,3445890906,0,499,62,436,499,374
1190251225,2192183075,0,499,67,432,499,365
1261173216,3898707798,11,482,171,329,471,158
1208249323,3353598925,73,426,0,499,353,499
1225702946,3591613228,81,421,23,482,340,459
1294221631,4122562512,0,499,0,499,499,499
1150513391,2576694502,62,436,0,499,374,499
1015521371,484961878,32,468,107,388,436,281
1189476082,3079362408,179,339,132,348,160,216
1086920314,861189817,144,354,100,399,210,299
848287474,60453905,150,349,107,391,199,284
1005843582,418202525,172,327,1,491,155,490
1270843131,3212864622,100,399,6,492,299,486
987678042,294488964,89,410,6,494,321,488
1246384609,3798823877,108,390,1,499,282,498
1250919822,3836828154,0,499,0,499,499,499
1026825637,569604522,50,449,119,380,399,261
1206168468,3320653720,103,435,143,457,332,314
1112916688,1908056205,133,367,88,408,234,320
1066929969,1173353300,20,470,19,479,450,460
1257864743,3883202485,70,433,61,413,363,352
1328688053,4250700425,83,429,32,488,346,456
847393218,76828814,0,336,62,436,336,374
1248855933,3817905023,100,399,58,441,299,383
1254676978,3863644229,29,475,226,390,446,164
1296067656,4129497346,28,477,20,479,449,459
1321456981,4227438431,0,499,0,499,499,499
1324033083,4235889516,14,489,136,344,475,208
1260264697,3893191813,24,499,252,499,475,247
1278882098,4037667237,76,452,47,434,376,387
1178439322,2979139378,50,425,38,463,375,425
1304063221,4160930667,106,388,51,463,282,412
1088579279,1528554108,62,436,0,499,374,499
940533084,138763921,64,442,126,381,378,255
1061311436,278405328,144,353,100,399,209,299
1163884249,2774572952,179,319,150,349,140,199
1278967749,1494314334,47,475,53,445,428,392
1244840804,3786894506,0,499,109,389,499,280
1013120699,464327116,73,426,0,499,353,499
1257694581,3881724927,23,459,31,471,436,440
1215383911,3470116107,21,466,17,499,445,482
1316968582,4209326987,62,436,0,499,374,499
1267987583,3161331268,24,383,152,343,359,191
1291979816,4105521996,0,487,0,499,487,499
1253676857,3858376389,0,488,76,499,488,423
894313595,141619231,94,404,0,499,310,499
205951830,6110870,78,420,0,499,342,499
939470775,202405212,76,422,0,499,346,499
1192765669,3132962926,0,499,62,436,499,374
901402609,75473857,118,381,50,449,263,399
1267244596,3942383322,89,410,11,420,321,409
1131608533,2208466790,122,377,3,496,255,493
868264229,111686164,69,430,0,499,361,499
1163870341,2757670584,130,367,11,479,237,468
1136835358,2335320366,42,120,102,268,78,166
1257862113,3883240691,0,499,0,499,499,499
1009267310,440566975,160,339,115,384,179,269
1280796946,4046374125,0,499,83,415,499,332
1289470330,4086131966,0,499,0,499,499,499
1251592694,3844081424,72,426,131,379,354,248
1254482925,3861779465,135,461,160,365,326,205
1266791713,3939953251,53,462,23,471,409,448
1320555496,4224633322,78,394,152,422,316,270
1071718641,1290355986,88,410,0,499,322,499
1239680177,3738788485,177,321,150,349,144,199
1201833099,3249406242,0,499,0,499,499,499
968666740,254520584,25,471,72,426,446,354
1316113523,4200870804,28,461,44,422,433,378
1313424815,4197675042,4,487,0,485,483,485
872838216,118240161,0,499,106,392,499,286
988534815,295705061,238,238,219,220,500,1
998482861,334574977,97,409,12,492,312,480
1117497885,1974798899,69,430,0,499,361,499
1193636097,3148097114,50,443,202,306,393,104
1156971811,2679537643,193,297,124,441,104,317
989098207,296205542,96,402,0,499,306,499
1257066378,3877875803,0,499,0,499,499,499
1259328684,3887628779,130,408,136,409,278,273
1234812007,3683745228,0,499,163,335,499,172
1205432615,3303167847,112,387,33,468,275,435
892982047,140386643,50,449,111,387,399,276
1311278559,4186106940,69,430,0,499,361,499
1257061716,3877766417,0,499,0,499,499,499
1135416087,2301195870,0,499,0,498,499,498
875018533,116492148,83,415,0,499,332,499
1166086059,2809931553,0,499,62,436,499,374
1000819369,543823513,0,499,0,499,499,499
1248834760,3817892731,9,492,0,499,483,499
1314729901,4186609447,52,435,40,451,383,411
1321828741,4229449695,0,499,0,499,499,499
1283803628,4061614889,0,499,0,499,499,499
874536992,108534708,75,408,169,330,333,161
1241313528,3755611316,114,381,101,353,267,252
1215208669,3469562730,154,343,6,482,189,476
1252627180,3850328335,0,499,154,436,499,282
1259382426,3887635401,36,453,43,471,417,428
1307766611,4172823357,0,499,0,499,499,499
1276348807,4012248858,141,367,0,461,226,461
933246062,190104276,54,443,4,494,389,490
1201834864,3249407148,71,432,17,490,361,473
1318317342,1951685670,0,499,0,499,499,499
1061548377,146545745,131,366,144,372,235,228
1301011354,4150114270,125,374,125,374,249,249
1264923226,3928233839,10,493,226,279,483,53
1313564817,4183492584,21,480,122,409,459,287
1255757869,3871050149,0,499,0,499,499,499
1042967719,844726787,0,499,62,436,499,374
1312878130,4195573976,46,465,82,462,419,380
1323194976,4231841292,15,471,59,468,456,409
1316233123,4200879694,6,493,27,471,487,444
862578472,102935240,0,499,71,427,499,356
1257153024,3879365684,110,395,60,453,285,393
1191905364,3118126900,102,403,36,470,301,434
1044160814,853329532,100,398,12,486,298,474
1275736140,4008259979,110,457,185,317,347,132
1111834601,1915837273,106,431,15,425,325,410
1188538945,3067204230,130,369,130,369,239,239
1208789014,483043719,192,306,150,346,114,196
1305339312,4165065664,32,479,52,381,447,329
1292026257,3472027207,151,346,30,445,195,415
1034311861,674858762,107,383,170,329,276,159
1294214642,4122561635,39,470,20,478,431,458
1268998143,3955086615,0,499,104,394,499,290
1169449846,2875392163,0,499,62,436,499,374
1215027656,3465730580,109,389,0,499,280,499
1297536596,4110808419,44,467,49,461,423,412
1141993958,2444200723,61,438,0,499,377,499
1255299322,3864295694,0,499,62,436,499,374
1037408645,729825884,10,488,183,335,478,152
1204210536,3287150720,128,368,19,493,240,474
1315449509,4205925216,0,499,0,498,499,498
1306548489,4167077702,106,388,51,463,282,412
1268418755,3951005678,62,437,46,445,375,399
1265867156,3935345889,0,499,0,499,499,499
1027283435,570634624,120,379,50,449,259,399
1323632701,4234444806,73,426,3,497,353,494
885715631,131496943,149,377,90,413,228,323
296012169,15592410,0,499,0,498,499,498
1265205514,3929890014,25,480,160,376,455,216
1268096134,3945138318,0,499,62,436,499,374
1243411032,3773720768,31,469,30,468,438,438
939138884,201727446,50,449,84,415,399,331
1305085314,4164663308,106,388,51,463,282,412
1048716043,944550827,62,436,0,499,374,499
1323991832,4235886224,0,499,0,499,499,499
1263994302,3916843012,62,436,0,499,374,499
1273305278,3992557593,0,499,0,499,499,499
1277656124,4023002904,0,499,0,499,499,499
1034712881,59181311,0,499,62,436,499,374
1272101693,3986440248,0,499,0,499,499,499
1276435916,4013273793,70,435,71,435,365,364
1261421777,3898726975,63,436,48,446,373,398
1004007316,401111653,73,425,0,499,352,499
1269835702,3962804364,135,371,183,294,236,111
1002972323,388575394,0,499,203,273,499,70
910921429,155094908,78,420,100,399,342,299
1169166982,2872085456,0,499,63,436,499,373
1174592493,2940640331,0,466,36,457,466,421
1261203301,3897326790,62,436,0,499,374,499
947239430,209423751,159,339,154,353,180,199
1190253735,1876684333,28,483,71,421,455,350
1301844527,4151009585,37,462,108,391,425,283
1274644317,141681495,72,427,0,499,355,499
970955369,261003898,72,426,0,499,354,499
1269383262,3957784081,44,465,71,483,421,412
971423852,262158823,0,499,237,259,499,22
1258226293,3884336217,201,296,180,319,95,139
1247849652,3813571362,0,499,123,436,499,313
1303634037,4159071495,106,388,51,463,282,412
1311661551,4189020351,96,409,159,367,313,208
986106230,291935612,168,281,214,334,113,120
1128553808,278512690,179,334,174,386,155,212
892556185,139367078,62,437,0,499,375,499
1275711942,4006539328,0,440,16,499,440,483
1182182816,3005787761,0,499,84,414,499,330
1308788791,4177815777,0,499,0,499,499,499
1250746400,3833151776,0,428,62,436,428,374
1038963460,779280955,126,410,122,392,284,270
1055254294,1056227959,156,343,100,399,187,299
1061581357,567640847,174,329,258,409,155,151
1246057545,3796901017,119,397,147,361,278,214
1167669183,2843131477,23,429,180,348,406,168
1301521824,4150996016,11,376,17,459,365,442
1037417986,729934949,0,499,62,436,499,374
1242313377,3041426947,139,363,24,499,224,475
1243404943,3773718292,19,480,98,395,461,297
1226405799,3591581824,0,499,142,436,499,294
1075722379,1326851381,88,411,0,499,323,499
1111830517,1915808346,0,499,78,420,499,342
1199838830,3236835985,0,499,83,415,499,332
964713679,247685702,103,427,104,398,324,294
863504739,104246498,0,499,110,388,499,278
1245382264,3792053452,73,426,0,499,353,499
1120299276,2012220527,150,369,79,452,219,373
895941954,122897963,58,441,0,499,383,499
1211830189,3410713547,153,321,35,463,168,428
947459913,209824652,210,289,229,335,79,106
1312336848,4193998864,43,464,82,422,421,340
871827417,116816839,94,405,27,471,311,444
1075646594,1351611126,159,340,72,423,181,351
830744999,63183828,62,437,0,499,375,499
1288096513,4079980289,127,409,86,411,282,325
1196632068,3195328100,34,443,36,464,409,428
1060885971,1082477630,119,380,50,449,261,399
1066956830,1159793799,0,499,0,499,499,499
1265209527,3929890130,0,499,0,499,499,499
1304182037,4160988581,106,388,51,463,282,412
1026007128,558486087,30,468,92,406,438,314
982252186,286004142,188,345,184,323,157,139
1119405909,1998118664,160,322,123,392,162,269
966038326,250716854,71,428,0,499,357,499
1098201010,61832333,0,499,62,436,499,374
1306766144,4169056394,146,350,94,409,204,315
1239940241,3742550987,9,481,15,486,472,471
1091769150,130045767,62,436,0,499,374,499
1215031458,3465837958,0,499,83,415,499,332
1295567334,4126961700,18,456,72,427,438,355
1289035681,4085962101,97,381,108,378,284,270
1273195785,3992410033,75,419,97,429,344,332
1198887597,278528382,153,346,104,399,193,295
1324197060,4236297779,73,410,24,476,337,452
915097598,159603815,248,262,0,499,14,499
1257151870,3879365411,0,499,0,499,499,499
980018199,181669356,21,474,0,499,453,499
1241943521,3761239179,67,432,0,499,365,499
1273210212,3992412375,75,443,63,460,368,397
1282540131,4057635218,71,428,0,447,357,447
1162691449,1326482135,156,342,100,399,186,299
1047113690,875542395,0,499,109,389,499,280
1276953923,4017736533,69,426,49,435,357,386
1041367413,825402307,72,427,0,499,355,499
1282776761,4058945450,82,418,94,455,336,361
1276014004,4010222834,92,457,175,310,365,135
1192170641,3122844294,68,432,22,488,364,466
1146398737,938512235,15,459,50,456,444,406
977198732,277611418,91,404,93,407,313,314
1179777088,2993315188,79,418,120,358,339,238
1324085496,4233702453,58,458,168,361,400,193
1242329639,1236159441,91,407,0,499,316,499
1215225380,3469578125,77,417,9,487,340,478
1313554494,4197530764,0,499,0,499,499,499
1041719673,832192316,0,499,83,415,499,332
833979144,47645211,90,409,0,499,319,499
1174586014,2940638594,151,355,215,281,204,66
1200873272,2546136019,88,412,12,487,324,475
1321787427,4224215615,0,499,62,436,499,374
1152967549,2615811464,54,467,34,494,413,460
1150216915,2570797533,100,399,39,460,299,421
1284085097,4063406404,37,454,80,442,417,362
1273324123,3992614655,81,428,84,423,347,339
1171494909,2909431822,197,301,8,489,104,481
1324200376,4236297888,173,336,27,478,163,451
1244541227,3785187883,0,499,145,436,499,291
1188462910,3065095732,0,499,62,436,499,374
1164865392,2795977493,54,439,70,439,385,369
1027648880,574609178,353,460,227,269,107,42
1131564540,2207460790,16,478,136,370,462,234
1301078420,4150449757,0,499,0,456,499,456
1170225441,2893263455,73,426,0,499,353,499
1241407770,3756593480,109,411,160,383,302,223
1246271375,3751851699,71,427,0,499,356,499
1269410722,3957789406,155,342,101,467,187,366
1248649545,3816676594,1,498,1,498,497,497
1090284034,1555728603,62,436,0,499,374,499
921947928,170165660,174,317,120,303,143,183
927603487,180669766,112,396,112,379,284,267
1121368991,2034800327,174,329,27,470,155,443
930031301,183928148,57,454,54,468,397,414
1192791401,3133894914,0,499,62,436,499,374
862632284,102706879,79,439,69,434,360,365
1268866629,3954343995,53,449,77,421,396,344
1269471481,3957835329,0,499,76,427,499,351
1039506128,797845568,0,499,62,436,499,374
1251010468,3837274833,0,371,48,499,371,451
1277509145,4019799750,0,499,0,489,499,489
1190248518,1876685567,221,245,126,143,24,17
1094771542,1627926020,190,309,115,384,119,269
1269506776,3959374403,7,491,6,495,484,489
1099476838,1703676115,10,487,55,441,477,386
1234645029,3688181493,194,304,169,334,110,165
1277579679,4023547896,0,499,7,499,499,492
747581990,60521343,174,325,125,359,151,234
1174950994,2944932064,0,499,0,499,499,499
921249305,168345061,1,496,97,402,495,305
1062917806,1121045675,123,434,144,297,311,153
1316190221,4200876881,0,499,62,437,499,375
1028950316,589969868,154,366,8,454,212,446
1049581524,953106019,152,384,25,493,232,468
1313902840,4200414229,60,434,54,456,374,402
1077528977,1374044773,73,426,0,499,353,499
1280204761,4044136473,0,340,50,427,340,377
987525714,294395039,0,499,135,363,499,228
987663730,294485713,75,424,15,483,349,468
1240245782,3745240617,24,465,35,479,441,444
1316147428,4200874035,0,499,85,413,499,328
1173358877,2927369698,163,333,99,422,170,323
1303402859,4158396304,99,403,63,431,304,368
1306267900,4164959753,58,440,0,499,382,499
1251708391,2069244367,83,415,0,499,332,499
1116698331,1963983481,73,426,0,499,353,499
1130380476,2183600274,175,356,147,349,181,202
1076925893,143661827,62,436,0,499,374,499
1165719058,2806614814,58,476,121,450,418,329
1287021313,3421311097,48,451,0,483,403,483
1257242419,3879893822,0,499,0,499,499,499
1176796962,2961353947,0,499,83,415,499,332
1310060833,4182216316,19,492,48,403,473,355
1322440115,4229948830,48,435,42,442,387,400
1300298335,4145589714,100,331,78,412,231,334
956380574,138719895,4,493,169,332,489,163
940072270,203391420,69,430,0,499,361,499
1273228732,3992538442,40,447,46,438,407,392
898109865,144534332,164,336,23,477,172,454
1225887079,1154697595,125,374,125,363,249,238
1320751686,4221598632,76,416,52,463,340,411
1041691864,832057352,172,327,150,349,155,199
1088173401,1534178342,24,482,37,446,458,409
1282783189,3788866273,132,360,97,415,228,318
1222978793,3577117752,0,499,109,389,499,280
977145253,277513719,0,499,246,248,499,2
1304128549,4160952109,106,390,51,463,284,412
1117500449,1974800067,68,431,0,499,363,499
1278709427,4036972199,87,426,98,426,339,328
1202964291,1228151036,145,353,100,399,208,299
1115174520,1940509388,160,323,73,316,163,243
728836642,59885052,83,409,18,494,326,476
1043765652,292472186,34,457,17,485,423,468
1321353087,4222984059,81,408,72,426,327,354
861024561,99118776,0,499,62,436,499,374
1262381198,3907556617,86,410,147,436,324,289
1269770793,3962600085,0,499,62,436,499,374
1297355056,4110595138,29,479,92,407,450,315
1043840973,853456189,22,463,194,334,441,140
1318010361,122458764,0,499,40,499,499,459
1156619527,2674665292,0,499,70,429,499,359
1295684738,4126848169,62,436,0,499,374,499
1157607178,2686837825,51,447,115,383,396,268
1307268773,4171074435,210,288,77,79,78,2
961615084,238081483,0,499,19,479,499,460
1108942754,1879839532,125,317,9,491,192,482
1097576306,1669268357,0,499,60,499,499,439
1265214258,3929900501,38,464,58,475,426,417
1243659330,3775275214,0,499,62,436,499,374
1287223399,4077169816,0,499,53,424,499,371
1261171547,3898707188,0,492,177,317,492,140
1250184638,3830591303,0,499,62,436,499,374
1269771835,3962600592,0,499,62,436,499,374
905285524,149878778,202,311,192,300,109,108
1293273785,4116738765,25,480,44,471,455,427
1226405834,3592383148,0,499,142,436,499,294
1314496133,4202303622,47,463,44,459,416,415
1253218506,3854773101,133,461,124,342,328,218
1308886785,4177866669,234,271,283,323,37,40
1066126469,964258509,41,458,0,499,417,499
1290630469,4095303965,23,487,13,487,464,474
1007655531,435146588,100,399,54,444,299,390
1131841597,2212003289,109,390,0,499,281,499
1268743489,3915847529,90,426,64,355,336,291
1276011644,4010222754,0,499,0,499,499,499
1265208715,3929900249,7,473,86,407,466,321
1279438370,4039780988,0,499,109,389,499,280
933261707,190112077,73,426,0,499,353,499
1241427798,3756676463,186,304,163,335,118,172
1253995980,3859749153,80,414,169,329,334,160
1190247835,2701123832,104,396,90,436,292,346
1105866848,1857867256,214,280,126,351,66,225
1309975800,4181945573,14,481,12,401,467,389
1008167838,436104481,160,339,123,376,179,253
1285877865,4017685861,0,499,2,496,499,494
1185258099,3018874265,98,402,97,369,304,272
1204347116,1116642460,183,315,150,349,132,199
1283723426,4061606786,0,499,0,499,499,499
1142190551,2446292519,0,424,109,389,424,280
1269836618,3962805272,25,459,14,464,434,450
1100082197,1711732532,110,389,51,447,279,396
1323697045,4234147798,0,499,0,499,499,499
987657905,294484605,97,378,39,482,281,443
1285920201,4071503360,79,419,0,499,340,499
1133954857,1960306912,87,405,20,496,318,476
911455953,139002179,92,406,0,499,314,499
1143384604,2465052105,115,373,134,375,258,241
1258231064,3883415736,0,499,0,499,499,499
1133303222,2246946439,72,439,146,361,367,215
1240727935,3748206649,26,464,121,414,438,293
1220071120,3354656847,145,320,165,336,175,171
1320091069,4215357292,104,413,31,479,309,448
845790642,74869155,23,476,19,499,453,480
1277040076,4019303293,18,482,104,407,464,303
1309905657,1778125052,73,426,0,499,353,499
1038882586,291024054,92,406,12,486,314,474
1029511435,591830020,82,421,16,477,339,461
1214176330,3459341062,231,285,199,281,54,82
1250974683,3837105167,35,494,8,488,459,480
1303698066,4159373587,106,390,51,463,284,412
1266933296,3940518739,70,429,145,354,359,209
1252212333,3848025222,9,486,115,387,477,272
1263773133,3921350403,28,476,18,489,448,471
1305441258,4165679973,109,389,0,499,280,499
1241426864,3756675628,185,314,159,340,129,181
275584545,13132368,62,436,0,499,374,499
1122799004,1977821439,109,390,0,499,281,499
1306827593,4167089406,106,388,51,463,282,412
1098054325,1675839967,39,467,0,490,428,490
860739453,48377503,103,395,54,445,292,391
1282762131,4058943408,8,445,94,406,437,312
1273278896,3992552176,0,499,0,499,499,499
859269489,91013891,0,499,62,436,499,374
1255401663,3869061066,18,443,125,445,425,320
1078271890,1397119546,0,499,109,389,499,280
984811092,289930504,24,451,75,382,427,307
1276309269,4012721160,38,430,164,360,392,196
1110381785,1902526705,79,420,0,499,341,499
874538397,111096070,71,427,0,499,356,499
825429139,50412226,35,463,0,499,428,499
960345143,235457846,69,429,0,499,360,499
1020972088,518297747,62,436,0,499,374,499
1265189432,3929204795,0,499,62,436,499,374
1316133196,4200872657,19,478,132,360,459,228
940548623,138760773,143,405,149,354,262,205
1297879539,4137578782,43,456,46,459,413,413
1109660951,1892695888,97,403,114,387,306,273
1168896111,2867091568,55,490,4,493,435,489
870870454,115523625,77,422,0,499,345,499
1158504958,2700266592,79,419,1,499,340,498
1275455505,4006484958,10,467,7,488,457,481
1288028946,4079554352,0,499,0,499,499,499
973607087,269653443,15,457,112,326,442,214
1153288107,2586539346,150,348,100,399,198,299
1313522842,4197530184,0,499,0,499,499,499
1053956,929141,170,329,119,380,159,261
1323875907,4231423600,49,429,43,431,380,388
1019299837,516389259,115,468,144,366,353,222
1209717475,3382587272,76,385,61,444,309,383
1107660585,1869201156,68,442,21,482,374,461
1285843192,4017670559,40,445,86,420,405,334
941622181,207151297,164,335,189,290,171,101
1261363966,3898715571,0,499,0,499,499,499
1245923402,3795447316,166,333,254,418,167,164
1116976793,1967228440,224,270,167,289,46,122
1238298845,3727588027,0,499,61,499,499,438
975548119,225089670,83,416,0,499,333,499
1249533299,3819977578,81,420,75,416,339,341
869206587,92666237,39,459,140,359,420,219
1280693871,4046437868,34,400,80,418,366,338
1273242028,3992542212,68,439,70,446,371,376
1237257586,3718150116,10,492,92,407,482,315
912163514,156242975,67,432,0,499,365,499
1305527885,4165986281,0,499,111,387,499,276
1289908040,4086379384,62,436,0,499,374,499
1316271939,4200881656,0,499,0,499,499,499
1211397100,3397439824,43,454,143,381,411,238
1316281657,4200882162,49,451,165,353,402,188
1306893139,4168961189,0,499,0,499,499,499
1096623219,1643262589,157,342,100,399,185,299
1258498537,3885602333,76,423,69,445,347,376
1196324314,3185443019,67,438,56,437,371,381
1174585749,2940638540,3,491,159,353,488,194
1244541089,3785187848,0,499,122,436,499,314
921249225,168344647,62,437,103,431,375,328
109149430,3351687,77,422,15,483,345,468
1318104611,3418402678,67,471,70,416,404,346
1169904064,2887191303,16,485,72,419,469,347
1272955721,3992134733,0,499,0,499,499,499
1002984216,388572593,164,334,125,374,170,249
1251064232,3837503860,85,414,5,485,329,480
1292445710,4108916461,221,367,203,309,146,106
1190036932,3088901113,62,436,0,499,374,499
970269235,258902363,150,348,123,375,198,252
1170392078,2895409663,0,499,109,389,499,280
1317076943,4211736201,129,382,92,378,253,286
226694330,5348937,70,429,0,499,359,499
1038887848,770767190,106,393,0,499,287,499
1310135593,4182222307,0,499,82,417,499,335
1100075282,1711733644,110,389,54,445,279,391
956732078,223026658,71,427,0,499,356,499
877367416,122872614,84,415,3,499,331,496
1037408656,729825880,37,441,155,338,404,183
848388475,78597527,0,499,62,436,499,374
1254921889,3866823860,0,499,0,499,499,499
1306550003,4167078067,106,388,51,463,282,412
1247480129,3810740233,129,351,203,342,222,139
1263434988,3918022966,32,466,0,499,434,499
1283105844,411577,96,403,0,499,307,499
941678631,207257943,0,499,0,499,499,499
1297599375,4110891088,195,365,181,244,170,63
856103477,88425674,21,487,36,459,466,423
874728526,53639371,88,425,91,408,337,317
1209717093,3382587055,90,427,31,469,337,438
1298545804,4139985930,26,476,18,459,450,441
1285865454,4017681262,94,426,137,399,332,262
1267274449,3938987766,62,436,0,499,374,499
1279757941,4041456533,30,480,137,472,450,335
972892472,266799815,0,499,76,423,499,347
1243385360,3773726463,29,472,131,471,443,340
482733163,50935585,81,417,0,499,336,499
1261378242,3898717055,44,472,63,456,428,393
1285064534,4063751413,67,428,86,431,361,345
1298289173,4131142117,62,436,0,499,374,499
1303255455,4157242635,0,462,0,470,462,470
1038237829,747779316,55,443,0,499,388,499
1285437489,4063835666,60,419,194,355,359,161
1278559108,4035895748,9,499,70,394,490,324
744444551,60506115,0,499,67,432,499,365
1226392778,3597900788,104,401,36,474,297,438
1323294284,4231695342,31,469,152,434,438,282
1313141591,4197654952,0,499,0,499,499,499
1033658955,657687947,13,484,194,299,471,105
1258327848,3881733511,0,484,8,490,484,482
857469661,49000307,62,436,0,499,374,499
934808846,193337222,64,435,0,499,371,499
1168021313,2849979025,43,450,100,405,407,305
1310709125,4182270824,86,406,139,389,320,250
1027032179,569865302,100,399,61,438,299,377
1116144015,1953844012,45,450,41,491,405,450
1275406507,4003975978,54,460,48,454,406,406
1324060175,4236041573,4,480,0,453,476,453
1038965357,779297033,178,323,194,339,145,145
934374957,192429927,125,374,62,430,249,368
1304071840,4160932152,106,388,51,463,282,412
1270030385,278540316,100,399,37,461,299,424
1004004619,401115093,67,432,0,499,365,499
1070945555,1253553892,0,499,62,436,499,374
1276335376,4012704690,16,482,120,398,466,278
1100078511,1711730432,110,389,60,446,279,386
1304156107,4160954000,106,388,51,463,282,412
1301533696,4150997068,22,491,16,441,469,425
881513355,90790149,89,409,0,499,320,499
1276026283,4010224425,0,440,89,473,440,384
1324209600,4150899992,41,457,237,444,416,207
1104324429,1842315856,133,407,58,434,274,376
1115235083,613853325,152,347,100,399,195,299
1258952678,3887588643,55,428,104,458,373,354
1280164079,4019924493,144,350,145,203,206,58
1116373296,1960172373,213,311,25,467,98,442
1086773892,1512193744,0,499,62,436,499,374
1122173966,2045882345,0,499,76,423,499,347
1249535434,3819982717,190,308,166,344,118,178
1131850738,2211916509,0,499,93,406,499,313
1264045113,3923103577,34,466,147,380,432,233
1242140604,3762877796,120,387,42,401,267,359
1215409722,3470137826,34,465,73,462,431,389
1042989415,819642703,42,453,141,370,411,229
1227135566,2470958271,28,473,34,450,445,416
1283733437,4061607861,130,389,180,362,259,182
1155015231,2646730800,68,469,206,294,401,88
1181015400,2990794213,62,436,0,499,374,499
972381627,265154641,69,430,0,499,361,499
1327085593,4197351303,220,300,151,378,80,227
1304170497,4160986789,106,388,51,463,282,412
1269073224,3955112427,49,455,116,418,406,302
1199071333,3222934588,0,499,24,499,499,475
1237547083,3232285335,36,462,41,454,426,413
1281974267,4050744623,20,403,66,482,383,416
1314017042,4201307095,5,483,149,355,478,206
1244780988,3786647922,49,446,17,480,397,463
1065413436,1145976322,63,436,0,499,373,499
1259350481,3887630431,42,467,62,476,425,414
1100067159,1711733018,70,429,145,354,359,209
1232733760,3668643918,100,400,262,374,300,112
1230015011,3627987765,62,436,0,499,374,499
1072828618,1296374166,103,414,16,455,311,439
1318625343,4215228522,64,439,43,463,375,420
1290512225,1500494429,100,399,13,485,299,472
1205825851,3312189769,148,341,183,461,193,278
1258327711,3881733507,0,499,0,499,499,499
1314055268,4200643935,25,477,131,404,452,273
906530593,143490100,0,499,62,436,499,374
1027131237,569879556,123,376,50,449,253,399
870138975,114441988,0,499,62,436,499,374
1100595205,1733407428,22,499,77,446,477,369
1005836043,418189887,203,301,30,478,98,448
1152209633,2567957379,186,281,188,306,95,118
1063755433,236858263,22,477,148,383,455,235
1009256412,440562265,135,363,100,399,228,299
1261421857,3898726983,76,422,53,442,346,389
1225655239,3591446151,71,428,0,499,357,499
1310008027,4181948586,200,309,187,319,109,132
1310040802,4181951025,100,476,121,337,376,216
1251480479,3842784766,57,454,78,437,397,359
1096323206,1651399650,92,405,94,409,313,315
1128002623,2132363247,62,436,0,499,374,499
910540521,154751275,0,499,109,389,499,280
1191424173,3107233826,145,421,126,367,276,241
1316189610,4200876864,13,467,85,421,454,336
1232184197,3657881900,29,479,43,468,450,425
885402374,131100824,136,358,123,368,222,245
1281990006,4050747844,12,493,6,498,481,492
1130320756,2182681532,23,489,49,449,466,400
1321537787,4227996836,33,471,226,379,438,153
883188479,128154408,0,499,62,436,499,374
350666178,48511512,72,426,0,499,354,499
1253261842,3855780323,0,499,0,499,499,499
1069242585,1229911120,0,499,62,436,499,374
1171294835,2906423190,70,429,145,354,359,209
911892455,155807726,115,330,42,472,215,430
1276357328,4012750495,14,459,61,468,445,407
909622828,154030356,55,441,76,391,386,315
1093478907,1604867766,76,499,159,374,423,215
1243714961,3775259341,0,499,0,499,499,499
1077528081,1374044546,74,425,1,497,351,496
1011156536,450233484,91,409,10,489,318,479
1307847256,4172911455,57,441,136,370,384,234
1255054054,1099448759,100,399,1,498,299,497
1172791675,2920940616,0,499,83,415,499,332
1261193288,3898711249,75,409,86,406,334,320
1320005547,4215328112,50,441,96,446,391,350
1213761909,3453161219,141,361,80,405,220,325
1249535496,3819982777,155,350,138,365,195,227
985265749,290502604,189,301,114,380,112,266
891926918,129941851,0,499,2,496,499,494
357129052,48216706,53,445,0,499,392,499
875499974,110324706,103,410,28,479,307,451
1242007216,3761373007,110,389,54,445,279,391
1271568461,3978106004,123,340,39,421,217,382
1316147478,4200874036,12,499,15,453,487,438
1001470521,367498597,151,349,72,417,198,345
1192601859,2943131379,0,499,62,436,499,374
1223497015,3561887423,150,348,100,399,198,299
976095577,275314968,184,323,63,408,139,345
1037419739,729933822,0,499,62,436,499,374
1312720530,4195607679,193,307,132,368,114,236
845368570,5808952,79,420,0,499,341,499
1324065202,4236041654,16,474,44,462,458,418
1258618499,3886015951,105,390,193,315,285,122
1252575304,3847851214,149,364,200,292,215,92
1262715889,3901166692,62,436,0,499,374,499
1005841601,418201734,4,487,38,465,483,427
1174590138,2940639608,206,300,183,302,94,119
1265209322,3929890123,9,499,64,394,490,330
1254785096,3865680601,0,499,109,389,499,280
862539185,102342303,299,388,239,276,89,37
1317916686,4215693860,41,458,14,489,417,475
1275716243,4006540264,23,461,50,449,438,399
1301476254,4151260938,0,499,0,499,499,499
1209340812,3375777952,0,499,17,481,499,464
933737269,185997877,0,499,83,415,499,332
1240841484,3749894731,183,332,28,444,149,416
1094412731,1618718689,78,411,21,483,333,462
1308390826,4176107843,136,471,179,384,335,205
1278064456,4029108495,62,436,0,499,374,499
1205742748,3310018691,70,429,145,354,359,209
1296068805,4128121363,86,412,0,499,326,499
1198548124,3214745035,62,436,0,499,374,499
921249526,168344506,1,496,97,402,495,305
1236842362,3714325866,8,487,27,432,479,405
1318498388,81676204,18,481,24,499,463,475
1287558800,4071378344,0,499,0,499,499,499
1281294144,278549696,100,399,0,498,299,498
1318076079,2132341738,102,368,136,377,266,241
980292860,283317075,4,497,87,411,493,324
1304768890,4163622904,0,499,62,436,499,374
1209933460,3385633403,84,426,152,460,342,308
1294107184,4122227797,5,494,38,345,489,307
1186701400,3036918374,0,499,43,455,499,412
1274861838,1538052,94,404,0,499,310,499
1238300117,3727588605,61,446,64,438,385,374
1289700231,4086153466,52,471,47,389,419,342
1245016999,3788233816,238,262,0,499,24,499
1156077737,2664721917,210,289,8,498,79,490
1203081861,3264540890,62,436,0,499,374,499
1247811195,3813472457,20,467,55,458,447,403
1295614908,4127302893,136,368,138,444,232,306
1281724563,4052947792,102,398,70,455,296,385
1249535491,3819982775,155,350,138,365,195,227
940889836,205320851,152,357,153,334,205,181
1275058631,4004071817,30,448,64,464,418,400
978771387,280286281,74,425,0,499,351,499
1269667332,3961084424,0,499,109,389,499,280
1166967403,2827786976,58,458,66,429,400,363
1101058868,1744919001,0,499,62,436,499,374
1258446921,3883448220,0,499,0,499,499,499
1254204967,3860766174,199,290,207,330,91,123
1311435233,4187123753,124,443,163,384,319,221
1314507889,4186283805,80,408,86,433,328,347
1229403453,3624315321,265,460,134,305,195,171
1133293669,280104195,149,378,119,350,229,231
1191678762,3112391769,0,499,62,436,499,374
1225353755,2820311262,20,476,82,420,456,338
1275669432,4007790432,141,358,190,410,217,220
1323924952,4231426642,0,499,66,429,499,363
1270403687,3971835349,3,499,5,499,496,494
882094066,126529920,76,423,0,484,347,484
1206244745,3321151617,75,437,57,422,362,365
1310616244,4184531273,111,369,113,386,258,273
1314495273,4144462288,36,487,114,390,451,276
1211820516,3402822329,0,499,96,402,499,306
1138967486,2377810068,0,499,63,438,499,375
1199480455,278391721,144,355,114,384,211,270
1031549467,612506523,60,439,96,417,379,321
1028706407,587658589,87,412,0,499,325,499
1028042031,579284325,65,433,0,499,368,499
1261421170,3898726326,0,499,0,499,499,499
1273195966,3992531142,0,499,0,499,499,499
932898730,189458254,63,436,0,499,373,499
1088410987,1539031410,70,428,0,499,358,499
1256929583,3874797243,0,499,0,499,499,499
1227159658,3607250107,132,456,203,391,324,188
1273132716,3987511933,33,461,75,453,428,378
1266785199,3939951037,227,272,22,492,45,470
1283590998,4061586491,51,448,130,499,397,369
958165294,226857905,0,499,62,436,499,374
1244016193,3771076621,131,366,178,346,235,168
948277018,210963717,49,466,42,471,417,429
327098421,5209837,150,349,107,391,199,284
1096607694,1657064318,32,315,177,329,283,152
1008903388,439657934,73,425,0,499,352,499
988509381,295660792,0,499,238,264,499,26
1064241961,943452089,108,399,125,338,291,213
1088756288,1543320578,153,351,123,399,198,276
1273767137,3994953799,99,407,137,473,308,336
1042637430,76646187,93,405,12,474,312,462
1228030456,3614141887,0,499,0,499,499,499
1318148690,4196100978,30,475,2,465,445,463
1142529820,2450824800,0,499,62,436,499,374
1275393080,4003968739,86,431,86,425,345,339
974782991,271767161,14,491,132,393,477,261
1143158811,2461412976,24,474,59,402,450,343
862633375,102709124,109,394,100,433,285,333
1310776023,4182276044,0,499,52,451,499,399
1068867603,1204725881,6,472,70,415,466,345
1247670920,3812403784,0,499,0,499,499,499
1277930154,4023222921,0,499,0,499,499,499
1241295075,3755209573,0,499,62,436,499,374
1152609679,2609300513,5,492,9,494,487,485
1155890220,2659765737,26,453,63,464,427,401
1305422736,4165669576,108,419,161,357,311,196
1066930018,1173353190,43,468,19,476,425,457
1316955179,4210961254,0,499,0,499,499,499
1003509479,394415327,73,426,0,499,353,499
1276220838,4012178355,26,499,96,382,473,286
1278744128,4036991366,30,475,46,456,445,410
1309071835,4179413877,0,499,0,499,499,499
1257254185,3879893037,153,382,101,381,229,280
1314981317,4186890377,120,375,64,439,255,375
1026859711,569729024,60,439,0,499,379,499
673327498,2919424,0,499,10,489,499,479
1031549339,612506499,51,449,51,448,398,397
910925700,155026753,0,499,86,413,499,327
1206042091,3317880473,0,499,83,415,499,332
993442305,301433592,187,313,7,483,126,476
1323104944,4232785242,154,355,69,431,201,362
1267990980,3945013411,114,369,156,378,255,222
744265938,3214589,186,287,185,334,101,149
874466663,6373447,87,411,0,499,324,499
1234768221,3690228633,123,374,52,450,251,398
1105045442,1846470052,170,335,113,361,165,248
1259386521,3887637014,25,474,37,455,449,418
1314588517,4202305460,101,422,110,465,321,355
1309999611,4182713250,53,445,0,499,392,499
1285836286,4017665397,0,499,38,461,499,423
1265840886,3934929105,170,330,1,498,160,497
1088681717,1540682427,59,439,0,499,380,499
1074167619,1326842917,50,448,0,499,398,499
1319412146,4214354238,23,463,48,477,440,429
1115047145,1938777195,27,456,173,361,429,188
1285915008,4071435559,49,393,44,469,344,425
876282791,75787110,73,425,0,499,352,499
1027161958,569895237,103,395,50,449,292,399
1273203726,3992533501,19,484,95,394,465,299
1173366971,2927628214,0,499,68,431,499,363
1303832485,4159427325,106,388,51,463,282,412
956536671,222485537,89,412,8,492,323,484
980301086,283323315,8,488,96,393,480,297
1095712480,1639490577,109,389,0,499,280,499
1205800095,3311448226,0,499,62,436,499,374
1258019200,3883414469,103,415,1,490,312,489
933931645,191545047,101,397,0,499,296,499
1193175769,3138501729,0,499,62,436,499,374
1294223536,4122562872,81,421,69,456,340,387
1138953271,2377560268,108,389,46,455,281,409
1279653641,205652,84,415,0,499,331,499
1286958986,4077010747,172,320,49,482,148,433
1307590339,4172241193,88,411,0,499,323,499
1275475059,4006487955,21,479,40,460,458,420
972474872,60453738,71,428,0,499,357,499
1267241299,3942391396,0,499,15,499,499,484
1322308260,4229922762,0,499,0,499,499,499
1220628431,3544889134,0,499,62,436,499,374
986745152,292884683,70,429,0,499,359,499
1261467624,3900386556,145,345,84,431,200,347
1242236615,3763488952,0,499,109,389,499,280
1308884941,3741184081,113,385,67,431,272,364
1251436455,3842634007,20,480,84,427,460,343
1265223316,3929899437,39,460,32,451,421,419
1053590442,1035130833,80,419,0,499,339,499
1130544286,2185384813,87,391,42,476,304,434
1163819902,2772321104,0,499,27,471,499,444
1217305841,3492926991,0,499,109,389,499,280
1158831036,2546318304,0,499,0,499,499,499
848537340,79487663,62,436,0,499,374,499
975980761,274984928,63,446,142,354,383,212
1118519652,1984419711,95,403,34,461,308,427
1289288560,4087638808,0,499,0,499,499,499
1209678849,3382447840,16,479,142,386,463,244
1210094603,3379588603,62,436,0,499,374,499
1239152657,3733959938,109,390,0,499,281,499
1215468294,3470045232,19,479,13,477,460,464
1324195768,4236297705,26,444,52,446,418,394
971423385,262159384,0,499,240,261,499,21
1201403623,3239947513,62,436,0,499,374,499
966088040,251708660,60,439,60,439,379,379
1265032304,3929321224,10,491,78,420,481,342
958336862,227401072,62,436,0,499,374,499
1304091947,4160935938,106,388,51,463,282,412
1087217831,1413545907,24,467,35,437,443,402
1261416180,3898724511,0,499,0,499,499,499
1272025994,3986437769,0,499,0,499,499,499
884659682,102110376,74,425,0,499,351,499
1166165130,2806734960,73,426,0,499,353,499
1282941500,4057769314,40,463,64,464,423,400
736582,1094731,76,422,0,499,346,499
1156654625,2675087430,59,430,188,343,371,155
1083452691,1475889542,0,499,0,499,499,499
1288330925,4081087378,130,465,60,428,335,368
1268916400,3954701638,34,473,111,381,439,270
978862061,270522793,27,470,148,358,443,210
1084106925,1493308925,72,428,1,498,356,497
134167730,3819619,73,425,0,499,352,499
1053458246,1032580154,100,398,0,499,298,499
1264023362,3923099160,0,499,0,499,499,499
1187144686,2788070810,18,486,7,491,468,484
1275991330,4010220889,81,499,75,439,418,364
1192183847,3123019550,68,432,22,488,364,466
1123623212,2059428450,73,424,20,483,351,463
996064286,304779178,111,384,19,481,273,462
1191365877,3105990942,69,428,16,476,359,460
1277611200,4023549901,0,499,0,499,499,499
1265606808,3931891695,14,479,83,444,465,361
1257737071,3881730398,0,499,7,499,499,492
1283570025,4061481816,0,499,0,499,499,499
1322394976,4229926306,88,448,86,470,360,384
1174586890,2940638800,241,287,316,322,46,6
940987427,205479417,51,433,0,499,382,499
1265216400,3929900613,83,406,53,455,323,402
1275145154,4004087809,82,437,69,423,355,354
1253196498,3855270190,62,436,0,499,374,499
1050292897,960013721,69,424,5,499,355,494
1115171200,1940531620,0,499,83,416,499,333
1266921461,1101195493,100,399,13,485,299,472
1307828445,4172828156,144,463,199,301,319,102
1064959331,1144248905,0,499,62,436,499,374
1281450969,4050860415,0,499,0,499,499,499
1268810867,3953941505,0,499,0,499,499,499
1043842320,830431694,114,380,41,470,266,429
893360278,141217716,62,436,0,499,374,499
1226513299,3599939972,0,499,43,456,499,413
1303927118,4160320023,68,347,174,321,279,147
879546673,125014714,75,423,0,499,348,499
1026503621,566261155,0,499,62,436,499,374
1293862426,4105632901,87,396,102,416,309,314
1308847311,1579007668,100,399,34,488,299,454
933263688,190112673,99,395,49,448,296,399
1270113537,278411858,100,399,9,490,299,481
958814654,83472338,0,499,43,456,499,413
1254534126,3861765548,0,499,0,499,499,499
226693630,4293237,68,430,0,499,362,499
1156624760,2675055954,96,403,0,499,307,499
1301096941,4150481962,0,499,0,499,499,499
1004004913,401111114,70,428,0,499,358,499
1248845280,3817901963,93,407,21,471,314,450
1068094879,1189061808,0,499,62,437,499,375
1312844774,4195573166,0,499,0,499,499,499
1246308500,3798332084,12,485,150,308,473,158
1084704262,1500435919,88,411,21,478,323,457
1097069856,1665930462,145,431,33,475,286,442
1009694662,212742194,170,328,150,349,158,199
1320005518,4215328110,24,455,66,382,431,316
1077860644,1385297686,125,374,109,399,249,290
1312714789,4190186010,62,436,0,499,374,499
1316233259,4200879696,46,467,95,407,421,312
1177467609,2974270597,8,494,194,305,486,111
1245367189,3791282924,62,436,0,499,374,499
924435822,175464809,62,436,0,499,374,499
1255133080,3868341395,45,466,66,468,421,402
999355517,341869230,86,412,0,499,326,499
1277494299,4022750787,0,499,0,499,499,499
888575175,134661068,90,409,0,499,319,499
1306857460,4167092537,0,499,0,499,499,499
1292016991,4105747247,124,375,153,365,251,212
1170008077,2889625034,0,499,62,436,499,374
1190245455,1940301888,28,475,97,416,447,319
1310034022,4181950287,116,370,79,404,254,325
1236533140,3708927701,60,439,158,345,379,187
1285839791,4017666051,169,337,144,355,168,211
1250909755,3836743805,7,484,119,494,477,375
1308924643,4177868388,22,481,75,419,459,344
1260361708,3893244519,140,395,28,456,255,428
1282800886,4057523209,0,499,0,499,499,499
1274142977,3997449194,0,499,0,499,499,499
1308908439,4177867513,77,428,106,455,351,349
1306179542,4167139517,40,444,73,461,404,388
1279764449,4041457403,64,410,50,430,346,380
1278209911,4030652864,3,495,24,463,492,439
1322293298,4228968029,0,391,60,499,391,439
1304180616,4160988405,106,388,51,463,282,412
462031130,50495954,100,399,66,433,299,367
1123559553,2054922234,0,499,39,459,499,420
1219798088,2757492389,37,461,159,363,424,204
238015830,5304816,63,436,0,499,373,499
1252075791,3846828073,124,387,139,459,263,320
1323354460,4231823246,35,477,36,469,442,433
1315332243,4205111566,0,499,0,499,499,499
1248423938,3814847394,0,499,62,436,499,374
1126860964,2106889021,166,324,178,361,158,183
1310529714,4182503426,25,476,110,411,451,301
1243387340,3773727689,19,480,95,404,461,309
1121420199,1118849505,5,495,50,426,490,376
1304018136,4160807378,34,392,77,444,358,367
1122281849,143636946,159,338,107,391,179,284
1282537077,4057543418,0,499,0,499,499,499
1232738464,3668676670,85,432,156,340,347,184
922137047,144713128,179,300,110,389,121,279
1114363683,729933378,95,428,80,368,333,288
1169892791,2886940276,0,499,62,436,499,374
1158121440,2695198615,12,489,46,439,477,393
1108369770,1875843680,61,445,154,365,384,211
1242868944,1100133923,100,399,0,499,299,499
1289874909,4090269041,0,499,0,499,499,499
1023825857,526495458,83,415,0,499,332,499
1191042476,3101163684,55,466,62,421,411,359
1020739888,525135458,224,291,448,482,67,34
1323262796,4231687912,9,480,119,417,471,298
1008989155,439665054,73,425,0,499,352,499
1137758526,2353378458,9,489,76,432,480,356
1095650392,1638202102,93,310,128,370,217,242
1263697360,3920854286,19,484,49,457,465,408
1275274684,4004128226,14,469,37,463,455,426
1256941358,3875031579,18,478,103,418,460,315
1306919765,4167097379,106,388,51,463,282,412
1174169466,2935496105,140,413,94,325,273,231
897333322,1585484,200,298,171,328,98,157
1095511452,1637027057,62,436,0,499,374,499
1317999688,4216391272,31,402,26,397,371,371
1306575709,4167082149,106,388,51,463,282,412
1292024023,4105759805,10,485,81,425,475,344
1123804519,2062640193,107,371,3,487,264,484
1260968149,3896608698,129,371,32,488,242,456
1223400252,3580768989,178,308,80,445,130,365
1260321491,3893242460,0,499,0,499,499,499
1277407353,4023706137,39,476,54,421,437,367
1281722860,4052932536,0,499,0,496,499,496
1121546627,2038054936,3,495,0,499,492,499
977721202,278781739,174,324,155,344,150,189
1276343828,4012861476,1,471,4,483,470,479
1323065024,4231808274,0,499,0,499,499,499
1155781594,2660100409,72,420,130,373,348,243
1123926089,1118849548,69,436,7,492,367,485
1066935396,1173436911,0,499,11,488,499,477
1275508780,4006491163,178,308,80,445,130,365
1106521711,1860581081,74,425,0,497,351,497
1192550811,3128909158,44,454,5,459,410,454
1217174207,3490668387,147,297,192,290,150,98
1007379620,416642943,75,424,0,499,349,499
1164340354,2780960758,62,436,0,499,374,499
1279011785,4037801055,15,486,30,483,471,453
987461326,294324489,50,449,35,463,399,428
1311027807,4182117113,23,499,98,473,476,375
1301365429,4151252353,92,397,82,444,305,362
1238300058,3727588577,0,499,0,499,499,499
1277065312,4017326246,70,429,0,499,359,499
1306832969,4168956768,102,418,65,456,316,391
1042710473,843817087,62,436,0,499,374,499
1261381597,3898717255,0,499,0,499,499,499
1227388914,3606634002,62,436,0,499,374,499
1322966756,4232369370,13,493,21,478,480,457
1096609768,1657063185,40,418,76,408,378,332
1229539031,3618486555,0,461,113,385,461,272
1281726368,4052932595,0,499,0,499,499,499
1310004183,4181948245,142,378,182,336,236,154
1037399783,241726752,188,312,23,468,124,445
876286214,105665653,57,442,0,499,385,499
964892757,248537140,81,418,0,499,337,499
1074170430,1325259028,0,499,62,436,499,374
1222675557,3177933733,183,316,150,349,133,199
1087194520,1519534957,156,342,100,399,186,299
1319411709,4214354212,161,346,36,475,185,439
1121349493,2034793715,98,401,27,467,303,440
977215859,277641662,69,461,230,266,392,36
1283858249,4061620237,56,454,58,451,398,393
1122008642,2044440956,90,392,111,474,302,363
869932579,114047298,100,399,50,449,299,399
1265204998,3929889996,0,499,0,499,499,499
1316160085,4200875587,0,499,82,416,499,334
1167015825,3513935855,101,369,21,486,268,465
1178197119,2982086309,120,402,98,380,282,282
1276427861,4013272133,1,401,45,499,400,454
885851375,131610757,60,440,5,499,380,494
210917030,1560968,72,426,0,499,354,499
1267296559,473346,61,437,22,455,376,433
1203147938,3269859973,163,335,11,465,172,454
977345791,277948500,66,422,94,416,356,322
955993932,220801822,50,438,55,443,388,388
1232191489,3654694783,0,499,62,436,499,374
1250941759,3836736640,70,447,133,370,377,237
1308951979,4174724067,62,436,0,499,374,499
1246075637,3797080408,90,384,125,394,294,269
1303828953,4159426878,106,388,51,463,282,412
848409,1173256,177,321,148,351,144,203
1291086377,4099054572,62,436,0,499,374,499
1276440419,4013274703,53,445,94,461,392,367
984017088,288436181,0,499,86,413,499,327
1314512652,4202303900,0,499,0,499,499,499
1249758747,3821565969,0,499,62,436,499,374
1004328687,403769988,30,471,125,369,441,244
1165756458,2806840567,83,414,0,499,331,499
1027252426,570627871,112,386,50,449,274,399
1260706613,3895301083,16,478,83,444,462,361
996084879,304800487,28,474,41,459,446,418
1239446230,2942125517,0,499,95,403,499,308
1261173349,3898707807,21,477,146,352,456,206
1174589445,2940639484,9,491,92,481,482,389
1231320545,3647601365,85,411,102,406,326,304
1266719053,3939858649,189,413,100,374,224,274
1265190033,3929867704,0,499,208,366,499,158
1019329401,516401225,0,499,49,450,499,401
1328411005,4250685368,0,447,0,499,447,499
1202875212,3265205137,110,389,63,435,279,372
276536681,13990892,82,416,12,487,334,475
1292808986,4112963581,64,434,0,499,370,499
1257314777,3879904620,61,394,151,429,333,278
1322807729,4231730941,0,499,0,499,499,499
1270116026,3968877554,97,444,151,364,347,213
1274630780,117184388,68,431,0,499,363,499
1269451450,3958876181,61,431,102,362,370,260
1249534254,3819978928,205,291,211,300,86,89
1202595431,3252236900,62,436,0,499,374,499
1232369506,3660534484,0,499,176,436,499,260
1077981218,1388730572,84,415,0,499,331,499
1281135034,4046992468,0,499,0,499,499,499
1230269627,3635719800,38,444,113,468,406,355
1251803370,3844582341,0,499,0,499,499,499
1207875972,3347441891,18,482,229,268,464,39
1092313573,1548294460,126,324,155,341,198,186
1157132598,439902371,100,399,46,473,299,427
1323991299,4235886186,128,371,24,406,243,382
1190257725,1876686878,9,483,112,409,474,297
860691159,94091797,184,314,150,349,130,199
1089467266,1553192646,0,499,196,251,499,55
1178206614,2982462272,88,426,67,444,338,377
1027039703,569756137,129,370,50,449,241,399
1039791289,802854292,7,493,106,413,486,307
1289848619,4090170023,78,427,40,470,349,430
1275498540,4006489232,25,480,18,471,455,453
1255755570,3871041839,0,499,0,499,499,499
1038852218,767667912,26,486,117,389,460,272
1208643904,3360134149,0,499,62,436,499,374
1128258865,2140190529,146,357,117,386,211,269
1277904271,4027315044,7,492,99,402,485,303
1069680909,1253948111,90,407,19,472,317,453
1146718219,2522868880,0,499,109,389,499,280
1008178288,436092431,103,396,50,449,293,399
1314944241,4186857130,87,394,96,401,307,305
869524636,113607441,62,436,0,499,374,499
1161055233,2730612760,0,499,62,436,499,374
1275484144,4002663433,111,388,0,499,277,499
393356830,5862738,88,410,12,486,322,474
873818462,119668253,0,499,62,436,499,374
1109022587,1878427819,73,426,0,499,353,499
1273926976,3995256229,0,499,0,499,499,499
1309623914,4181405051,88,364,18,477,276,459
1116858909,1965790291,130,390,64,456,260,392
891728471,138460479,123,375,100,399,252,299
1098908730,1689956840,137,361,100,399,224,299
1237267145,3716300532,50,462,144,373,412,229
1273177831,3992577349,30,452,118,356,422,238
1271990785,3986432037,0,499,0,499,499,499
1252627190,3850328337,0,499,154,436,499,282
1007592393,435096821,63,435,0,499,372,499
1264047945,3923104015,37,458,54,466,421,412
964956966,248809293,0,499,62,436,499,374
853955132,85229514,196,301,175,324,105,149
1055369086,48109592,62,436,0,499,374,499
1291327438,4101858944,201,297,99,399,96,300
1093460323,1602170388,0,499,109,389,499,280
1294479391,4122747549,22,474,149,363,452,214
1258507989,3885602739,0,499,0,499,499,499
860078056,97081056,62,437,0,499,375,499
1277588474,4023548252,145,349,48,481,204,433
949385216,212343144,144,364,133,359,220,226
1136878454,2335428244,0,499,0,499,499,499
1227443148,3609723878,82,414,131,381,332,250
1128835555,2156154769,0,499,72,426,499,354
1312391614,4194029699,0,499,0,499,499,499
1244540903,3785187781,0,499,62,436,499,374
1047240025,877754175,71,428,0,499,357,499
1148484393,1921505514,71,428,0,499,357,499
1143111470,2460233806,57,442,0,499,385,499
1276343108,4012861405,23,476,58,444,453,386
1007363471,416632092,72,426,0,499,354,499
1213617326,3451133970,81,418,17,499,337,482
1034546078,677654338,0,499,62,436,499,374
1260710670,3895282223,0,499,0,499,499,499
1027052686,569629724,112,387,50,449,275,399
1267539950,3839782893,130,357,47,444,227,397
1027198476,570002423,104,395,50,449,291,399
1304091916,4160935936,106,388,51,463,282,412
1300316453,4145641906,66,446,5,373,380,368
1223204898,3579182589,0,499,62,436,499,374
893312440,141191342,210,292,213,277,82,64
1315612279,4204367117,86,410,14,483,324,469
1282521507,4057540422,0,499,0,499,499,499
1285868084,4017682069,0,499,0,499,499,499
1311962624,4188999289,0,499,0,499,499,499
987340773,294177756,0,486,70,428,486,358
1013596036,468057402,110,312,14,311,202,297
1009332763,440707267,150,349,118,380,199,262
971647975,262874837,50,449,100,399,399,299
1271354158,1176407124,95,403,0,499,308,499
1270205956,3969419634,0,499,59,440,499,381
1311873022,4190384754,161,365,11,488,204,477
1248833878,3817891314,49,381,15,490,332,475
1087099203,1519188090,0,499,62,436,499,374
1288430203,4081744531,68,430,0,499,362,499
1275529647,4006969683,42,335,156,344,293,188
1244540509,3785187482,0,499,138,436,499,298
1115121458,1035130498,75,423,0,499,348,499
1100067384,1711730385,180,319,153,346,139,193
986924769,293305778,3,498,94,404,495,310
921249554,168344508,50,456,95,493,406,398
1301353641,4151251799,18,480,90,402,462,312
970894939,260813174,0,499,62,436,499,374
894823186,102676265,110,387,47,470,277,423
1163027526,2762498972,6,468,105,392,462,287
1325222801,4240773338,0,499,0,499,499,499
922237368,170891410,75,427,4,491,352,487
1294867796,4124382470,83,415,0,499,332,499
1179912424,2994119550,63,435,0,499,372,499
1274744721,76731971,95,404,0,499,309,499
1174589898,2940639548,15,484,61,481,469,420
1105735157,1855835418,66,440,77,457,374,380
1250268134,3831364112,0,499,62,436,499,374
1318164820,4217350095,129,360,8,389,231,381
1272015916,3986436809,120,347,88,472,227,384
1320402674,4224453497,12,488,26,485,476,459
1174587026,2940638826,33,483,25,486,450,461
1289756138,4086159954,31,468,104,396,437,292
1208108191,3346051138,0,499,58,440,499,382
1282295504,4056002593,126,370,26,473,244,447
1191096465,3101490814,213,305,5,495,92,490
1296240253,4128300420,58,440,0,499,382,499
1238981137,3731230986,0,499,0,499,499,499
859673916,85930998,193,306,150,349,113,199
1285867118,4017681870,12,484,10,478,472,468
1311908056,4189056471,51,441,49,467,390,418
1285874780,4017685269,83,439,92,412,356,320
1223794941,3582496004,0,499,62,436,499,374
1178210430,2982329444,109,425,155,363,316,208
927606385,180670456,23,167,167,383,144,216
1088079503,1532007594,121,371,113,378,250,265
1323244738,4231786564,0,499,0,499,499,499
1238996011,3731547999,102,386,70,424,284,354
1313929194,4200918194,22,480,136,300,458,164
1322968621,4232369473,0,488,0,488,488,488
1176274410,2952335487,109,389,0,499,280,499
1253519531,3857173088,16,483,137,375,467,238
1273881195,3995251045,0,499,0,499,499,499
853917382,85159840,6,492,100,399,486,299
1268081290,3944553697,0,499,0,499,499,499
941620795,207151312,125,393,155,333,268,178
940790624,125299604,196,302,174,323,106,149
1304111971,4160950334,106,388,51,463,282,412
1024521,1266427,150,349,175,324,199,149
1257533131,3881471658,0,455,21,483,455,462
1142646743,2451305519,62,436,0,499,374,499
1198808845,2314757553,154,344,100,399,190,299
1264122228,3923186194,0,499,0,499,499,499
1156954391,2677261674,0,499,109,389,499,280
1313195483,4158393812,0,499,82,417,499,335
1244540924,3785187788,0,499,62,436,499,374
1209187350,3368563607,137,361,100,399,224,299
1309996973,4181947705,0,468,76,499,468,423
1107700431,1869297050,152,345,133,372,193,239
978738855,280161226,65,433,0,499,368,499
1159738909,2718408245,0,499,63,436,499,373
1311063969,4182118323,68,422,15,485,354,470
905844952,149505380,60,439,0,499,379,499
1315220762,4187657932,106,404,58,443,298,385
1268417013,3951005503,45,451,60,449,406,389
1176729328,2961252504,13,479,86,451,466,365
977982512,278570167,83,415,0,499,332,499
921482424,169025989,0,499,62,436,499,374
445952930,50246101,116,383,73,425,267,352
1153796356,1755706782,64,435,0,499,371,499
1240164494,3743853108,15,384,14,250,369,236
892211732,138876965,83,415,0,499,332,499
1092234107,1577115208,62,436,0,499,374,499
1129249984,2164809653,141,349,112,378,208,266
1204616035,3287633070,109,390,0,499,281,499
987483626,294302391,100,440,148,346,340,198
956434901,221732558,59,439,0,499,380,499
1020261235,522546843,0,499,233,266,499,33
1236109657,3705307462,0,499,62,436,499,374
1283542749,4061584005,0,499,0,499,499,499
941676216,207257878,160,329,144,356,169,212
1237261164,3716299186,0,400,114,350,400,236
1195470914,3170642285,92,408,92,416,316,324
1181444143,3002934264,5,478,19,481,473,462
1289905794,4089741662,133,396,160,475,263,315
1281419976,4050856409,0,499,0,499,499,499
1311435186,4187123750,52,469,28,473,417,445
1241408912,3756593642,207,292,190,308,85,118
1271041110,3975026847,0,499,0,499,499,499
1260720565,3895293702,0,499,0,499,499,499
1243846134,3776707090,69,462,113,375,393,262
879650583,110678737,62,436,0,499,374,499
1279181383,4037099575,58,449,63,443,391,380
1033356393,650183711,29,479,40,474,450,434
540315129,52943654,62,436,0,499,374,499
1318326143,257623495,14,449,91,413,435,322
1241414458,3756658460,187,306,163,335,119,172
1150653338,2578204619,87,412,7,490,325,483
1008939379,439680885,73,425,0,499,352,499
1202969425,3239260113,150,349,169,399,199,230
1309620062,4181372167,49,482,92,434,433,342
1198735407,278558862,198,334,117,388,136,271
1153380689,2615864278,0,499,62,436,499,374
1253470517,3856810136,64,439,58,454,375,396
1240298975,3746463877,79,419,4,495,340,491
1273876751,3990636216,62,436,0,499,374,499
1020106639,519559348,127,372,6,495,245,489
1009093970,439749279,73,425,0,499,352,499
1225886234,547601760,125,374,151,374,249,223
1230976443,1940513138,25,463,81,401,438,320
1265607360,3931891913,125,378,27,428,253,401
971427443,262164754,119,376,83,413,257,330
1273113677,3992563403,42,453,60,446,411,386
1266344519,3938140409,11,418,208,354,407,146
1110298136,1893908278,62,436,0,499,374,499
1238290839,3727584581,48,455,120,417,407,297
1255339262,3810740116,60,448,95,396,388,301
887376595,133578016,62,436,0,499,374,499
1301752500,4153240489,0,499,68,430,499,362
1209191511,3370624295,5,493,73,425,488,352
1247480099,3810740225,0,499,183,436,499,253
996084393,304801938,85,414,93,395,329,302
1253963288,3859485109,20,477,86,411,457,325
1286708277,4071958215,73,426,40,475,353,435
959218656,231451681,124,340,167,296,216,129
1154507118,2639725148,222,278,25,463,56,438
1192160424,3122707177,71,431,242,486,360,244
1316628184,4200948689,0,499,0,499,499,499
1283860574,4061620315,59,440,145,422,381,277
1225886445,532978679,125,374,133,365,249,232
1310880522,4184608909,35,461,148,352,426,204
1283493156,4061580907,0,499,0,499,499,499
1082756259,286618888,138,360,35,412,222,377
1275680623,4006528843,58,447,69,434,389,365
1226405770,3592383113,0,499,142,436,499,294
1130374059,2182273185,28,476,192,309,448,117
1309988875,1566864876,100,399,34,464,299,430
925845997,177508312,0,499,72,426,499,354
1235403261,3693444236,66,432,0,499,366,499
1174591674,2940640140,10,499,68,459,489,391
898833184,144549336,129,369,0,499,240,499
1192168889,3122801497,71,431,243,486,360,243
1307882467,4173008766,121,369,65,453,248,388
1266765676,3940009344,164,365,162,343,201,181
1269898882,3958278182,0,499,62,436,499,374
1328643529,4250695332,96,405,81,429,309,348
1036011916,695001406,0,499,109,389,499,280
971791010,263379489,115,363,112,374,248,262
1248415531,3814872490,4,492,17,480,488,463
957191274,223954347,0,499,62,436,499,374
1311995916,4189045592,0,499,0,499,499,499
1108739492,1878218191,110,389,36,463,279,427
1258797111,3887467844,92,397,27,413,305,386
1258513123,3885602847,24,480,134,376,456,242
1239450355,782645220,39,456,150,357,417,207
961550002,237885216,173,326,141,358,153,217
1027753450,575885762,112,140,238,262,28,24
451926630,50305732,134,365,137,362,231,225
1260347598,3893243621,127,487,85,329,360,244
1262298310,3903217338,87,409,11,486,322,475
1009346349,315537912,100,399,45,454,299,409
275584540,13132364,62,436,0,499,374,499
1208946871,3363092008,0,499,62,436,499,374
1272776140,3990165410,0,498,0,498,498,498
1206375679,2738250055,127,303,137,361,176,224
1192512243,3128808544,228,271,43,411,43,368
1273219996,3992590232,0,499,0,499,499,499
996078930,304799576,110,382,128,478,272,350
1311380678,4187114406,66,431,136,382,365,246
948587814,211342151,117,381,65,434,264,369
1045098826,867222360,84,422,17,479,338,462
894483382,123720169,84,414,0,499,330,499
895364327,86888495,69,398,12,443,329,431
1174592612,2940640353,40,459,52,472,419,420
1311883430,4188964738,0,498,94,383,498,289
875682885,118167634,56,443,0,464,387,464
1317940439,4215878724,0,499,0,499,499,499
1025672771,554024065,130,371,21,473,241,452
1092872998,1591351456,33,444,13,465,411,452
908202388,146566196,173,325,150,349,152,199
1319801613,4215036690,14,485,6,479,471,473
1224754999,3513759320,33,470,176,324,437,148
758471108,61232844,0,499,120,378,499,258
1304010204,4160805666,81,404,112,429,323,317
1292823839,3739420611,73,425,0,499,352,499
1190251253,2426481495,144,351,164,401,207,237
1066930695,1173353313,17,484,19,479,467,460
1294109095,4122228282,0,499,20,499,499,479
948730706,211455711,66,493,6,457,427,451
1196672794,3189778286,70,428,0,499,358,499
1307382062,4171236560,34,480,185,333,446,148
1295666635,4127461892,3,463,93,435,460,342
1283439178,3106114089,71,428,0,499,357,499
1276404276,4013138138,17,473,98,350,456,252
1262536579,3908875497,72,432,18,482,360,464
1243785497,3775998182,100,399,99,398,299,299
1057050712,1074841807,102,404,41,457,302,416
1277917742,4027522170,0,499,0,499,499,499
905536153,150045865,0,499,62,436,499,374
1269242822,3957449552,0,499,0,499,499,499
1078629613,1402484296,145,354,100,399,209,299
1273014906,3992382361,34,466,49,475,432,426
1255531704,3868447660,0,499,0,499,499,499
1156075543,2664721572,215,283,2,498,68,496
1274792458,248367434,90,409,0,499,319,499
1008190908,436110151,134,364,100,399,230,299
1233156851,3121615501,188,313,159,349,125,190
1307102067,4170588079,181,322,162,389,141,227
1253341921,81970272,72,426,0,499,354,499
1259126960,3887606739,41,461,123,394,420,271
1251288882,3839640325,110,389,54,445,279,391
1265194386,3928112281,21,453,155,340,432,185
1277429840,4023661245,70,429,145,354,359,209
1243432597,3773723365,19,480,95,403,461,308
1243176393,3770966832,136,365,0,477,229,477
1067966631,1186338820,116,382,116,375,266,259
1295949401,4127724771,0,499,0,499,499,499
1026781295,569542600,101,398,50,449,297,399
1275560956,4006495115,38,412,129,420,374,291
1190254281,2833039406,16,483,159,355,467,196
849490462,50604082,63,435,0,499,372,499
994023941,302085022,0,499,162,361,499,199
1323553224,4231859421,26,452,63,464,426,401
1192516022,3128812484,165,335,8,493,170,485
1243068623,3770347660,98,400,0,499,302,499
921959068,170207067,14,446,151,312,432,161
1287037738,4074712542,49,449,80,412,400,332
1316115478,4200871083,23,469,37,420,446,383
1132037305,2218010405,0,499,62,436,499,374
1267159261,3941810353,14,486,16,485,472,469
1032416359,622430124,9,461,88,413,452,325
959429758,230150738,0,499,62,436,499,374
1232446247,3662369189,0,499,62,436,499,374
1195501217,3170652623,0,499,0,499,499,499
1243405448,3773718417,19,480,20,479,461,459
905682500,150154952,53,445,0,499,392,499
1318623155,4215228470,55,476,14,499,421,485
1322710955,4231404548,0,499,0,397,499,397
104273130,3185814,0,499,27,464,499,437
1196814074,3199157944,140,364,151,327,224,176
1305098155,4164665656,106,388,51,463,282,412
1276447370,4013276326,15,475,91,490,460,399
925435038,177053282,80,419,162,337,339,175
1283702498,4061599187,50,451,131,386,401,255
1168533988,2849853103,23,483,162,337,460,175
1064906350,1143049936,109,389,20,479,280,459
1292391884,4108908846,0,387,145,369,387,224
1123891815,2060581029,62,436,0,499,374,499
995109562,303060549,86,411,21,476,325,455
1141839489,2442752195,101,403,10,452,302,442
896817584,62029582,93,406,12,486,313,474
921249958,168345301,203,330,33,282,127,249
1299083102,4139565394,2,496,18,496,494,478
1184100255,3005667220,71,428,0,499,357,499
971422978,262158795,222,276,105,396,54,291
1241978565,3761319569,62,436,0,499,374,499
1318275439,1199526110,184,311,10,479,127,469
1020391844,523400911,106,396,122,417,290,295
985456698,290210516,71,427,43,455,356,412
1283948624,4063208682,47,446,48,469,399,421
961864375,238438115,147,352,167,331,205,164
1015525200,485046544,26,466,113,360,440,247
1057867660,1082596891,70,429,0,499,359,499
1268607155,3951727807,29,484,29,465,455,436
1324078911,4233701887,54,455,130,370,401,240
1161567667,2740073358,89,412,0,499,323,499
1254499382,3861763830,0,499,0,499,499,499
879649187,125017338,80,419,10,489,339,479
948457447,210850589,0,499,62,436,499,374
1141374828,2430104180,144,354,100,399,210,299
1257886434,3883418490,118,348,37,469,230,432
1320005629,4215328117,38,317,177,467,279,290
1295367990,4126138058,83,415,0,499,332,499
1205825867,3312189782,100,499,10,491,399,481
1250705868,3835109737,69,430,77,422,361,345
1080006382,1440821422,62,436,0,499,374,499
883513397,128471192,113,396,210,338,283,128
1156930106,2678249291,76,414,24,480,338,456
1257222963,3879896971,124,367,184,363,243,179
963713094,19862570,62,436,0,499,374,499
1266352753,3748211037,0,499,62,436,499,374
1119407367,1998121709,110,365,123,371,255,248
926056585,177623464,0,499,62,436,499,374
1007738752,435319651,93,407,182,409,314,227
1282753640,4058940079,70,429,102,463,359,361
1255238848,3868409846,53,446,63,409,393,346
1260387216,3893245770,173,367,182,332,194,150
937953132,199150788,72,427,0,499,355,499
1169866402,2883281246,62,436,0,499,374,499
1244326379,3782771623,0,499,126,436,499,310
1168014962,2849849902,50,450,135,382,400,247
1256423929,3874303749,42,455,136,335,413,199
1244397702,3778406560,57,441,0,499,384,499
1261173900,3898707869,0,499,192,315,499,123
847828369,77442882,81,417,0,499,336,499
1020106644,519559344,5,495,99,376,490,277
1275665212,4006518423,0,499,0,499,499,499
974856851,272256917,0,499,62,436,499,374
1124990133,2086705884,39,474,106,394,435,288
973603189,145912715,118,381,0,499,263,499
1007590027,435068030,105,393,51,449,288,398
1027333302,570702722,115,383,50,449,268,399
710287379,58876193,62,436,0,499,374,499
468462730,50563690,100,399,52,446,299,394
928305332,181457228,0,499,98,400,499,302
1047764435,66848734,0,499,83,415,499,332
1038154763,745558120,39,455,153,323,416,170
856789877,81001163,90,409,0,499,319,499
1133718362,2263842433,162,318,35,471,156,436
1182500580,3007125064,14,485,0,499,471,499
1268880740,3953950421,0,499,0,499,499,499
1275211278,4004104724,0,499,0,499,499,499
1093940007,1611402469,8,492,133,377,484,244
1158120723,2695197350,41,449,18,464,408,446
1156655643,2675087795,106,401,152,365,295,213
1146383365,2205175078,161,336,17,494,175,477
1213611035,3450998238,100,399,50,449,299,399
1278821533,4035308656,109,389,0,499,280,499
878256350,123544925,150,349,107,391,199,284
1300461060,4146735528,21,458,61,465,437,404
1269048867,3955106955,0,499,0,499,499,499
1066178898,1162275128,57,425,173,364,368,191
1135474171,2309273548,37,485,19,487,448,468
1030975362,605749179,110,377,125,429,267,304
966010510,251454830,217,280,162,268,63,106
1310493565,4182433922,32,468,159,361,436,202
1234458665,3683911419,62,436,0,499,374,499
1018392787,510785407,173,324,103,428,151,325
991769330,299379565,72,427,0,499,355,499
902861290,93221112,62,436,0,499,374,499
1204197225,3287123269,75,423,10,491,348,481
1222004765,3568425328,0,499,0,499,499,499
1259182711,3887610485,28,452,63,464,424,401
1301866406,4153665338,0,499,1,498,499,497
1261173834,3898707859,0,499,173,330,499,157
1255893508,3872340249,62,434,110,407,372,297
1181690157,542470235,23,446,66,421,423,355
1239701973,3739049998,117,325,118,372,208,254
1093061143,1595648801,79,419,1,499,340,498
1215385196,3470118085,60,398,39,487,338,448
1146383124,546486651,22,476,97,382,454,285
623479833,55109685,66,433,0,499,367,499
1151336686,2582441038,50,449,100,399,399,299
1027335412,570713798,112,387,50,449,275,399
1268716892,3951838456,0,453,44,499,453,455
863575765,104200892,67,432,0,499,365,499
1273094127,3992510163,21,481,49,472,460,423
1290721843,4095919553,197,296,12,492,99,480
1273237268,3992592331,0,499,0,499,499,499
1260819548,3894930767,69,436,68,454,367,386
1009209454,438303953,82,417,0,499,335,499
1124814666,1161960537,0,499,62,436,499,374
957796579,225504376,131,365,168,332,234,164
1261369551,3898716051,83,416,9,499,333,490
1143218594,2462594181,42,469,24,469,427,445
1262852271,3911740430,11,480,102,404,469,302
1160410485,2723817014,160,339,178,325,179,147
1224827367,3521204616,52,494,66,425,442,359
930199627,183972772,0,499,62,436,499,374
1043075258,846962162,20,240,150,421,220,271
1303743417,4159400326,59,447,53,440,388,387
858820384,93571117,0,499,62,436,499,374
979815162,282713479,100,399,100,399,299,299
1114391721,1933155850,100,399,40,459,299,419
1272177407,3986443687,0,499,0,499,499,499
1321670479,4227459374,71,494,11,487,423,476
1072920733,1312361194,109,389,0,499,280,499
1275267021,4003952587,74,414,90,415,340,325
1265223055,3929899411,161,357,13,467,196,454
1269011071,3955075582,0,499,0,485,499,485
1047730967,911516282,0,499,62,436,499,374
1310502418,3789183522,85,413,0,499,328,499
1232199934,3657996290,14,483,12,492,469,480
1323991033,4235886164,0,499,0,499,499,499
1169345234,2873973179,64,435,0,499,371,499
1178458528,1697159172,29,491,10,491,462,481
1257676811,3881724430,75,370,46,456,295,410
1260351489,3893244023,25,466,123,447,441,324
1320254361,4215772236,31,427,49,461,396,412
1275987616,4010220788,90,428,55,410,338,355
1226975097,3604826076,0,499,0,499,499,499
1074649395,1337015775,0,499,62,436,499,374
856974648,6641754,72,426,0,499,354,499
1117993158,1978507110,78,437,88,447,359,359
1181063378,2999896619,0,499,98,499,499,401
1287880442,4079551103,125,402,160,402,277,242
1252627106,3850328288,0,499,154,436,499,282
1054355714,1042075983,73,427,0,499,354,499
891967387,124367573,75,424,0,499,349,499
1066776936,1171756061,0,499,0,499,499,499
1174594218,2940640687,194,283,172,358,89,186
300918324,5962875,66,433,0,499,367,499
1275060679,4004072711,47,438,75,448,391,373
892037425,138672352,130,369,77,421,239,344
1296139203,3744427160,100,399,1,498,299,497
1168039771,2850585271,75,426,113,379,351,266
1316292232,4200882780,35,476,48,444,441,396
1188546340,3067343670,18,476,185,480,458,295
1027224375,570616723,100,399,56,443,299,387
1289144763,4085981067,93,469,48,441,376,393
934572669,192498299,124,374,72,427,250,355
1190250916,2041884740,87,399,169,352,312,183
1257592610,3881236532,74,450,119,339,376,220
1323266264,4231688189,0,464,40,499,464,459
1167660177,2842740342,14,485,12,494,471,482
1240268758,3745583648,73,426,7,499,353,492
1292878238,4114342815,115,386,172,347,271,175
1241674125,3759394365,0,499,121,377,499,256
1255270116,3868623801,71,403,169,344,332,175
1323391669,4231833376,29,445,65,464,416,399
1249772867,3821927730,37,466,218,444,429,226
1264895605,3928053470,86,386,118,214,300,96
1219076280,3523487426,32,473,101,392,441,291
1055272255,1054388796,155,344,117,381,189,264
763470417,59452331,205,293,185,313,88,128
884188345,124564732,75,435,187,321,360,134
1311748359,3928870768,83,415,0,499,332,499
1241116696,3752984768,10,474,112,366,464,254
1260352135,3893198277,24,478,138,348,454,210
1004988944,407273244,54,445,0,499,391,499
1282542063,4057635475,42,447,37,474,405,437
1228219968,3614991313,0,499,62,436,499,374
1074623333,1336672092,104,270,113,357,166,244
1188462926,3065095749,0,499,62,436,499,374
1275473228,4000369650,0,499,124,376,499,252
833521029,52876888,0,499,61,438,499,377
1250949677,3836739077,0,499,0,425,499,425
1277496726,4019796443,192,314,54,458,122,404
1102413770,1794436962,62,436,0,499,374,499
1207335751,3339308336,35,443,67,477,408,410
1088862520,1545419908,0,499,109,389,499,280
1265221776,3929898792,224,297,3,491,73,488
1204668002,3295132349,5,498,146,354,493,208
1159013463,2679527007,0,499,109,389,499,280
1313436306,4197676003,44,280,114,415,236,301
1286773626,4076369626,26,475,62,409,449,347
1324000285,4235887108,86,372,149,352,286,203
1123810873,2062695035,152,346,100,399,194,299
1125111531,2088992964,6,492,0,499,486,499
1292252802,4108380691,20,486,89,396,466,307
1157669330,2688146495,122,397,122,273,275,151
975300447,211378830,112,379,109,457,267,348
1088183255,1532639202,0,499,0,498,499,498
1268431563,3951334297,25,481,197,336,456,139
1055395593,1059694549,119,380,71,357,261,286
1240862963,3750181012,42,456,0,499,414,499
1304057649,4160930045,106,388,51,463,282,412
150327030,4584654,139,360,96,402,221,306
1321335022,4227063439,61,467,99,365,406,266
1101240318,1755153452,106,400,33,461,294,428
1260968963,3896627997,166,271,343,476,105,133
1096149255,1643847459,0,499,104,395,499,291
613613668,54966469,62,436,0,499,374,499
1133293286,138767701,126,369,80,422,243,342
1297513713,4135637013,73,426,0,499,353,499
1260269128,3893192262,0,499,0,499,499,499
869108263,61684054,59,439,0,499,380,499
1270333384,3971380262,15,480,15,450,465,435
1020070178,519188130,145,344,196,295,199,99
1244540497,3785187479,0,499,138,436,499,298
1269733870,3962000717,0,499,1,497,499,496
1304645419,4162615587,84,415,0,499,331,499
1007448095,433118790,65,434,0,499,369,499
1205971249,1999080985,154,345,100,399,191,299
1078833873,1406629085,0,499,62,436,499,374
933253450,190106164,32,466,0,499,434,499
1040927786,821662330,63,436,0,499,373,499
1075370178,278578900,150,349,113,378,199,265
1208919200,3365786043,0,499,0,499,499,499
1094539696,1595324333,85,437,180,331,352,151
1264110233,3923185275,0,499,0,499,499,499
1190258940,2889342752,45,420,159,372,375,213
1265537997,3931683760,24,471,67,440,447,373
1005842841,418204909,8,409,116,391,401,275
1318164534,474495770,21,470,39,477,449,438
973017290,267139850,159,326,155,349,167,194
1203308491,3272444547,0,499,62,436,499,374
1293750082,4120420034,106,360,77,390,254,313
1308777741,4177860101,0,499,0,499,499,499
1026838695,569558443,103,396,50,449,293,399
864995361,107127632,12,459,34,458,447,424
1125218016,2088851904,21,448,128,375,427,247
1269012123,3953967495,0,499,47,449,499,402
1100072688,1711735673,110,389,52,446,279,394
1295220837,4125633555,133,356,20,472,223,452
1256921342,3875023279,16,454,175,432,438,257
1192214229,3123323844,0,499,63,436,499,373
949386053,212342777,382,401,151,276,19,125
1006390399,424045605,0,499,62,436,499,374
1323970279,4232365225,0,361,0,411,361,411
1243660207,3775276389,0,499,148,436,499,288
1252626095,3850031428,93,423,55,446,330,391
1097575766,1670150452,11,488,119,371,477,252
1325157264,4240471841,0,499,0,479,499,479
1244541497,3785188051,0,499,122,436,499,314
1143991672,2369549529,125,321,91,455,196,364
1098119297,1679894074,137,361,168,331,224,163
1150663668,2579227012,212,308,166,335,96,169
1092725057,1585689690,56,444,11,492,388,481
1128079233,2136403683,110,389,53,445,279,392
1240902016,3750740447,9,499,176,415,490,239
1230379930,86771462,180,319,164,349,139,185
1051630741,608139545,0,499,62,436,499,374
1277776636,4026079704,23,442,64,393,419,329
1258659049,3885526376,0,499,0,499,499,499
1293526038,4118642379,62,436,0,499,374,499
1316281299,4200882158,0,499,10,487,499,477
1231201892,3646277899,0,499,0,499,499,499
1303082817,4157459046,22,477,78,460,455,382
1128913413,1965442535,8,493,45,440,485,395
1237100199,201329898,256,298,158,283,42,125
1304041255,4160811730,0,260,157,499,260,342
1160748072,2725732692,8,492,150,355,484,205
1254527386,3861765154,0,499,0,499,499,499
1289163930,4085984570,49,453,115,419,404,304
1323139596,4231828721,55,449,63,442,394,379
1217285329,3489142946,62,436,0,499,374,499
940673481,204782982,90,409,130,369,319,239
949753634,212779437,72,426,0,499,354,499
1137853041,2352568248,0,499,109,389,499,280
1156072783,2664721133,4,498,203,297,494,94
1031814164,613935556,62,436,0,499,374,499
1246408864,3798831498,65,448,75,411,383,336
1311457787,278587241,100,399,56,443,299,387
1018391938,510785690,80,277,172,309,197,137
1211847880,3411117452,156,343,100,399,187,299
1304163288,4160985067,106,388,51,463,282,412
980009844,282826135,83,416,29,480,333,451
1237599531,3721549051,0,499,0,499,499,499
973096920,267742887,0,499,62,436,499,374
1216292799,3479856490,79,419,0,499,340,499
1269770159,3962599776,0,499,62,436,499,374
1248397313,3814887365,162,335,49,455,173,406
1122175254,2046481964,0,499,62,436,499,374
1166632029,2823072930,176,323,79,417,147,338
1245645041,3793573515,19,480,47,317,461,270
1319422638,4214363663,191,389,100,458,198,358
1043860287,853903884,6,496,218,280,490,62
916856346,161979359,0,499,143,355,499,212
863096964,103521255,71,349,171,323,278,152
856880334,85423087,190,309,160,339,119,179
1311064119,4182118326,79,417,12,487,338,475
1307364057,4171235580,0,375,0,470,375,470
1275296527,4004135226,54,440,82,436,386,354
971432633,262169328,116,389,107,391,273,284
1283873783,4061620933,155,341,147,440,186,293
1260341711,3893243172,15,445,55,477,430,422
1261398352,3898720094,0,499,0,499,499,499
1108314033,1867234166,0,499,62,436,499,374
1305707648,4164562097,58,440,0,499,382,499
1139554253,2393897381,88,410,0,499,322,499
1265208062,3929890089,21,484,73,499,463,426
1009301555,440647535,114,384,50,449,270,399
872642486,117989332,71,427,0,499,356,499
1252914922,3853519562,0,499,83,415,499,332
1301557918,4150999269,12,483,32,472,471,440
1174593793,2940640525,54,467,86,477,413,391
1238342285,3724921631,62,436,0,499,374,499
1245228918,3789609019,51,450,76,493,399,417
862309187,101998122,0,499,62,436,499,374
1259322912,3887628321,94,419,87,402,325,315
978739248,280166559,67,431,0,499,364,499
1174591993,2940640229,150,354,160,347,204,187
1172791600,2920940589,1,497,0,499,496,499
1192160418,3122707174,71,431,242,486,360,244
1308823732,278801516,100,399,60,449,299,389
1321438106,4222996239,28,447,202,317,419,115
871460357,111733826,220,279,208,292,59,84
1100074213,1711731889,180,319,153,346,139,193
1303071349,4157458192,0,477,24,499,477,475
1273547407,3992753311,89,431,81,413,342,332
1167983056,2847374393,91,407,0,499,316,499
1275060999,4004326771,0,499,62,437,499,375
1259118374,3887605957,0,429,80,499,429,419
1310877865,4184548616,63,441,25,486,378,461
1261394136,3898719769,0,499,241,259,499,18
959814499,233771338,170,329,137,361,159,224
1273133975,3992404668,39,448,126,360,409,234
1253164464,3854441526,13,481,42,461,468,419
1198926464,3221737084,62,436,0,499,374,499
893667352,141620245,68,431,0,499,363,499
1139997913,2402489862,79,419,0,499,340,499
853996141,85263896,196,303,175,324,107,149
1256524736,3874389115,151,353,47,455,202,408
588134730,54375543,135,331,90,438,196,348
1043840945,853456156,131,373,0,499,242,499
276935330,5667838,200,304,84,415,104,331
941622279,207151536,171,302,184,332,131,148
1005830083,418187518,29,486,1,483,457,482
1020306499,522711901,120,306,227,271,186,44
1105823839,1841000301,154,345,110,389,191,279
1192191510,3123096678,71,431,249,486,360,237
1241432237,3756622439,0,499,62,436,499,374
1270515962,3971922422,56,458,163,404,402,241
1304121062,4160951185,106,388,51,463,282,412
1079993224,683575920,145,353,100,399,208,299
1265214644,3929900524,0,499,0,499,499,499
1123051202,2033310094,120,378,122,413,258,291
1241285881,3716120722,180,319,210,289,139,79
1234768503,3690292529,84,404,37,438,320,401
1114609319,1480176995,100,403,103,415,303,312
1299052076,121703453,76,423,0,499,347,499
1307365840,4171235643,54,429,150,385,375,235
1248715967,3816716762,8,479,6,496,471,490
1324193092,4236297589,40,289,146,360,249,214
1282010273,4050755525,18,456,62,462,438,400
1235363445,3692984837,175,311,146,340,136,194
1214290871,3460619392,0,499,0,477,499,477
1310616035,4184531262,105,394,126,394,289,268
1124133936,444811737,144,355,100,399,211,299
1203463947,3277810175,135,379,33,474,244,441
1323669726,4234259630,218,251,217,380,33,163
1167679241,2843165230,139,478,16,463,339,447
1108738024,1878218260,110,389,52,446,279,394
941622113,207151291,164,335,189,290,171,101
1303680685,4159315435,106,388,51,463,282,412
1267305262,3942396103,145,368,10,456,223,446
1026988232,569962542,100,399,63,435,299,372
1277496143,4019796400,5,469,85,499,464,414
1007615846,435042700,62,436,0,499,374,499
1204201595,3287129953,52,441,8,490,389,482
1251623880,3844283465,49,460,4,499,411,495
996434804,308984219,110,360,194,367,250,173
1250960657,3836821096,0,489,20,499,489,479
921948276,170165564,215,286,209,244,71,35
1192170097,3122834864,71,431,242,486,360,244
1233230189,3675730675,100,396,10,494,296,484
1028040363,579274505,29,469,106,391,440,285
1273238576,3992540518,42,461,51,450,419,399
1271135071,3975764093,0,499,62,437,499,375
868861196,112630617,204,294,185,314,90,129
915485156,160183857,214,284,0,499,70,499
1239959604,3742723372,0,499,63,436,499,373
1008061215,435866163,104,394,50,449,290,399
916691061,161790015,62,436,0,499,374,499
1204143601,3284785945,0,499,133,365,499,232
1094814621,1623908784,68,430,0,499,362,499
1278900512,4037566876,68,430,9,461,362,452
1174589826,2940639536,7,493,56,481,486,425
1215361463,3470095056,81,475,12,486,394,474
1244537373,3785101983,57,433,72,436,376,364
1258429095,3883446144,0,499,0,499,499,499
845085198,73763907,79,420,0,499,341,499
1191055201,3101180170,8,491,8,490,483,482
1166218150,2811081502,98,401,106,393,303,287
1206167983,3320653647,103,435,143,457,332,314
1216259674,3476734932,83,407,110,372,324,262
1192185938,3123034434,68,432,22,488,364,466
1027267539,570715216,115,383,50,449,268,399
889298942,135492706,127,385,63,476,258,413
1242119585,3762614733,11,488,77,417,477,340
1004083954,83837400,0,499,62,436,499,374
1317103903,4211701509,0,499,0,499,499,499
1322019108,4229798837,40,410,40,482,370,442
1317189053,4211528741,0,499,0,499,499,499
1096050167,1641065666,62,436,0,499,374,499
1282756914,4058941477,0,499,0,499,499,499
1241781093,3760779635,67,409,126,383,342,257
1259099620,3887604765,19,476,137,427,457,290
940799794,205143288,137,351,181,415,214,234
1256101194,3873229053,0,499,0,499,499,499
1167455267,2836144170,0,499,62,436,499,374
245095330,3398037,71,427,0,499,356,499
1323233733,4231851644,0,499,0,499,499,499
1298542496,4139983038,21,481,130,349,460,219
937682414,198760423,90,409,26,472,319,446
1319430391,4214364249,14,474,24,428,460,404
1264039674,3923102292,59,466,51,499,407,448
1156652217,2675086208,110,304,126,345,194,219
1304172500,4160987049,106,388,51,463,282,412
1179814609,210473466,55,442,0,498,387,498
1316703770,4200956156,0,499,0,499,499,499
1292903297,4113734016,39,464,88,437,425,349
1317956609,4215700983,18,478,112,383,460,271
1096469949,1651632507,0,499,62,436,499,374
1031000720,606038256,111,387,0,499,276,499
1265226306,3929900178,0,499,0,499,499,499
1304127543,4149004047,6,491,133,293,485,160
1167633857,2841850959,0,499,156,342,499,186
1027354700,570686215,58,441,0,499,383,499
886940087,132611744,76,423,0,499,347,499
975929663,211379337,92,410,16,489,318,473
1269776759,3962605564,0,499,0,499,499,499
1315708816,4206701920,0,499,62,436,499,374
1247849589,3813571337,0,499,123,436,499,313
1027323180,570707933,101,397,50,449,296,399
1317275710,4210988883,20,499,8,499,479,491
1305326698,4165064397,0,499,19,499,499,480
1016550050,196015795,191,316,23,470,125,447
1163748648,2769035081,62,436,0,499,374,499
995608970,303886488,128,370,51,447,242,396
1232935029,3670581290,88,411,0,499,323,499
1257589222,3881984569,66,409,96,414,343,318
1283410352,4060751009,72,426,0,499,354,499
1098950913,1690030841,0,499,62,436,499,374
971583660,262531712,0,499,62,436,499,374
1289489022,4088819458,0,499,109,389,499,280
1227396564,2286408120,64,434,0,499,370,499
941621774,207151474,98,403,149,354,305,205
1205396956,3303148783,0,499,0,499,499,499
1234867765,61627001,138,369,33,475,231,442
1192183352,3123018289,68,432,22,488,364,466
1254523282,3861833575,41,488,4,441,447,437
1323873994,4234090863,0,499,0,499,499,499
1133417469,2249586040,0,499,62,436,499,374
876616634,121964501,77,421,43,455,344,412
1306547801,4167077634,106,388,51,463,282,412
1285958969,4065757965,69,430,0,499,361,499
1239404334,3737632151,0,499,0,499,499,499
1311390480,4187380577,17,482,192,399,465,207
907297962,86650303,165,334,166,371,169,205
750362951,60885791,60,438,0,499,378,499
1255738447,3871089654,31,461,60,441,430,381
1295854447,4128024234,58,440,0,499,382,499
1106019701,1859918165,157,340,105,394,183,289
1275060841,4004072767,45,448,69,448,403,379
921752452,89821711,62,436,0,499,374,499
1100362363,1719635663,49,450,0,499,401,499
1248394668,3814884555,5,496,74,430,491,356
876930831,122299230,0,499,62,436,499,374
1123676645,2060581014,177,323,150,349,146,199
1288070563,4079555143,0,499,0,499,499,499
1266514122,3938620997,2,475,157,490,473,333
899047589,145033684,76,423,10,489,347,479
1145962623,2501477028,91,413,15,485,322,470
904377514,149781255,78,413,25,461,335,436
1213099043,3441174637,57,442,54,420,385,366
1304400187,1867111329,86,413,0,499,327,499
1307456654,4168852153,50,443,78,455,393,377
1134171677,2274448835,0,499,0,499,499,499
1265636990,3931448900,62,436,0,499,374,499
1279096783,4037092199,40,457,64,457,417,393
977599412,278510641,56,443,0,499,387,499
1260348659,3893243899,56,464,114,443,408,329
1044675773,859217584,0,499,62,436,499,374
1310866463,4184607881,48,458,46,483,410,437
1047573212,919887003,133,370,30,484,237,454
1054189350,1037252283,70,428,0,499,358,499
1044959147,272915696,63,436,0,498,373,498
1321004879,4221660885,0,499,29,499,499,470
1026030624,558951787,0,499,62,436,499,374
1155894687,2659768781,27,471,54,472,444,418
1274426280,78218496,58,440,0,499,382,499
1276427586,4013272084,0,499,0,499,499,499
1066930468,1173353308,17,484,19,479,467,460
1288027467,4079554338,0,485,0,485,485,485
1305472304,541981355,89,416,12,491,327,479
1113100587,1832988182,19,482,36,474,463,438
1304412358,4162569181,51,449,4,450,398,446
1228933068,3621628968,0,499,48,453,499,405
1239284525,3736104304,0,499,89,410,499,321
1158120638,2695197193,23,465,79,478,442,399
1280328889,4044246843,0,499,0,499,499,499
1279657568,17260490,85,413,0,499,328,499
1313261036,4197501458,0,499,0,499,499,499
1283579896,4061482271,119,376,43,473,257,430
958592056,187187262,100,399,137,361,299,224
1246038971,3796900269,69,461,129,359,392,230
1265926691,3935744367,77,438,86,403,361,317
1007496216,435019247,67,432,0,499,365,499
502388149,51931661,78,420,0,499,342,499
830664393,63100928,90,409,130,369,319,239
971422047,262158389,110,389,219,283,279,64
1182304019,3006401207,172,326,214,309,154,95
972920308,266991603,68,430,0,499,362,499
1304028388,4160809141,28,496,5,496,468,491
988853620,295973057,68,431,0,499,363,499
1276434533,4013273432,33,488,17,487,455,470
1100160760,1713956925,169,329,137,361,160,224
1211983347,3414348495,8,455,40,491,447,451
1241423141,3756671685,220,278,193,312,58,119
1310041242,4181951158,7,494,4,491,487,487
1323670147,4234141290,24,499,36,499,475,463
1255353045,3868420745,72,402,70,447,330,377
878639229,123947980,0,499,26,472,499,446
1283818985,4061616987,56,464,126,374,408,248
1190866587,3098368234,62,412,26,463,350,437
1008192360,436098409,150,349,110,389,199,279
844517980,72667416,0,499,62,436,499,374
1283550165,4061480584,0,499,0,499,499,499
1116798284,1965192591,0,499,109,389,499,280
1257861511,3883201707,69,435,77,440,366,363
1129916827,2173730015,79,419,0,499,340,499
1299545008,4141703147,157,426,42,457,269,415
1189816256,3085447498,73,426,49,499,353,450
956069977,220939556,162,321,222,310,159,88
1295220729,4125633531,135,364,27,480,229,453
1268740880,3936362802,33,452,50,490,419,440
1275665857,4006518760,0,499,0,499,499,499
1318097105,1357480519,35,433,74,424,398,350
969927614,258076567,129,364,91,406,235,315
1262733125,3910821646,18,477,74,451,459,377
1010233642,445216732,154,343,133,365,189,232
1316249612,4200880329,20,499,33,466,479,433
1133941797,2137757098,147,352,100,399,205,299
1276320265,4012662951,0,463,204,499,463,295
1027014597,569867355,111,387,50,449,276,399
1261429539,3898729577,0,499,0,499,499,499
1119286625,1995039487,62,436,0,499,374,499
1301416973,4151258103,0,499,0,499,499,499
1156484348,2670860917,79,419,0,499,340,499
833336396,63939392,60,438,0,499,378,499
1209410578,3377003053,28,462,212,288,434,76
1255356922,3868420992,55,444,72,407,389,335
1270580649,3972426780,0,499,30,499,499,469
1240364339,3746871004,0,499,65,434,499,369
1053512715,292642588,26,303,158,413,277,255
1217783934,3478523194,120,379,100,399,259,299
99877030,1949505,54,444,0,499,390,499
1191423996,3107233814,192,308,20,482,116,462
1188245598,3062020932,169,286,186,283,117,97
1316092346,4200868658,23,478,42,464,455,422
854981678,87914179,196,303,175,324,107,149
1273748536,3992784737,0,499,0,499,499,499
987551210,294403395,120,381,88,448,261,360
1322258235,4229836681,39,470,20,478,431,458
1255174040,3868887566,0,499,0,499,499,499
1075016064,1342097650,111,383,91,413,272,322
1297757569,4137060382,13,492,30,479,479,449
1239723492,278511076,100,399,17,457,299,440
835435533,69529540,62,436,0,499,374,499
1307461437,4169066395,45,454,113,375,409,262
972194318,264546063,110,393,153,346,283,193
1275991710,4010220899,0,499,0,491,499,491
1279316430,4037124396,42,446,123,347,404,224
1276311825,4012662193,0,499,0,499,499,499
910408327,1022446,80,419,12,486,339,474
1192264262,3125307702,59,455,26,474,396,448
1250248420,3831234067,85,478,192,328,393,136
1231757107,3650468080,62,436,0,499,374,499
874728247,117836107,103,395,0,499,292,499
1277401731,4023345380,114,385,26,473,271,447
1307522386,4171429462,0,499,0,499,499,499
1266675182,3939552002,0,499,0,499,499,499
1176503842,2958499708,14,484,147,355,470,208
998293011,334562723,10,489,10,489,479,479
1323079315,4232650772,0,499,0,499,499,499
1230294541,3635676130,0,499,85,414,499,329
872223255,117353433,0,499,62,436,499,374
1111728667,229541824,93,406,12,486,313,474
1318882056,4220215183,19,492,70,441,473,371
1128623127,2151623756,54,312,99,409,258,310
1041874259,834261634,121,378,50,449,257,399
1137900004,2356122171,79,425,22,475,346,453
1110790818,1904327442,72,426,1,499,354,498
896548584,83399861,91,407,12,486,316,474
1277776486,4026079652,40,458,45,405,418,360
1257414095,3881319780,0,499,0,499,499,499
1165517689,2804629479,176,344,160,350,168,190
1220584267,3548741171,109,389,0,499,280,499
1314314401,3992155056,41,479,195,313,438,118
1248447076,3814941819,86,407,132,371,321,239
1283716761,4061605935,0,499,0,499,499,499
1275313672,4003958948,0,499,0,499,499,499
1318316935,778907049,31,474,102,376,443,274
1065884085,1155724904,61,437,0,499,376,499
1007530745,435024123,100,399,50,449,299,399
1289194937,4086226329,33,456,98,415,423,317
854308998,86805495,196,303,175,324,107,149
1192667555,3130797936,84,415,0,499,331,499
1254489774,3861779801,53,499,29,435,446,406
884256120,129655209,85,413,0,499,328,499
877083079,122451110,60,445,97,393,385,296
1262722255,3910807464,165,346,334,485,181,151
1314932970,4204282629,196,300,155,440,104,285
1263666657,2602703138,62,437,0,499,375,499
1294966185,85727945,62,436,0,499,374,499
1135263374,2305159641,0,499,80,499,499,419
1026832078,569605898,107,391,50,449,284,399
1299293014,4141676051,52,447,58,442,395,384
1279287283,4037121901,73,443,73,499,370,426
1048755505,945583555,0,499,62,436,499,374
927606463,180669483,215,284,15,477,69,462
1290594988,4095093344,0,499,0,499,499,499
1175784977,2950690673,62,436,0,499,374,499
991801362,299492741,197,293,137,328,96,191
1193635105,3148096845,82,416,116,410,334,294
1276067522,4010225531,136,409,153,367,273,214
1320212006,4215674012,45,464,94,378,419,284
1050947205,969121036,117,383,23,481,266,458
1211783608,3410054692,0,499,0,499,499,499
1126764139,2106824654,0,498,0,499,498,499
1240821834,3749843258,110,389,54,445,279,391
1213061980,3439675612,150,347,88,429,197,341
1113570485,1924167156,42,458,96,444,416,348
1270219971,3969948837,198,360,173,383,162,210
1286521777,4075133824,0,499,89,409,499,320
941621759,207151337,174,326,201,312,152,111
1227016669,3604828772,0,499,0,499,499,499
1319269825,4218752940,0,499,7,499,499,492
1251499274,3843083853,75,433,14,498,358,484
1179962406,2993983217,0,499,85,414,499,329
1006503869,425142387,78,391,39,463,313,424
1292761711,4108898317,7,487,105,436,480,331
1038809475,766393027,62,436,0,499,374,499
1158716928,2702868980,0,499,69,437,499,368
1129254026,2165175435,156,343,100,399,187,299
673319333,56573938,219,269,237,289,50,52
974928559,272402947,0,499,68,430,499,362
1305170462,4164674416,106,388,51,463,282,412
1243423141,3773722422,39,470,62,425,431,363
1018396218,510785964,78,365,208,416,287,208
1297317019,2063804268,73,426,0,499,353,499
1290721678,4095918999,57,435,44,458,378,414
1240187964,3744171063,69,438,152,381,369,229
1102569272,1803494775,0,499,62,436,499,374
1152107100,2599148415,0,499,0,499,499,499
942099182,207680953,124,402,10,499,278,489
857884005,86324884,192,307,160,339,115,179
1108954751,1879821326,0,499,62,436,499,374
1270324204,3971188576,110,393,48,451,283,403
1003987496,397061171,0,499,45,453,499,408
874732069,67321837,73,425,14,499,352,485
1311191511,4184450328,104,404,24,484,300,460
1270201634,3969254858,0,499,0,499,499,499
1127197582,2118771192,9,466,91,416,457,325
1220373863,3540947407,128,390,21,488,262,467
1267306434,3942512051,134,367,163,350,233,187
874728491,67893709,71,427,45,454,356,409
1200894300,2087557207,24,470,68,361,446,293
1068213235,1190507232,51,445,1,496,394,495
1265905928,3935619803,11,488,131,351,477,220
963261796,242885095,12,484,82,420,472,338
1292394440,4108905813,0,499,0,499,499,499
1323282446,4231690365,149,450,202,321,301,119
1007674996,435051775,57,441,0,499,384,499
1165765041,2444240192,79,419,0,499,340,499
1225802859,3591581801,0,499,142,436,499,294
1267315414,3942397600,27,442,143,319,415,176
1237565572,3721433747,193,194,230,278,1,48
957276295,224157354,198,294,199,287,96,88
1086464706,1512360531,109,389,0,499,280,499
1188462909,3065095731,0,499,62,436,499,374
1249940921,3827754427,215,343,114,424,128,310
1132239238,2222550645,169,295,203,321,126,118
1111309461,1910776672,32,467,95,406,435,311
964937023,248686217,163,351,168,350,188,182
1248838994,3817898067,16,487,193,307,471,114
1250268364,3831364254,0,499,62,436,499,374
1258685558,3885556322,18,486,42,478,468,436
927164940,339048,62,436,0,499,374,499
963698178,244223155,178,322,140,373,144,233
1240704005,3749088650,104,395,0,499,291,499
1313833254,4200626080,50,449,50,449,399,399
1301016743,4105613835,20,476,118,356,456,238
1225666889,3493235812,134,311,165,318,177,153
1066422158,1166031287,87,412,0,499,325,499
894972867,67425128,93,391,30,486,298,456
1265107247,3929574381,0,499,0,499,499,499
1098368432,1678429400,0,499,62,436,499,374
972843165,266589305,73,426,0,499,353,499
1096609729,1657065095,96,390,139,363,294,224
854222771,85756283,70,429,0,499,359,499
1252082008,3842694985,128,370,0,499,242,499
1279006387,4037799728,0,454,55,499,454,444
1275708815,4006536710,21,472,98,470,451,372
876998491,122342211,0,499,63,436,499,373
1075751835,1352140455,109,390,62,436,281,374
991662643,299224041,0,499,62,436,499,374
1262278340,3906573067,131,377,69,424,246,355
1139431283,2377602897,70,428,4,496,358,492
1315403427,4205114125,35,444,70,462,409,392
1139618844,2375692554,94,376,67,423,282,356
1260368273,3893244802,78,481,162,474,403,312
1293748230,4120408275,172,477,103,461,305,358
1226059733,3595129351,282,339,154,255,57,101
1275252737,4003949442,73,440,72,426,367,354
305796725,1959665,69,429,0,499,360,499
1244540627,3785187516,0,499,122,436,499,314
939063090,201533874,132,366,100,399,234,299
1100059685,1711735744,110,389,57,441,279,384
1188698373,3070628102,0,499,62,436,499,374
941621993,207151502,112,383,156,348,271,192
916204059,83213329,62,436,0,499,374,499
1316209268,4200877784,0,499,0,499,499,499
958020758,226302004,0,499,62,436,499,374
1225663349,3456711297,125,359,130,338,234,208
1325276870,4240795440,57,330,279,449,273,170
1282540759,4057543989,136,367,165,323,231,158
1277439132,3673189610,107,392,0,499,285,499
1194577454,3148957690,62,436,0,499,374,499
1256093862,3873228416,0,499,0,499,499,499
1122120552,143563922,90,409,0,499,319,499
1243403091,3773717922,19,480,75,420,461,345
1250268404,3831364262,0,499,62,436,499,374
1283550061,4061584174,0,499,0,499,499,499
1229481484,2786666607,153,346,100,399,193,299
1008328471,436988741,80,419,0,499,339,499
1169885217,2850653565,93,397,43,428,304,385
1044221626,82421217,0,499,0,499,499,499
1289067084,4085964260,113,386,27,486,273,459
1310614145,4182262726,23,484,185,341,461,156
1282002709,4050751361,143,367,64,452,224,388
877341908,122693283,62,436,0,499,374,499
998482120,334573708,0,423,0,418,423,418
859954877,92885440,68,431,0,499,363,499
1258507109,3885602716,174,319,66,435,145,369
1199081502,3222449001,0,499,62,436,499,374
1027262769,570649679,110,389,50,449,279,399
1302393788,4154835217,235,257,252,256,22,4
1307841294,4172829587,88,499,83,415,411,332
1192929267,3127411032,113,382,168,341,269,173
1167194198,2830422719,0,499,109,389,499,280
1321982972,4229660412,98,396,39,469,298,430
947204280,208857287,70,428,0,499,358,499
1055253877,1056053224,94,405,27,471,311,444
941621951,207151549,160,320,183,344,160,161
1257541606,3881706380,55,449,50,418,394,368
941678462,207258050,112,382,152,359,270,207
941678009,207196192,149,347,146,345,198,199
1028888936,589264275,78,420,0,499,342,499
1249533270,3819977571,176,326,176,322,150,146
1205397055,3303148799,29,470,64,428,441,364
1316250742,4200880658,53,433,89,397,380,308
1273156892,3992522635,0,499,0,499,499,499
1312828896,4196191804,62,436,0,499,374,499
1248612621,3816777707,62,437,0,499,375,499
1075828389,3952096170,0,499,3,496,499,493
905285691,149878680,191,304,194,309,113,115
1144339500,1960326516,48,454,134,367,406,233
1137973415,2357779029,81,409,101,446,328,345
1248862229,3817906367,57,441,0,498,384,498
1261747043,3900931074,0,499,0,499,499,499
1253467736,3856810034,18,447,27,499,429,472
1174593396,2940640461,4,496,75,481,492,406
1009228399,440555532,150,349,118,380,199,262
1297477868,567597577,73,427,0,499,354,499
1250279312,3831652844,31,468,104,396,437,292
996053296,304303617,0,499,0,499,499,499
1113098106,1832987245,136,343,55,207,207,152
1268424400,3951006136,30,459,162,360,429,198
1092067441,1573883769,0,499,115,384,499,269
1029511484,591830001,81,343,129,379,262,250
1305129436,4164670440,106,388,51,463,282,412
1197543555,3208428877,34,466,92,419,432,327
1195259136,3166434863,57,439,108,398,382,290
1266506028,3938617566,9,475,168,486,466,318
979098021,280934248,76,423,0,499,347,499
1105823310,1857044746,152,346,100,399,194,299
1257236764,3879893292,40,467,30,471,427,441
1211558083,3403689933,0,499,62,436,499,374
1027036121,569630296,100,399,52,446,299,394
1273860749,3995249218,0,499,0,499,499,499
1064856260,1142873649,68,431,0,499,363,499
1237541819,3721225104,64,435,0,499,371,499
980681253,283921656,71,428,0,499,357,499
1275415270,4004198498,60,447,55,436,387,381
1081762777,1455484746,153,345,100,399,192,299
1076302546,1358340648,0,499,62,436,499,374
1310721455,4182273312,87,414,156,351,327,195
1324196201,4235882084,0,499,0,499,499,499
908009396,152463474,97,423,0,484,326,484
1173386892,2927729884,3,487,0,499,484,499
1314388373,4202301926,31,464,28,480,433,452
1275086607,4004074406,16,467,59,468,451,409
1308949404,4173242690,138,360,94,404,222,310
1239084777,3732686275,0,499,0,499,499,499
1276445392,4013276082,0,499,0,499,499,499
1290610281,4092605566,62,436,0,499,374,499
1013195881,464632286,168,357,33,494,189,461
1132824744,2233653957,141,357,100,399,216,299
1262537977,3908516707,107,392,23,483,285,460
1007187585,433255349,191,306,190,283,115,93
1287835527,4079436528,0,499,0,489,499,489
1047916164,934108277,168,336,28,485,168,457
1257130267,3878856399,219,407,71,430,188,359
878432645,62000873,150,349,107,391,199,284
937566952,198414660,143,352,28,484,209,456
940369917,203779969,0,499,116,382,499,266
1307063335,3211249251,118,359,109,287,241,178
946687253,161999894,4,495,128,371,491,243
1313418852,4197673544,87,420,119,421,333,302
1260285490,3893195970,54,416,45,430,362,385
1142199557,2448285268,70,428,11,483,358,472
938202077,199843658,112,397,14,486,285,472
1230842720,3641512621,62,436,0,499,374,499
1257027649,3877096694,50,405,385,475,355,90
1223059221,3578691949,0,499,0,499,499,499
250142237,5181589,72,426,0,499,354,499
911263908,155469881,81,417,0,499,336,499
1273345092,3992619040,16,458,59,473,442,414
1229571966,3625788855,229,273,227,273,44,46
1049325203,947190524,75,424,18,480,349,462
1279356556,4037128479,36,455,55,447,419,392
1061455094,59151942,88,410,0,499,322,499
1284473606,3969948906,44,451,66,454,407,388
914685990,159177770,82,423,1,499,341,498
1210114215,3378875479,0,499,62,436,499,374
1225663473,3563429289,130,374,164,374,244,210
1277061257,4014146458,6,499,12,499,493,487
1047511580,914182960,86,412,0,499,326,499
1027758832,575938229,14,486,76,421,472,345
1264349598,3923198410,14,468,18,485,454,467
1312372960,4194026862,0,499,0,499,499,499
848859191,70450307,146,353,26,473,207,447
1158385299,2694392215,196,429,17,434,233,417
1319134794,4214006450,46,448,56,453,402,397
1252627317,3850328368,0,499,169,436,499,267
1039908404,803707765,180,317,4,493,137,489
1249535234,3819982104,178,315,200,304,137,104
1324144980,4236042770,117,339,56,439,222,383
1062462091,1114868829,123,362,18,479,239,461
1289132508,4086054052,13,485,217,280,472,63
1269771514,3962600441,0,499,62,436,499,374
1300872302,4149256321,62,436,0,499,374,499
1282816888,4057763247,20,483,94,429,463,335
858410948,58490381,92,407,0,499,315,499
1275194690,4003933309,0,499,0,499,499,499
1283500873,4061479207,0,497,0,442,497,442
1255053957,1100398499,100,399,19,479,299,460
133612930,3802802,71,427,1,497,356,496
1276757699,4016003092,104,393,70,439,289,369
856062744,609962,62,436,0,499,374,499
1275144411,4003924610,40,465,34,459,425,425
1279010866,4037574054,50,468,86,401,418,315
1254732578,3864840295,11,480,103,407,469,304
1168021308,2849979024,49,450,103,405,401,302
1310123283,4182219720,0,499,0,499,499,499
1142150620,2447423802,137,361,100,399,224,299
1263898160,3921318569,83,435,47,457,352,410
1244286337,3782160124,16,486,69,431,470,362
1301540277,4150997790,30,480,137,472,450,335
1077603382,1376180774,71,427,0,499,356,499
1262547848,3908876148,29,462,25,475,433,450
1295600003,4127295434,60,448,118,448,388,330
1273152576,3993169742,256,298,158,283,42,125
1198176739,841664889,167,333,174,384,166,210
113804630,3492253,83,415,0,499,332,499
1321995242,4229797269,31,487,6,484,456,478
1307404334,4171425310,27,463,52,466,436,414
1258656392,3886142116,79,419,0,499,340,499
1274374625,2635815096,14,485,0,499,471,499
1262601061,3908520639,0,499,0,486,499,486
1203070048,3226779833,72,427,0,499,355,499
1121208596,2033307645,113,385,14,485,272,471
1250258311,3831236550,0,476,0,490,476,490
1269491793,3959349169,0,499,65,499,499,434
896256110,1880614,100,399,12,486,299,474
1069785628,1256046635,79,419,1,499,340,498
1287982345,4079553887,86,429,31,471,343,440
854626455,87540714,34,465,0,499,431,499
1279153945,4037096350,61,435,75,435,374,360
1252628030,3850328820,0,499,62,436,499,374
1323763876,4234273914,0,499,0,499,499,499
178296330,5558727,0,499,19,479,499,460
1243385368,3773726465,29,472,131,471,443,340
1275630256,4006507927,0,499,64,499,499,435
588134430,54375540,128,306,208,352,178,144
1268535598,3531195477,100,399,70,492,299,422
914257210,158712857,26,468,121,381,442,260
1109663117,1892729277,80,425,157,373,345,216
557079400,53626753,62,436,0,499,374,499
1046715227,465694640,6,486,80,418,480,338
1261376545,3898716864,100,382,18,475,282,457
1026812850,569551889,109,389,50,449,280,399
1245643294,3793571134,35,471,69,439,436,370
1317243183,4210986926,71,418,32,474,347,442
1321592131,4223058238,97,388,23,451,291,428
1321700293,4228837742,0,498,0,499,498,499
1227167135,3607251784,16,439,0,436,423,436
1132402956,2225745672,109,389,0,499,280,499
1074169757,1328361132,62,436,0,499,374,499
1219872714,3532635347,39,458,227,300,419,73
1269448749,3957819037,31,461,60,441,430,381
1134397438,2282782013,70,429,145,354,359,209
1243395238,3773715284,19,480,20,479,461,459
1300887584,4149375667,37,462,0,499,425,499
1283049933,4058376844,107,396,52,463,289,411
978011437,278582597,83,416,42,479,333,437
1281995293,4050749819,9,491,5,497,482,492
1084240459,1493183208,62,436,0,499,374,499
1204203635,3287132491,160,339,133,365,179,232
976853905,276862584,0,499,62,436,499,374
286122335,3085056,73,426,0,499,353,499
1221461801,3563524405,24,472,25,472,448,447
1156654135,2675087133,57,386,172,349,329,177
1311088429,4181903089,0,499,0,499,499,499
1134608903,2287632099,84,424,96,414,340,318
1275412540,4004193752,52,435,74,444,383,370
987334415,294184933,156,340,26,481,184,455
1219247434,3525732184,0,499,70,429,499,359
1310376978,4181900911,15,487,34,406,472,372
1312898590,4195574863,57,454,70,439,397,369
1190258995,1876687648,45,458,125,360,413,235
1240521835,3748196628,166,367,54,495,201,441
477506626,5905457,183,316,150,349,133,199
1140207431,2404666037,73,427,0,499,354,499
1289525065,4087652064,89,399,110,457,310,347
1172791706,2920940629,33,460,104,425,427,321
921098447,167811332,20,489,93,488,469,395
1202887512,3265357753,54,446,181,346,392,165
1176505273,2958502312,156,355,65,433,199,368
1280126572,4019915247,2,496,0,461,494,461
1258662684,3885530850,30,450,64,464,420,400
1292553812,4108950436,49,474,105,405,425,300
1312889771,4195574402,9,499,0,478,490,478
1065181373,1147806798,128,371,6,492,243,486
1086428550,1509868161,152,347,100,399,195,299
1027299917,570636416,113,386,50,449,273,399
1225410237,3589914256,193,306,170,341,113,171
1311271488,701115444,100,399,14,484,299,470
977711835,278772640,87,400,133,353,313,220
1310075015,4182216996,0,499,0,499,499,499
1204199955,3287127027,3,498,39,456,495,417
1186558572,3032960301,83,415,0,499,332,499
1313906625,4200414321,37,458,49,469,421,420
1289728643,4087669819,0,499,0,499,499,499
864276943,105627642,40,444,45,472,404,427
1316111108,4200870251,33,470,37,473,437,436
1231932579,3655792081,71,430,11,434,359,423
1283564578,4061584710,76,499,0,499,423,499
232469330,3501526,165,335,126,374,170,248
1107018806,1863455593,0,499,0,499,499,499
971049539,261234904,50,449,60,439,399,379
1309110227,4179667415,0,461,12,499,461,487
619166744,7260550,84,419,0,499,335,499
1274569925,17524743,171,402,22,485,231,463
1286995827,4074710251,0,499,0,499,499,499
1273536176,3994362510,87,433,102,467,346,365
1243381991,3773714206,55,446,20,479,391,459
921250289,168344652,62,458,103,487,396,384
1094517112,1623325556,0,499,0,499,499,499
1190251977,2853847694,110,377,102,392,267,290
1095249294,1187912265,100,399,39,459,299,420
1192185941,3123034439,71,431,236,486,360,250
1262421596,3908106420,23,481,79,420,458,341
1133347221,2243835621,68,431,0,499,363,499
1233578186,3680591127,58,432,31,461,374,430
1322095274,4228953769,21,479,123,360,458,237
1283840847,4061618063,48,450,41,448,402,407
1294872503,4124510479,57,437,21,463,380,442
1095177794,1632321103,80,419,0,499,339,499
1069962057,1253194005,62,436,0,499,374,499
1280138512,4019919844,58,432,134,331,374,197
1276060693,4010225414,0,417,155,480,417,325
1007503904,435012960,100,399,68,430,299,362
1280115165,4042483218,0,499,1,485,499,484
890888187,137060106,165,342,166,332,177,166
1282006637,4050753332,31,488,11,436,457,425
848934472,80184870,74,425,0,499,351,499
1225648157,3776171572,0,499,0,499,499,499
956745176,223059385,83,417,0,499,334,499
969459523,256734500,0,499,92,409,499,317
1282778777,4058574123,0,499,0,499,499,499
1315107425,4187113599,80,429,32,449,349,417
658708,996296,0,499,0,499,499,499
985784678,291341065,94,405,27,471,311,444
997602835,67312551,190,309,156,343,119,187
1273163926,3993176691,10,492,107,410,482,303
1257411377,3881319630,0,499,0,499,499,499
1324189385,4236297328,44,452,82,423,408,341
641332436,53351602,74,425,0,499,351,499
1188538829,3067204190,130,369,130,369,239,239
1096180270,1647771068,32,467,0,499,435,499
1300463563,4146735862,0,499,0,499,499,499
996078074,304794862,136,371,191,413,235,222
1323683448,4234147190,6,494,18,480,488,462
1113039170,1926528402,11,492,9,492,481,483
1117709416,1974503953,0,499,0,499,499,499
935179453,194139114,6,493,0,499,487,499
1169449929,2875392195,8,484,105,383,476,278
1306794201,4167085415,106,388,51,463,282,412
1287100364,4077154164,0,499,83,416,499,333
1275208877,4003935412,65,440,71,453,375,382
1104246638,1819878289,0,499,0,499,499,499
1269197403,3957119135,13,485,38,444,472,406
1283763213,4061611329,13,476,79,469,463,390
1269736987,3962346732,49,482,219,304,433,85
982081291,285621332,157,340,110,389,183,279
1319036008,4218290476,26,469,15,482,443,467
1083733434,1481223736,0,499,62,436,499,374
1221464417,3563525541,52,487,59,485,435,426
1190866961,3098368280,84,415,0,499,331,499
1220815494,3554971602,95,404,0,499,309,499
1152495328,2607273635,149,349,86,410,200,324
852610393,83031913,69,429,0,499,360,499
1323080709,4231811212,77,429,80,426,352,346
1119381983,1997652871,187,315,32,158,128,126
1264061932,3923180741,15,487,47,491,472,444
1053710949,1032818958,0,499,70,429,499,359
1007511835,435011873,59,440,0,499,381,499
1174594490,2940640728,2,497,64,481,495,417
1219794527,3530618703,157,342,100,399,185,299
1007977002,435842378,135,349,90,413,214,323
1174586899,2940638804,175,299,174,301,124,127
1201838910,3249410554,33,469,16,487,436,471
1301255126,4151269724,100,422,28,475,322,447
1294190526,4122554739,64,446,53,407,382,354
971481980,262246358,6,428,127,373,422,246
1265217254,3929900646,45,479,35,471,434,436
936386563,195460511,70,429,0,499,359,499
1109022730,1876630533,62,436,0,499,374,499
875250684,121166390,92,407,35,464,315,429
1172202058,2853826992,53,445,0,499,392,499
1276026247,4010224423,0,431,66,480,431,414
1254395997,3861644591,132,362,36,464,230,428
1032631158,626375358,62,436,0,499,374,499
1286014706,4071960744,42,458,23,487,416,464
1244536040,3785099930,100,399,28,470,299,442
1289899220,4090423429,63,435,87,411,372,324
1104834350,1842757188,0,499,62,436,499,374
1087220079,1515435555,0,499,62,436,499,374
1148758230,2546754365,90,409,0,499,319,499
1246074038,3797080316,0,499,0,499,499,499
1304028119,4160809104,29,499,0,499,470,499
1143265942,2463799380,116,384,1,497,268,496
866931089,93686339,190,309,160,339,119,179
1292017661,4105747374,59,474,143,343,415,200
1178078502,2970593238,88,415,22,487,327,465
958220216,226561676,0,499,62,436,499,374
1300459514,4146735181,39,447,123,353,408,230
1249535712,3819983471,235,236,0,499,1,499
1255649707,3870707477,0,499,0,499,499,499
1072905802,1936984604,0,499,91,415,499,324
1285847690,4017672106,178,349,103,408,171,305
1243396208,3773715584,36,458,43,465,422,422
1026041713,559166453,40,361,102,412,321,310
885711900,131496479,53,446,61,433,393,372
1306922184,4169835214,5,491,126,366,486,240
1257150130,3879365195,92,405,96,439,313,343
1204249020,3287289524,77,431,2,497,354,495
1097222933,1668679024,91,381,84,409,290,325
1267272282,3942394280,53,454,80,450,401,370
1189869835,3086202143,120,373,85,445,253,360
985456691,288896746,71,427,38,461,356,423
1313416652,4197673317,0,499,0,499,499,499
1257558788,3881708774,132,345,91,452,213,361
1312805128,4195812530,140,387,245,337,247,92
1301438796,4060921733,0,499,0,499,499,499
1158121361,2695198419,26,493,71,434,467,363
1253338157,3856415253,126,382,16,465,256,449
1116553879,1790549304,164,343,102,386,179,284
932050058,187356274,124,372,117,381,248,264
1004575534,405072585,205,294,190,309,89,119
1239402609,3737631558,0,499,59,437,499,378
1245645618,3793574009,35,471,69,439,436,370
1311270000,748139880,100,399,25,474,299,449
908700654,153000078,0,499,9,490,499,481
1252627862,3850328632,0,499,62,436,499,374
1245645401,3793573888,35,471,69,439,436,370
1097133925,266290731,0,499,62,436,499,374
1266138291,3935892675,0,499,1,449,499,448
1306888623,4167095166,106,388,51,463,282,412
1275056254,4004070627,57,454,56,453,397,397
919163200,164642897,90,409,130,369,319,239
1319412124,4214354237,23,463,48,477,440,429
1067012839,1170769282,68,430,70,429,362,359
1027370660,570733164,61,438,0,499,377,499
1270186929,3969253474,0,499,0,499,499,499
897419079,143436972,180,318,170,329,138,159
870865435,115437895,77,422,0,499,345,499
1004140277,403042223,112,407,28,475,295,447
1292920179,4113740197,110,389,85,425,279,340
1249614682,3817906160,50,449,50,449,399,399
1312750375,4195807112,117,387,50,441,270,391
1124373259,1968807381,82,420,96,380,338,284
1234768203,3690228624,143,387,182,346,244,164
1038112124,744998601,72,427,0,499,355,499
1225924538,3593885961,62,436,0,499,374,499
1317717561,4213268428,0,499,0,499,499,499
1300136146,4145101958,0,499,0,499,499,499
1279759515,4041456728,116,377,44,337,261,293
1271086683,2533496518,106,393,0,499,287,499
1126268723,2101915602,57,429,112,408,372,296
1033925806,290943344,24,483,102,393,459,291
922170775,170807797,225,258,107,394,33,287
1198546327,85578067,186,312,150,349,126,199
1246370810,3798815295,50,449,123,376,399,253
1313517201,4197530078,0,499,0,499,499,499
1005843750,418201932,77,431,121,380,354,259
1251483748,3842786109,0,499,0,499,499,499
1308816886,4177837745,1,483,0,499,482,499
987368693,294195663,205,311,16,477,106,461
1089481114,1553194804,110,360,198,318,250,120
1040791947,819163566,100,399,100,399,299,299
1008098908,435913503,139,360,100,399,221,299
1204466295,3290692206,54,444,0,499,390,499
1105841208,1857528357,21,469,18,461,448,443
1187503741,3050424923,84,420,0,499,336,499
1211445448,3399885350,128,257,162,388,129,226
848877172,76389043,88,410,0,499,322,499
1269382502,3957783781,0,499,0,499,499,499
1303687925,4158993742,54,445,21,474,391,453
1123823039,2062707282,152,346,100,399,194,299
958482196,227869859,83,416,50,449,333,399
1082892443,1472320290,0,499,62,436,499,374
1196212605,3182722341,50,438,120,412,388,292
1268468258,3951735692,0,499,33,499,499,466
1009318044,440695699,100,399,58,441,299,383
1319142970,4218233262,60,437,48,425,377,377
1024990390,548777123,36,59,205,333,23,128
968868848,254468475,69,430,0,499,361,499
1229488930,634086985,0,499,147,352,499,205
1286015543,4072077545,0,499,0,499,499,499
1310372661,4183699820,13,486,189,396,473,207
1272714640,3990637772,0,499,109,389,499,280
1041376094,1936977725,62,436,0,499,374,499
1232895506,3670969608,89,411,93,411,322,318
1060535425,1035062989,70,426,25,499,356,474
1237269486,3716301914,231,426,173,322,195,149
977884800,278555593,144,357,48,478,213,430
1083016177,1475390024,73,426,0,499,353,499
879589412,125060401,0,499,62,436,499,374
1257934991,3883412829,60,448,29,481,388,452
1279303004,4037123464,101,394,105,405,293,300
1244851830,3786658901,63,436,0,499,373,499
1254374941,3861660906,135,361,93,412,226,319
1201825641,3001560613,175,323,150,304,148,154
1313934679,4200918773,92,429,97,340,337,243
1034878642,681755804,0,499,80,419,499,339
1260304275,3893329038,44,440,72,441,396,369
1236170969,3530154075,100,399,15,484,299,469
1314523391,4202304162,0,499,129,499,499,370
911501066,155584831,42,457,0,499,415,499
940546793,138759983,181,333,146,352,152,206
1250736413,3835256614,0,499,109,389,499,280
1199418956,3229767255,111,391,13,480,280,467
1270425673,3971715505,242,381,93,455,139,362
1057335578,1078077230,187,344,100,399,157,299
1245229880,3789609092,9,499,20,451,490,431
882669231,127235455,68,431,0,499,363,499
1192403014,3128115546,83,416,83,416,333,333
1243230359,3768951995,87,412,0,499,325,499
1009657946,243517892,186,312,150,349,126,199
1128369852,278535646,164,349,100,289,185,189
1070856207,1279607285,113,403,40,459,290,419
1253263714,3855830352,67,499,57,460,432,403
1072735896,1303836097,72,426,0,499,354,499
1174591587,2940640126,34,459,35,490,425,455
923745536,173167813,62,436,0,499,374,499
1263893158,3921318480,125,378,10,499,253,489
1293276478,4104683457,39,435,120,350,396,230
1192283108,2956883186,104,231,198,301,127,103
1161772698,1900690288,16,483,0,499,467,499
1120592010,1952783515,0,499,30,468,499,438
1201835172,3249407438,218,281,199,328,63,129
927783759,180567041,0,499,94,405,499,311
1279117028,4037093675,23,476,38,456,453,418
1121862735,1540685730,0,499,83,415,499,332
1105538567,1852811098,0,499,108,390,499,282
1283889959,4061624894,23,465,27,467,442,440
1162156350,2748666528,79,419,1,499,340,498
921249588,168344619,40,481,46,432,441,386
1223711859,3583598017,0,499,0,499,499,499
1275482521,4006488301,120,499,31,475,379,444
1322969684,4232369523,0,499,0,499,499,499
971431582,262168681,12,482,92,405,470,313
1215649863,3285927962,184,312,150,349,128,199
1032109679,203643155,0,499,232,252,499,20
981979089,285425707,82,431,77,455,349,378
1133327031,1046843392,137,361,100,399,224,299
1040816541,818324459,58,440,0,499,382,499
332521213,46540267,0,499,235,246,499,11
1294485342,4122564663,41,442,80,348,401,268
1146211228,2507272698,0,499,74,424,499,350
1028459195,584792722,19,484,131,393,465,262
1075760031,1352145811,8,478,104,407,470,303
882987680,127735333,71,427,0,497,356,497
1325228061,4240793821,14,467,29,470,453,441
1006708839,427359318,161,345,27,440,184,413
940119012,203544461,91,407,26,473,316,447
966058316,251556641,6,482,102,391,476,289
1062176857,1111925932,113,471,219,281,358,62
1009080662,439810778,73,425,0,499,352,499
1220364174,3537886647,176,322,137,361,146,224
1310357425,4182237985,148,347,104,334,199,230
1027249090,570639760,108,391,50,449,283,399
973161574,268056114,90,409,130,369,319,239
1262581323,3908518222,169,337,144,355,168,211
1292467578,4108922743,5,488,154,391,483,237
862582901,102703795,102,397,67,436,295,369
1169904096,2887191835,140,453,103,313,313,210
1313488026,4198464440,0,499,0,499,499,499
1283678514,4061597712,0,499,0,499,499,499
1294484956,4122564627,51,352,102,375,301,273
1324220068,4236298502,0,499,0,499,499,499
920887918,167489322,0,499,118,415,499,297
1190253818,1876684344,79,420,67,432,341,365
1282806995,4057523849,85,426,131,381,341,250
967151134,254399154,180,319,73,422,139,349
933238599,190097499,26,462,68,488,436,420
1261174015,3898707880,0,499,155,350,499,195
1328459284,4250641403,17,499,47,485,482,438
921250050,168344628,55,455,34,473,400,439
1280411181,4044746893,29,430,93,403,401,310
848359607,78317398,107,392,149,349,285,200
1191236788,3101210086,122,365,115,381,243,266
1299783006,4143496840,0,499,0,499,499,499
1318616719,4216124470,0,499,0,499,499,499
1100086248,1711729474,70,429,145,354,359,209
1079773882,285948812,117,381,100,399,264,299
1293747772,4120419981,96,392,61,434,296,373
938937072,200939854,72,426,0,499,354,499
1235906171,3701728043,50,449,100,399,399,299
285642468,16485993,71,428,0,499,357,499
1302705883,4156152014,71,428,0,420,357,420
980459902,283517820,138,360,95,404,222,309
1033611829,653810186,186,313,175,324,127,149
1229571841,3619858862,0,499,62,436,499,374
1304218224,4161106220,108,391,107,395,283,288
1250348237,3832300461,165,333,126,373,168,247
1009343114,440679860,150,349,103,395,199,292
1264890838,3928050279,138,370,8,483,232,475
1192028537,3120529511,71,431,256,486,360,230
1271704772,3979580650,0,499,0,499,499,499
1247848820,3813570747,33,484,149,357,451,208
878586763,123973022,218,280,210,289,62,79
1263961776,3922581879,19,481,108,439,462,331
1209809145,2003724851,0,499,62,436,499,374
1304058763,4160930200,106,388,51,463,282,412
1089109028,1548224997,0,499,62,436,499,374
900574959,146242013,52,446,0,499,394,499
1316209643,4200877789,34,487,89,393,453,304
987422872,294294571,95,406,15,481,311,466
1231760156,3650172663,88,411,0,499,323,499
1127101808,2093228232,0,499,62,436,499,374
1323315938,4233575174,98,401,2,495,303,493
1005747070,416931080,0,499,83,415,499,332
1092119748,1563620730,80,418,115,384,338,269
867957986,102676573,183,315,150,349,132,199
1257236992,3879893308,18,492,16,499,474,483
1158120627,2695197181,26,474,114,477,448,363
1275674462,4006527504,90,418,48,483,328,435
1174590903,2940639824,173,326,144,360,153,216
1146403217,1168283688,26,468,4,474,442,470
1257595042,3881236588,0,499,2,499,499,497
1239597167,3104382966,183,315,150,349,132,199
1258003886,3883871013,0,499,0,499,499,499
1061566742,511835822,136,393,132,484,257,352
856302986,89456964,62,436,0,499,374,499
1192151301,3122661745,68,432,22,488,364,466
1260228336,3894915398,15,469,59,468,454,409
1278769001,4037079650,15,478,35,478,463,443
1125686659,2093904146,192,275,213,324,83,111
1306812900,4168956070,0,499,0,499,499,499
1198663267,3217316967,183,315,169,349,132,180
1283646209,4061595913,42,473,86,496,431,410
1254453029,3861760404,0,499,0,499,499,499
1297790139,4137061216,46,460,126,384,414,258
1157688245,2688258901,0,499,62,436,499,374
1225861324,547600294,129,369,165,327,240,162
1190250830,2041884727,0,499,104,436,499,332
1095862290,1643251560,87,412,0,498,325,498
1095227215,1231313031,82,419,144,374,337,230
1268265052,2067770616,83,415,0,499,332,499
1171831331,2903921640,0,499,52,447,499,395
992281612,299788940,71,420,90,410,349,320
1282922706,4058784388,19,492,69,442,473,373
859394630,94497050,13,473,176,323,460,147
845737158,74806851,83,416,0,499,333,499
1090990188,1566424118,74,425,0,499,351,499
1153220088,2621870089,219,279,13,473,60,460
1027079145,569661876,50,449,110,388,399,278
854580722,81655031,56,443,0,499,387,499
1225887030,1900246297,125,374,125,374,249,249
1262594775,3908518844,0,499,0,499,499,499
1310804257,4182277763,25,486,79,482,461,403
1311911184,4121042776,0,499,62,436,499,374
1279165437,4037583962,71,432,10,461,361,451
1260255306,3894928556,33,482,33,470,449,437
1214158229,3459209333,29,456,90,434,427,344
973142690,267975332,0,499,62,436,499,374
948095138,210690956,115,394,50,453,279,403
1220175566,3539636178,24,488,222,347,464,125
1057308942,1077635720,129,365,190,325,236,135
1135424000,2308614182,62,436,0,499,374,499
1243659096,3775275172,0,499,62,436,499,374
861346701,99568531,117,380,120,383,263,263
1302863200,4156926865,0,499,0,499,499,499
1324044537,4235890145,51,449,64,436,398,372
1192150401,3122651734,68,432,22,488,364,466
947411763,209671785,29,485,104,381,456,277
1310674802,4184638997,136,368,60,496,232,436
1128429580,2145087508,73,426,0,499,353,499
987559404,294401325,70,429,70,429,359,359
1289548797,4086138392,0,499,0,499,499,499
1250268144,3831364117,0,499,62,436,499,374
1027246025,570621913,100,398,50,449,298,399
1292245181,4108379930,66,455,134,342,389,208
1269949173,3964906351,0,473,74,499,473,425
1102015478,1384743256,75,437,21,478,362,457
1167726028,124896729,0,499,62,436,499,374
1320369785,4224248402,36,478,36,469,442,433
1232928141,3601984643,110,441,152,386,331,234
1197293392,3205647108,0,499,63,436,499,373
1316884129,4201009624,12,487,89,486,475,397
1257515880,2064001442,83,415,0,499,332,499
1246082448,3797080739,133,352,183,405,219,222
1027075678,569937479,104,395,50,449,291,399
862931906,103346464,67,431,0,499,364,499
1274114924,2740841282,94,405,0,499,311,499
958568162,228489677,117,379,161,343,262,182
1142708596,2455222102,134,361,216,299,227,83
1280265865,4044463867,0,499,0,499,499,499
1237283359,3716328259,0,499,0,499,499,499
1239124594,3733215810,0,499,209,436,499,227
1258656551,3883456430,2,386,45,499,384,454
1201832277,3155074702,60,428,132,364,368,232
1036467303,259346976,0,499,3,495,499,492
1054889429,1051690469,109,389,0,499,280,499
1246528087,3800125920,22,484,24,475,462,451
1244408425,3779181976,79,453,88,415,374,327
1156314050,2657988621,74,424,0,499,350,499
1273156880,3993172238,0,499,95,404,499,309
967183389,254400321,70,429,120,357,359,237
1174593195,2940640438,17,482,53,445,465,392
1310873774,4184608248,26,482,25,469,456,444
1269443364,3957800717,0,499,0,499,499,499
1305028405,4164612116,106,388,51,463,282,412
1255335311,3869459207,8,490,40,459,482,419
1159479527,2714981957,156,352,72,484,196,412
612867075,54958255,93,405,0,499,312,499
1241390505,3756522268,196,301,196,306,105,110
883964388,129114658,0,499,62,436,499,374
1236019451,3696327513,56,442,11,499,386,488
1242345813,3084757451,89,410,0,477,321,477
1312052000,4189103002,73,459,52,469,386,417
1185595908,3017645817,0,499,109,389,499,280
1275106385,4004082240,83,435,72,421,352,349
1073108598,1187880816,19,473,80,372,454,292
1092267137,1580103979,253,477,194,307,224,113
834676788,67816380,192,307,150,349,115,199
1275526290,4006491804,0,499,0,499,499,499
1018194415,510046723,39,417,136,378,378,242
1279653591,108222462,82,417,0,499,335,499
1206098555,3319924497,0,499,0,499,499,499
1028351521,583543168,21,477,15,485,456,470
834539919,67187104,0,499,62,436,499,374
1108278269,1873833916,0,499,31,468,499,437
1110878361,1905594776,73,426,0,499,353,499
1273717655,3992778107,31,481,30,469,450,439
1322961987,4231794302,62,483,36,465,421,429
1237701827,3722645902,100,399,15,483,299,468
1293193928,4116849100,0,499,0,499,499,499
1068098352,1189075366,62,436,0,499,374,499
1253502623,3856530363,49,445,13,478,396,465
1066930281,1173353185,43,468,19,476,425,457
1174594231,2940640690,170,334,141,299,164,158
1178079631,2980665019,51,432,134,380,381,246
1323988236,4235885993,29,480,53,415,451,362
1067015746,1174778556,109,389,0,499,280,499
1082984955,1475374308,109,389,0,499,280,499
1264114837,3923519181,62,436,0,499,374,499
875827160,45591650,69,430,0,499,361,499
1064808666,1142218906,0,499,83,416,499,333
1212046679,3415934299,75,409,12,484,334,472
1092898308,1542918723,97,401,0,499,304,499
977561169,278412483,102,408,22,477,306,455
1008115410,435937465,100,399,28,470,299,442
1060554765,1093950592,62,436,0,499,374,499
1029511487,591830033,10,487,22,478,477,456
1079449464,1417142715,62,437,0,499,375,499
1268743194,3913400890,81,414,24,492,333,468
1192473821,3128675341,96,390,58,373,294,315
1324119274,4236042312,102,397,94,447,295,353
1279574680,4037131344,68,434,112,476,366,364
1232187191,3451938348,7,493,182,346,486,164
1025670397,554016060,70,440,14,482,370,468
1240236761,3745169125,0,499,30,452,499,422
1251693242,2065557653,83,415,0,499,332,499
1211049694,3386242648,109,389,0,499,280,499
1254546249,3862125796,83,499,0,499,416,499
987470854,294315551,97,400,0,497,303,497
874218272,120025037,159,343,134,366,184,232
833603068,64215006,17,494,127,361,477,234
1316177672,4200876285,29,472,22,488,443,466
1161824448,2743659290,70,429,0,499,359,499
1248840098,3817898894,0,499,0,499,499,499
1101488517,1773899706,64,434,0,489,370,489
940879902,200481669,162,403,146,357,241,211
1282864034,4057766421,14,484,14,485,470,471
1283721733,4061606514,58,453,56,439,395,383
1213813373,3453580329,100,399,47,451,299,404
1324239160,4235884526,49,424,12,499,375,487
1289493099,4088733723,0,499,57,441,499,384
1307090398,4170579013,100,399,100,399,299,299
1093493420,1605547240,135,363,86,412,228,326
1313417603,4197673476,117,470,104,394,353,290
1067456932,614170120,165,319,184,298,154,114
1094972429,1631063817,152,346,100,399,194,299
1123944799,2066049778,81,400,202,307,319,105
1055804531,1065214052,0,497,10,489,497,479
1235688122,3697790190,32,474,57,460,442,403
1283874271,4061621053,185,293,363,472,108,109
1196887012,3194519488,23,496,10,460,473,450
996054394,304507777,116,382,0,499,266,499
1225886329,532978675,125,374,135,364,249,229
1168573836,2856897867,85,413,0,499,328,499
1279191480,4037100734,0,499,0,499,499,499
1227158218,3607249680,95,431,128,333,336,205
1298332127,4088129991,173,350,158,395,177,237
1187560774,2806785332,149,358,154,325,209,171
1299543994,4141703093,32,459,159,339,427,180
1079050305,1405084420,62,436,0,499,374,499
1002496227,370811387,79,420,0,499,341,499
1307786151,4105613978,21,469,87,444,448,357
1254031012,101548702,68,430,0,499,362,499
845099643,73772788,79,421,3,499,342,496
833751865,670631,212,287,198,301,75,103
947541075,204055375,83,415,0,499,332,499
1257730548,3881729776,71,499,18,439,428,421
1304723887,4162763421,88,411,0,499,323,499
1267875328,3944588895,58,499,38,499,441,461
1115047277,1938777224,28,471,129,372,443,243
1204301205,3288154571,72,431,110,398,359,288
1051759486,981230050,38,38,419,424,500,5
1027170095,569806856,100,399,53,446,299,393
1177293638,2972561972,12,486,76,345,474,269
1102299660,1794436958,0,499,62,436,499,374
684672809,57205571,57,442,0,499,385,499
1233498374,388877210,104,417,152,299,313,147
1007812643,435274808,150,349,107,391,199,284
1265223945,3929899701,126,394,83,479,268,396
1244541038,3785187834,0,499,129,436,499,307
1087008597,1047166929,57,441,6,492,384,486
1294489388,4122565164,36,465,38,471,429,433
1026744763,568667157,0,499,50,448,499,398
1185463606,1798749457,165,363,18,451,198,433
1269332111,3958047998,142,355,33,476,213,443
1121068345,2030410773,137,361,5,476,224,471
1252270667,3847096968,0,499,62,436,499,374
1177147168,2970573304,45,483,172,340,438,168
1261562124,3900589743,72,418,62,424,346,362
1300455554,4146731245,116,385,123,380,269,257
1199180292,3223947511,152,357,166,371,205,205
1170588052,2890014047,62,436,0,499,374,499
897493434,143825907,0,499,63,436,499,373
1178140291,2807747372,48,449,0,499,401,499
763208147,61390746,14,485,132,366,471,234
1009341728,440668514,100,399,57,441,299,384
977448559,167415404,78,420,0,499,342,499
871684175,116508606,0,499,62,436,499,374
1065474029,1151838072,83,416,0,499,333,499
914686335,159178154,97,423,2,483,326,481
1130259750,2181180619,51,448,0,499,397,499
998280894,334562957,82,398,30,478,316,448
1145664462,1159936602,67,424,7,486,357,479
933237172,190092294,101,397,4,495,296,491
1090377335,1556851859,59,442,121,362,383,241
1305159366,4164996548,0,499,0,499,499,499
1240722152,3748203646,0,487,21,499,487,478
1275065703,4003838807,16,462,59,466,446,407
1007368551,416630461,66,433,0,499,367,499
1313184778,4182718548,94,403,35,477,309,442
933123167,189868311,0,499,62,436,499,374
1275612372,4007155277,46,480,32,461,434,429
1260356177,3893199425,0,499,0,492,499,492
1136116667,2318758496,69,429,69,429,360,360
1243407672,3773719999,31,469,30,468,438,438
1317036885,4201019114,0,499,0,499,499,499
1250254636,3831235678,0,499,0,482,499,482
1247935329,3813894776,32,480,68,438,448,370
1189817789,3085536251,34,464,0,499,430,499
901444160,146765930,32,451,89,371,419,282
1042005702,836895498,171,334,76,433,163,357
1265223182,3929899419,107,429,29,475,322,446
1313535580,4183468359,45,466,124,342,421,218
1322424470,4229927190,102,395,48,457,293,409
891952094,132154563,74,424,0,499,350,499
1141167956,2425679524,61,446,23,466,385,443
1009087064,439723362,73,425,0,499,352,499
1309984020,4181945943,80,429,114,387,349,273
1282935777,4057769024,0,499,0,499,499,499
1275637719,4007156286,0,499,0,462,499,462
1189222201,3079988333,9,455,101,393,446,292
1278288429,4031916569,0,499,62,436,499,374
1304041875,4160811962,31,469,156,386,438,230
1088812499,518998969,141,366,7,491,225,484
1270350600,3966603464,162,343,149,351,181,202
1007659163,435076260,100,399,45,454,299,409
1262558560,3908517317,68,434,150,335,366,185
908306699,149701771,186,312,160,339,126,179
1244170962,3780265361,62,436,0,499,374,499
1283975407,4063340706,77,443,71,431,366,360
1126386898,2103496704,154,345,100,399,191,299
1209762745,3339508569,71,427,0,499,356,499
1320796551,4221600755,174,323,163,301,149,138
1115146373,1433627115,155,343,100,399,188,299
989714509,296666452,137,361,167,336,224,169
1192191522,3123096684,71,431,244,486,360,242
1113112229,1832993978,107,407,104,126,300,22
1256797988,3874919785,0,499,0,499,499,499
1209716253,3382584806,73,426,17,472,353,455
1316947197,4202621879,83,445,30,473,362,443
1323110127,4232769581,0,499,0,491,499,491
988928111,295522910,102,396,26,473,294,447
1260346717,3893243586,42,475,106,410,433,304
1125119520,2089278262,0,499,62,436,499,374
1166857421,2820636365,0,499,109,390,499,281
1297070784,4110237496,43,447,109,391,404,282
1261210252,3896777581,148,316,97,400,168,303
971847361,263497849,0,499,62,436,499,374
1204293604,3287985510,137,361,144,383,224,239
1213989602,3456873987,170,318,50,457,148,407
1249535581,3819982817,141,359,158,323,218,165
1240868242,3750149828,73,426,0,499,353,499
1260369972,3893244852,81,444,88,278,363,190
941693594,207287178,167,352,199,311,185,112
1308873724,4177840873,0,499,0,499,499,499
1202964225,2621045106,159,340,100,399,181,299
1041764222,832974117,134,364,165,338,230,173
1015522728,484936139,59,434,22,492,375,470
1148753317,2538948715,62,436,0,499,374,499
1309711913,4152961236,65,422,223,380,357,157
1205131216,3303695385,30,447,128,376,417,248
1283648410,4061596015,0,499,0,499,499,499
1174593001,2940640410,62,440,30,486,378,456
935129188,194028234,99,399,25,474,300,449
1237139597,3716556427,0,499,0,499,499,499
1035224799,683501826,114,384,0,499,270,499
1308863975,647389513,100,399,12,487,299,475
709620165,18518186,68,431,0,499,363,499
1314737371,4203649193,103,366,101,418,263,317
1047770910,931877543,71,428,0,499,357,499
1205396786,3303148754,17,483,8,495,466,487
861875195,100731099,156,343,120,379,187,259
1233300790,3677011669,87,412,0,499,325,499
1256079903,3873128718,31,476,23,468,445,445
1020107654,519572279,66,432,0,499,366,499
1111170215,1870263029,148,337,200,317,189,117
203282930,109674615,59,440,0,499,381,499
1111694058,1913810512,26,461,9,491,435,482
1174594659,2940640977,130,369,130,369,239,239
1230745590,1224352156,147,351,100,399,204,299
1232128412,3657130405,211,283,229,299,72,70
903979118,148595254,91,380,204,327,289,123
1222151376,3569009392,0,499,62,437,499,375
1285965553,4071748476,1,498,1,498,497,497
246066630,7053169,0,499,62,436,499,374
1178128829,2981088566,97,487,222,281,390,59
1146476259,1699703421,147,351,160,399,204,239
1310941503,4184551578,27,479,44,475,452,431
979747826,282580885,0,499,62,437,499,375
1033986213,670255869,68,431,0,499,363,499
480262973,50853700,125,374,70,429,249,359
1248831869,3817888310,7,491,0,499,484,499
1236281620,3705001500,146,354,113,381,208,268
1307263470,4171030362,34,466,25,499,432,474
1192282849,3123323842,62,436,0,499,374,499
1267286534,3942395491,34,480,179,357,446,178
1106255589,1863726053,63,436,0,499,373,499
1277664681,4023006554,0,499,0,499,499,499
1217920243,3500463092,0,499,68,430,499,362
978451628,279404506,62,436,0,499,374,499
1170923946,2901862908,0,499,62,436,499,374
870086540,114430497,151,348,178,320,197,142
1243395738,3773715416,19,480,20,479,461,459
941677998,207196178,175,324,194,305,149,111
1123811979,2062776665,192,346,23,413,154,390
947751326,99787050,0,499,83,415,499,332
1108737713,1878218214,110,389,52,446,279,394
966839014,144219757,182,417,65,382,235,317
1261409297,3898721977,0,499,0,499,499,499
1270347057,3967114281,37,461,0,499,424,499
1174749298,2942695453,0,499,74,425,499,351
1273114253,3992514871,31,463,64,464,432,400
973933799,248294652,71,421,69,430,350,361
1261172833,3898707706,119,378,165,330,259,165
901566916,146895692,109,390,50,449,281,399
1317910729,4215693392,37,453,88,433,416,345
1311318989,4187038257,113,404,39,466,291,427
1286474702,4173401616,69,423,47,441,354,394
1106019847,1859918386,158,317,100,389,159,289
1026761888,569380592,107,392,50,449,285,399
1308356992,4175948873,63,455,73,407,392,334
1316127464,4200872095,26,487,50,459,461,409
585389803,54322759,190,309,165,333,119,168
1308941065,4177868832,0,499,0,499,499,499
1298544163,4139984297,44,473,114,370,429,256
1275715499,4006540036,0,499,0,499,499,499
1261840760,3901331310,222,320,208,356,98,148
1319332392,4214287234,53,448,82,443,395,361
885982409,131726051,68,431,0,499,363,499
1264774313,3927132084,104,468,191,404,364,213
1064705244,1140898908,0,499,75,423,499,348
987514392,294316566,0,499,81,418,499,337
973057343,267419434,64,434,0,499,370,499
1228624391,3618723683,0,499,62,436,499,374
1190872864,3093905581,89,409,0,499,320,499
248001999,7119596,150,349,107,391,199,284
875041783,120838235,154,345,107,392,191,285
1171993156,2914717180,123,345,119,341,222,222
1046624533,292161546,10,478,15,480,468,465
1087851331,1530512705,190,299,30,460,109,430
1275410616,4004186648,103,455,94,495,352,401
1236001259,3703059976,32,473,60,460,441,400
905628978,150193954,130,369,77,421,239,344
1148427641,88266274,65,434,0,499,369,499
1290513018,4094110075,96,401,2,489,305,487
1138112135,2360404605,38,460,0,499,422,499
1211983951,3414349040,206,292,26,473,86,447
1211147582,3392800179,62,436,0,499,374,499
1231098905,3644646854,110,389,54,445,279,391
1285133464,4063777031,60,442,66,436,382,370
1107660226,1869201200,82,419,19,460,337,441
1007974913,435839567,89,408,0,499,319,499
977934243,278563756,214,312,67,499,98,432
958399372,227667160,164,334,186,313,170,127
1238691730,3729320612,70,429,102,404,359,302
1317492882,4213277007,159,345,114,398,186,284
984169666,288728461,0,499,62,436,499,374
1124785709,2083524472,87,411,0,499,324,499
1189216522,3079976650,0,499,83,416,499,333
1324072323,4236041763,59,499,87,441,440,354
1223044801,3578485866,24,470,105,398,446,293
1201821926,3249396823,125,367,30,481,242,451
1023374243,536509922,138,369,204,297,231,93
1252627853,3850328629,0,499,62,436,499,374
1268435490,3951007358,17,476,88,443,459,355
1316108470,4200870042,26,446,63,413,420,350
1128175478,2138101155,85,391,104,400,306,296
1196826562,3199033194,0,499,62,436,499,374
1056058183,1066817693,0,499,100,399,499,299
986671331,292833883,63,436,1,498,373,497
1008131339,436060918,100,399,55,444,299,389
1102862572,1808454839,40,461,143,377,421,234
1068907455,1206642958,60,457,52,439,397,387
1095343649,278523775,151,347,100,399,196,299
1117409731,1966868201,0,499,62,436,499,374
1265394645,3930263819,6,494,5,493,488,488
1287489155,4078699472,64,431,34,449,367,415
1247849141,3813571050,0,499,62,436,499,374
1107916082,1869938495,110,389,52,447,279,395
1323690534,4234147438,48,453,123,361,405,238
980301276,283323316,60,464,148,411,404,263
1027066530,569872420,100,399,55,443,299,388
1131252418,2199202319,65,434,6,492,369,486
1065940368,1157181895,39,463,20,479,424,459
1324154504,4236042923,173,327,48,414,154,366
942063538,208026590,0,499,62,436,499,374
1155973036,2662726157,107,351,57,423,244,366
1313721918,4197831203,50,448,0,499,398,499
1292281346,4108382215,44,415,39,421,371,382
1286093927,4072752754,0,499,62,436,499,374
1145918338,2508182433,0,499,0,499,499,499
1218042170,3493388145,82,419,21,490,337,469
1316119166,4200871342,8,491,34,466,483,432
1286704881,4076067840,69,403,236,491,334,255
1107915640,1869938529,110,389,52,447,279,395
1252578064,3848774342,83,415,0,499,332,499
1209191092,3370622823,0,499,0,499,499,499
1254311858,3861222247,0,499,0,499,499,499
1211015605,3389280487,49,447,163,360,398,197
1305007984,4163122702,56,442,0,499,386,499
1237278111,3716306219,29,457,123,387,428,264
1275638497,4007156312,0,499,0,499,499,499
1024684359,546148349,9,490,109,383,481,274
1317251065,4210987117,76,390,47,436,314,389
1049512814,949849561,0,499,100,399,499,299
956310484,221465517,0,499,62,436,499,374
1257668350,3881993477,0,499,0,499,499,499
1193424688,3144085599,97,402,62,437,305,375
1238342284,3724936765,74,445,15,479,371,464
1008647261,439081842,82,399,44,475,317,431
1258046840,3883414928,2,496,0,499,494,499
1282010689,4053879102,70,431,64,447,361,383
1275636643,4006509158,20,464,154,354,444,200
1237100024,1613215508,40,443,140,355,403,215
1304109528,4160950272,106,388,51,463,282,412
941152425,205989657,73,426,0,499,353,499
1275720313,4006540612,19,478,43,459,459,416
1261418627,3898724747,0,499,0,499,499,499
904208005,148926873,0,499,62,436,499,374
167608730,1680761,88,411,0,499,323,499
1265215290,3929900551,0,499,116,354,499,238
1314870793,4186813282,43,468,48,458,425,410
1292404415,4108946642,32,470,33,436,438,403
1045819318,869196275,73,426,0,499,353,499
1226398367,3594221864,63,435,0,499,372,499
1301017961,4105613908,72,379,75,431,307,356
168851030,5381773,82,417,11,488,335,477
1263690795,3920853977,19,494,40,490,475,450
777282366,61888290,175,322,146,353,147,207
1275050528,4003836960,29,445,65,464,416,399
1138315884,2363917613,0,499,62,436,499,374
1289070214,4085964327,25,478,115,405,453,290
1201836580,3249409604,54,445,63,495,391,432
1005826607,418193082,89,409,115,383,320,268
856408800,9171131,71,427,0,499,356,499
1328323178,4250680792,56,452,77,414,396,337
1199188173,3223964582,190,324,48,457,134,409
1195807815,3177051403,65,471,110,397,406,287
1174585849,2940638558,3,491,159,353,488,194
1140310329,2406558295,0,499,62,436,499,374
1176503914,2958499836,33,473,104,391,440,287
1295220615,4125633497,154,324,31,485,170,454
1211709051,3408307434,62,437,31,469,375,438
987478226,294315659,127,369,8,499,242,491
846010430,75089553,63,437,0,499,374,499
941622015,207151313,125,393,155,333,268,178
1310037863,4181950727,35,459,8,488,424,480
1254301233,3859876502,119,389,187,356,270,169
1242780673,3765979965,0,499,83,415,499,332
1219234190,3524322266,0,499,109,389,499,280
875006901,120901156,0,499,86,412,499,326
1324040014,4235889827,0,499,0,499,499,499
1225556650,3562167625,183,316,150,349,133,199
1165420838,2803589822,155,343,99,419,188,320
1275530332,4006492040,27,471,67,400,444,333
1304130145,4160952254,106,388,51,463,282,412
1189999498,3088211511,96,409,108,384,313,276
1109443246,1884841999,0,499,62,436,499,374
971434100,262168459,250,499,197,302,249,105
1182194343,2999275572,163,329,108,203,166,95
1026842234,569637242,100,399,54,444,299,390
933259425,190110764,74,424,0,499,350,499
739143535,60283725,0,499,30,469,499,439
1098382233,1683140265,158,367,199,330,209,131
958063086,226307788,0,499,20,479,499,459
1072468144,1297363520,75,423,0,499,348,499
1310056157,4181955176,24,328,41,419,304,378
1322935143,4231789235,51,441,92,447,390,355
1282288850,4055999954,33,463,11,472,430,461
1209957188,3386004226,117,379,15,393,262,378
1273061480,3992550777,54,477,31,463,423,432
1078832525,1409872446,188,292,186,302,104,116
1233810695,3682574661,169,328,137,361,159,224
1243386119,3773726829,29,472,28,471,443,443
1315145566,4187433453,70,425,24,468,355,444
1309067905,4179409429,0,499,0,499,499,499
846865538,74369061,185,314,156,343,129,187
1290734370,4096017461,72,426,0,499,354,499
1316223081,4200878698,23,476,137,333,453,196
1295758959,4126965516,59,449,70,461,390,391
891735227,138464281,112,399,116,382,287,266
1267237011,3942389842,12,488,105,400,476,295
1296372977,4130468749,95,406,75,447,311,372
1116562154,1962221291,21,479,186,434,458,248
1264147699,3923542755,84,447,126,413,363,287
1002984920,388576409,157,346,157,337,189,180
1274230975,3997823242,0,499,0,499,499,499
981820156,285019894,0,499,62,436,499,374
1301269537,4151305506,60,466,23,473,406,450
1321079516,4221738126,24,474,105,394,450,289
1299553175,4141712315,194,350,237,274,156,37
1262970409,3910715862,178,330,145,315,152,170
1328414248,4250685450,62,447,43,461,385,418
1223600239,3582314030,11,489,161,381,478,220
1323252688,4231787928,15,469,59,468,454,409
980599377,283526964,163,335,139,359,172,220
919748668,165522234,163,335,100,399,172,299
970097145,258429616,156,378,180,323,222,143
939062286,201535266,68,431,0,499,363,499
1250268230,3831364220,0,499,99,436,499,337
1320199259,4221329503,24,448,145,391,424,246
1080500586,1448574133,0,499,62,436,499,374
1243837471,3776660412,138,366,18,476,228,458
1265383233,3930104002,21,486,55,437,465,382
1167996347,2849419285,127,371,36,472,244,436
1271234568,3976409879,0,499,0,499,499,499
1322961875,4231794280,23,466,50,463,443,413
1161832022,2743709600,53,466,145,360,413,215
1123464035,2050602720,0,499,14,485,499,471
1282537572,4057543476,0,499,0,499,499,499
984953891,290094100,10,489,162,448,479,286
743997576,60480775,23,476,0,499,453,499
1269916554,3963749452,81,419,16,484,338,468
1190005253,3087718923,0,499,0,411,499,411
1254339622,3861176346,0,499,0,499,499,499
854387724,87310644,196,303,175,324,107,149
1283597459,4061482884,0,499,0,499,499,499
1198712140,2650219487,154,345,110,389,191,279
970740315,259123740,70,428,0,499,358,499
1086754460,1515867263,0,499,62,436,499,374
1316296429,4200882943,0,461,17,499,461,482
935114282,194021575,0,499,62,436,499,374
1176503540,2757153982,33,495,138,357,462,219
1314387900,4202301920,0,499,0,499,499,499
898230454,122340775,331,355,273,285,24,12
1243398297,3773716104,27,472,49,447,445,398
1312149246,4193588207,87,405,57,438,318,381
1009321439,440697717,150,349,114,385,199,271
1202884621,3265357484,50,426,31,475,376,444
1005931603,419149572,19,479,0,482,460,482
1300735375,4148441352,158,343,167,424,185,257
1267896722,3944624379,0,499,0,499,499,499
937787418,199005587,211,271,190,299,60,109
1276404060,4013138041,37,472,44,465,435,421
1274573220,654294,98,401,0,499,303,499
1264049245,3923104249,0,499,0,499,499,499
1132433155,2226051650,140,349,40,425,209,385
1204248788,3287289282,70,430,7,493,360,486
1323076907,4232650447,9,490,163,345,481,182
1254668533,3863642863,0,497,0,433,497,433
1314582592,4202305358,1,499,0,499,498,499
1307662209,4172334416,0,499,0,499,499,499
1275624581,4007155554,16,483,17,454,467,437
1260252678,3894928269,31,462,60,478,431,418
1012189968,458600981,171,342,28,471,171,443
1316998248,4211505802,71,457,90,419,386,329
1175189994,542470115,126,366,54,438,240,384
915095304,159601908,136,361,174,324,225,150
1187620680,207304861,100,399,35,463,299,428
1307491849,4171080751,0,499,0,499,499,499
1264902467,3928057208,7,484,108,418,477,310
1169661367,2879300309,42,457,0,499,415,499
1284280557,4063249230,0,499,0,499,499,499
1089411728,1550016084,76,422,7,496,346,489
1192152272,3122669812,68,432,22,488,364,466
1012323837,456497871,62,436,0,499,374,499
1122010321,2045550615,158,341,100,399,183,299
1177593758,2976912529,67,421,94,457,354,363
1196407933,3188016255,9,489,55,445,480,390
1173472017,2927891826,62,436,0,499,374,499
1254912439,3866914514,39,467,66,401,428,335
1243839178,3776675830,17,488,101,417,471,316
867789802,10628500,75,424,0,499,349,499
1311610438,4188771199,26,430,133,408,404,275
1026906541,569670879,111,388,50,449,277,399
1026945615,569722765,100,399,55,444,299,389
1253504601,3856531003,0,479,80,499,479,419
866755641,90889649,87,413,13,486,326,473
1254941754,3867138034,16,499,31,489,483,458
1318374228,3800652004,189,482,107,396,293,289
1270603139,3972162677,12,484,24,467,472,443
1009234436,440549113,150,349,108,390,199,282
1143066354,2453322229,28,470,0,499,442,499
1316130024,4200872315,23,442,32,417,419,385
1250188029,3820795515,141,358,0,499,217,499
1261244942,3898715112,0,499,0,498,499,498
1255782596,3871116637,0,499,0,499,499,499
1191424011,3107233816,243,272,255,483,29,228
1323262010,4231687893,47,439,65,451,392,386
1038565045,693202201,17,452,139,347,435,208
1141666459,2426361430,62,436,0,499,374,499
1172791582,2920940582,1,497,0,499,496,499
1248831960,3817888373,9,492,0,499,483,499
1108943540,1879839543,140,363,40,452,223,412
940787933,205122621,226,273,185,319,47,134
1323227326,4231851087,0,499,0,499,499,499
941678758,207196181,132,365,171,318,233,147
1266775677,3939943705,17,488,127,414,471,287
1149925718,2567140669,68,430,1,492,362,491
1243659251,3775275184,0,499,62,436,499,374
1244326111,3782771542,0,499,126,436,499,310
1311087111,4181903044,0,499,0,499,499,499
1178133690,2981153088,19,480,87,411,461,324
1158029657,2678248623,10,471,96,418,461,322
906548986,151093505,0,499,62,436,499,374
1227123399,3602846734,62,436,0,499,374,499
1022794856,530812583,165,339,170,357,174,187
892937764,133025406,71,427,47,452,356,405
1265586696,3931859588,0,499,0,499,499,499
1264350330,3925416177,126,376,104,393,250,289
1255143961,3868751695,150,351,190,308,201,118
161107830,1404975,135,363,104,394,228,290
1159903837,2602396998,70,467,28,479,397,451
1300260663,4145469268,50,439,102,344,389,242
1032452253,204034771,68,431,0,499,363,499
1254192014,3860640525,187,324,216,321,137,105
1097547502,1672813967,93,405,50,449,312,399
1279462869,4039246463,24,471,135,365,447,230
1261428467,3898729282,35,473,86,487,438,401
1275500984,4001747675,0,499,109,390,499,281
1260386297,3893205117,63,492,24,469,429,445
892550347,139353486,125,374,0,499,249,499
1068058256,1188155978,78,421,0,499,343,499
1250255849,3831235953,36,422,20,413,386,393
1118239309,1980577063,0,499,62,436,499,374
1328575584,4250645321,99,410,110,404,311,294
969929964,258075990,71,429,122,359,358,237
746789630,60595510,175,324,182,317,149,135
1133292870,262158691,120,378,75,428,258,353
1296583736,4128727840,64,439,3,495,375,492
933234021,190091107,90,404,23,483,314,460
1294482340,4122564402,18,471,60,446,453,386
1323081786,4231811297,73,435,79,430,362,351
1129804533,2171590352,70,429,0,499,359,499
1326004965,4236945843,109,389,0,499,280,499
1244540575,3785187500,0,499,122,436,499,314
1239469846,1133028003,184,315,150,349,131,199
847046639,76410967,71,427,0,498,356,498
146575830,4496708,145,354,100,399,209,299
1130461421,2183951001,0,499,62,436,499,374
1323893487,4234091536,111,388,42,461,277,419
1266765655,3940009343,147,369,186,319,222,133
1072089583,1300034325,54,444,5,393,390,388
1121419840,2035478854,10,482,92,403,472,311
1250250951,3831234600,47,462,45,458,415,413
1181523540,2361171248,24,499,115,499,475,384
1123909321,2064837612,69,386,97,386,317,289
905814378,120243137,90,409,130,369,319,239
1248702742,1888332374,43,413,58,417,370,359
1273220496,3992590270,64,431,75,441,367,366
1322154058,4228958268,0,499,0,499,499,499
1223537269,3581813512,0,499,118,381,499,263
1029511630,591830036,96,404,43,438,308,395
958285491,227182737,0,499,62,436,499,374
1065997660,1158987678,110,389,145,354,279,209
891725457,138456737,167,328,100,395,161,295
1250423885,789523007,62,436,0,499,374,499
441335553,50248303,5,489,221,278,484,57
1037515630,731723724,43,439,81,443,396,362
1115137542,1936793094,0,499,39,455,499,416
1299180314,4139570316,106,377,80,363,271,283
1265609330,3931892611,10,468,38,429,458,391
1094771280,1627926024,16,483,178,321,467,143
1261430806,3898729900,91,423,5,490,332,485
1212477457,1995668209,175,324,150,349,149,199
1282791559,4058577415,0,499,0,499,499,499
1322675834,4230268251,8,491,102,424,483,322
1049126931,948910751,160,338,115,384,178,269
1123624503,2058926324,0,499,21,499,499,478
1293507365,4118456691,0,499,62,436,499,374
1308331609,4152034242,39,472,51,451,433,400
1041047251,823357507,0,499,83,415,499,332
1316227159,4200879366,0,499,0,466,499,466
1111956641,1917892408,52,424,154,357,372,203
922615290,171696324,132,360,131,378,228,247
1195258613,3166434363,68,401,76,390,333,314
1260356286,3893244248,25,458,139,447,433,308
1008226695,436164023,89,394,98,402,305,304
1007519014,435023364,56,443,0,499,387,499
1307948401,4146009873,106,394,20,452,288,432
1255758121,3871285884,162,363,127,476,201,349
1026925866,569840197,100,399,61,437,299,376
1324184993,4236296954,60,448,114,388,388,274
1275556505,4006494877,48,440,23,481,392,458
1092869001,1591221566,80,418,1,499,338,498
1278946527,4037569212,0,499,0,499,499,499
883377225,56171687,71,427,88,410,356,322
1278198364,4030618309,49,461,87,360,412,273
925096176,176558277,0,499,106,392,499,286
1264503637,5186877,70,429,0,499,359,499
1158121257,2695198129,40,471,61,429,431,368
1265420387,3930805139,143,361,42,454,218,412
1241290097,3754982645,154,345,110,389,191,279
981406574,284484153,134,367,36,489,233,453
1025696687,554397307,0,412,83,337,412,254
1102134389,1791124750,113,460,80,369,347,289
1275629658,4006507911,0,499,0,499,499,499
1318271536,2603831912,7,492,49,452,485,403
869932569,114047275,50,449,100,399,399,299
1177652932,2977764938,49,446,109,334,397,225
1019278729,516356921,108,459,166,368,351,202
1273994772,3995263362,0,499,0,499,499,499
1115566614,1947163734,0,499,33,466,499,433
1048553967,941304253,0,499,84,415,499,331
1118457574,1984569871,9,494,69,438,485,369
1178500008,2987326852,0,499,62,436,499,374
1320000714,4221175175,158,337,8,486,179,478
1262877975,3910514807,0,499,29,469,499,440
1265224768,3929899965,5,489,69,397,484,328
1062548380,1116882461,69,426,127,388,357,261
1174592559,2940640345,98,399,25,472,301,447
1116959708,1966881423,12,488,54,436,476,382
1324038750,4235889799,0,499,0,499,499,499
522550234,3213547,0,499,62,437,499,375
970505835,259581138,94,392,139,352,298,213
1077388749,653234997,87,411,0,499,324,499
1235687027,3697786814,33,473,60,460,440,400
1070213683,1255935542,0,499,87,412,499,325
1236672135,3711184608,125,374,147,351,249,204
1212275053,3420709898,0,499,0,494,499,494
1299715145,4143441283,0,499,0,499,499,499
1209410885,3377003174,44,468,201,303,424,102
1321456063,4222998492,25,476,150,347,451,197
1229621824,3625454904,87,484,36,399,397,363
1198670297,1100403239,154,344,109,399,190,290
1256927409,3875025341,72,499,32,399,427,367
1007629377,435065372,100,399,41,457,299,416
1317518679,4213489054,0,499,0,499,499,499
1123646513,2055106685,83,417,69,443,334,374
1101598736,1059789190,42,457,0,499,415,499
1301542561,4150998008,64,446,53,407,382,354
1266777349,3939946761,0,482,0,464,482,464
1118648641,1987245605,108,390,15,499,282,484
982271,1069014,74,424,0,499,350,499
1283926911,4063205051,0,499,0,499,499,499
1311196814,4182063506,19,487,144,378,468,234
1273160847,3992523848,64,439,68,440,375,372
1196751311,3196718809,112,440,56,433,328,377
1143213642,2462451491,68,432,141,357,364,216
1007988615,435847413,105,394,50,449,289,399
1026563972,565022202,68,431,0,499,363,499
930321654,184350456,162,340,130,368,178,238
884166504,129415417,0,499,62,436,499,374
1220480250,3546329377,0,499,0,499,499,499
1313978646,4200636188,0,499,0,499,499,499
1269771075,3962600204,0,499,62,436,499,374
1141926036,2444260426,70,429,0,499,359,499
967232269,254400828,118,382,75,424,264,349
1026968876,569627269,116,382,50,449,266,399
1267235897,3942390926,11,485,128,302,474,174
935382438,194159756,0,499,62,436,499,374
1269770727,3962600048,0,499,62,436,499,374
864432199,105866622,87,412,1,499,325,498
1251741410,3836667125,0,499,13,499,499,486
1106097487,1856402267,62,436,0,499,374,499
1316192981,4200877067,26,484,18,427,458,409
1217174510,3490668440,79,423,148,413,344,265
990958824,298246467,83,416,50,480,333,430
1053679526,511835997,97,387,119,317,290,198
1053309296,1029729264,22,476,103,400,454,297
1218362100,3509521142,0,499,239,262,499,23
1245669129,3793734838,19,480,20,479,461,459
1061586696,396814077,101,390,118,433,289,315
1268261332,2088821742,83,415,0,499,332,499
1309704124,4179733387,107,385,115,439,278,324
1311890949,4188967462,104,395,27,467,291,440
1311183952,4182063124,122,370,73,418,248,345
1300298959,4143097493,0,499,62,436,499,374
1252273449,3848184510,0,499,0,499,499,499
1027303623,570664431,108,391,50,449,283,399
292878561,17841666,213,285,0,499,72,499
1172791622,2920940596,24,449,27,463,425,436
1301649144,4151267820,74,421,77,461,347,384
1294488508,4122565010,0,499,0,499,499,499
1309697824,4179732879,11,493,142,402,482,260
1299509413,3849253095,75,424,36,486,349,450
1243659386,3775275368,0,499,157,436,499,279
1077917405,1386976220,216,284,14,422,68,408
983831908,202966666,86,412,6,488,326,482
1277905246,4027344942,73,414,32,479,341,447
1140134141,2397225352,0,499,62,436,499,374
1100084273,1711729478,104,393,145,354,289,209
980164106,209298008,71,427,0,499,356,499
1262433454,3908157099,29,499,248,454,470,206
1304014697,4160807020,190,352,156,317,162,161
1066929883,1173352112,14,474,138,374,460,236
1248373770,3814854908,56,448,138,364,392,226
850072163,72345163,64,434,0,499,370,499
938680124,200939933,0,499,50,449,499,399
1084427701,52286396,75,424,0,485,349,485
1277887968,4027058169,80,449,93,383,369,290
1170481434,2897228437,40,462,106,392,422,286
1138790846,2268192836,0,499,90,408,499,318
1199717596,3235120768,28,499,0,499,471,499
1254475158,3859878886,56,455,31,482,399,451
1307848928,4172911852,69,456,108,416,387,308
1307455641,4168852067,50,443,78,456,393,378
1008765192,439144450,73,425,0,499,352,499
1283939266,4063336195,12,499,131,347,487,216
1270052708,2761047462,101,398,36,499,297,463
1278105383,4028438631,73,426,0,499,353,499
1090969455,1566418965,62,436,0,499,374,499
926444299,178646916,62,436,0,499,374,499
1285114253,4063768211,60,416,110,454,356,344
1282862530,4057766375,135,340,185,454,205,269
1166653379,2816755429,62,436,0,499,374,499
1008226657,436164013,52,446,100,397,394,297
1299168806,4141557341,156,344,115,358,188,243
1177148048,2970573924,0,499,69,430,499,361
1263084480,3913876663,138,377,138,316,239,178
1110879723,1905852139,54,444,0,499,390,499
1262431089,3908156560,48,473,71,425,425,354
1307796241,4172825629,40,467,30,471,427,441
1047874169,933716066,131,367,0,496,236,496
939969756,203142811,70,429,0,499,359,499
941693686,207287184,153,352,175,327,199,152
1115539002,1940547724,0,499,62,436,499,374
1107659864,1869200558,147,347,178,331,200,153
1158343873,2692145404,0,499,0,499,499,499
1236308221,3702251367,62,436,0,499,374,499
1299559312,4141733954,30,470,92,408,440,316
1038835871,767408500,86,410,10,482,324,472
986927916,293306430,91,403,7,497,312,490
1168953436,2868224451,86,419,92,426,333,334
1268542206,1173250264,107,391,0,499,284,499
1253538165,3857511051,24,469,164,347,445,183
1321569005,4227450108,0,499,1,497,499,496
1311937620,4190902403,0,499,79,419,499,340
1086107595,1507609272,0,499,108,389,499,281
1276017193,4010223020,29,461,33,441,432,408
1117747900,1976987661,114,384,0,499,270,499
1279498137,4039609406,0,499,0,486,499,486
946714013,208715293,162,328,195,320,166,125
1321736712,4223029787,37,448,92,456,411,364
1308840292,4177838907,120,435,30,409,315,379
1188359632,3054410392,0,499,109,389,499,280
1098227197,1682589720,0,499,62,436,499,374
1318278416,4217911314,0,499,67,431,499,364
1244540409,3785187454,0,480,139,346,480,207
1196808570,3198807457,0,499,0,499,499,499
859416136,94657241,71,430,0,499,359,499
1241422454,3756670706,222,268,212,310,46,98
908690523,153275994,14,471,49,445,457,396
1155197659,2649800289,187,315,159,349,128,190
1199717088,3235120714,27,456,15,483,429,468
1308951021,4175189778,111,386,101,400,275,299
1314833549,4186744197,0,499,0,499,499,499
1254418497,3861646433,101,391,131,417,290,286
1164820757,2795229726,133,344,233,349,211,116
1294405254,4122741618,49,423,33,486,374,453
1276002294,4010221956,8,499,0,499,491,499
1167984719,2849127689,145,363,138,372,218,234
971423110,262159013,33,488,62,442,455,380
1240162720,3741984343,62,436,0,499,374,499
1077541067,1374123836,82,417,0,499,335,499
1142064288,2446326493,45,451,164,338,406,174
1314356974,4202301455,78,408,20,408,330,388
1298890940,4139509254,6,383,130,391,377,261
1308667015,4177585878,0,499,0,499,499,499
1281734247,4052948039,59,440,65,433,381,368
1007211236,433306548,73,425,0,499,352,499
1128009995,2134907746,20,484,25,477,464,452
1007734210,435273724,108,390,50,449,282,399
1238318424,3723513034,68,430,0,499,362,499
931974942,187231383,116,392,147,352,276,205
1193640663,3148097945,128,372,163,336,244,173
1230830731,3642338105,107,391,108,390,284,282
1020988161,519955509,0,499,62,436,499,374
1174592450,2940640322,44,454,43,483,410,440
1004519530,406374968,0,499,62,436,499,374
1241285979,3716120746,110,389,54,445,279,391
961855759,238631334,213,335,73,411,122,338
1271238756,3976409718,0,499,11,499,499,488
1309033901,278529189,100,399,33,466,299,433
902859120,147806424,125,373,75,425,248,350
1290596476,4095093481,0,499,0,484,499,484
959846001,233920164,110,404,163,336,294,173
1026005710,558485770,26,468,92,410,442,318
1159652238,2713193890,0,499,38,460,499,422
1264729325,3926780476,19,474,72,428,455,356
1311425672,4187121022,52,446,60,470,394,410
1176505215,2958501915,62,437,62,436,375,374
1314526257,4202304209,0,499,0,499,499,499
1138623449,2371987500,0,499,63,435,499,372
1274153778,3997813761,0,499,0,499,499,499
1095756086,1640540202,9,470,127,373,461,246
1010225972,445216625,209,287,146,345,78,199
1204250029,3287290176,0,499,0,499,499,499
1192425476,3128393728,35,468,206,300,433,94
1061791357,1107375284,176,322,200,295,146,95
1275405644,4003975195,29,472,32,467,443,435
1253495668,3856823800,0,499,106,393,499,287
1127347944,2121747399,0,499,19,479,499,460
1141936937,2442101674,54,445,0,499,391,499
1090676136,1556820464,62,436,64,434,374,370
1249534329,3819979165,126,373,157,349,247,192
1257247761,3879894529,0,499,0,499,499,499
1212569315,3415169612,0,499,0,499,499,499
1316988849,4210982177,95,397,35,459,302,424
1170588051,2890850963,72,427,0,479,355,479
1278708469,4036971730,115,343,113,407,228,294
1316092687,4200868667,0,472,0,458,472,458
1127347879,2121747371,0,499,0,499,499,499
1008172388,436095630,150,349,184,314,199,130
1185610037,3018722534,62,436,0,499,374,499
1285841278,4017666305,0,499,0,499,499,499
1128248167,278572835,154,344,100,399,190,299
974398560,271451697,0,499,76,422,499,346
911164899,154672675,174,334,170,355,160,185
1042958197,844652055,62,436,0,499,374,499
1245216597,3789602459,72,428,145,371,356,226
1279909995,4042189314,169,299,96,196,130,100
1220612245,3546683879,0,499,62,436,499,374
1069189377,1228315173,88,411,0,499,323,499
1149928047,2557568400,71,428,0,499,357,499
1266491078,3938616474,12,487,177,344,475,167
1018392557,510785380,53,446,90,410,393,320
1240162754,3742398501,88,273,85,466,185,381
1308321167,4151913172,32,479,14,484,447,470
893237919,16611913,81,408,4,485,327,481
1191919447,3118213461,120,379,153,346,259,193
1273896430,3995348471,0,479,31,476,479,445
1310397998,4182240282,0,499,0,499,499,499
1288896552,4086129233,0,499,0,499,499,499
1084206194,1488770483,62,436,0,499,374,499
1308908098,2706264736,100,399,23,475,299,452
1174590051,2940639583,6,493,42,481,487,439
1278804232,4037085950,37,446,50,427,409,377
1190879289,3098585525,0,499,44,499,499,455
1248029869,3813729465,0,499,0,499,499,499
1237104311,1470243489,0,499,161,311,499,150
1136441033,2330691396,37,454,136,375,417,239
854180033,85756929,70,429,0,499,359,499
1069034649,1217550016,96,405,99,404,309,305
986945502,293306102,162,296,414,486,134,72
1030243687,596231924,80,416,14,491,336,477
1174587260,2940638864,69,454,48,462,385,414
1154399868,2635403447,73,426,0,499,353,499
997725833,93643951,190,309,157,342,119,185
1174579237,2940636409,0,466,36,457,466,421
849486545,80948982,120,379,70,429,259,359
1195807866,3177051721,8,493,93,404,485,311
1260264641,3893191811,2,499,56,499,497,443
1247849130,3813570948,0,499,62,436,499,374
1305110233,4164667711,106,388,51,463,282,412
1260344268,3893243323,27,349,82,311,322,229
1279769465,4041458856,71,426,162,312,355,150
1299724697,4143441855,0,499,10,499,499,489
1269771962,3962600631,0,499,62,436,499,374
1156077433,2664721858,138,497,208,291,359,83
1168014948,2849849893,57,462,69,443,405,374
1178304758,2983212930,0,499,106,392,499,286
1244541706,3785102233,64,427,71,438,363,367
1126911615,2086080516,35,481,78,396,446,318
1245967434,3795862204,0,499,89,436,499,347
1296879863,1466451856,98,400,0,499,302,499
1319429281,4214364216,97,397,79,428,300,349
1270416708,3971883935,79,499,82,448,420,366
1212771512,3433584428,40,462,158,309,422,151
1174591420,2940640086,17,411,11,488,394,477
1019348512,516411063,9,499,32,472,490,440
1243443832,3773724543,28,472,70,418,444,348
1271553262,3976945596,0,499,0,499,499,499
1178273706,2983704951,72,418,90,404,346,314
1009313052,440699352,150,349,109,389,199,280
917761258,163325679,67,432,0,499,365,499
1136209018,2323052846,69,402,84,419,333,335
1252627922,3850328766,0,499,62,436,499,374
1187181718,3045732385,0,499,62,436,499,374
1253371231,3856209277,116,460,14,473,344,459
1323841793,4231421644,0,499,0,499,499,499
1243381069,3773713024,55,446,20,479,391,459
1101203012,1750980954,82,417,15,483,335,468
1249534240,3819978893,214,279,219,272,65,53
1168515934,2861077062,110,389,54,445,279,391
1262620311,3908525760,124,443,163,384,319,221
1305108549,4164667235,106,388,51,463,282,412
1261361641,3898715221,0,499,0,499,499,499
1115064785,1938814665,0,499,83,416,499,333
1310168062,4182223522,65,434,127,381,369,254
1011777155,455136749,83,415,20,479,332,459
1309999970,4181947985,65,436,90,400,371,310
1094111431,1613927905,83,416,0,499,333,499
1250922100,3836828563,33,459,22,499,426,477
1169904079,2887191381,4,485,64,434,481,370
1313949540,4186094069,192,299,39,257,107,218
1264890177,3928050054,0,482,115,414,482,299
1125001159,2087521103,144,354,109,391,210,282
1260337306,3893243040,27,457,16,473,430,457
1250210107,3830733614,0,499,68,430,499,362
971434500,262169800,93,420,49,386,327,337
1056609093,858164368,42,457,105,410,415,305
1165108493,2798891843,127,331,18,476,204,458
1316242253,4200880017,22,494,67,423,472,356
1114390572,1933147226,100,312,100,409,212,309
1299324515,4142271715,69,430,0,499,361,499
1215530902,3470073419,75,424,23,475,349,452
1118573461,1986329307,43,491,79,448,448,369
1291730902,1962182131,8,492,33,463,484,430
1068608572,278574717,202,319,157,311,117,154
1257152424,3879365555,139,323,33,459,184,426
1023269103,534594832,0,499,19,479,499,460
1037387692,729033532,37,467,140,378,430,238
1108292843,1874187613,0,499,109,389,499,280
975846108,274640957,130,369,0,499,239,499
1064469073,1137468657,122,377,76,416,255,340
1223576087,3582299518,18,486,152,325,468,173
946489233,205951947,181,317,150,349,136,199
1304026001,4160808672,26,487,4,494,461,490
1265219852,3929900735,65,471,193,360,406,167
1217414853,3494065275,175,319,161,344,144,183
1279756402,4041456311,0,499,0,499,499,499
1312089452,4193384895,149,352,170,365,203,195
1306535196,4167075273,106,388,51,463,282,412
1145272606,2493723607,62,436,0,499,374,499
1155758162,2659537588,0,499,0,499,499,499
1235319147,3692995846,100,399,16,483,299,467
1275125979,4003848885,61,444,67,444,383,377
1254482507,3859879085,151,477,163,347,326,184
970953224,261001478,24,475,106,415,451,309
1311063731,4182118318,0,499,0,499,499,499
1008972610,439663094,73,425,0,499,352,499
1314523496,4202304165,84,431,35,484,347,449
1306837650,4167090512,0,499,0,499,499,499
1164411105,1974917183,33,472,123,416,439,293
1294178233,4122530600,10,488,36,467,478,431
1249535216,3819982031,181,319,188,327,138,139
1306913199,4167096485,106,388,51,463,282,412
977929321,278563619,86,412,0,499,326,499
1158121317,2695198247,100,389,15,476,289,461
1019301857,516377764,87,440,56,471,353,415
1260377328,3893204717,38,460,49,438,422,389
1244541499,3785188052,0,499,122,436,499,314
1278744500,4036991399,35,477,36,469,442,433
1267878067,3942380340,13,486,48,445,473,397
1252391223,3848793846,15,492,86,432,477,346
1292549939,4108945608,28,451,141,360,423,219
1323095665,4231814507,26,468,59,458,442,399
933519195,190721726,77,428,0,499,351,499
1201848938,3249436457,0,456,107,415,456,308
1143133274,2459186923,115,384,148,350,269,202
1304169265,4160986405,106,388,51,463,282,412
957594747,224681330,200,322,44,455,122,411
1088480602,1528600780,49,449,0,499,400,499
1105636420,1854047698,1,499,92,406,498,314
1002985694,388576139,0,499,214,263,499,49
1240783666,3748234383,0,499,0,499,499,499
1267327312,3942398513,9,487,91,450,478,359
1134783101,1145362396,170,331,177,331,161,154
1253164362,3855209862,39,472,64,444,433,380
1310068440,4181960459,85,400,86,430,315,344
1304339567,4161808321,57,438,0,499,381,499
1256952640,3875039979,19,472,61,434,453,373
1130348493,2183071618,0,499,22,452,499,430
1206375947,3315808797,147,351,100,399,204,299
1285054585,4063743419,43,451,45,449,408,404
1262467945,3904988564,164,340,95,472,176,377
1316133440,4200872669,1,487,10,498,486,488
1211049684,3381461945,0,499,100,399,499,299
868016781,111367428,90,409,130,369,319,239
581568,929093,72,427,0,499,355,499
1283757636,4061611083,0,499,0,499,499,499
1307028657,4063101370,0,499,11,468,499,457
1223011115,3577739206,70,429,145,354,359,209
1276044415,4010225106,169,343,55,424,174,369
845096537,73778143,125,374,183,316,249,133
1326881090,4176506063,146,371,95,475,225,380
1275248446,4003948473,0,499,0,499,499,499
1100140565,1711276049,62,436,0,499,374,499
1289751568,4087671598,29,486,33,472,457,439
1068069516,1188706513,73,427,64,432,354,368
881728672,126237959,70,428,0,499,358,499
1248181062,3814518661,10,455,98,349,445,251
1204251220,3287291510,10,490,27,474,480,447
882094558,126529723,76,423,0,499,347,499
1273106473,3992512898,44,456,60,439,412,379
1026931732,569626329,115,383,50,449,268,399
1134227260,2195092736,60,452,89,399,392,310
1306920613,4167097421,106,388,51,463,282,412
523361730,52822260,203,295,180,319,92,139
1268740930,3936362823,0,499,0,499,499,499
958568213,228489664,147,353,168,346,206,178
1325789892,4242764897,0,499,109,389,499,280
1225886251,1098426717,125,374,125,374,249,249
1176097568,2954028617,79,365,153,350,286,197
1248580458,3815011996,0,499,83,415,499,332
941169258,56624961,70,428,0,499,358,499
1007829331,435304262,140,359,86,412,219,326
1257027655,3877096696,80,341,118,381,261,263
1276013743,4010222821,42,458,57,462,416,405
1248360848,3814846693,93,411,24,495,318,471
1295724833,4126965007,5,470,58,457,465,399
1293316435,4104715391,21,479,167,340,458,173
930122881,183749914,138,360,95,404,222,309
1323270123,4231688765,233,281,422,457,48,35
1247480061,3810740207,33,446,148,348,413,200
1301426340,4152028209,0,499,0,495,499,495
847171530,76437485,72,426,0,499,354,499
1309592991,4152870711,137,366,32,469,229,437
1199384939,3228903269,68,394,191,431,326,240
1137098610,2339809721,174,324,33,461,150,428
1233284078,2036108224,0,499,109,389,499,280
892189057,56105180,48,450,0,499,402,499
980665240,283890970,0,499,62,436,499,374
1045560689,869948583,67,435,78,427,368,349
1119678380,2001614465,0,499,62,436,499,374
1023908499,538882689,85,407,145,365,322,220
1040335379,811484016,202,297,177,313,95,136
452034930,50306895,127,371,86,413,244,327
1186950504,3040165356,100,399,34,464,299,430
1243658974,3775275032,0,499,169,436,499,267
1203637605,1725449045,73,425,0,499,352,499
1309355645,4152695138,23,477,61,436,454,375
1320429709,4224457965,33,460,57,448,427,391
1191043932,3101164197,91,417,62,435,326,373
1249622223,3820397297,62,436,0,499,374,499
1188396777,3064238318,0,499,0,499,499,499
858295581,85756321,134,364,86,411,230,325
1326711025,4243534589,0,499,62,436,499,374
1260217931,3894910980,63,439,61,436,376,375
1270439337,3971907180,18,433,128,424,415,296
1317002859,4211508830,13,491,41,468,478,427
1260310739,2590322020,83,415,0,499,332,499
1270484713,3971723303,0,499,0,499,499,499
1240869038,3750262888,41,437,80,388,396,308
336542046,47913558,0,499,62,436,499,374
1121310092,2033920274,87,411,0,499,324,499
1276017910,4010223158,0,469,138,434,469,296
1298013094,4137893179,89,425,26,478,336,452
1205825877,3312189791,91,475,103,384,384,281
963433332,243658850,62,436,0,499,374,499
1188475101,3062767806,71,428,0,499,357,499
988509751,295660399,167,205,304,321,38,17
1254206473,3860784671,0,499,0,499,499,499
869142523,112999853,0,499,62,436,499,374
862631204,102338936,119,379,50,449,260,399
1196125321,3181280791,86,424,92,424,338,332
885968705,131719580,50,449,86,412,399,326
981406661,284484163,7,495,27,482,488,455
986944484,293306207,143,484,177,386,341,209
901878185,147008651,211,331,171,359,120,188
1174589231,2940639449,9,491,92,481,482,389
958571418,228561450,62,436,0,499,374,499
1310563689,4182255406,120,377,91,422,257,331
1313219632,4197659198,62,459,187,336,397,149
1305324120,4165064008,0,499,0,499,499,499
1190858953,3098280163,110,389,51,448,279,397
1011018633,449731998,77,443,6,489,366,483
1323189517,4231839364,52,453,54,455,401,401
1261652037,3900591388,0,499,0,499,499,499
1277669132,4023007387,0,499,0,499,499,499
1274808926,538101,81,418,0,499,337,499
1151562090,2585832933,0,499,109,389,499,280
1299709617,4143439549,0,499,0,499,499,499
457831130,50447482,106,393,50,449,287,399
1328492431,4250642640,49,428,6,482,379,476
1101454654,8536794,0,499,70,428,499,358
1282293703,4056001806,23,477,93,406,454,313
1282292883,4056001684,80,418,22,478,338,456
701114286,58398442,67,432,0,499,365,499
1121236812,2033462871,19,487,81,447,468,366
977745862,278786903,60,438,0,499,378,499
1277429845,4023661246,70,429,145,354,359,209
1307323350,4171075559,15,499,0,499,484,499
1297877767,4137578528,48,446,40,458,398,418
1215772889,3472828977,0,499,0,499,499,499
1261381771,3898717289,0,499,0,499,499,499
1008160758,436071669,143,356,111,388,213,277
845651841,74574062,0,499,62,436,499,374
1316253010,4200880744,0,499,0,486,499,486
1299557703,4141723958,127,368,96,376,241,280
948664632,211309972,74,424,0,499,350,499
1120638948,2015950387,34,459,108,393,425,285
1319412303,4214354245,104,391,20,488,287,468
1005743672,417041469,70,424,86,386,354,300
1174593251,2940640444,4,496,40,481,492,441
987571134,294415076,172,320,46,499,148,453
1248831534,3817887927,9,492,0,499,483,499
1270124785,3969150601,0,499,0,499,499,499
1040819739,819121653,0,499,109,389,499,280
1303832398,4159427309,106,388,51,463,282,412
1250268210,3831364150,0,499,167,436,499,269
1096519525,1655485605,228,262,233,258,34,25
1124257847,2074469040,156,343,117,399,187,282
1040429596,811704946,182,307,171,339,125,168
1291289940,4101477049,36,468,151,371,432,220
1052299368,984119821,49,460,172,355,411,183
1002984946,388576495,157,342,159,356,185,197
1283636719,4061595377,142,360,159,391,218,232
1132054818,2218833161,0,499,63,436,499,373
1033615225,655635019,0,499,62,436,499,374
1316259532,4200881183,62,447,12,487,385,475
1243283469,3772626452,73,431,180,360,358,180
1293807673,4116089967,140,358,167,331,218,164
1256593908,3874330119,34,474,126,378,440,252
1265899636,3935512076,34,487,162,339,453,177
976455325,275878729,32,466,0,499,434,499
1143402574,2465140588,57,440,66,433,383,367
1116378222,1960307019,162,336,83,427,174,344
1305143501,4164672016,106,388,51,463,282,412
1317684746,1892601248,8,494,191,315,486,124
1239446235,2942125522,0,499,95,403,499,308
747527789,19358036,63,436,0,499,373,499
1283901492,4061626086,0,499,0,499,499,499
996085307,304801218,159,338,11,499,179,488
1244092448,3778856605,62,436,0,499,374,499
1320160135,4215432334,47,455,29,468,408,439
1294199681,4122557738,40,435,159,499,395,340
1217279566,3492667089,0,499,83,415,499,332
1300300067,4145591290,37,466,124,379,429,255
1324264352,4235887701,14,344,64,388,330,324
834572255,116425597,50,449,0,498,399,498
1174366092,292160789,138,359,4,492,221,488
922170732,170807761,216,266,112,389,50,277
864531800,106039563,64,434,0,499,370,499
1231796722,3654500169,84,423,108,411,339,303
1026929574,570004400,100,399,56,442,299,386
709613259,58829287,68,430,0,499,362,499
1254965052,3866924558,0,499,0,499,499,499
1310424302,4183888056,0,499,0,499,499,499
1308871316,1270836334,100,399,8,490,299,482
878356097,123576428,97,462,25,470,365,445
1254470688,3861824243,0,499,0,499,499,499
1267336394,2544776180,105,394,0,499,289,499
1220946645,3558861475,225,325,223,278,100,55
1317930004,4215695991,0,499,0,499,499,499
1209710484,3382580761,22,461,87,420,439,333
451709930,50302740,122,377,59,440,255,381
1256793795,3875046765,86,415,165,499,329,334
1294184502,4122553080,0,499,0,443,499,443
441733730,50191583,156,343,127,375,187,248
1155267817,2650368395,0,499,62,436,499,374
986591279,292716628,87,411,0,499,324,499
1253215008,3854772559,0,499,0,499,499,499
1257151670,3879365378,168,357,47,279,189,232
1321372300,4222989263,107,394,13,481,287,468
1219932688,3533720145,62,436,0,499,374,499
1313403193,4197671256,169,479,87,372,310,285
1269779365,3962606021,0,499,0,499,499,499
1243407973,3773720084,31,469,30,468,438,438
861903335,100771879,71,430,0,499,359,499
1243266260,3772345220,53,475,121,485,422,364
1309733210,4153016168,64,400,103,462,336,359
1155883273,2659760200,61,445,67,439,384,372
1292770290,4113766178,29,469,63,436,440,373
1085836440,1505886428,79,420,0,499,341,499
1199298516,3226740595,62,436,0,499,374,499
1176096380,2954026974,3,397,126,362,394,236
862633596,102356502,81,422,129,370,341,241
1191363873,3071781501,145,353,168,331,208,163
1027125795,569888510,113,385,50,449,272,399
1270215776,3969874768,0,499,0,499,499,499
912220040,156129626,80,419,0,499,339,499
1301076960,4150449573,167,289,152,428,122,276
953296928,216885583,0,499,0,499,499,499
1144458293,2482251868,27,472,0,499,445,499
1312730186,4192527501,0,499,41,457,499,416
1288666218,4084818353,175,324,150,349,149,199
1314051741,4186136866,38,454,86,412,416,326
1010304810,445770248,63,442,153,338,379,185
1260245851,3894926060,40,443,73,461,403,388
1243397404,3773715819,36,458,43,465,422,422
1085734751,1505369169,13,480,77,428,467,351
1123322290,2051476542,24,499,33,459,475,426
1267864880,3942392147,0,499,208,263,499,55
1100059464,1711734556,180,319,151,347,139,196
978533719,222624472,8,491,38,460,483,422
1189026435,3076601192,0,499,95,404,499,309
1188525827,3065001766,71,428,0,499,357,499
1269736894,3962346720,108,392,139,328,284,189
1027354924,570675312,50,449,113,385,399,272
328412430,47467342,100,327,60,439,227,379
1301159171,4150954964,142,350,100,417,208,317
1181443517,3002933739,146,349,12,485,203,473
1301786125,4151007414,27,459,27,427,432,400
1269271809,3957735487,0,499,62,436,499,374
1283215090,124723047,85,413,19,499,328,480
1298929965,4139510240,103,396,74,499,293,425
1073831139,1326309324,0,499,62,436,499,374
1269260710,3950247763,0,499,109,389,499,280
1250175005,3830612371,49,446,17,480,397,463
1112109920,1920541109,6,492,78,428,486,350
536686121,53039802,143,355,110,389,212,279
1028757909,588328366,0,499,95,404,499,309
1245229965,3789655805,0,499,117,381,499,264
1198599175,1160853398,156,342,100,399,186,299
987658169,294485354,21,479,143,357,458,214
1306612452,4168967325,19,494,40,490,475,450
1221400583,3563108683,54,495,111,423,441,312
1241428635,3756677282,185,314,152,346,129,194
1316104860,4200869672,56,442,17,467,386,450
1301387386,4150984774,71,432,10,461,361,451
1323260726,4231687343,191,308,49,460,117,411
1100067291,1711736263,110,389,96,448,279,352
1254813375,3866397158,6,499,17,411,493,394
1319430427,4214364250,36,464,109,410,428,301
1275801370,4008892431,55,429,172,345,374,173
1043066821,846849188,70,428,0,499,358,499
1190245570,2041881678,102,397,77,425,295,348
1159978362,2721877226,62,436,0,499,374,499
1096102745,1645472213,0,499,83,415,499,332
1015523883,484961779,55,464,94,406,409,312
1266174052,3935903877,0,499,0,499,499,499
1254703794,3863647675,0,499,0,474,499,474
1272696719,3990158581,0,499,0,499,499,499
1194537163,3149281609,0,499,133,365,499,232
1156407692,2669428657,20,485,76,424,465,348
1308114245,4174407386,0,499,0,499,499,499
987407978,294290852,147,352,23,476,205,453
1275597721,4006498402,0,415,137,499,415,362
1097466620,1671698549,34,462,77,418,428,341
987626689,294478542,62,436,14,499,374,485
1308624132,4177504204,84,413,4,483,329,479
1141006771,2422838159,100,399,0,499,299,499
1272648495,3989834178,32,472,24,462,440,438
1008526191,438661654,0,499,130,368,499,238
1293362522,4104750066,39,452,146,407,413,261
1251736145,3838680719,76,423,0,499,347,499
1061149232,1101106151,0,499,25,474,499,449
1236323502,3707218300,141,359,5,497,218,492
1313200962,4197493707,0,443,0,469,443,469
1308320212,4151879646,67,447,201,495,380,294
1066570568,1159658808,62,436,0,499,374,499
1241426171,3756674193,185,314,152,346,129,194
1301816601,4153526837,84,411,11,491,327,480
1260749008,3895425099,0,499,0,499,499,499
1320387589,4224252087,43,458,104,402,415,298
1292880390,4114275979,0,499,0,499,499,499
1301498360,4150989585,12,471,106,467,459,361
957084854,223721444,0,499,73,425,499,352
1138757816,2375262152,11,485,201,298,474,97
1026796984,569565009,100,399,67,445,299,378
1043840794,853456123,13,485,8,491,472,483
1284195303,4063441154,56,449,64,446,393,382
963481994,243816061,164,341,82,414,177,332
1020836545,525361731,75,494,230,267,419,37
1102674678,1805032598,71,425,184,314,354,130
1261173855,3898707862,75,424,176,325,349,149
857674730,85443887,190,309,160,334,119,174
1323168757,4231832795,30,448,64,464,418,400
1319767596,4219607280,81,432,48,458,351,410
904820639,149627583,0,499,62,436,499,374
1174594234,2940640691,146,354,145,358,208,213
97689230,3085353,130,369,73,425,239,352
856118851,89102171,4,494,0,499,490,499
1174592025,2940640241,172,335,132,367,163,235
1144121569,2476489956,98,399,28,476,301,448
849265761,80614269,0,499,62,436,499,374
1196814127,3199158163,0,499,0,499,499,499
1303835502,4159427622,106,388,51,463,282,412
1014753907,409976725,36,478,136,345,442,209
1131449861,2202195355,0,482,81,431,482,350
922344324,156707578,0,499,62,436,499,374
1318960759,4213869198,91,378,44,456,287,412
1324199819,4236297878,76,393,57,448,317,391
668334792,56236756,75,424,2,496,349,494
1283039958,4060212082,13,487,35,467,474,432
1131548247,2206509438,0,499,63,437,499,374
1193633828,3148096585,82,447,85,417,365,332
1120458054,2013058922,0,499,27,471,499,444
1023056279,532386726,129,371,147,350,242,203
1298073646,4138176818,61,437,16,499,376,483
1124842230,2085137117,129,371,20,479,242,459
1310348990,4181900227,0,499,0,499,499,499
1274223488,3993295029,0,499,62,436,499,374
1234791639,3690852807,0,499,0,499,499,499
1176954767,2965041518,125,374,107,392,249,285
1045898604,872818190,100,399,150,349,299,199
1026830224,569577156,106,393,50,449,287,399
984240700,288871660,11,487,221,277,476,56
1174594553,2940640747,133,341,132,371,208,239
1260327368,3893281216,11,486,68,435,475,367
1285392499,4068376797,0,499,0,499,499,499
1264897696,3928053817,18,493,171,327,475,156
1257343184,3879909984,0,499,0,499,499,499
1191930287,3118188535,0,499,83,416,499,333
1123815555,2062702348,160,339,100,399,179,299
1146381941,2500838488,13,485,12,487,472,475
1104501971,1834926237,110,389,71,428,279,357
1212765347,3433454419,31,468,103,396,437,293
1316832440,4210905328,109,361,130,375,252,245
1259386377,3887636990,49,460,65,471,411,406
1280144516,4019921327,32,431,28,480,399,452
1283243027,18048296,75,423,0,499,348,499
1306639184,4169000617,79,420,0,499,341,499
1310084271,4182217724,170,302,51,389,132,338
1299980344,4144196827,0,499,128,370,499,242
1288110494,4079556651,0,499,0,499,499,499
894237199,48230032,104,394,0,490,290,490
1140320116,2378703400,86,413,30,473,327,443
1174584507,2940638377,5,494,162,354,489,192
894733688,142132396,160,334,121,381,174,260
1128418863,2145011675,156,342,100,399,186,299
1008069458,435904695,112,386,50,449,274,399
1009826324,196296311,185,314,150,349,129,199
1325158204,4240471873,32,444,133,348,412,215
1285861042,4017677316,38,460,49,438,422,389
1115619398,1892606188,18,461,138,333,443,195
901840492,147124493,130,369,77,421,239,344
1188462888,3065095711,0,499,62,436,499,374
1254758342,3864927841,74,425,0,499,351,499
1321999846,4229797330,48,450,90,429,402,339
1286704920,4076067846,69,413,21,495,344,474
1320230720,4215716439,100,399,34,465,299,431
1007781516,435119194,100,399,47,452,299,405
1274338160,1853282644,79,420,0,499,341,499
1174586145,2940638627,2,498,15,498,496,483
1250776418,3835545477,131,365,199,307,234,108
1309660172,4179728342,54,467,32,468,413,436
1008141427,436063608,150,349,117,381,199,264
1316274769,4200881826,0,499,0,499,499,499
941621745,207151487,136,352,173,309,216,136
1174587310,2940638879,187,319,171,336,132,165
1263855324,3921989849,101,390,38,460,289,422
1311838969,4188955348,75,436,92,395,361,303
1174495964,2938577879,0,499,62,436,499,374
1114850118,1936994237,73,425,0,499,352,499
1302454903,4153301708,0,499,0,499,499,499
1229939448,3629879945,0,499,62,436,499,374
1310342293,4182236461,0,499,0,499,499,499
1189488634,3082548602,12,441,58,225,429,167
1063376774,1126458503,73,426,0,499,353,499
1100077865,3716248586,110,389,53,446,279,393
1174593207,2940640439,48,453,43,490,405,447
1260350159,3893197988,0,499,0,499,499,499
1198653034,1791370046,154,344,100,399,190,299
1271721786,3979935183,119,389,64,499,270,435
1257252706,3879901291,57,447,116,451,390,335
1317000610,4211506674,26,488,45,447,462,402
1102364994,500596403,73,477,34,456,404,422
1278207257,4030639144,188,311,218,291,123,73
1294489297,4122565140,0,499,0,499,499,499
1283570458,4061481964,0,399,0,499,399,499
1192285999,3122043310,0,499,62,436,499,374
1260373368,3893470049,140,361,189,326,221,137
1026372976,562802021,0,499,52,447,499,395
1283063664,4058378099,78,456,139,378,378,239
1283647619,4061595980,78,415,85,453,337,368
926673127,125294220,156,343,120,378,187,258
977662102,278586710,178,321,153,330,143,177
1005638553,414927744,0,499,62,436,499,374
847333092,76781006,27,472,0,499,445,499
1191424156,3107233823,119,436,22,467,317,445
1228861361,3621194114,106,418,34,485,312,451
1031449008,611571638,0,499,228,265,499,37
1015753453,487612519,88,411,10,489,323,479
1260257942,3893189517,9,486,37,464,477,427
995303701,303051696,28,464,70,427,436,357
1237277035,3716305665,82,413,32,472,331,440
1226399518,3594221902,0,499,28,471,499,443
1252627202,3850328340,0,499,154,436,499,282
1287373090,4076594031,43,448,63,462,405,399
916790924,161496742,75,424,5,494,349,489
1007523580,435015523,100,399,50,449,299,399
988502858,295647893,0,499,242,257,499,15
1206229990,3310452725,0,499,109,389,499,280
1077603332,1376180771,72,426,0,499,354,499
846256121,75470700,155,336,128,378,181,250
1185913397,3025516769,71,427,14,499,356,485
1127347911,2121747380,147,359,149,349,212,200
1018392615,510786294,61,230,192,307,169,115
1047512446,914183015,86,412,0,499,326,499
1273892217,3995252157,0,499,0,499,499,499
1273912124,3995358663,9,490,12,486,481,474
1283509376,4061581579,0,499,0,499,499,499
385159004,49072553,62,436,0,499,374,499
1109120097,1835023274,81,419,0,498,338,498
1220376387,3535754937,62,436,0,499,374,499
1003703706,397061971,149,345,143,449,196,306
1113100356,1832988031,18,484,54,441,466,387
1218316920,3508724916,0,499,62,436,499,374
1092891735,1592117928,97,403,40,466,306,426
1305047957,4164658897,106,388,51,463,282,412
861232554,99470867,193,305,171,328,112,157
1272160189,2748884512,73,426,0,499,353,499
1275353390,4003962934,33,467,113,386,434,273
1027081143,569759179,102,397,50,449,295,399
1161993144,2742147168,109,389,0,499,280,499
1109028884,1881242576,0,499,73,426,499,353
1157110931,2669599630,75,423,0,499,348,499
1069587135,1252289876,156,343,100,399,187,299
970337579,258720350,72,426,0,499,354,499
1252501109,3849777962,14,473,117,385,459,268
926833594,179000116,62,436,0,499,374,499
1218706325,3516388756,0,499,63,436,499,373
1241633336,3758306205,62,436,0,499,374,499
1190875584,3090094379,36,412,21,468,376,447
1313553067,4183490340,78,422,29,463,344,434
1272863821,3813572033,0,499,129,436,499,307
1092476439,1155812436,55,443,0,499,388,499
1290386127,4093213904,72,430,60,426,358,366
1291977486,4105521597,28,448,168,323,420,155
1273134282,3992520341,66,439,68,439,373,371
1042569034,81514489,19,480,0,499,461,499
1248833069,3817890053,9,492,0,499,483,499
1147117695,2528705241,52,449,29,471,397,442
1167670674,2843197058,26,466,81,433,440,352
1281930774,4051658093,71,449,59,404,378,345
1282020699,4050756787,0,499,0,499,499,499
986969525,293477160,32,467,0,499,435,499
1307347441,4171370655,104,395,133,366,291,233
980301103,283323301,23,476,93,402,453,309
1117990435,1978505201,94,419,200,330,325,130
1255008729,3867148015,159,351,88,391,192,303
1190251038,2041885661,101,391,78,404,290,326
1322853987,4231776721,0,499,0,499,499,499
1027221389,570614475,110,389,50,449,279,399
1269504314,1099449079,100,399,24,474,299,450
1328288834,4250628632,27,453,65,437,426,372
1280535334,4045214108,88,392,124,380,304,256
1009219998,440539928,150,349,118,380,199,262
1283547458,4061584111,169,380,95,347,211,252
1117495888,1974797175,79,419,0,499,340,499
1158425157,2699519074,80,422,168,362,342,194
1171530352,2895898618,62,436,0,499,374,499
1317245605,4210986991,75,401,26,479,326,453
1268775864,3605971693,100,399,25,474,299,449
1319200482,4214054093,31,463,144,390,432,246
1301379732,4150984166,0,499,0,499,499,499
1320036988,4221194438,8,490,55,442,482,387
1249534097,3819978145,66,454,45,473,388,428
1198601979,3218300063,62,436,0,499,374,499
1127118548,2102696902,100,403,4,495,303,491
509756159,52420292,0,499,75,424,499,349
862579127,102705661,147,342,69,423,195,354
1270443501,3971907717,0,499,0,499,499,499
1276080990,4010538814,0,499,69,429,499,360
1174586170,2940638630,5,498,15,498,493,483
1305332153,4165064879,64,478,141,358,414,217
970953220,261002163,84,406,37,487,322,450
441840230,50193342,103,395,63,436,292,373
1279048516,4038261412,161,337,129,376,176,247
1309064040,4179409329,14,497,20,486,483,466
1283000667,4057772220,0,499,0,499,499,499
1137819811,1892606336,0,499,0,499,499,499
1324287662,4235890587,0,499,0,499,499,499
1253330643,3856249343,105,404,93,477,299,384
1201839076,3249410606,0,499,31,468,499,437
1129538196,2168135362,50,449,137,361,399,224
1275638526,4007156314,112,404,32,473,292,441
1301886843,4153221727,84,417,117,364,333,247
1204206671,3287145913,25,474,92,410,449,318
1302893839,4156934220,22,475,105,381,453,276
1094449344,1620444767,0,499,62,436,499,374
1255027933,3867017118,0,432,93,423,432,330
921250364,168345259,129,357,159,340,228,181
1254192087,3860640557,0,499,53,446,499,393
1155138651,2649520234,75,407,45,453,332,408
1283874648,4061621070,155,367,19,481,212,462
1140311367,2406650795,137,361,100,399,224,299
1093173093,1598070998,70,427,49,470,357,421
1202886307,3265357669,38,463,139,374,425,235
862784319,103173684,113,386,69,430,273,361
1298332053,4138131675,190,309,128,371,119,243
874818919,120634273,0,499,62,436,499,374
915097887,159603835,0,499,0,499,499,499
1265944564,3935835457,41,471,17,478,430,461
1311213698,4186472466,180,331,161,455,151,294
1294855785,827256800,83,415,0,499,332,499
1279429616,4038628258,0,499,62,436,499,374
1303745179,4159389936,63,436,0,499,373,499
1034323093,275352043,41,248,107,400,207,293
1213807136,3451773127,51,448,0,499,397,499
903988410,147895955,161,338,170,329,177,159
1311541075,4188109883,1,498,64,422,497,358
1036449128,695396438,12,487,0,499,475,499
1275453711,4006484493,55,453,91,420,398,329
971421876,262158737,74,426,5,495,352,490
1215204329,3469561087,0,499,123,376,499,253
972089330,263497629,81,417,0,499,336,499
1023353434,1514871,60,469,151,377,409,226
1307838179,4172829272,17,474,133,499,457,366
1117845205,1472856163,181,318,181,317,137,136
1316129021,4200872276,0,498,73,425,498,352
1249536344,3819984425,137,360,186,285,223,99
1233553200,3680783551,92,411,90,409,319,319
1273165266,3992407063,27,479,47,474,452,427
1234762511,3690079011,60,438,56,428,378,372
977674390,278556058,87,412,0,499,325,499
1015544839,485197458,43,477,152,389,434,237
1178124675,2981026731,76,424,1,497,348,496
1257249003,3879898856,28,492,10,466,464,456
1027030501,569747330,111,388,50,449,277,399
1316269624,4200881548,17,486,43,466,469,423
1099708482,1706098078,128,371,159,353,243,194
1220209844,3541010542,4,498,19,484,494,465
1273124080,3992565944,0,499,0,499,499,499
1323254164,4231788142,15,473,59,468,458,409
1184152230,3014730600,0,499,0,499,499,499
933256073,190109266,76,422,0,499,346,499
1204266538,3219916764,178,321,20,478,143,458
1311457759,278571615,100,399,56,443,299,387
1304033706,4160809682,109,433,17,394,324,377
1097517577,1672335004,112,385,50,449,273,399
970541988,259347046,50,449,100,399,399,299
1120672299,1468409486,49,449,0,488,400,488
1133308868,2247094857,62,436,0,499,374,499
1027317098,570659824,100,399,64,435,299,371
1048598112,942806708,73,425,0,499,352,499
1255643148,3870705602,0,499,0,499,499,499
1031835373,614170210,100,398,0,499,298,499
1193533798,3145383418,41,458,0,494,417,494
1267329928,3942385957,29,401,26,468,372,442
1043841325,853455934,58,488,126,410,430,284
1123812399,2062697456,152,347,100,399,195,299
1230168230,3632181678,15,478,14,480,463,466
858677202,93301852,205,293,182,317,88,135
1094145738,1615013770,274,274,170,224,500,54
1249694762,3820892259,200,305,236,379,105,143
1256044396,3873074737,41,402,64,433,361,369
1119118727,278552928,153,346,100,334,193,234
1256898655,3875290630,0,499,63,436,499,373
1301700283,4151269819,153,376,66,287,223,221
1235877604,3701258955,32,474,59,460,442,401
1101535278,1773255413,62,436,0,499,374,499
1287837358,4079436635,0,499,0,499,499,499
1268753857,3953282540,34,497,100,403,463,303
1285847204,4017672054,49,456,98,397,407,299
1324159990,4236042973,0,499,0,489,499,489
1265215087,3929900541,114,439,216,302,325,86
1249535043,3819980429,148,349,163,352,201,189
1273112704,3992402448,34,456,73,472,422,399
1158032516,2694028057,110,389,62,437,279,375
1282199571,4053865243,63,499,109,428,436,319
1276725924,4015985900,40,428,95,411,388,316
1320234816,4215727483,129,389,68,455,260,387
1244540397,3785187353,0,499,138,436,499,298
1066220775,1153219719,140,358,181,322,218,141
1232556304,3665608666,104,397,147,357,293,210
1306549633,4167077832,106,388,51,463,282,412
936781803,196524220,218,369,187,362,151,175
1316982672,4211080064,0,499,0,499,499,499
1316131302,4200872482,0,499,0,499,499,499
1138406839,2367538992,137,361,100,399,224,299
857987192,90658163,132,367,126,370,235,244
1155640610,2657327204,0,499,118,380,499,262
932937749,189593492,89,410,50,449,321,399
1191424265,3107233951,0,499,0,499,499,499
1251981871,3846683200,154,345,110,389,191,279
876939993,122263496,0,499,62,436,499,374
1241674329,3759394604,73,400,179,339,327,160
1067651738,1182611290,97,395,142,362,298,220
1199838895,3236836003,0,499,83,415,499,332
1287898842,4079552454,107,368,107,406,261,299
1324211596,4233621963,43,454,41,443,411,402
864767315,66850973,62,436,0,499,374,499
897467158,143580219,62,436,0,499,374,499
1016547145,498814080,0,499,62,436,499,374
1221372018,259537268,187,311,171,349,124,178
1278205699,4030655796,0,63,196,301,63,105
1306602714,3938228696,138,361,137,361,223,224
1289796767,4089925226,160,356,40,444,196,404
947791946,207286236,156,338,202,312,182,110
1261430719,3898729893,104,419,24,485,315,461
1265327674,3930248925,7,493,11,495,486,484
1295264245,4125438497,83,421,9,490,338,481
1265213383,3929894954,13,466,15,464,453,449
1304027895,4160809073,0,474,0,490,474,490
1288108272,4079556562,27,458,35,482,431,447
1127682047,2128604465,54,445,0,499,391,499
1089416971,1548295086,129,456,153,360,327,207
1198660809,595852633,186,313,150,349,127,199
1146391614,2482251072,93,408,31,470,315,439
965312281,250081882,69,429,0,499,360,499
1100084605,1711734855,180,319,152,347,139,195
1249768849,3821920465,5,493,81,346,488,265
1100068605,1711735490,110,389,56,443,279,387
1010278900,445634606,152,329,184,314,177,130
1245879601,3795106484,0,499,0,499,499,499
1324093380,4236042052,18,478,19,477,460,458
1301046764,4143947329,118,343,70,409,225,339
1304012473,4160806003,84,453,88,417,369,329
846043914,75160849,0,499,9,488,499,479
1040620467,816697187,0,499,62,436,499,374
1276438251,4013274298,100,413,127,369,313,242
1152216715,2116005317,54,444,0,499,390,499
1047920235,934125478,85,414,0,448,329,448
928751202,182228194,141,358,100,399,217,299
1013827710,470567185,116,374,49,481,258,432
1101466331,1773355557,178,354,100,413,176,313
1125227308,2088848447,48,451,1,494,403,493
1192163317,3122716988,71,431,236,486,360,250
1244916923,3787485331,173,324,211,280,151,69
933331088,190260046,72,427,0,499,355,499
1283975201,4061638423,0,499,0,499,499,499
1324228029,4235883962,52,453,146,337,401,191
1314824975,4186726660,174,338,70,449,164,379
1304043554,4160928614,106,388,51,463,282,412
1309014842,4178677322,0,499,0,499,499,499
999354463,341343715,0,499,72,436,499,364
1255981255,1767569,70,429,0,499,359,499
1212857043,2804412871,13,496,81,279,483,198
1321302012,4222976686,63,499,0,499,436,499
1305068508,4164661093,106,388,51,463,282,412
1255141115,3868392086,27,467,37,479,440,442
1152422552,2606072991,223,276,1,498,53,497
1055627922,749166353,2,492,7,492,490,485
876564163,68594604,68,431,0,499,363,499
1279355805,4037128431,34,456,73,472,422,399
1280127289,4042485093,36,461,54,468,425,414
1107520896,1867465666,0,499,62,436,499,374
1010143549,444063865,138,360,95,404,222,309
1261192244,3898711181,13,478,104,383,465,279
1141920505,2444259578,71,428,0,499,357,499
1255764896,3871043387,57,469,146,374,412,228
1316260655,4200881206,0,499,0,499,499,499
1318351333,873851742,9,489,3,498,480,495
1319127876,4214004979,28,477,60,433,449,373
1105385859,1848487412,23,440,71,499,417,428
1255500504,1100403076,100,399,15,484,299,469
929265304,182580586,70,428,0,499,358,499
1227441184,3609723661,128,375,132,468,247,336
973933451,247670553,71,427,0,499,356,499
1087646484,1526717843,0,499,62,436,499,374
1159478119,2711103762,72,413,0,476,341,476
1255021569,3867495587,71,428,48,405,357,357
1265194391,3928112295,41,460,178,324,419,146
1031872692,614725370,0,499,62,436,499,374
1059308028,861085388,72,426,0,499,354,499
1268427226,3951006517,10,492,30,479,482,449
907691637,85318005,165,334,117,382,169,265
1316456604,4209065210,42,467,59,499,425,440
1151437258,2584172706,29,463,92,403,434,311
1154439975,2637270755,145,353,100,399,208,299
917368795,162980992,76,423,0,499,347,499
1248438094,3814915681,0,499,62,437,499,375
1325273449,4240795369,25,465,24,472,440,448
1244326383,3782771625,0,499,126,436,499,310
1257224602,3879888857,100,413,127,369,313,242
1048264645,933327448,137,361,165,333,224,168
1276008151,4010222392,167,332,148,387,165,239
1104740482,1842311445,107,395,53,254,288,201
1283027936,4057773149,40,452,188,311,412,123
1198743841,278562038,152,346,100,399,194,299
1245921817,3791151067,0,499,96,401,499,305
1091810664,1569751594,80,419,0,499,339,499
1232369474,3660534467,10,491,176,360,481,184
1188392336,3064215452,167,326,155,327,159,172
1276069244,4010225571,25,483,30,499,458,469
1314172538,4186189781,35,450,39,477,415,438
1008648142,439080990,73,425,0,499,352,499
1280411839,4044746921,0,499,0,499,499,499
1320102520,4215360945,117,404,20,343,287,323
1301509228,4150991373,56,489,13,477,433,464
1095863780,1397788047,85,414,0,499,329,499
1301672846,4151268815,45,479,11,466,434,455
1043841443,853456178,10,490,41,460,480,419
1241898837,3761138270,118,380,0,499,262,499
939934096,203113861,0,499,62,436,499,374
941676210,207257918,173,328,183,311,155,128
1174591640,2940640133,72,413,13,490,341,477
1300581813,4147327315,62,436,0,499,374,499
1104327096,1830620960,146,259,218,295,113,77
1269068835,3955091608,20,479,1,494,459,493
1281999964,4050750687,46,437,93,415,391,322
1257226747,3879897193,0,499,74,365,499,291
1240109528,3743370145,84,414,10,489,330,479
1066984135,278411519,161,344,113,386,183,273
1255519582,3870103990,29,472,131,471,443,340
957878803,225819769,4,495,10,489,491,479
1249535138,3819981974,179,317,198,298,138,100
1276222675,4012178688,34,432,83,415,398,332
1075711598,1928699180,115,377,0,499,262,499
1316245447,4200880271,0,499,50,449,499,399
1069319611,1235061046,101,399,28,472,298,444
1307379121,4171236410,89,407,112,412,318,300
1190250851,2041884732,0,499,104,436,499,332
958279809,227085114,174,325,139,356,151,217
1220443870,3545310026,90,408,0,495,318,495
1313458473,4197678468,121,356,42,422,235,380
1243659238,3775275181,0,499,62,436,499,374
1235704536,2633860316,100,399,14,484,299,470
1001281623,365159965,90,409,130,369,319,239
1312289109,4194081029,175,325,54,456,150,402
1066619383,1169626870,150,349,100,399,199,299
1302929298,4155348851,6,492,14,499,486,485
1168303255,2856576295,73,426,0,499,353,499
1172897109,2361171516,43,458,60,455,415,395
1240234552,3745162464,86,412,10,489,326,479
1048061205,936296426,73,426,0,499,353,499
987568402,294337535,64,435,0,499,371,499
235215630,6679306,100,389,0,499,289,499
1034404940,220882250,146,372,152,475,226,323
1225285263,3581676756,62,436,0,499,374,499
1209612280,3382097253,70,429,145,354,359,209
1028368790,583208660,55,443,0,499,388,499
1319957967,4215274654,110,322,165,333,212,168
1244540546,3785187492,0,499,128,436,499,308
970124323,258446745,0,499,62,436,499,374
1208738785,3362399962,63,434,114,393,371,279
1035950309,694505683,73,426,0,499,353,499
1313304158,4197507127,102,439,259,446,337,187
1282287639,4055998672,154,308,92,432,154,340
1027101948,569760081,100,399,51,447,299,396
1220822519,3555528452,62,436,0,499,374,499
884063562,129273281,62,436,0,499,374,499
1204663650,1807806498,170,329,150,349,159,199
941622104,207151308,125,393,155,333,268,178
1264030044,3923101318,13,487,28,480,474,452
1298798740,4139506605,0,499,0,477,499,477
1188462893,3065095716,0,499,62,436,499,374
1313339851,4197512961,0,499,216,298,499,82
1025671437,554016128,60,437,11,487,377,476
1105566295,1853043526,96,401,0,499,305,499
1277543424,4019817626,82,382,125,396,300,271
1053590796,1035131635,79,419,0,499,340,499
1158628335,2607498641,169,328,137,361,159,224
849516859,80988493,82,417,0,499,335,499
1195469291,3170638059,86,412,124,372,326,248
1208739605,3362399183,9,486,87,418,477,331
1062986497,1115446094,156,321,192,299,165,107
1314017122,4201307306,55,488,130,416,433,286
1321405697,4227191850,154,353,137,392,199,255
1282022811,4050758061,0,499,0,499,499,499
1282550428,4057545908,187,313,44,435,126,391
914735950,159200229,68,430,0,499,362,499
1282563130,4057547659,35,464,113,386,429,273
1227470891,3610194874,0,499,62,436,499,374
1215523215,3470061386,180,296,51,411,116,360
1303167930,4157443990,0,499,0,499,499,499
1181407505,3002755633,40,462,147,350,422,203
1283599337,4061587187,14,477,142,371,463,229
1277508327,4019799691,52,439,65,439,387,374
1319965687,4215293000,21,476,109,327,455,218
972619521,265393204,26,473,116,383,447,267
862581223,102703561,86,435,165,336,349,171
1007810074,435260764,145,353,100,399,208,299
1204253708,3287295006,0,499,78,420,499,342
1209192161,3370624679,0,499,0,499,499,499
1246418156,3798934084,17,485,87,406,468,319
1121688199,1256481294,152,346,100,399,194,299
985598404,291086727,142,354,171,308,212,137
1196087420,2663465505,83,427,112,338,344,226
777777879,61922677,0,499,50,449,499,399
1115052439,1938778816,0,499,183,303,499,120
1100085335,1711735923,110,389,54,445,279,391
933238976,190095603,73,426,0,499,353,499
1204353090,1125797080,169,329,150,337,160,187
1127347935,2121747393,0,499,19,479,499,460
1313604549,4183600987,82,457,42,467,375,425
1316258822,4200881171,52,421,12,465,369,453
1315450677,4205926747,0,498,0,499,498,499
1303089876,4157459648,0,498,0,499,498,499
921948273,170165288,198,302,28,475,104,447
1318455991,4217944833,0,499,0,499,499,499
1269033763,3955082123,0,499,0,499,499,499
854345184,86241036,0,499,62,436,499,374
1261421995,3898727000,152,323,66,426,171,360
1267230650,3942382065,18,481,31,428,463,397
1271791324,3978538718,139,351,179,302,212,123
1282971278,4059900249,0,499,27,466,499,439
1269242348,3952578856,0,499,62,436,499,374
1265210196,3929890147,30,470,165,341,440,176
1305859631,4166955125,106,388,51,463,282,412
1243659334,3775275216,0,499,62,436,499,374
1253996010,3859749182,119,384,64,434,265,370
1310034497,2923358897,0,499,109,389,499,280
1080009213,1439049260,61,437,0,499,376,499
1017401114,506007046,130,368,241,281,238,40
1311128144,4182060917,116,354,55,474,238,419
1275464242,4006485695,112,386,122,380,274,258
1006291657,422239194,102,397,50,449,295,399
1275555811,4006494858,72,413,145,402,341,257
1284066353,4063399835,28,471,27,469,443,442
1172580835,2784403896,0,499,66,432,499,366
1289175423,4086222055,0,499,1,499,499,498
836196568,70687165,0,499,62,436,499,374
1186516165,3031445063,136,363,74,429,227,355
876282929,75787224,73,425,0,499,352,499
1290026000,4090633484,40,460,66,465,420,399
1124516147,2078273189,144,355,152,384,211,232
1174593013,2940640411,8,470,9,490,462,481
1305524791,4165984010,50,443,130,368,393,238
1205845882,3313049312,104,305,187,330,201,143
1252611492,3850030150,101,412,172,355,311,183
1249605573,3820243048,92,422,117,373,330,256
1232369478,3660534469,9,499,176,405,490,229
1318250586,1499683394,8,472,138,337,464,199
1232853920,3451937991,160,332,63,482,172,419
1269502742,3959451944,25,468,100,389,443,289
1232187019,3451938396,79,406,9,488,327,479
1283845236,4061618171,6,433,156,428,427,272
1125727034,2094224700,137,361,100,399,224,299
1190252911,2833039393,16,480,140,432,464,292
1027069904,569633674,100,399,59,439,299,380
1309566424,4179939994,0,499,0,499,499,499
1265206813,3929890051,159,339,195,480,180,285
977649518,121952897,100,399,92,407,299,315
1029511649,591830027,16,485,102,420,469,318
1246302183,3798145298,0,499,62,436,499,374
859878895,95841363,80,419,0,499,339,499
1275326040,4003960572,32,460,53,456,428,403
1323269077,4231688752,9,488,28,487,479,459
1115170960,1940494972,145,337,128,383,192,255
1094846749,1629867738,67,296,125,396,229,271
1244540464,3785187469,0,499,138,436,499,298
1077309025,1372021365,213,279,131,375,66,244
1319946927,4215265805,0,499,20,499,499,479
1322474382,4229979897,0,499,0,499,499,499
1310139075,2800909706,100,399,10,488,299,478
1053450877,1032378288,80,427,36,481,347,445
844248031,71893577,172,322,148,359,150,211
1026846929,569563475,105,394,50,449,289,399
1201851594,3249437829,62,436,0,499,374,499
1268518083,3951937024,163,315,176,320,152,144
1164148559,2779144310,58,441,39,483,383,444
933259062,190109853,73,425,0,499,352,499
1317002162,4210982870,44,455,53,450,411,397
966840623,253019182,129,366,85,480,237,395
1307890855,4173306406,88,411,0,499,323,499
988801223,295807132,109,389,0,499,280,499
1261980609,3902246082,146,351,159,341,205,182
898852946,144889627,68,431,0,499,363,499
1286609334,4075614060,0,499,62,436,499,374
1297789457,4137061190,21,479,50,415,458,365
1323688758,4234147397,0,487,0,486,487,486
865979305,50999344,62,436,0,499,374,499
4284230,1342952,75,423,0,499,348,499
1283270709,4060832041,32,463,52,450,431,398
1270072520,1269440950,100,399,9,490,299,481
1063658097,278413941,152,347,100,399,195,299
1314734540,4186610488,167,336,120,387,169,267
1156670325,131070113,62,436,0,499,374,499
1313619672,4183676435,101,356,41,450,255,409
1155782082,2660100440,92,404,115,382,312,267
1103575395,1814891678,17,484,44,398,467,354
880025547,67254304,86,413,0,499,327,499
1179166604,2991042477,73,425,0,499,352,499
1040046205,806910886,0,499,79,420,499,341
1289737224,4087670592,32,376,27,367,344,340
1174588133,2940639052,0,499,336,336,499,500
871300047,112812821,0,499,62,436,499,374
1027291824,570636654,113,385,50,449,272,399
1275720127,4006540599,0,499,0,499,499,499
1239940335,3742551037,18,442,23,486,424,463
1318360441,729927438,75,452,45,428,377,383
958568155,228489646,281,349,191,280,68,89
1022830453,2041118426,0,499,0,499,499,499
1193025747,3136615738,184,321,76,385,137,309
933231357,190091280,73,426,0,499,353,499
1120352829,2012411328,110,393,20,425,283,405
1202295706,3253643063,42,474,91,250,432,159
1247524936,3806510880,82,417,26,473,335,447
1274875386,4001261789,49,450,3,494,401,491
956409021,221360181,82,415,19,484,333,465
1129749949,2171169041,22,474,21,473,452,452
1118212519,1978100077,82,399,56,426,317,370
1294108182,4122228112,89,408,85,432,319,347
1316126423,4200871946,0,499,0,496,499,496
1128455138,617657510,209,288,100,319,79,219
970223078,258711090,49,451,13,487,402,474
1311899774,4188972392,22,499,0,499,477,499
1276225305,4012179129,49,458,55,436,409,381
1282574296,4057551121,69,392,35,466,323,431
1287315923,4077186792,0,499,0,499,499,499
1276014571,4010222869,40,462,0,384,422,384
1218993101,67403817,185,314,150,349,129,199
1270648725,3972430478,0,499,0,499,499,499
1153794211,1660114160,64,435,0,499,371,499
1254682449,3863848856,39,474,51,415,435,364
1299069735,4141632280,114,402,31,480,288,449
941258508,51175692,68,430,0,499,362,499
1282751967,4057515299,19,494,82,388,475,306
1114390514,1933146887,102,404,51,475,302,424
1222679344,3562167783,224,272,188,298,48,110
1279050247,4037879176,0,499,0,499,499,499
1320426545,4224457501,50,443,45,456,393,411
1285844256,4017670866,5,495,8,499,490,491
1102527064,1802331049,3,494,91,410,491,319
1267006931,3940956809,32,468,34,453,436,419
1292386780,4108907652,0,387,145,369,387,224
1236845689,3707735130,103,410,89,395,307,306
1144924753,402079461,146,352,100,399,206,299
1322870467,4231778991,45,469,54,450,424,396
1009314229,440681814,150,349,115,383,199,268
1083455229,1481215110,0,499,109,389,499,280
1280420815,4045105268,0,499,32,499,499,467
984278011,184069130,21,462,39,470,441,431
977776734,278789050,88,411,0,499,323,499
1131102985,2193329707,94,405,27,471,311,444
1095646215,1638136016,132,358,79,420,226,341
1270323312,3971188105,62,436,0,499,374,499
1055084618,1054045148,54,444,0,499,390,499
1200873248,2553210873,23,486,72,425,463,353
1320102601,4215360948,23,447,252,317,424,65
1209717858,2774233869,130,385,21,493,255,472
1248866850,3817907767,147,356,88,402,209,314
1211381278,3396671946,70,434,16,476,364,460
1265215460,3929900561,16,483,137,375,467,238
1240592556,3748346149,85,412,5,495,327,490
1119407951,1998122364,59,462,117,407,403,290
1060683016,179486743,119,379,50,449,260,399
938780738,201159364,45,453,5,496,408,491
1215167400,3245709676,0,499,159,436,499,277
1240523084,3287287782,89,410,26,474,321,448
1094676221,1626064137,0,499,62,436,499,374
891739275,138465326,111,399,116,382,288,266
1018397176,510791455,88,409,60,440,321,380
1018831817,512970697,25,488,74,433,463,359
1232183937,3612063409,0,499,62,436,499,374
1065881858,278546226,150,349,100,399,199,299
977734475,278783867,63,436,0,499,373,499
1314483021,4186278310,130,356,26,460,226,434
1298864839,4139508510,0,499,0,492,499,492
1313688236,4197551263,0,499,0,499,499,499
884933595,130474371,182,307,152,321,125,169
1187593253,3050962818,137,361,137,361,224,224
1282007956,4053878594,52,429,51,444,377,393
1286888301,4074700107,0,499,0,499,499,499
1275370868,4003964836,30,459,55,457,429,402
1128399613,2143902899,0,499,63,436,499,373
1196631921,3195327635,0,499,0,499,499,499
1322012288,4229798234,147,335,123,438,188,315
1280288567,4044245329,38,458,47,459,420,412
1049853735,956356066,86,413,0,499,327,499
1196868941,3199708716,0,499,109,389,499,280
1217150502,3485240553,70,427,16,485,357,469
941622037,207151501,156,337,154,353,181,199
1298491877,4139337036,7,492,43,464,485,421
1191466220,3108265225,16,483,36,463,467,427
1297784889,4137061011,30,483,86,416,453,330
1123652885,2060351104,81,429,135,413,348,278
1323221956,4233319873,25,473,79,418,448,339
1286717791,4071960506,91,448,73,360,357,287
1211818416,3381770980,62,436,0,499,374,499
976870298,276318066,62,436,0,499,374,499
1243214014,3771583831,11,491,113,387,480,274
921210578,168018410,62,436,0,499,374,499
1248836323,3817895626,7,491,0,499,484,499
1239760020,3740042684,0,499,62,436,499,374
1269201368,2579981060,100,399,10,489,299,479
958786782,229519907,4,495,10,489,491,479
1252628212,3850328888,0,499,62,436,499,374
1087423289,1519957245,62,436,0,499,374,499
1255757924,3871285818,13,484,46,455,471,409
1150371056,2298079813,99,370,13,486,271,473
1265567377,3931853765,24,498,141,349,474,208
1121007220,284922883,100,399,100,399,299,299
1310675532,4184639015,9,478,51,448,469,397
1174589706,2940639518,7,491,7,481,484,474
1058267719,1087925542,53,446,0,499,393,499
1324086476,4236041965,1,494,8,495,493,487
1227019573,3604829274,129,410,79,447,281,368
1188538802,3067204181,130,369,130,369,239,239
1186406644,2974260318,208,292,105,396,84,291
1204248451,3287288480,61,405,13,490,344,477
1300163613,4141265863,62,436,0,499,374,499
1264424380,3925772071,0,499,83,416,499,333
845867059,74947504,62,436,0,499,374,499
972416599,265227837,0,499,62,436,499,374
1095198296,1629783268,75,423,0,499,348,499
968968708,254802700,87,412,0,499,325,499
1007357581,416613807,74,424,1,499,350,498
850922887,82474577,0,499,56,443,499,387
1304165686,4160985307,106,388,51,463,282,412
1301841045,4151009506,114,480,39,499,366,460
1293371120,4104776756,50,431,13,359,381,346
878508848,89328143,0,499,62,436,499,374
1257255042,3879901475,46,315,54,446,269,392
1313559077,4183491090,70,443,75,438,373,363
1101829009,1785053439,130,354,30,470,224,440
1027347396,570669413,69,430,0,499,361,499
1186806183,3038735806,8,495,24,476,487,452
1027485214,209259843,100,399,137,361,299,224
933258377,190110436,48,457,48,459,409,411
1281912748,4050714706,0,499,0,499,499,499
1253262833,3855781057,9,499,76,439,490,363
1269409707,1531945436,50,448,0,499,398,499
1188450215,2790131186,70,446,106,314,376,208
1267979102,3944991680,38,461,138,384,423,246
1251443612,3842712783,82,395,101,424,313,323
881901802,126338349,57,442,0,499,385,499
1107916459,1869938534,110,389,52,447,279,395
1040820287,137197547,0,499,22,476,499,454
1264113879,3923185603,0,499,0,499,499,499
1314867915,4186810041,126,370,27,469,244,442
1272608144,3989829295,209,281,367,447,72,80
873352648,118954216,100,371,100,357,271,257
1083231185,1475387460,0,499,90,408,499,318
1101761696,1035126867,71,427,0,499,356,499
1255365932,3868878698,78,428,98,429,350,331
1209196502,3370764676,0,499,62,436,499,374
1140851099,2420531268,91,408,0,470,317,470
1318523580,4217947331,68,447,20,475,379,455
1189746873,3085211295,101,395,8,479,294,471
1317999853,4216391594,109,401,104,386,292,282
1087315650,1522157353,68,430,0,499,362,499
975746997,273951003,62,436,0,499,374,499
986270709,291889136,146,353,100,395,207,295
114783730,3530750,150,349,107,391,199,284
1260243383,3894923582,140,410,139,409,270,270
1300460659,4146735441,18,471,25,456,453,431
1218072323,3503779548,139,368,22,483,229,461
1165933877,2808507504,152,305,24,438,153,414
1276653010,543704,84,415,0,499,331,499
1267425759,3942853527,163,362,262,364,199,102
1087878152,1530720019,132,365,105,394,233,289
1283482033,4061477592,29,477,109,417,448,308
1274359245,2599877808,74,425,0,499,351,499
1320372899,4224248814,20,456,62,464,436,402
1102166839,1791763998,163,377,115,357,214,242
1275671266,4006519308,9,491,79,431,482,352
1306537275,4167075536,106,388,51,463,282,412
1270458885,3971983305,96,403,21,488,307,467
1209572938,3379833287,0,499,62,436,499,374
911189008,155366051,81,413,12,487,332,475
1121158736,2032191215,0,499,131,365,499,234
1215529722,3470071487,54,448,132,368,394,236
1282938022,4057769180,78,418,60,424,340,364
1140599396,2416205936,71,426,0,499,355,499
1258252190,3884435498,96,408,30,419,312,389
987344763,294180391,144,337,39,474,193,435
864465630,105850230,66,432,0,499,366,499
1264020070,3923098328,0,499,0,499,499,499
1316234199,4200879718,50,466,82,378,416,296
854982158,87914089,196,302,175,324,106,149
1282946918,4057769623,53,433,0,493,380,493
1271688493,3979573864,0,499,0,499,499,499
1272042521,3986438240,0,499,0,499,499,499
1075180131,1341346505,0,499,109,389,499,280
1282872765,4057530435,0,499,0,499,499,499
1225871435,1107170493,125,374,125,374,249,249
1240228449,3745010685,96,416,129,478,320,349
1321537855,4227996958,27,459,182,380,432,198
1275106256,4004082180,87,433,79,419,346,340
1026794774,569569008,110,389,50,449,279,399
1174588069,2940639025,180,323,161,332,143,171
1273013117,3992381649,70,445,65,447,375,382
1271551743,3976944873,42,454,151,385,412,234
1138346195,2365283215,83,463,95,350,380,255
987318455,294144307,57,432,44,435,375,391
1190258810,1876687586,0,499,108,391,499,283
1318066523,852727629,42,392,193,382,350,189
1310335760,4182236006,204,290,354,483,86,129
1247848330,3813570446,47,467,143,361,420,218
1174592549,2940640342,100,422,61,472,322,411
1301309793,4150975599,0,499,0,499,499,499
1039778533,802751174,131,371,172,326,240,154
1251489007,3842787443,0,499,0,499,499,499
934471189,183036736,177,322,151,349,145,198
1313517120,4197530076,0,499,0,499,499,499
1254461157,3861760858,0,499,0,499,499,499
1248847264,3817903170,0,499,50,449,499,399
1121115700,2030475638,62,436,0,499,374,499
1268530851,3608440181,100,399,7,491,299,484
1285870404,4017682925,0,499,0,499,499,499
873880358,93794137,196,196,250,250,500,500
1258933430,3887924062,125,374,125,374,249,249
1204636731,3294454770,199,300,176,323,101,147
1316994927,4210982454,36,460,153,339,424,186
1174590542,2940639701,19,482,65,455,463,390
1242760360,3765672382,63,435,1,498,372,497
1186711077,3037004769,133,364,38,468,231,430
1217173866,3490668054,33,467,163,334,434,171
1076552046,1365014275,117,381,65,434,264,369
987351983,294182476,166,331,9,477,165,468
1261430046,3898729636,74,499,135,499,425,364
1134776117,2291704952,21,475,57,461,454,404
973386901,268600698,37,462,0,499,425,499
1252568214,3850132298,84,442,82,451,358,369
1295220780,4125633542,213,290,9,483,77,474
948476880,211186175,138,395,106,363,257,257
893310622,141190714,186,315,188,311,129,123
1283634426,4061594280,99,499,0,499,400,499
1018123521,508436987,0,499,132,366,499,234
1208246359,3353568572,73,417,19,495,344,476
465187130,50531376,100,399,62,437,299,375
1299440794,505034690,84,415,0,499,331,499
1299697347,4143428912,206,298,232,283,92,51
1256658718,3874331735,0,499,0,499,499,499
1007638945,435176526,100,399,139,359,299,220
1194186744,3155506822,65,451,190,321,386,131
1271553244,3976945593,32,446,80,426,414,346
1309033695,491051562,118,378,46,455,260,409
1311750335,4189043897,0,499,0,499,499,499
1169256516,2871934096,62,436,0,499,374,499
1269028648,3955080753,0,499,0,499,499,499
1181060666,2999852498,140,351,89,178,211,89
1035179272,683292999,147,352,137,480,205,343
1019154860,512375226,62,436,0,499,374,499
1027093018,569662679,116,383,50,449,267,399
1256037142,3873074508,0,499,0,499,499,499
1296360852,4130470303,0,499,0,499,499,499
1239748637,3739697394,0,499,209,436,499,227
1198187879,64372157,85,413,0,499,328,499
1116943663,1966809267,21,462,27,474,441,447
1265821902,3934473827,0,499,63,436,499,373
1177076869,2970191254,110,389,50,448,279,398
1252020765,3846788690,0,499,62,436,499,374
1283676024,4061597597,182,322,179,450,140,271
1195258619,3166434369,68,401,76,390,333,314
1241792938,3760827605,192,379,120,298,187,178
1019154451,511195622,69,429,0,499,360,499
1250933657,3836735348,0,454,0,476,454,476
1169893865,2886974832,150,350,187,301,200,114
1028743221,586886898,156,342,196,291,186,95
874957404,120795931,216,309,184,339,93,155
1176792773,2961408107,167,364,17,448,197,431
986562135,292680880,11,486,227,270,475,43
1250248055,3831233993,131,367,119,412,236,293
1042955602,846050670,123,372,182,320,249,138
522123288,52778498,62,436,0,499,374,499
1293312796,4104713332,51,482,72,365,431,293
1301925947,4153231082,7,491,121,397,484,276
1260227422,3894915080,22,454,62,464,432,402
1277678125,4023008672,79,412,11,481,333,470
1007701543,435112676,66,433,1,499,367,498
878480841,123762724,62,436,0,499,374,499
1292409429,4108947373,64,400,22,447,336,425
1323221959,4233319874,20,497,77,423,477,346
1273101229,3993078461,0,499,62,436,499,374
1316203335,4200877570,0,499,85,413,499,328
1322707758,4231404507,17,483,32,481,466,449
1306803654,4167087478,106,388,51,463,282,412
1315622165,4204368572,0,499,0,499,499,499
1275249140,4005356932,168,331,11,488,163,477
1248853634,3817904675,49,474,38,426,425,388
1102758353,1807086143,73,426,0,499,353,499
1137826709,2354899394,117,315,123,368,198,245
140708230,1186986,72,426,0,490,354,490
1102105432,215315616,127,368,131,378,241,247
1221460421,3563434415,114,387,9,450,273,441
1209159804,3363885311,91,419,19,476,328,457
1303146742,4157451118,0,499,0,499,499,499
1220939478,3558562238,0,499,62,436,499,374
1277227143,4021237291,85,395,56,434,310,378
1317779068,4213761344,0,499,0,499,499,499
1213215700,3442686143,148,291,46,221,143,175
1088681267,1541082795,94,404,0,499,310,499
1309072751,4179409601,28,477,15,442,449,427
965108806,249651197,2,499,161,339,497,178
1316157493,4200875268,26,483,30,486,457,456
1202966929,1898222189,145,353,100,399,208,299
1058038685,1085057266,73,426,0,499,353,499
1267277249,3942384419,38,486,14,484,448,470
1258662174,3885529547,0,499,0,499,499,499
1250268192,3831364141,0,499,167,436,499,269
957591413,224672621,26,475,208,291,449,83
1066930223,1173353256,17,485,18,486,468,468
1124958937,2086585009,150,349,132,387,199,255
1209071651,3368056196,61,490,12,489,429,477
1324161442,4233775319,143,343,39,471,200,432
1324143311,4236042745,183,343,170,435,160,265
1191043949,3101164201,4,448,140,434,444,294
1156652827,2675086415,72,412,132,385,340,253
849828925,81310551,108,396,173,374,288,201
1273600593,3992766767,0,499,0,499,499,499
1265204527,3929889970,98,476,110,395,378,285
1324203522,4236143316,0,499,20,478,499,458
1168960000,2864228068,62,436,0,499,374,499
1324132716,4236042577,0,499,0,499,499,499
1029758577,593722345,0,499,1,497,499,496
977785413,278790419,62,436,0,499,374,499
248524579,4195293,145,354,100,399,209,299
1257241595,3879893736,0,499,0,499,499,499
883073338,128017955,68,431,0,499,363,499
1304111110,4145253741,24,477,177,309,453,132
1276001163,4010221898,18,476,23,485,458,462
934272686,192175751,75,424,75,424,349,349
1167628185,2835251935,0,499,0,499,499,499
1137663984,2349989095,0,499,83,415,499,332
1127102188,2116208773,150,349,84,414,199,330
1262294455,3906636332,0,499,0,499,499,499
1267308925,3942396327,10,489,124,395,479,271
1309177550,4175270621,0,499,62,436,499,374
1244540403,3785187417,0,499,122,436,499,314
1265215399,3929900557,52,446,165,336,394,171
946271032,57542403,151,352,113,391,201,278
1317157391,4211707424,96,489,17,399,393,382
1258962347,3850224961,92,404,88,373,312,285
1192152828,3122671452,68,432,22,488,364,466
767214532,61228849,78,421,0,499,343,499
1253519623,3857173143,83,434,51,474,351,423
1168015011,2849849940,51,452,118,431,401,313
1199605169,3230092420,0,499,0,499,499,499
1313918283,4200630184,26,456,27,449,430,422
582672381,54268355,71,427,1,497,356,496
1320842122,4221604811,17,461,114,378,444,264
1087007186,1518741295,30,471,105,406,441,301
1113804909,1928647265,25,474,58,458,449,400
1259101186,3887604841,0,499,0,499,499,499
1100063176,1711736053,110,371,52,440,261,388
1046141107,578560406,52,458,41,456,406,415
1155983252,2662881059,100,399,31,477,299,446
937665176,198735094,0,499,58,438,499,380
1317088440,4211700448,0,499,0,499,499,499
1246076885,3797080570,0,499,0,499,499,499
1255716479,3871018803,0,499,0,499,499,499
1231013624,3643874164,0,499,54,444,499,390
1275385496,4004157645,0,499,0,499,499,499
1280425464,4044819801,19,492,70,441,473,371
1268006039,3945115989,151,368,145,270,217,125
1164337149,2782833098,2,495,162,354,493,192
1280369606,4044875878,19,483,32,438,464,406
1050780618,965187492,0,499,62,436,499,374
878051032,123255558,165,336,181,317,171,136
1096371544,1649421545,109,389,0,499,280,499
1312895520,4195574619,46,448,22,483,402,461
1213714385,3452290600,60,439,0,499,379,499
1323871083,4234284823,0,499,0,498,499,498
1316094782,4200868722,12,473,22,478,461,456
1121355496,2034797508,186,314,10,491,128,481
1073608276,1324273461,0,499,57,442,499,385
1239369985,3737310198,109,389,0,499,280,499
941621741,207151557,154,346,189,298,192,109
1048489993,942426383,72,426,0,499,354,499
892310945,139531894,200,299,180,319,99,139
1202912313,3266036738,10,446,129,376,436,247
1150656092,2568375573,0,499,62,436,499,374
1041364438,824658496,186,313,167,332,127,165
958568151,228489650,160,344,185,336,184,151
1319411840,4214354225,46,198,324,464,152,140
1279163356,4037097123,0,499,0,499,499,499
1185799970,3022768768,3,397,126,362,394,236
1245920077,3788737088,0,499,62,436,499,374
1269496194,3959362191,0,499,97,499,499,402
871044356,75581465,62,436,0,499,374,499
1026006727,558486481,21,478,22,477,457,455
1237107879,1681883544,8,494,147,335,486,188
1240356905,3746905493,0,499,62,436,499,374
1070887983,1282194950,0,499,87,411,499,324
1147105925,2528704510,31,462,88,442,431,354
1313877808,4200413974,204,297,229,363,93,134
1026762892,569375616,102,396,50,449,294,399
988509887,295660627,201,370,239,265,169,26
856852927,88965388,62,437,0,499,375,499
328927145,927741,81,417,30,468,336,438
1192831627,3098216086,0,499,6,493,499,487
1011933369,456382520,63,435,50,449,372,399
1131727096,2210243111,197,298,94,415,101,321
1233484775,3679327612,50,449,0,499,399,499
1076253675,1358124847,0,499,62,436,499,374
1249535191,3819982003,176,326,176,322,150,146
1009327401,440704072,150,349,113,385,199,272
956386312,138764467,139,339,24,469,200,445
1306555251,4167078934,106,388,51,463,282,412
904298251,148911485,216,290,207,297,74,90
1322777358,4231405877,0,499,0,499,499,499
1192168847,3122801412,71,431,283,486,360,203
984973283,290111189,49,454,25,478,405,453
317729142,2518743,60,438,0,499,378,499
1193068592,3067636318,8,490,91,353,482,262
971422193,262158546,68,466,233,263,398,30
1276026718,4010224449,123,383,48,499,260,451
1043071058,846914994,138,384,23,485,246,462
1079977774,1436805873,0,499,62,436,499,374
1183894590,3013960496,44,463,123,329,419,206
1190250956,2832752184,162,336,213,288,174,75
1118624551,1987283043,0,499,0,499,499,499
1110753592,520261589,151,348,100,382,197,282
1158120511,2695196855,10,486,138,352,476,214
992921790,300420951,63,436,0,499,373,499
1284153372,4063427200,24,479,48,472,455,424
1305044123,4164658688,106,388,51,463,282,412
1304085775,4160934862,106,388,51,463,282,412
1221338486,3561599144,23,472,128,382,449,254
1252628122,3850328868,0,499,62,436,499,374
949594248,212496749,71,427,43,455,356,412
978773617,116384455,0,499,62,436,499,374
1320708083,4224639912,0,499,0,499,499,499
1192479015,3128688751,17,483,30,422,466,392
1257936292,3883776312,16,489,112,345,473,233
1314211023,4186211298,24,470,63,356,446,293
1046570766,294684418,99,454,82,423,355,341
1029666898,594146935,112,385,6,493,273,487
1219002611,3522322269,16,474,22,469,458,447
1277781909,4026082742,10,482,9,488,472,479
957784012,225527345,147,360,165,340,213,175
1305524676,4165983963,0,499,100,399,499,299
849966181,58776350,150,349,107,391,199,284
1119146777,1994617098,0,499,132,366,499,234
1313556380,4199252845,79,406,40,470,327,430
1255202301,3865300749,62,436,0,499,374,499
1190248775,2349849463,45,474,99,370,429,271
1283467882,4061476304,24,478,85,421,454,336
1094847268,1629867460,96,374,137,399,278,262
862579677,102705924,59,438,115,376,379,261
1290456381,4093638498,70,429,145,354,359,209
1174588145,2940639058,180,323,183,317,143,134
1103908255,1821555496,140,374,19,471,234,452
1110393159,1902450478,66,433,0,499,367,499
1034656535,679913105,109,389,0,499,280,499
1257974443,3879578137,0,499,109,389,499,280
1297306055,4130412103,58,440,0,499,382,499
1051759815,981230497,391,470,402,482,79,80
1048503492,942457666,76,422,0,499,346,499
1318874143,4218256570,47,442,76,435,395,359
1004009014,401114643,70,429,0,499,359,499
1015632797,487114151,50,449,10,488,399,478
941622238,207151309,125,393,155,333,268,178
1274267807,3998677122,43,451,5,494,408,489
1314813277,4186709351,96,432,251,355,336,104
1240227539,3745009211,2,497,5,498,495,493
1273074629,3992554662,29,478,28,460,449,432
1079189370,1415289160,55,444,0,499,389,499
1289899212,4090423428,63,435,87,411,372,324
469186730,50571621,100,399,59,440,299,381
1283630377,4061593936,0,499,0,499,499,499
1243659388,3775275369,0,499,157,436,499,279
1319598144,4214606385,65,429,23,431,364,408
1198968934,3212093516,2,495,0,499,493,499
1282162112,4055677856,0,499,62,436,499,374
1033272432,648438346,138,364,173,332,226,159
894667457,67259351,41,458,0,499,417,499
941621947,207151333,146,349,169,324,203,155
849128891,5147384,223,275,205,294,52,89
908751938,152783501,80,419,1,499,339,498
1015543761,484904610,0,499,0,499,499,499
1313343315,4197513047,0,499,0,499,499,499
1241420498,3756669740,188,311,163,336,123,173
1316289298,4200882584,12,494,79,372,482,293
1240507143,3748036305,70,434,75,447,364,372
1066598452,1169343979,0,499,0,499,499,499
1165113230,2792636577,62,436,0,499,374,499
861882211,98633411,100,399,100,399,299,299
1316291057,4200882689,63,436,30,433,373,403
1243763072,3775265457,9,499,77,442,490,365
1105385700,1848487454,59,469,90,396,410,306
1294347522,4122733600,89,447,24,465,358,441
1266156892,3935897351,0,499,0,499,499,499
1132173937,2221270047,74,441,0,499,367,499
1301518344,4150995351,43,446,74,417,403,343
1257910285,3883412062,29,434,34,483,405,449
1249536492,3819984651,59,451,32,444,392,412
1143504521,1579085049,18,469,135,376,451,241
985100084,290258997,33,466,0,499,433,499
1120849871,2022523352,62,436,0,499,374,499
1109046538,1881670064,74,424,0,499,350,499
1204250128,3287132345,84,415,0,499,331,499
1283027848,2510398187,75,424,0,499,349,499
1300065782,4144869521,120,343,177,305,223,128
979527577,82394386,99,400,0,499,301,499
1305161326,225064198,85,414,0,499,329,499
1292486246,4108934224,5,488,154,391,483,237
1004007007,401112929,72,426,0,499,354,499
1188028346,3049029142,0,499,201,297,499,96
1285851461,4017672676,37,441,9,485,404,476
1188546228,3067343566,9,489,11,491,480,480
1193898821,3150085775,0,499,62,436,499,374
1128554827,2146996761,0,499,62,436,499,374
1100072609,1711735819,110,389,50,448,279,398
1131267123,2199572588,0,499,63,436,499,373
1027371673,570730935,71,428,0,499,357,499
1141830961,2442792495,44,455,72,456,411,384
1273841701,3995335813,0,481,0,468,481,468
1240232412,3745064512,152,342,12,483,190,471
1250261246,3831237119,209,291,157,334,82,177
1279048921,4038261495,104,401,146,463,297,317
1275606190,4006500141,72,415,9,471,343,462
1008001555,435876545,150,349,109,390,199,281
1047874159,933715982,129,370,0,487,241,487
1218411779,3510583678,74,429,56,436,355,380
959398521,228049452,135,380,109,368,245,259
1269749299,3962427341,28,451,63,464,423,401
1267258953,3942393182,82,427,8,462,345,454
893309140,141190861,218,281,191,309,63,118
1310419487,4182242702,159,350,48,463,191,415
1259672308,3889204739,0,499,0,499,499,499
977143590,49243554,95,407,51,458,312,407
1277345123,4022479007,74,412,102,424,338,322
1263064250,3913803502,20,477,141,368,457,227
1264895234,3928053118,7,427,64,223,420,159
964517015,247340736,144,354,174,325,210,151
982248589,286003780,214,283,186,331,69,145
1250923717,3836828818,80,389,96,351,309,255
996161794,304920285,93,406,0,499,313,499
1004573914,406382768,75,423,0,499,348,499
1314395261,4186276333,38,454,176,430,416,254
1275642876,4007156560,58,491,17,469,433,452
1174590943,2940639830,10,479,5,468,469,463
1040887712,820642368,0,499,69,430,499,361
1133418660,2249843595,128,370,110,389,242,279
1037148029,581936010,62,436,0,499,374,499
1002985459,388576161,125,374,154,345,249,191
1064969985,1144476576,49,455,146,385,406,239
1040904537,793619030,62,436,0,499,374,499
1252799436,3851807895,34,466,88,409,432,321
1249801746,3822989385,62,436,0,499,374,499
1275448823,4006428129,8,499,97,499,491,402
1236935170,3716121698,180,319,153,346,139,193
1305857278,4166954881,106,388,51,463,282,412
1265351984,3702416854,101,398,0,499,297,499
1204230264,3287249359,184,305,35,311,121,276
1228498643,3617519263,0,499,43,456,499,413
1077351403,1372376605,148,351,100,399,203,299
1318126969,210216550,81,471,108,416,390,308
977694189,278525654,88,410,0,499,322,499
1301502362,4150990366,72,418,133,400,346,267
1269772253,3962600762,0,499,62,436,499,374
844650775,72881705,1,498,0,499,497,499
1174594698,2940640987,130,369,130,369,239,239
1177632080,2977482867,0,499,0,499,499,499
1299133039,4141323367,62,436,0,499,374,499
1188466235,3063485260,109,389,0,499,280,499
1284118915,4063412786,48,451,68,444,403,376
1043840975,853455911,42,480,77,423,438,346
1149657697,2562925909,0,499,62,436,499,374
1291744798,4100580856,175,320,165,367,145,202
1089461339,1553199021,57,415,207,304,358,97
935471225,194944262,61,438,0,499,377,499
1281768235,4050842086,69,284,156,383,215,227
1254374951,3861660911,77,422,4,497,345,493
1305105307,4164666818,106,388,51,463,282,412
1305859333,4166955103,106,388,51,463,282,412
1295960238,4128274542,40,479,57,453,439,396
1131227678,2198432323,53,445,0,499,392,499
1313558955,4199252889,36,463,92,416,427,324
1124524960,2047886168,140,358,117,399,218,282
1141302824,2427290759,26,477,67,433,451,366
894237213,47761079,86,412,0,499,326,499
1299544703,4141703130,30,463,72,411,433,339
1316119286,4200871346,6,493,6,493,487,487
1026373602,562801595,0,499,52,447,499,395
1214076923,3458330808,16,488,110,412,472,302
1306724334,3457349476,73,425,0,499,352,499
1260397180,3893246046,34,482,28,487,448,459
1139942161,2399320854,72,426,0,499,354,499
1109432089,1884582536,0,499,0,499,499,499
1245868604,3795041953,139,376,81,377,237,296
1264784249,3927152371,0,487,0,486,487,486
1295960359,4128438367,18,474,114,377,456,263
1041175877,824466449,32,493,216,280,461,64
1102678238,78804299,131,379,102,366,248,264
1196212538,3182722319,21,477,110,394,456,284
1169879896,2886580211,0,499,62,436,499,374
1276307054,4012661808,0,499,0,499,499,499
1311890622,4189054807,0,499,0,499,499,499
1262285318,3906573357,98,406,18,474,308,456
1249536281,3819984270,82,438,234,367,356,133
1168039092,2850583169,75,426,113,379,351,266
1263198344,3915184597,33,475,44,460,442,416
1140307993,2406557540,0,499,130,369,499,239
854234332,78752109,68,431,0,499,363,499
1075633799,1351248690,62,436,0,499,374,499
1265537276,3931670564,0,499,0,499,499,499
847422947,76283365,150,349,107,391,199,284
1157764724,2689641847,79,420,0,499,341,499
1026990097,569626291,149,349,102,396,200,294
744260,1096892,72,427,0,499,355,499
1031548490,612506350,0,499,73,426,499,353
1128835984,2156256033,150,349,133,387,199,254
1147840343,2534296262,0,499,0,499,499,499
1076710644,1364449723,122,377,125,374,255,249
906033171,150488968,148,350,151,348,202,197
1310381056,4181901028,0,499,0,499,499,499
1007374472,416640171,75,423,0,499,348,499
1305534560,4165989147,13,38,257,307,25,50
494242435,1970385,68,430,0,499,362,499
1027145315,569949909,102,396,50,449,294,399
1282003945,4050752671,12,487,25,478,475,453
1127501879,2123765757,71,426,1,499,355,498
1284141319,4063224002,113,401,69,463,288,394
1311718829,4189040003,0,499,0,499,499,499
1309066528,4179411158,100,378,88,435,278,347
1246468196,3799314569,68,431,0,498,363,498
981743199,285072642,0,499,0,499,499,499
1190023694,3088475171,62,436,0,499,374,499
1225886984,3158389522,151,331,211,307,180,96
1306489514,4168612579,28,479,98,492,451,394
1313564783,4199252977,39,415,151,435,376,284
1047539343,917329013,21,466,99,406,445,307
858118816,92151661,125,374,73,425,249,352
1065025599,1141089032,82,416,0,499,334,499
1242011350,3761348150,68,431,0,499,363,499
1245644632,3793572889,28,474,86,393,446,307
1277348973,4019822419,12,484,23,475,472,452
1313699308,4183931987,38,455,120,402,417,282
1289984752,4090784977,0,499,0,499,499,499
935674494,195307603,98,400,23,475,302,452
1307079465,4170669260,78,420,0,499,342,499
1257249276,3879892203,39,480,75,476,441,401
1141795360,2430526362,62,436,0,499,374,499
1123706164,2061398796,160,339,100,399,179,299
1099954948,667567005,142,356,100,399,214,299
1253609219,3857898489,0,499,0,499,499,499
1259238103,3887614790,62,445,69,426,383,357
1208630635,3359966100,0,499,62,436,499,374
1296163608,143910193,35,464,0,499,429,499
1054513325,1044608649,64,434,0,499,370,499
1150515065,2562585776,0,499,109,389,499,280
1191489670,3109428904,0,499,0,499,499,499
971663312,210991793,0,499,62,436,499,374
1011019408,449732957,98,387,50,447,289,397
1076952594,143713891,55,443,0,497,388,497
184653330,2266530,93,405,0,499,312,499
948077736,166187827,2,496,0,499,494,499
1269779224,3962605971,0,499,0,499,499,499
1314435151,4202302771,237,343,32,492,106,460
1282760693,4058943260,10,492,30,479,482,449
872006272,117186832,145,354,100,399,209,299
1283576200,4061482029,86,431,63,446,345,383
933261155,190111090,73,425,9,499,352,490
971432873,262169611,135,364,0,499,229,499
1318137762,179377477,11,488,43,458,477,415
917715516,138911026,105,351,56,435,246,379
1187041942,3030431460,23,471,53,435,448,382
1324045052,4235890190,80,427,70,432,347,362
1244883014,3787237372,0,499,59,433,499,374
1283618976,4061593265,0,499,0,499,499,499
1266343895,3938140344,161,360,95,365,199,270
1243659832,3775275601,0,499,62,436,499,374
778126691,50360638,179,319,157,349,140,192
1008057169,435860247,150,349,104,395,199,291
1313804106,4184091800,50,459,87,379,409,292
1301514053,4150994232,22,478,52,448,456,396
1141913897,2444240778,69,429,0,499,360,499
1318317332,122458835,0,499,40,499,499,459
891736165,138465442,144,355,100,399,211,299
1056253088,933327444,0,499,62,436,499,374
1118240742,1980574199,6,493,133,446,487,313
1294222058,4122562579,46,458,66,441,412,375
1177594711,2976915233,61,438,0,499,377,499
860154862,97569636,0,499,0,499,499,499
1204468627,3290795204,71,427,0,499,356,499
1178692395,2987956649,79,371,181,408,292,227
1261409195,3898721928,18,499,30,499,481,469
1168992385,2868661801,67,446,167,315,379,148
1225663613,3077836577,125,374,158,341,249,183
1115859015,1951739449,128,368,131,483,240,352
1102725022,1806507770,122,489,62,436,367,374
1309991698,4181946658,54,425,58,469,371,411
1133293016,291295338,216,255,244,283,39,39
1033611025,654683007,0,499,62,436,499,374
1235819816,3700127482,0,499,79,420,499,341
956732552,223026731,70,429,0,499,359,499
1269778586,3962605870,0,499,0,499,499,499
1276027154,4010224482,142,330,19,461,188,442
1194171533,3155345327,242,307,0,499,65,499
1110170918,1899621886,86,412,0,499,326,499
1066671219,1170240406,54,468,91,427,414,336
1042976306,846134889,62,436,0,481,374,481
1278214805,4030630949,159,339,1,498,180,497
973349990,268612526,0,499,109,389,499,280
1097002600,1660439566,0,499,0,499,499,499
1060995867,1099745476,61,406,81,433,345,352
1325147743,4240471400,38,443,45,454,405,409
1079155795,1414869600,74,428,140,359,354,219
923073649,173068774,55,443,0,499,388,499
1110880131,474604031,151,340,121,353,189,232
1179176192,2991088679,100,399,38,461,299,423
1244178776,3780415264,0,499,62,436,499,374
1319965774,4215293010,48,311,90,415,263,325
1261173867,3898707864,73,420,188,310,347,122
1270219553,3969948708,0,488,126,441,488,315
1248390883,3814898067,9,491,151,311,482,160
1176504986,2958501129,7,492,184,318,485,134
1085748481,1098837557,12,494,81,446,482,365
1250268128,3831364109,0,499,62,436,499,374
1258645241,3884285000,206,325,187,328,119,141
1141129412,1068824885,153,346,100,399,193,299
1257845806,3883191674,84,429,87,428,345,341
1243410578,3772140487,75,424,5,493,349,488
1305157622,4144865685,0,499,0,499,499,499
1289344133,4086092445,0,499,0,499,499,499
1024240598,542325751,57,448,131,393,391,262
1258724509,3886629771,22,465,86,416,443,330
1283504634,4061581374,131,380,165,402,249,237
1102251477,1793266263,138,376,14,488,238,474
1299234119,4142016576,83,415,0,499,332,499
1240785999,3749464534,66,411,68,430,345,362
1303069485,4157464729,82,447,111,386,365,275
938682726,200966596,107,401,35,432,294,397
1287416078,4076845481,30,482,30,470,452,440
1225410270,3589914265,14,485,56,456,471,400
1095813317,1641917552,72,426,1,499,354,498
1314015484,4186125558,73,419,91,401,346,310
1092474323,1548294049,116,380,75,410,264,335
1215427259,3470143940,0,499,62,436,499,374
1105414256,1848933545,123,372,13,475,249,462
1016882803,503953300,108,391,50,449,283,399
1324108838,4233705591,79,484,67,469,405,402
941657121,207119770,0,499,62,436,499,374
1270524769,3971728523,4,496,29,496,492,467
1273837985,3992092718,87,457,48,457,370,409
1156109129,2664895371,402,464,225,270,62,45
1204249841,3287289958,0,499,0,499,499,499
1322443150,4229979550,0,499,0,499,499,499
1154651350,1855929531,0,499,191,323,499,132
1265599117,3931889121,36,495,11,495,459,484
1105681772,1854719191,0,499,109,389,499,280
1313369282,4197668525,27,481,38,425,454,387
1174592950,2940640404,16,479,158,343,463,185
1250268168,3831364129,0,499,167,436,499,269
1186357766,3028018670,22,482,86,406,460,320
1213683893,3451599324,24,475,90,421,451,331
1094090854,1613412247,27,468,15,484,441,469
1301854208,4151010757,204,323,138,356,119,218
1274812386,46503395,88,411,0,499,323,499
846384792,929628,0,499,15,484,499,469
1305036376,4164657890,106,388,51,463,282,412
917732594,163257238,62,436,0,499,374,499
1190251355,2960019436,75,412,123,361,337,238
1253963284,3859485101,20,477,86,411,457,325
1228254957,3592676250,0,499,84,415,499,331
1275408912,4004184861,0,499,0,499,499,499
1268740026,3937035721,41,489,140,376,448,236
1307747395,4172812999,119,399,194,399,280,205
1219256097,3523545769,0,499,62,436,499,374
1198803347,1046368740,146,334,122,399,188,277
833648254,64853969,140,359,108,390,219,282
1257625349,3881988403,75,427,79,428,352,349
987617713,294475599,10,478,76,429,468,353
1144269829,2478821540,11,490,54,454,479,400
1251437392,3842662641,24,476,34,481,452,447
243903530,4807761,145,354,100,399,209,299
1260333838,3893242802,0,499,0,499,499,499
1077991883,102116777,87,411,0,499,324,499
1246302077,3798152951,109,389,0,499,280,499
1039142897,790746452,0,499,62,436,499,374
848626935,79600401,46,452,0,499,406,499
1309972551,4181944654,0,499,16,499,499,483
1050766907,969850766,188,349,189,309,161,120
1250872796,3836274654,72,426,15,487,354,472
1215521923,3470060579,62,436,0,499,374,499
1275605544,4006500109,46,464,109,466,418,357
1252627221,3850328345,0,499,154,436,499,282
1057399055,1078655960,73,426,0,499,353,499
1135127220,2298081874,137,359,123,381,222,258
1279237283,4037103974,66,438,68,440,372,372
1280103050,4042480328,0,499,14,499,499,485
1181001380,2990981117,18,482,92,401,464,309
824666553,62796137,23,476,7,492,453,485
164198630,5283689,157,342,125,374,185,249
1100065022,1711734596,180,319,151,347,139,196
1296705238,4129173706,90,408,0,499,318,499
1158121394,2695198573,2,492,71,421,490,350
1130183402,2180304744,43,105,210,291,62,81
1283514534,4061479430,0,499,0,499,499,499
1260357690,3893260242,188,279,32,372,91,340
1262765828,3906572649,72,427,0,499,355,499
941622029,207151558,192,322,171,334,130,163
1275456778,4006485113,0,497,19,468,497,449
1245643791,3793571660,35,471,69,439,436,370
1298867170,4139508552,33,467,81,428,434,347
1273538021,3992748705,0,499,0,499,499,499
1196112974,3181216037,100,397,42,456,297,414
1301488640,4150986948,0,499,0,499,499,499
1234392228,1434659911,111,393,2,492,282,490
337561140,47973256,75,423,0,499,348,499
973191720,268109201,90,409,130,369,319,239
1307849092,4172911880,26,445,141,371,419,230
1155781614,2660100418,112,390,115,398,278,283
1008001295,435873888,150,349,109,390,199,281
1267235728,3942382859,151,347,7,491,196,484
1237277610,3716305899,236,305,177,348,69,171
1101523293,1774320135,89,401,142,494,312,352
1261583198,3900590304,31,404,14,472,373,458
1253463144,3856809888,0,499,0,499,499,499
958572085,228452230,0,499,62,436,499,374
1190258222,1876686766,207,294,101,419,87,318
1094672177,1626080055,60,438,0,499,378,499
1294419943,4123243403,150,350,133,372,200,239
1267992725,3944541871,0,499,0,499,499,499
1322802741,2122976745,25,461,163,405,436,242
966236672,252198002,49,450,11,499,401,488
1053598316,441903434,26,473,67,442,447,375
1029822816,595304205,14,484,37,467,470,430
1044025466,855947778,11,486,104,394,475,290
1313113909,4197489957,0,499,0,499,499,499
1038258087,748248930,28,470,0,499,442,499
1187332358,3047549492,15,487,18,428,472,410
1276005481,4010222110,93,428,31,466,335,435
1011712649,230577241,174,183,228,275,9,47
1115121513,1935016438,71,428,0,499,357,499
1242140537,3762877775,53,431,44,489,378,445
1121420116,2035478916,15,489,19,482,474,463
1105992413,1859469721,73,426,0,499,353,499
1243444862,3773724658,28,472,70,418,444,348
1174584501,2940638374,0,499,0,499,499,499
1265087097,3929343365,9,489,19,489,480,470
1048189082,938546165,0,499,6,45,499,39
1109239060,1886035158,3,461,96,455,458,359
999581347,344240059,108,393,43,457,285,414
1213738595,3452702498,52,446,0,499,394,499
1153306291,2624840883,99,400,99,400,301,301
1313286409,4198577010,0,499,0,499,499,499
1241430996,3756679243,200,301,181,320,101,139
836384037,69935625,100,399,30,469,299,439
1225887163,2889428840,125,374,125,363,249,238
1246527868,3797410215,11,485,12,476,474,464
1204248146,3287288308,58,467,64,428,409,364
1217322799,2378409153,130,369,161,354,239,193
1260695390,3895234742,0,499,0,499,499,499
1196621114,3195194736,0,499,0,476,499,476
1240796723,278527706,100,399,61,392,299,331
1042982463,846361430,156,343,100,399,187,299
1322481622,4228971924,0,499,0,499,499,499
1158121469,2695198672,16,482,17,483,466,466
1101763707,1776404870,59,440,0,499,381,499
1043840777,853455939,5,488,114,380,483,266
1256428282,3874304180,108,380,155,377,272,222
933239478,190096947,202,302,182,322,100,140
1303223526,4157241700,0,499,0,496,499,496
1054479082,1044346767,81,417,0,499,336,499
1284856501,4066223287,60,421,93,460,361,367
1024978538,548767811,90,406,15,492,316,477
1289357193,4086094117,35,448,80,416,413,336
1225886516,3202612976,134,365,146,369,231,223
982975674,287041180,65,434,0,499,369,499
1155981048,2662830051,127,390,130,413,263,283
1002143274,373639581,198,307,10,493,109,483
1194057419,3147288934,171,309,113,446,138,333
839146730,57562630,20,499,62,437,479,375
1069375968,1243033039,69,429,0,498,360,498
1152322377,2604216493,128,448,106,405,320,299
1205197531,3303134476,36,499,0,485,463,485
1253518397,3857166361,13,490,34,478,477,444
937811865,199110959,0,499,62,436,499,374
1252608113,3850029431,21,473,147,388,452,241
696375530,57694471,150,349,107,391,199,284
1316152942,4200874685,31,369,17,423,338,406
1212947880,3117662395,139,319,99,397,180,298
1292558046,4108952554,76,422,3,486,346,483
1291955431,4105420102,125,374,125,374,249,249
1172780241,2919921416,92,406,0,499,314,499
1273771724,3992803961,18,479,19,478,461,459
1282519387,4057540268,0,499,0,499,499,499
1127347853,2121747369,0,499,0,499,499,499
1249535011,3819980392,182,316,190,305,134,115
1273062824,3992551789,0,499,0,499,499,499
1195550374,3171083048,0,499,62,436,499,374
1177729503,2977604826,109,499,0,432,390,432
1007646633,435046175,76,423,0,499,347,499
1308942494,4177868897,0,499,0,499,499,499
1261421914,3898726989,6,499,0,499,493,499
1285670660,4069734245,87,413,4,255,326,251
857951556,91968663,201,297,175,324,96,149
1190252504,1876684314,41,454,101,410,413,309
996081489,304797878,31,453,140,391,422,251
982646310,286391008,36,463,10,489,427,479
1066761448,1164205095,0,499,83,416,499,333
1105740200,1855908183,0,499,102,396,499,294
849966442,64314930,150,349,107,391,199,284
1318428028,4174545089,71,423,14,464,352,450
1039562312,678649984,47,451,98,401,404,303
1251068336,3837506436,7,490,112,385,483,273
1295960426,4128438385,62,437,97,401,375,304
1240713705,3748198766,108,369,174,346,261,172
1171779537,2806466967,28,481,46,441,453,395
866220603,108692297,0,499,62,436,499,374
891737292,138464065,112,399,115,383,287,268
1167373137,2833659352,12,476,56,441,464,385
1123921224,2065450314,11,477,39,461,466,422
1282771514,4058944161,0,499,0,498,499,498
1209711216,3382580944,30,481,74,414,451,340
1041367420,825402315,79,420,0,499,341,499
1308855534,278411646,100,399,14,484,299,470
971647946,262874768,0,499,73,426,499,353
1075711289,1351973157,158,384,158,493,226,335
1248633492,3816939280,19,487,50,425,468,375
949387427,212342729,98,373,144,361,275,217
1242113635,3762596945,141,358,142,359,217,217
1276874475,4017889609,11,499,76,475,488,399
1052978342,983377189,0,499,0,499,499,499
1275983425,4010220647,57,444,60,467,387,407
1037411423,729835899,73,426,0,499,353,499
1255249473,3869223185,0,499,66,433,499,367
1305236169,4163248569,73,405,21,477,332,456
1273243871,3992593299,64,435,70,439,371,369
1320590849,4224634959,152,312,204,488,160,284
937205510,197049958,153,346,120,378,193,258
1209767325,3373058752,104,392,3,496,288,493
1303089754,4157443386,0,499,0,499,499,499
1273197448,3992584512,80,426,80,446,346,366
1266912048,3940235841,41,366,175,399,325,224
1196212511,3182722313,47,470,99,398,423,299
1241286027,3716247827,110,389,53,446,279,393
980620199,120528683,104,395,0,499,291,499
891729851,138459921,162,336,100,399,174,299
1027122541,569946257,101,398,50,449,297,399
1027409376,571153725,165,334,186,313,169,127
1253252707,3855496302,136,364,70,450,228,380
1304035286,4160884413,106,388,51,463,282,412
1109402607,1888480734,148,353,90,418,205,328
1241391394,3756523240,214,284,202,299,70,97
1299151486,4140359878,0,499,62,436,499,374
1313037882,4197486588,30,459,86,427,429,341
1265221731,3929898789,20,481,98,434,461,336
1246338291,3798687733,200,301,149,350,101,201
1254814612,3866427629,8,492,18,489,484,471
1258515503,3885604134,0,499,0,499,499,499
1008028135,435881670,106,393,50,449,287,399
874990450,120833988,139,320,141,365,181,224
1252081970,3842132213,41,477,143,330,436,187
1316147750,4200874150,46,460,26,477,414,451
987431665,294311408,153,356,67,357,203,290
1309074275,4179414751,0,499,0,499,499,499
1304023059,4160808222,0,499,0,499,499,499
1294212352,4122560031,0,499,6,499,499,493
1261369688,3898716057,44,499,56,417,455,361
1302088932,4154233824,0,499,66,433,499,367
1323584834,4231862763,47,452,141,401,405,260
1008006551,435853397,100,398,150,349,298,199
1257513604,3881232511,0,499,0,499,499,499
1273170499,3993178251,38,451,130,361,413,231
1243785569,3775997588,51,448,117,381,397,264
956388294,138760435,11,472,118,380,461,262
1241941197,3761235710,90,409,0,499,319,499
1261721272,3900896361,0,499,0,499,499,499
987536730,294337046,178,311,59,449,133,390
1033797785,661854957,0,499,62,436,499,374
1276076661,4010225812,0,499,0,499,499,499
1027079847,569680953,103,395,50,449,292,399
1298483985,4139802245,45,479,30,464,434,434
1262494167,3908515472,39,334,163,417,295,254
1092946178,1593172700,171,299,420,471,128,51
1263979075,3923198061,82,417,24,478,335,454
925230599,176741585,0,499,99,400,499,301
1313406358,4197672445,75,404,19,469,329,450
1192481436,3128692518,92,377,85,410,285,325
1138333460,2364704256,0,499,109,389,499,280
1299537692,4141684996,60,457,103,375,397,272
1007846459,435239257,102,399,154,344,297,190
1265224427,3929899855,33,485,9,411,452,402
1292903870,4113737161,5,496,54,491,491,437
1277939224,4023224515,0,499,0,499,499,499
1243743344,3775700240,113,421,21,457,308,436
975011499,272662246,0,499,78,421,499,343
990154119,296976669,0,499,81,417,499,336
1204197164,3287123122,111,399,12,481,288,469
976685194,276429667,138,353,45,445,215,400
1022919955,528198983,117,381,72,426,264,354
966984946,208299441,126,366,19,485,240,466
1317952131,4215699773,0,499,0,499,499,499
1270490945,3971913311,138,340,95,322,202,227
1190865583,3098367918,83,415,0,499,332,499
1192191165,3123096261,71,431,255,486,360,231
1309100841,4179595891,62,450,56,434,388,378
1303077876,4157444737,92,413,51,466,321,415
1110739502,1903585550,99,387,158,363,288,205
1265283101,3930133392,73,426,0,499,353,499
1267305915,3942511939,147,369,186,319,222,133
1112169570,1857572490,33,285,69,415,252,346
1309102771,4179633560,233,266,241,244,33,3
1026335358,520210712,72,427,0,499,355,499
150298530,3703056,84,414,0,499,330,499
1015078260,477946562,72,427,0,499,355,499
1283441744,3042589479,88,410,0,499,322,499
1311860102,4188956526,72,454,80,429,382,349
908083189,152448415,0,499,62,436,499,374
1123729758,2061927846,152,346,100,399,194,299
1009325772,440701555,160,339,110,389,179,279
1289464067,4086131114,0,416,58,499,416,441
1265173683,3928367348,62,436,0,499,374,499
1265206753,3929890049,159,339,195,480,180,285
1211887736,3312222623,0,499,74,425,499,351
1236532897,3708927661,213,448,189,308,235,119
1267257801,3942393226,46,462,48,451,416,403
1067892284,1174764494,105,394,0,499,289,499
1260343937,3893243292,121,450,30,323,329,293
1139915704,2394495315,77,326,67,452,249,385
1253886327,3858267775,0,499,0,499,499,499
1244540964,3785187800,0,499,62,436,499,374
1274120174,3997807845,49,446,17,480,397,463
260522558,7444402,207,292,189,310,85,121
966986417,208299445,142,359,3,498,217,495
1307661306,4172334380,0,499,0,499,499,499
1301427050,4151258667,16,472,64,461,456,397
1238295588,3727586679,120,443,47,390,323,343
1090898252,1564650034,66,432,0,499,366,499
1190258261,2820041027,81,402,168,330,321,162
873717798,119513413,62,436,0,499,374,499
1322691292,4229383390,21,449,140,371,428,231
1265175946,3929867319,58,423,111,392,365,281
1301755852,4146469560,62,436,0,499,374,499
1287515072,4078699872,85,400,86,430,315,344
1261423035,3898727036,24,452,44,479,428,435
1262564537,3908950090,23,471,102,347,448,245
1007985313,435845813,100,399,66,432,299,366
1279337649,4037126400,19,486,42,475,467,433
1324224413,4236298605,182,295,28,476,113,448
1004010248,401115424,72,427,0,499,355,499
1237276275,778943071,35,445,118,438,410,320
1260070631,3889366011,302,458,78,232,156,154
1275611658,4006500988,0,488,168,499,488,331
1258618666,3885529274,56,445,55,439,389,384
1291278645,4101062915,68,430,0,499,362,499
1104584437,1838575225,196,294,112,431,98,319
1283271373,4060832974,43,427,71,400,384,329
1292751613,4108563132,52,452,0,499,400,499
1077093106,143943448,99,400,0,499,301,499
1318334029,4217851119,83,416,0,499,333,499
1198729025,3219108321,171,348,117,337,177,220
890885258,137092403,101,397,0,499,296,499
1287957280,4079733502,62,445,105,399,383,294
1217468046,3494102529,142,364,176,323,222,147
1243390630,3773729414,19,480,20,479,461,459
1064963047,1139910275,0,499,0,499,499,499
1273214272,3992589006,56,430,87,438,374,351
844263348,72047538,25,499,66,435,474,369
1158121136,2695197958,58,455,122,436,397,314
1013896186,469197258,0,499,95,404,499,309
1323342955,4231816320,24,455,62,464,431,402
1254863043,3866911702,31,461,60,441,430,381
1274254877,3997824645,140,399,56,473,259,417
1125677969,1892600410,187,294,20,479,107,459
1043841406,853456122,13,485,8,491,472,483
875233176,121192460,76,423,0,499,347,499
1282561859,4057547533,0,499,0,499,499,499
1259214040,3887612955,0,499,77,499,499,422
999795511,347242193,79,420,0,499,341,499
1209737384,3382704273,63,460,83,419,397,336
1204223952,3287236203,121,381,9,485,260,476
1255758092,3871285867,220,276,12,488,56,476
970432646,259365541,64,430,67,431,366,364
1038088796,745519641,62,436,0,499,374,499
1324035093,4235889655,17,448,99,439,431,340
1027009708,569631975,50,449,119,380,399,261
1129886373,2173774667,16,483,127,374,467,247
1282515886,4057539996,0,440,100,399,440,299
908484344,150570369,50,449,50,449,399,399
1195807858,3177051694,21,479,67,424,458,357
1212768093,3433482531,0,499,0,499,499,499
1273893513,3995347807,108,354,73,443,246,370
1156626705,2675011112,110,389,54,445,279,391
1027759854,575937854,0,499,82,416,499,334
1242845283,1100407754,110,389,0,499,279,499
1153288402,2603415784,0,499,60,439,499,379
1306587389,4168873908,57,480,104,364,423,260
1010226753,445216265,109,374,189,348,265,159
1198711820,3219985237,138,363,58,475,225,417
1109535770,1891083036,66,440,77,457,374,380
1323562005,4234236871,0,499,0,499,499,499
1284128608,4063222486,6,475,39,437,469,398
1277053566,4014243277,62,436,0,499,374,499
1283560074,4061584425,101,407,92,426,306,334
1236296391,3705366485,68,431,0,499,363,499
1307870841,4173007634,66,427,51,382,361,331
1128653324,2152128660,137,361,100,399,224,299
1272051294,3986749318,87,411,0,499,324,499
1295220697,4125633524,17,483,110,391,466,281
1253519568,3857173115,17,487,155,417,470,262
1053408018,292160734,11,483,78,416,472,338
1203565204,3279199151,15,485,87,411,470,324
1323849940,4231422279,26,472,27,474,446,447
1323992161,4235886255,39,481,54,488,442,434
1256923746,3875023727,0,499,5,493,499,488
1253161718,3855209135,68,411,47,455,343,408
1262339653,3906639160,8,493,81,333,485,252
966604792,252272706,104,370,132,438,266,306
1301823976,4151009257,16,499,35,499,483,464
1230566633,3633557130,51,447,0,499,396,499
1251649512,3844296480,15,484,18,462,469,444
1313664865,4197544689,0,499,0,428,499,428
981990331,285434027,28,464,131,400,436,269
1053414920,1031458487,0,499,69,430,499,361
1239738689,3739515005,35,432,162,319,397,157
1312008981,4189050406,0,499,0,499,499,499
1282609646,4057739623,109,389,0,499,280,499
1126795647,2107748960,98,401,27,472,303,445
1275846359,4009169472,72,428,92,435,356,343
1002978375,388578760,252,334,176,309,82,133
1134716603,2211105496,41,446,46,471,405,425
1295779364,4126956624,83,415,0,499,332,499
1135205436,2302478807,15,473,44,471,458,427
1276044543,4010225112,35,458,141,356,423,215
886634936,132612850,151,351,109,389,200,280
1105046170,1846469487,151,344,118,372,193,254
1246418256,3798934124,187,334,189,441,147,252
1215484986,3470035799,146,354,51,449,208,398
932126503,187570386,62,436,0,499,374,499
988509885,295660478,87,457,227,264,370,37
1254640667,3863215827,72,427,0,499,355,499
1024566646,544495130,55,445,67,460,390,393
1286906508,4074700947,0,462,199,499,462,300
1252627876,3850328647,0,499,62,436,499,374
1105979095,1859452248,82,416,0,499,334,499
1316102265,4200869196,36,476,121,374,440,253
1128294075,2140564613,52,483,22,484,431,462
1231493257,3650612720,72,426,11,498,354,487
1290698562,4095697141,83,411,87,411,328,324
878572586,123871197,117,381,65,434,264,369
1266513282,3938620719,60,442,198,325,382,127
1250249493,3831234302,0,499,0,458,499,458
1275992366,4010220929,66,499,32,447,433,415
1088416347,1539031831,71,428,0,499,357,499
1051762266,981230514,84,463,23,481,379,458
915269878,159690069,62,436,0,499,374,499
1192403147,3128124966,148,351,148,351,203,203
1004005959,401112882,74,425,0,499,351,499
1076705902,1367914434,75,415,104,427,340,323
1322050949,4229645294,80,428,110,428,348,318
984680615,289267115,79,420,12,488,341,476
1302580604,4155789344,186,423,163,350,237,187
882379984,85185725,89,409,0,499,320,499
1029200140,590497233,18,487,69,438,469,369
1306203955,4150352257,57,441,90,451,384,361
1265205493,3929890013,25,480,160,376,455,216
1260347074,3893243603,64,430,68,424,366,356
1144460690,2482253085,72,427,0,499,355,499
1037719996,738090900,63,436,0,499,373,499
1100849226,1737402486,137,361,100,399,224,299
1253963635,3859438477,74,408,107,455,334,348
1288872287,4085937719,30,450,100,453,420,353
1107660127,1869201034,94,418,40,473,324,433
1101343195,1755232580,91,408,0,499,317,499
996077950,304797745,139,399,136,371,260,235
957035453,210426310,58,446,81,414,388,333
1229957434,3630431362,62,436,0,499,374,499
1183360812,3012548001,90,408,12,486,318,474
708288124,53227531,82,416,11,487,334,476
1196337426,3185770475,73,426,0,499,353,499
1323100935,4231816780,104,413,101,418,309,317
1301366750,4150982911,0,499,0,499,499,499
1171148168,2904558054,186,313,165,334,127,169
883037039,91409672,197,302,170,329,105,159
1184127440,3008927902,0,499,62,436,499,374
1200784240,3243546587,71,427,0,499,356,499
1316288249,4200882527,15,490,57,447,475,390
1272149524,3986442285,16,480,60,482,464,422
1228219760,3614990302,0,499,109,389,499,280
1271680093,3979572392,36,483,77,438,447,361
1308712180,4177589415,0,499,0,499,499,499
1195258841,3166434574,57,439,108,398,382,290
885998800,131735084,93,388,0,499,295,499
1047916040,934108289,178,304,125,362,126,237
1269906242,3279134356,100,399,17,465,299,448
1292408901,4108947141,153,337,30,445,184,415
1191883648,3117054042,61,438,82,417,377,335
1055678158,1064141854,0,499,0,499,499,499
1322777790,4231405883,0,499,0,499,499,499
1120300636,2012234504,130,385,69,371,255,302
1301688280,4152895236,76,421,44,383,345,339
1316315291,4209030237,11,384,56,482,373,426
1308165858,4174720768,36,455,112,428,419,316
941676692,207257936,186,323,206,293,137,87
1224706545,3586522617,0,499,43,456,499,413
921249677,168344638,91,374,91,431,283,340
1273273452,3992602018,0,499,0,499,499,499
1225665067,3488137652,161,367,157,344,206,187
1061572564,511836359,62,434,90,412,372,322
1150295206,2572586077,109,389,0,499,280,499
1236935145,3716121669,180,319,153,346,139,193
1101200264,1753119255,94,372,47,386,278,339
933243687,190099305,0,499,24,475,499,451
1221439185,3563517745,16,480,104,412,464,308
197795130,5857994,90,409,130,369,319,239
1031000707,606032600,111,388,0,499,277,499
860269111,97952755,62,436,0,499,374,499
1243429428,3773723230,19,480,95,403,461,308
1156101782,2094651222,100,399,34,464,299,430
1241396509,3756587100,185,314,159,340,129,181
1311890436,4190372353,0,499,0,499,499,499
1306568580,4167080604,106,388,51,463,282,412
1204248031,3287288256,0,499,2,496,499,494
1252270604,3461898602,70,429,0,499,359,499
1262507730,3908515906,37,464,31,483,427,452
1100804971,1736484207,211,288,211,288,77,77
1117511301,1974895325,82,446,70,427,364,357
1248272221,1988146500,0,499,83,416,499,333
1243237326,3764725539,0,499,62,436,499,374
1155663929,2657891532,208,289,230,300,81,70
1189488617,3082548597,13,462,98,241,449,143
1138338447,2365056468,145,348,172,329,203,157
1240718369,3748201181,41,481,142,360,440,218
858030464,92152772,219,279,175,318,60,143
1313662744,4198485427,0,499,0,490,499,490
1219029199,3522946948,30,468,72,429,438,357
1314591109,4202305521,51,449,47,452,398,405
1278221977,4030649372,96,469,186,309,373,123
1056287491,1070774333,84,415,0,499,331,499
1289167822,4086067255,0,499,0,499,499,499
862580651,102358341,182,316,76,445,134,369
1318480496,4187538228,66,453,47,487,387,440
977700629,278586998,62,436,0,499,374,499
1046124885,874169625,142,357,100,399,215,299
1310428666,4183916183,92,406,0,499,314,499
1199273728,971213707,183,315,164,349,132,185
968983918,255593758,70,429,0,499,359,499
1303831834,4159427191,106,388,51,463,282,412
915097069,159603325,144,356,188,302,212,114
1324195258,4236297681,100,414,60,471,314,411
1265064523,3929325301,17,485,114,387,468,273
1251040769,3833547203,45,460,26,485,415,459
1324072709,4233701505,0,499,0,499,499,499
1008560454,438867984,0,499,62,436,499,374
1061744317,1101970990,35,474,92,406,439,314
1308903138,278518204,100,399,1,497,299,496
1259083060,3887603511,65,439,71,446,374,375
1265205359,3929890005,0,499,0,499,499,499
1041526883,829717054,0,499,237,262,499,25
910676456,154768420,12,487,0,499,475,499
1212768216,3433488682,0,499,0,499,499,499
1319428573,4214364196,27,464,33,470,437,437
922683762,171720584,0,499,62,436,499,374
940547893,138746395,109,388,150,344,279,194
1176505497,2958505324,2,496,134,364,494,230
1279007578,4037573196,0,499,0,499,499,499
849348336,80598425,70,428,0,499,358,499
1174589846,2940639541,5,492,7,481,487,474
1270324190,3971188569,149,351,125,395,202,270
1276443247,4013275835,5,486,141,333,481,192
1235877112,3701257034,31,473,59,460,442,401
1124257512,2074468075,155,344,100,399,189,299
1256970469,3876189247,0,499,0,499,499,499
1318609703,4215227493,88,421,43,469,333,426
1137556777,1548292572,92,395,86,412,303,326
1006320312,422920084,167,356,57,478,189,421
1301059954,4150467971,133,369,75,416,236,341
1323456460,4231419688,0,499,0,459,499,459
1313429534,4197675365,110,405,190,381,295,191
1049583194,953082104,0,499,62,436,499,374
1280700075,4046438407,66,447,60,442,381,382
1113045052,1926570559,27,475,7,463,448,456
1129554584,2168234679,0,499,62,436,499,374
1276373323,4012755907,34,464,55,465,430,410
966982961,203641346,123,375,2,497,252,495
1238111556,3608438908,100,399,6,492,299,486
1015534813,485094317,132,369,56,440,237,384
1320761805,4225501355,0,499,0,499,499,499
1241670911,3759384856,86,413,10,489,327,479
1288379389,4081491818,2,498,168,497,496,329
1109288041,1886900340,159,339,100,399,180,299
1045311745,869106131,68,431,0,499,363,499
1273421166,3992582246,21,469,36,474,448,438
1252983345,3854407505,134,370,41,464,236,423
1175388272,2947952057,89,425,91,407,336,316
835507736,69603146,0,499,62,436,499,374
1219679279,3528693414,62,436,0,499,374,499
1254396593,3861757734,0,499,0,499,499,499
1257238794,3879893488,29,499,0,499,470,499
1250268208,3831364149,0,499,167,436,499,269
1221455552,3563522301,0,499,0,499,499,499
1311312734,4186970186,27,468,204,397,441,193
1225410254,3589914261,14,485,56,456,471,400
1149816876,2502170269,63,436,0,499,373,499
1152526374,2602088155,62,436,0,499,374,499
1270832631,3974176127,82,428,183,326,346,143
982718227,286664768,14,487,84,416,473,332
918959730,164322503,75,424,35,463,349,428
1280288685,4044245333,0,499,0,499,499,499
1057405332,1078622789,0,499,51,447,499,396
1113097656,1832987152,143,369,142,422,226,280
1275539176,4006494009,50,402,112,356,352,244
1251443313,3842663841,17,482,59,448,465,389
1205825855,3312189772,219,304,19,487,85,468
1298482559,4139849289,136,362,152,375,226,223
1235879151,3701263660,32,474,59,460,442,401
987645105,294483349,168,328,141,355,160,214
879046955,124360044,160,364,143,358,204,215
1072893987,1308689977,62,436,0,499,374,499
1275402420,4004169185,30,448,64,464,418,400
1296429225,4130473796,17,484,11,485,467,474
1094052116,1612466004,0,499,62,436,499,374
1030204929,596043551,135,364,100,400,229,300
933254276,190107669,20,499,21,477,479,456
876616597,121964471,63,436,128,370,373,242
1033524207,90775458,100,399,9,490,299,481
1239685704,3736147573,58,440,0,499,382,499
1274191267,3997819697,0,499,0,499,499,499
902173550,147337295,13,486,56,443,473,387
1081433689,1457853988,77,418,0,498,341,498
1275472345,4006486318,16,483,16,476,467,460
1307321569,4171216188,0,499,0,369,499,369
1322998872,4231409729,144,443,15,488,299,473
921495854,169072538,79,420,0,499,341,499
1164470019,2785692188,101,415,96,373,314,277
1178293531,2940733423,0,499,0,463,499,463
1306864132,4167093456,0,499,0,499,499,499
1275614730,4006501188,20,471,28,465,451,437
885399266,131038161,0,499,62,436,499,374
1273755827,3992788983,77,411,84,422,334,338
1007487435,435020017,89,410,0,499,321,499
1060772450,1098371894,0,499,41,457,499,416
1192164399,3122723257,71,431,236,486,360,250
1128720075,741260007,90,291,23,489,201,466
1159922353,2721370576,60,462,238,274,402,36
1168621547,2862094781,62,436,0,499,374,499
1190251275,3063058825,168,347,198,339,179,141
920492498,166573824,62,436,0,499,374,499
1027841638,574852607,68,431,0,499,363,499
1313972462,4186106041,188,327,173,389,139,216
1196156525,3182212294,8,491,33,476,483,443
1260324125,3893242506,0,499,0,499,499,499
968806657,96986931,73,426,15,499,353,484
940543814,204388597,230,306,227,362,76,135
1137941583,2357035799,15,480,51,460,465,409
1244326299,3782771584,0,499,126,436,499,310
1302895950,4156934266,77,432,75,499,355,424
1062931052,1089225323,89,421,33,480,332,447
941622183,207151573,246,263,244,263,17,19
1056165039,1070616694,0,499,62,436,499,374
1241252199,3751739986,63,436,0,499,373,499
1012893442,461427631,85,413,0,499,328,499
1303058407,4157236614,0,499,9,488,499,479
1296724474,4109870924,77,449,64,387,372,323
1024935172,537932818,55,447,158,319,392,161
1017644865,506991274,138,365,132,439,227,307
1277248641,4021561786,137,356,105,433,219,328
989168464,294348586,0,499,139,359,499,220
1273293425,3992607657,0,499,0,499,499,499
1280440574,4044821266,18,492,70,442,474,372
1195977848,3179266040,11,473,44,452,462,408
1158121416,2695198603,8,488,89,406,480,317
1323678699,4234147023,23,496,19,486,473,467
979542505,282129686,10,489,10,489,479,479
1323537982,4234324425,0,499,84,416,499,332
1308916021,4177868078,36,461,95,381,425,286
1242758610,278553027,100,399,7,491,299,484
1320214919,4215684714,22,466,29,457,444,428
1274760624,15589691,85,414,0,499,329,499
1312515555,4195186857,24,475,127,381,451,254
1315415837,4205114757,0,499,0,499,499,499
1134420385,2283606449,135,365,88,408,230,320
1286546680,4074817535,151,347,162,167,196,5
1317585489,4213732258,0,499,0,499,499,499
1077857547,1923636866,130,368,124,392,238,268
1029511449,591830038,22,386,126,370,364,244
1313789346,4200117001,0,499,0,499,499,499
1007210115,433294021,73,425,0,499,352,499
972193979,264546031,110,393,153,346,283,193
1013270212,464903093,0,499,62,436,499,374
1099507101,1703957512,19,486,120,398,467,278
1277249266,4021562617,163,334,273,460,171,187
284536160,3418877,100,398,0,499,298,499
1308908595,4177867520,0,499,0,499,499,499
862500067,102168018,150,349,0,499,199,499
1009326932,440691306,150,349,113,385,199,272
1009248617,440575461,114,385,50,449,271,399
1193619865,3147520119,74,425,1,497,351,496
1061854783,1108439278,88,409,29,469,321,440
1301529069,4150996708,11,499,9,497,488,488
1306906446,4168961930,0,499,0,499,499,499
1312224355,4193880669,0,499,0,499,499,499
1209287196,3373110015,151,347,115,384,196,269
1082888012,1472148317,69,430,0,499,361,499
1243694291,3773635991,62,436,0,499,374,499
1262289428,3903021175,100,399,40,458,299,418
1242125356,3762643491,10,489,55,427,479,372
1281841486,4053422827,49,449,0,499,400,499
891741366,138468949,160,338,122,377,178,255
1313626196,4197537619,43,436,197,455,393,258
1244450016,3783999458,148,351,101,401,203,300
1237288294,3718380851,231,276,2,495,45,493
1245668774,3793734536,28,471,28,471,443,443
1230786851,3641681532,237,251,141,200,14,59
1025128957,548778896,0,499,62,436,499,374
1207118749,2773430818,23,478,21,474,455,453
1310005294,4181948421,0,499,0,499,499,499
1187993776,3059501510,106,370,41,487,264,446
1123170746,2050307728,62,436,0,499,374,499
1258325214,3881733339,254,277,0,499,23,499
1324085139,4236041942,0,483,15,499,483,484
1113102391,1832988823,161,338,1,499,177,498
1260248784,3893011630,129,370,196,315,241,119
1301271196,4151248476,55,471,107,425,416,318
1123814963,2062701596,160,339,100,399,179,299
1315634343,4206625403,0,499,4,499,499,495
1121671806,2037948269,0,499,109,389,499,280
1278446639,4035308651,62,436,0,499,374,499
1269772127,3962600718,0,499,62,436,499,374
1035157405,610611272,127,374,145,365,247,220
969712326,256536816,0,499,131,368,499,237
1169078706,2870735900,51,422,207,303,371,96
1314300553,4186254263,13,480,43,452,467,409
1245236530,3789610138,39,438,83,352,399,269
1018640737,85587482,190,309,147,352,119,205
1038648409,755989275,111,385,159,334,274,175
1042990754,846366958,141,352,8,453,211,445
1255146552,3868342085,0,430,11,499,430,488
956733783,223026744,75,423,9,499,348,490
1274895266,3969948881,108,397,75,443,289,368
1248856323,3817905113,38,482,105,381,444,276
1009224157,440549209,112,386,50,449,274,399
1267289292,3942441769,90,128,210,331,38,121
1274437565,1951268632,51,447,0,499,396,499
1300060026,4144868016,6,493,7,492,487,485
1189963468,3087812770,108,372,150,403,264,253
1136005037,2317203914,27,466,99,397,439,298
1289530635,4087652488,136,368,82,458,232,376
1000443211,356950369,61,455,229,271,394,42
1039845109,803711042,0,499,239,262,499,23
856838838,117037262,68,431,0,499,363,499
1192284475,3123347871,0,499,72,427,499,355
1295750944,4126965399,13,487,31,484,474,453
1276735726,4015993718,0,499,0,499,499,499
1116330061,1959031366,35,464,0,499,429,499
1274010566,3995368480,4,488,101,484,484,383
972193478,264546068,202,294,76,442,92,366
1309607798,4152889175,130,369,17,482,239,465
1008213724,436083913,133,365,100,399,232,299
732089853,7191966,199,300,186,313,101,127
1279126944,4037094361,92,415,142,414,323,272
1309990530,4181946459,28,447,60,499,419,439
1297984974,4137778146,147,364,40,454,217,414
1273244698,3992593638,0,499,0,499,499,499
980301184,283323475,138,362,13,486,224,473
1020361025,523087780,83,415,0,499,332,499
1138346215,2365283224,76,426,7,488,350,481
1310757341,4184863994,0,499,62,436,499,374
1246274583,3797494564,0,499,0,499,499,499
1123932351,2065577261,156,343,100,399,187,299
1267339656,3942398789,206,274,50,85,68,35
1306536054,4167075392,106,388,51,463,282,412
1308952161,4172506117,78,421,0,499,343,499
1273918042,3995359885,57,433,164,340,376,176
1242015068,3761415259,89,410,158,348,321,190
1310364231,4182574531,198,371,221,359,173,138
1277535995,4019814101,211,479,258,315,268,57
1119806186,2002930510,81,433,26,487,352,461
1035591833,687502748,150,349,105,395,199,290
956374222,138750709,29,477,55,444,448,389
949254753,212176943,90,397,118,409,307,291
893018170,140393667,50,449,134,365,399,231
1136621655,2322877467,62,436,0,499,374,499
1262355175,3888370942,0,499,36,499,499,463
1174592502,2940640333,45,465,135,353,420,218
1317837895,4213457551,0,499,0,499,499,499
1262294504,3906636336,0,499,0,499,499,499
476146468,18107409,202,299,160,339,97,179
1273806548,3995245425,29,476,44,488,447,444
1128331299,278554975,199,257,168,381,58,213
1243659684,3775275584,0,499,62,436,499,374
1066930146,1173353159,93,404,22,476,311,454
1243659834,3775275602,0,499,62,436,499,374
1318331875,4215870555,233,264,246,294,31,48
1249533357,3819977590,40,460,4,478,420,474
1273125961,3992403756,49,461,65,471,412,406
1276348570,4012863052,29,449,93,470,420,377
1318120468,122678005,29,410,100,388,381,288
847254908,76695252,65,433,0,499,368,499
1068539780,408998985,148,351,100,399,203,299
1305199339,4144867450,0,499,0,499,499,499
1064688518,1140819284,184,326,144,284,142,140
941622156,207151477,98,403,149,354,305,205
1053582142,1035087576,81,418,0,499,337,499
1174589486,2940639489,4,491,85,481,487,396
1307370151,4171236010,111,379,24,473,268,449
1033691018,656078966,55,444,0,499,389,499
1042427362,840364084,130,369,24,477,239,453
859777746,95598593,0,499,62,436,499,374
1267286559,3942395493,31,467,134,368,436,234
994993571,302866941,59,440,3,498,381,495
1323986840,4235884771,29,477,134,371,448,237
1279755546,4041456187,0,499,1,485,499,484
1160744813,2725727344,45,460,49,460,415,411
1102747204,1806476233,188,312,122,391,124,269
1279328058,4037442059,0,499,56,499,499,443
865951548,99285707,78,420,0,499,342,499
1292717988,4113190254,166,499,12,441,333,429
1253145554,3855155041,19,480,141,351,461,210
1148268204,2539457583,0,499,62,436,499,374
976283948,275151708,0,499,63,436,499,373
1080314620,1446976110,0,499,5,493,499,488
745242291,60501332,185,314,169,340,129,171
1156692340,2579981285,148,351,100,399,203,299
1241731606,3759958460,62,436,0,499,374,499
1169449926,2875392194,8,484,105,383,476,278
1110195054,1827744628,57,441,0,499,384,499
1144289645,2478930848,29,459,112,421,430,309
1313549459,4199252763,0,499,0,499,499,499
1222059190,3556103368,0,499,113,386,499,273
1288017313,4079554169,0,499,0,499,499,499
1316139587,4200873204,23,476,137,333,453,196
1277566281,4023546328,95,419,28,467,324,439
870692088,115140939,0,499,92,407,499,315
1280441295,4045062297,64,428,50,479,364,429
1277612252,4022994146,0,499,0,499,499,499
1148182110,2296621500,198,298,165,328,100,163
1234796812,3687809787,109,389,0,499,280,499
1326438579,4245268906,118,335,29,478,217,449
1273576585,3992765437,74,431,83,440,357,357
1287124316,4077156352,0,499,0,499,499,499
1123631141,278533955,157,341,100,399,184,299
1192161886,3122714565,68,432,22,488,364,466
1254407086,3859877876,0,499,0,393,499,393
1259167414,3887609453,46,461,48,456,415,408
1248603152,2995739798,34,462,110,347,428,237
1309693987,4179732670,62,499,50,499,437,449
1287423608,4076846817,70,437,74,440,367,366
1260406306,3893246447,18,453,23,463,435,440
1262733500,3910821659,9,486,34,448,477,414
1138105859,2359901012,86,412,0,494,326,494
1254896724,3866912393,15,484,15,484,469,469
1104323870,1830614243,132,362,104,419,230,315
1283567487,4061481754,0,499,0,499,499,499
1301684654,4151269228,37,434,61,343,397,282
1100066955,1711736269,110,389,52,447,279,395
890262455,136405255,34,462,102,379,428,277
1008155298,436070727,150,349,119,380,199,261
1209717115,3382587061,28,474,80,478,446,398
853597685,3487339,56,442,117,381,386,264
1034859863,113122238,91,422,24,498,331,474
1028888712,589264638,77,421,0,499,344,499
1262113950,3904649694,67,427,116,395,360,279
1130959107,2190653058,22,477,144,388,455,244
1260344188,3893243317,36,456,73,401,420,328
870234321,114638578,147,351,107,391,204,284
1290599564,4095103833,32,439,110,409,407,299
469322430,50573703,100,399,55,444,299,389
1267870329,3942396156,139,363,59,459,224,400
885662958,131289786,173,318,130,359,145,229
1094977429,1409599309,188,307,130,315,119,185
899917581,48829236,62,436,0,499,374,499
1317960737,4215701228,0,499,0,499,499,499
1263776323,3921424737,108,382,19,488,274,469
1243442974,3773724317,28,472,70,418,444,348
1290376797,4093213498,26,478,169,391,452,222
1304029981,4160883853,106,388,51,463,282,412
1137534868,2345162945,53,458,99,414,405,315
1249535884,3819983787,130,369,125,374,239,249
1313695304,4199860501,54,453,161,347,399,186
530898597,1973775,62,436,0,499,374,499
851412133,83445977,54,445,0,499,391,499
1100071902,1711736796,110,389,54,445,279,391
1247849579,3813571335,0,499,123,436,499,313
1019825848,518163760,43,458,138,377,415,239
908122312,152683172,67,431,0,499,364,499
1250268388,3831364259,0,499,62,436,499,374
1317495897,4213277180,66,473,81,408,407,327
997598726,77489810,190,309,170,328,119,158
1230797078,3641716097,0,499,0,499,499,499
1195284664,3163531321,52,447,0,499,395,499
1264192326,3924545147,147,355,159,346,208,187
1178080598,2980668735,192,314,30,471,122,441
1070502209,1269154740,128,395,108,425,267,317
1055180982,1052036142,0,499,88,410,499,322
1203363944,179891901,20,478,36,468,458,432
1276073658,4010225714,0,457,24,481,457,457
1276340923,4010572371,0,499,62,436,499,374
1254929398,3866915122,0,499,0,499,499,499
1027152931,569954512,100,399,59,439,299,380
1209716249,3382584805,77,411,11,486,334,475
1265180720,3929867477,80,396,119,371,316,252
1323197456,4231841696,63,425,82,440,362,358
1172791704,2920940628,45,458,115,389,413,274
1007379844,416642241,100,399,53,446,299,393
830654543,52386897,73,425,0,499,352,499
1019347413,516410270,27,470,171,360,443,189
921250362,168344610,117,388,47,457,271,410
1123252776,2050436645,80,419,0,499,339,499
1023374154,536509910,134,360,198,308,226,110
284578517,16290313,109,390,50,449,281,399
1132447689,1161967690,11,488,142,376,477,234
1204250514,3287291055,14,465,17,433,451,416
967541364,254416570,136,354,78,418,218,340
1027336774,570719103,110,389,50,449,279,399
1271271910,3976957142,41,457,41,458,416,417
1181060315,2999850656,140,470,173,336,330,163
964048022,245712418,172,322,191,309,150,118
1121727738,2041772299,154,344,100,399,190,299
836063521,1240030,62,436,0,499,374,499
1313559729,4199252900,49,499,122,428,450,306
1155899643,2661551734,144,354,100,399,210,299
1282029241,4053883344,27,471,67,400,444,333
1082394050,1031816803,83,415,0,499,332,499
1152215088,1818812609,122,358,58,458,236,400
1273180768,3992527114,70,434,112,476,364,364
1045217524,868661135,180,315,100,399,135,299
1213612350,3451034600,150,349,111,387,199,276
988928231,295585350,0,499,39,465,499,426
1304914456,4163940868,66,447,13,479,381,466
1195653306,3174268024,120,339,118,395,219,277
1237587824,3721547425,53,444,193,398,391,205
1275659502,4006517742,55,431,105,499,376,394
866315136,109174656,81,418,0,499,337,499
1247446509,3803174716,62,436,0,499,374,499
1316264452,4200881365,17,470,157,366,453,209
1103893823,49755071,0,499,62,436,499,374
1268417947,3951005591,0,483,44,499,483,455
1319428528,4214364195,28,464,127,384,436,257
1256915475,3875022219,56,465,65,412,409,347
1309964804,4181943782,0,437,0,499,437,499
1276309836,4012721194,0,499,82,415,499,333
1262728344,3910821268,78,405,93,407,327,314
1289522310,4088823487,105,394,0,499,289,499
1032412102,622367320,0,499,62,436,499,374
1116940023,1966472264,0,499,62,436,499,374
1118584096,1986502927,143,356,100,399,213,299
1277518366,4019805927,18,480,61,495,462,434
933254863,190108724,74,425,0,499,351,499
1209716091,3382584713,49,443,55,492,394,437
1239404402,3737632190,0,499,0,499,499,499
1051362497,977709078,0,499,62,436,499,374
1136835371,2335320379,92,439,16,482,347,466
1301457474,4151260297,0,499,0,499,499,499
1202875194,3265205134,110,389,58,446,279,388
1309540129,4152833160,30,483,50,460,453,410
1100084812,1711729026,180,319,153,346,139,193
1210068578,1888098492,0,499,59,438,499,379
1242827528,3764199939,26,483,84,423,457,339
1094822731,1623967443,62,436,0,499,374,499
1253099832,3854906210,0,499,0,499,499,499
1316901208,4210959959,8,484,30,466,476,436
1141952257,2442752485,34,476,78,443,442,365
1275418032,4004200911,71,427,84,438,356,354
1282894148,4057531022,0,499,0,499,499,499
1311457542,4187219446,255,417,52,441,162,389
1275639277,4006509248,25,475,28,459,450,431
1158575807,2699571400,130,394,35,487,264,452
1275468893,4006486111,11,487,14,489,476,475
1252627906,3850328756,0,499,62,436,499,374
898616055,144831569,0,499,0,499,499,499
1009695976,148608271,0,499,83,415,499,332
1002981441,388574322,173,307,157,339,134,182
1321336545,4224156866,0,499,62,436,499,374
1097336416,1670481353,0,499,65,434,499,369
1268873217,3953947007,0,499,51,452,499,401
1265216110,3929900598,19,491,102,419,472,317
1247153517,3805769856,98,401,0,499,303,499
1022324385,529739444,75,494,230,267,419,37
858308565,92265037,60,439,0,499,379,499
1269406639,3958471569,137,361,165,333,224,168
908484047,150570483,71,433,62,414,362,352
1284184079,4063436453,18,486,42,478,468,436
1137714139,2352081096,153,346,100,399,193,299
1111872053,1500100033,89,409,0,499,320,499
1264257008,3925162304,26,486,103,429,460,326
1252816415,3852101160,0,499,81,416,499,335
1223372686,3574040340,62,436,0,499,374,499
1117233982,1968807379,91,408,156,335,317,179
1206323648,3314499830,81,418,0,499,337,499
1246418239,3798934114,82,419,74,420,337,346
1058932346,1082451719,103,402,15,490,299,475
1224520980,3586192329,0,499,77,422,499,345
54547530,929584,52,447,0,499,395,499
1215819227,3474090731,62,436,0,499,374,499
1196865625,3200183326,72,443,175,337,371,162
1111774535,1914983867,0,499,0,499,499,499
1015515498,483834826,62,436,0,499,374,499
1250011806,3821187764,116,382,150,349,266,199
1105773792,1923137191,0,499,0,499,499,499
1145797770,2069634546,109,389,0,499,280,499
1190251306,2644695711,36,471,158,379,435,221
1220343965,3536534809,77,421,0,499,344,499
1317741650,4213436756,40,446,42,446,406,404
1328810049,4251979115,28,481,41,377,453,336
1238291440,3727584809,101,411,119,394,310,275
1100085496,1711728573,180,319,153,346,139,193
1298935374,4139510350,119,409,39,454,290,415
987408375,294290897,152,343,47,489,191,442
1311060671,4182118262,0,457,13,499,457,486
1215444404,3470258657,0,499,45,499,499,454
1304011848,4160805967,20,475,38,400,455,362
1261460519,3900374228,0,499,0,499,499,499
1288926276,4086025375,75,426,70,422,351,352
1007506849,435010889,100,399,50,449,299,399
1302901641,4156934380,19,481,128,364,462,236
1316135255,4200872878,23,461,68,438,438,370
1238367545,3728074480,56,441,45,441,385,396
1215725825,3460973852,130,359,133,338,229,205
1253948491,3859352119,28,476,49,472,448,423
1320452348,4224615830,175,371,183,386,196,203
1323152359,4232954438,17,490,50,408,473,358
1084330754,1492484918,81,418,0,499,337,499
1092462489,1583258165,123,356,96,405,233,309
1292783827,4113864920,40,458,8,491,418,483
940797330,205103587,0,499,62,436,499,374
1245219026,3789604250,0,499,0,499,499,499
1181662432,3003920167,17,487,83,382,470,299
1019285431,516362507,22,480,115,391,458,276
882966708,421176,84,414,0,499,330,499
1275998343,4010221379,27,467,41,477,440,436
835820863,69995565,139,359,99,400,220,301
1255498748,3829233420,106,393,0,499,287,499
868087171,69913152,70,429,0,499,359,499
1321871607,4229381167,17,474,79,456,457,377
1137657211,2350123450,230,367,218,299,137,81
1283645801,4061595893,116,405,99,434,289,335
1102251493,1793265969,157,338,6,493,181,487
1211887731,3312222618,54,425,150,356,371,206
1321450486,4227438135,172,313,102,433,141,331
1318250253,4218228512,0,499,0,499,499,499
1027113031,569663487,100,399,60,438,299,378
1024195153,538316399,9,489,0,499,480,499
1215530863,3470073400,101,398,93,379,297,286
1250925780,2763494128,12,486,55,444,474,389
1004229415,403188767,102,395,191,301,293,110
1141658532,2439251234,62,436,0,499,374,499
941620824,207151479,98,403,149,354,305,205
1002977140,388571909,126,372,160,339,246,179
1261407192,3898721357,35,456,52,460,421,408
1007769529,435171684,150,349,183,316,199,133
1274861111,2712921958,87,411,0,499,324,499
1097051016,1665841759,66,432,0,499,366,499
1323571882,4231861461,21,459,62,467,438,405
1262833272,3910486763,0,499,29,469,499,440
1129804576,2171580396,71,427,0,499,356,499
1283907462,4061626564,0,498,0,499,498,499
1020709123,525079751,88,493,225,275,405,50
941621854,207151457,90,409,144,354,319,210
1138338239,2365055583,145,352,172,329,207,157
864699391,106428898,0,499,62,436,499,374
1225886286,2886591751,190,304,136,367,114,231
915097454,159603744,0,499,0,499,499,499
1276049725,4010225200,0,497,19,499,497,480
1310316715,4143961973,53,456,100,383,403,283
1005662045,413777830,72,426,2,499,354,497
1007686072,435074932,100,399,53,445,299,392
1038691124,756561013,201,318,91,436,117,345
968654539,249694243,62,436,0,499,374,499
1265914238,3935633605,0,499,0,499,499,499
1221241751,2766600622,219,292,140,229,73,89
1262574174,3908952918,0,499,33,499,499,466
1311233321,4182065250,0,497,0,499,497,499
1266840973,3940018258,98,317,66,415,219,349
1265000509,3928961197,181,356,275,350,175,75
1217174875,3490668914,103,387,136,365,284,229
1280312579,4044246181,115,372,82,468,257,386
863744059,89643890,162,336,130,351,174,221
1188680468,3070461902,0,499,0,492,499,492
1258611739,3885887829,0,499,0,482,499,482
1019973492,518435865,118,382,78,407,264,329
1127694637,2129092362,0,499,63,436,499,373
1265622629,3931882431,0,499,62,436,499,374
995009661,302898639,25,452,148,341,427,193
1023891677,538770341,131,427,160,355,296,195
1298336432,4088130001,177,329,161,371,152,210
1284686048,4065770161,112,391,10,491,279,481
1318092536,154504347,100,366,3,494,266,491
1019291890,516368867,21,480,7,493,459,486
872701890,117825369,0,499,109,390,499,281
823487648,62733485,58,401,13,491,343,478
1261423752,3898727666,127,406,15,483,279,468
1271568690,3976966243,71,414,133,358,343,225
1198622165,3218519164,26,459,83,467,433,384
1039865669,803923528,0,499,62,436,499,374
1193612647,3147365759,159,339,111,382,180,271
1188462903,3065095725,0,499,62,436,499,374
1268740926,3913588480,26,446,0,482,420,482
1154828179,2628062961,37,461,0,499,424,499
1066931095,1173353222,36,464,34,464,428,430
1314658384,4186534539,33,466,116,365,433,249
1174585840,2940638555,5,494,162,354,489,192
1312280988,4194019592,13,488,110,373,475,263
873282847,118837582,224,276,210,289,52,79
1008193039,436078920,160,339,119,379,179,260
1253379518,3856512978,153,346,152,351,193,199
1277774768,4026077729,73,416,121,338,343,217
1292872904,4114275583,34,441,94,425,407,331
1027022767,569858916,100,399,62,436,299,374
1100677759,1737695014,36,476,143,352,440,209
1241395714,3756586898,195,303,190,314,108,124
1217303625,3492537143,67,423,99,442,356,343
1027199398,570001530,100,399,53,446,299,393
1121360098,2034804874,17,485,107,390,468,283
1237999244,3725352451,0,499,62,436,499,374
1295220254,4125633092,0,499,0,499,499,499
1318549260,4219453824,65,426,94,432,361,338
1025499079,552466022,149,328,107,391,179,284
854232307,85500859,62,436,0,499,374,499
1254667314,3863642665,36,453,73,440,417,367
922170801,170807144,215,251,0,499,36,499
1257533297,3881705521,29,473,67,412,444,345
1264069336,3923533341,71,430,72,429,359,357
860910502,94408851,53,445,0,499,392,499
1322210131,4229833995,73,328,83,367,255,284
1116559053,1962188902,200,308,169,341,108,172
1272631783,3989832223,26,499,81,453,473,372
1092313320,1548294500,101,393,128,421,292,293
1323298687,4231695811,0,499,0,499,499,499
1305897306,85897518,63,436,0,499,373,499
1098659563,464146510,184,315,166,349,131,183
1159850190,2714067131,0,499,62,436,499,374
1225886895,532978729,164,319,134,346,155,212
1232869648,3670663262,62,436,0,499,374,499
987669693,294486707,35,498,42,456,463,414
964897777,248541627,71,428,0,499,357,499
1268779192,3953643970,0,499,0,499,499,499
1323312353,4231696301,109,386,31,463,277,432
1270508785,3971921609,0,499,0,499,499,499
941621935,207151470,209,290,160,335,81,175
1184081276,3005607783,62,436,0,499,374,499
1308775822,4177860078,72,440,38,470,368,432
1283661211,4061596589,53,425,94,392,372,298
1117423855,1973329473,178,369,163,354,191,191
1270449734,3971718229,59,439,0,499,380,499
1310496068,4182247163,146,353,22,499,207,477
1192188541,3123055791,68,432,22,488,364,466
883949501,129167336,117,381,65,434,264,369
920221304,70605945,164,334,100,399,170,299
1244540625,3785187515,0,499,122,436,499,314
1276437806,4013274213,34,474,58,440,440,382
1164498465,2786150027,41,458,115,400,417,285
1322863811,4229323925,99,337,56,456,238,400
989943946,296927357,0,499,81,417,499,336
1218813861,3518815807,174,341,137,352,167,215
1131448515,2201993801,133,366,142,356,233,214
1078819468,1409596642,150,349,100,399,199,299
1250249730,3831234338,14,488,128,362,474,234
987565621,294380576,13,476,48,498,463,450
1198518345,3215049481,0,499,42,456,499,414
1119405858,1998118342,131,463,137,369,332,232
1299242938,4141568519,22,474,19,485,452,466
1269771262,3962599620,0,499,62,436,499,374
1283064002,1061593295,85,413,0,499,328,499
1314735573,4186610710,81,409,153,388,328,235
1154470136,2637752944,73,426,28,499,353,471
1118212512,1978100071,57,442,54,445,385,391
1321406469,4222992018,197,297,20,482,100,462
1008434797,438103886,48,451,92,406,403,314
995391506,303479513,0,499,62,436,499,374
1279156393,4037096560,34,444,69,463,410,394
1254379161,3859877179,26,476,141,358,450,217
1031121973,607533571,109,389,0,499,280,499
1304038135,4160811270,41,473,89,431,432,342
1257849070,3883192808,19,459,60,466,440,406
1289944677,4090624343,0,499,0,499,499,499
888381558,134360461,205,271,207,289,66,82
1277853902,4023191531,0,499,110,499,499,389
1306204974,4167666422,45,457,240,340,412,100
1281744767,4053026896,53,484,73,488,431,415
1223683404,3583114205,120,301,125,344,181,219
1306787958,4168955360,0,499,0,499,499,499
1289264746,4086085297,76,430,77,449,354,372
1318010332,122450500,0,499,40,499,499,459
1026369529,562801873,0,499,52,447,499,395
1257130239,3878856379,211,407,82,420,196,338
1316318642,4200885081,16,381,10,437,365,427
1301242033,4150968712,32,469,58,442,437,384
1132215311,2221888965,0,499,109,390,499,281
874731765,68237416,84,428,91,408,344,317
1027178401,569816019,100,399,51,447,299,396
1269770836,3962600107,0,499,62,436,499,374
855310213,88179130,68,431,0,499,363,499
1225685903,3588030559,62,436,0,499,374,499
1310048019,4181952951,21,465,67,460,444,393
927250346,179789626,0,499,57,442,499,385
1165782882,2804324519,0,499,96,402,499,306
1311414490,4187118509,71,445,135,361,374,226
1192190560,3123068147,68,432,22,488,364,466
1240237665,3745169830,6,492,0,499,486,499
1139427019,1892606344,139,359,89,398,220,309
1317001477,4211507563,11,363,15,368,352,353
1313262232,4198468949,42,454,66,483,412,417
1313629849,4183696777,80,408,97,441,328,344
1212155018,3417603332,7,491,0,499,484,499
1294219997,4122562258,0,304,97,466,304,369
1080698927,1450152664,0,499,68,431,499,363
1316797149,4210773203,149,366,187,295,217,108
1279588526,4040184166,0,499,0,499,499,499
1275402396,4003972427,56,449,64,446,393,382
888512463,7749655,96,402,0,499,306,499
1204253300,3287294508,6,495,17,495,489,478
1273289184,3992554322,20,478,110,398,458,288
1131571377,2205954872,24,460,35,495,436,460
858746116,75037286,142,360,89,404,218,315
1119371969,1991705470,0,499,62,436,499,374
216658330,3877760,93,405,27,471,312,444
1254784609,3865697978,62,436,0,499,374,499
1238314583,3723148646,57,442,0,499,385,499
1219259245,3522963244,62,436,0,499,374,499
1303077757,4157458295,0,499,0,499,499,499
1269881950,3956817384,43,455,0,499,412,499
1053579143,1035063062,81,418,0,499,337,499
1260357694,3893260243,9,487,101,410,478,309
1254801701,3866306153,191,446,231,329,255,98
1195328364,3164520319,62,436,0,499,374,499
1253080991,3854868539,0,499,97,401,499,304
1235378777,3521329549,71,427,0,499,356,499
1221476296,3563984761,198,352,97,395,154,298
874538644,104400901,71,427,0,499,356,499
1066468617,1167680760,62,436,0,499,374,499
1278862143,4037563934,0,499,0,499,499,499
1011882947,455124446,104,393,12,480,289,468
1043841121,853441680,0,499,0,499,499,499
1316182681,4200876405,31,466,23,460,435,437
1044766785,852674418,36,463,10,489,427,479
1038450047,750477100,71,428,0,499,357,499
1285118647,4063770832,89,424,89,419,335,330
1131483780,2205855070,104,450,76,444,346,368
1227800988,3612544841,0,499,62,436,499,374
877971510,123216873,61,438,135,364,377,229
1197697073,3209145716,115,386,48,452,271,404
1299209516,4141565421,66,436,70,441,370,371
1121420193,2035478940,22,477,252,487,455,235
1279218048,4037105469,26,459,62,466,433,404
1278213727,4030680146,41,462,2,459,421,457
1133776192,2265172709,0,499,63,436,499,373
939938083,202696007,95,403,26,473,308,447
1323465036,4231852904,41,464,107,396,423,289
1313883483,4200414030,58,429,155,321,371,166
1221459957,3563523718,38,435,46,470,397,424
1323257535,4231687266,8,493,71,403,485,332
1159899140,2720564962,62,436,0,499,374,499
1171812750,2913084044,170,203,83,427,33,344
1321903649,4229632642,64,435,31,484,371,453
1265059389,3929341315,50,463,180,356,413,176
1190254134,2679162601,0,409,62,436,409,374
1202702849,3928358578,62,453,143,365,391,222
971433317,262168072,13,476,49,473,463,424
1320091052,4215357291,81,470,40,480,389,440
1266913033,3940022908,0,499,0,499,499,499
1267330569,3942398989,8,490,122,398,482,276
1248212169,3814580441,0,499,0,499,499,499
834676171,67813857,71,428,0,499,357,499
1190866561,3098368228,141,360,101,444,219,343
1268876906,3954527903,62,471,185,322,409,137
1041338898,826138181,0,499,62,436,499,374
1316112511,4200870642,30,464,103,375,434,272
1257921270,3883412474,13,462,25,448,449,423
215308530,6333175,165,334,125,374,169,249
1240814270,3745348447,0,499,83,415,499,332
1195656834,3173784339,0,499,83,415,499,332
1043857035,825952690,97,406,90,406,309,316
1292345512,4108694184,8,491,172,327,483,155
963035387,242401483,169,291,176,325,122,149
1066930497,1173353199,4,497,86,415,493,329
1047162414,290707841,144,354,29,466,210,437
1265746890,3933961494,62,436,0,499,374,499
1320751341,4224768672,41,462,48,460,421,412
362900621,49106083,58,441,114,385,383,271
847815449,77416765,93,406,0,499,313,499
1237099869,1613215339,50,429,149,343,379,194
1164498572,2786150067,0,499,30,468,499,438
1261368557,3898715920,0,499,0,499,499,499
1308868123,3597672719,100,399,14,484,299,470
1235623461,3694769913,73,340,111,407,267,296
1273044648,3992495645,52,455,58,449,403,391
1124392595,700009641,192,288,182,368,96,186
1304121269,4143953589,2,495,134,346,493,212
1096127900,1646260285,71,428,0,499,357,499
1301683454,4151002234,0,499,0,499,499,499
1265194406,3928112328,25,452,164,341,427,177
849187670,80495691,62,436,0,499,374,499
1245222563,3789903970,46,451,0,497,405,497
1025671447,554019750,20,482,24,470,462,446
1190258871,1876687616,146,354,68,415,208,347
887072884,132980571,64,335,19,484,271,465
1276427553,4013272079,0,499,1,499,499,498
1027012806,569673434,105,393,50,449,288,399
940872341,205288177,74,416,98,400,342,302
1249535109,3819981959,177,322,188,318,145,130
1121314592,2033951264,100,401,27,462,301,435
701514651,58440598,63,429,0,496,366,496
1303001518,4157289119,37,448,38,499,411,461
981923414,223941022,218,280,200,288,62,88
1317936892,1953359771,0,499,40,499,499,459
981054564,284152021,93,404,133,368,311,235
1134793352,2292391976,95,433,97,482,338,385
1279143983,4037095529,24,455,62,466,431,404
1311063509,4182118311,62,433,71,457,371,386
1252283782,3844827801,187,312,172,327,125,155
1306548580,4167077710,106,388,51,463,282,412
1241013381,3608437823,100,399,21,478,299,457
906538208,57255128,62,436,0,499,374,499
1282900034,4058773728,0,499,0,499,499,499
1061383422,1102818439,10,420,79,375,410,296
874731372,50529747,71,427,72,428,356,356
1257464615,3881468905,22,485,16,487,463,471
1262421614,3908106552,0,499,63,436,499,373
1022644613,387910861,0,499,71,427,499,356
956769573,223061380,51,447,0,499,396,499
1177703749,2977128597,0,499,62,436,499,374
1316186945,4200876714,0,499,0,499,499,499
1117471777,1474933440,156,343,100,399,187,299
1056120872,1066768906,62,436,0,499,374,499
1299530260,4141662064,49,446,76,435,397,359
1163054457,2763156647,179,319,150,349,140,199
1134377126,2281969261,99,379,83,412,280,329
1278810863,4037443777,17,469,49,436,452,387
1158121400,2695198577,2,492,71,421,490,350
1052352218,984588422,82,416,0,499,334,499
956379388,147743921,83,481,174,308,398,134
1225887192,2846816578,125,374,125,363,249,238
971096471,260288054,51,447,0,499,396,499
1263952000,3922705904,121,377,40,462,256,422
1304163669,4160985078,106,388,51,463,282,412
1009228263,440553137,117,381,50,449,264,399
1062554688,1111713761,109,389,0,499,280,499
1297061316,4129785584,0,499,15,483,499,468
1262576925,3908518034,0,499,0,499,499,499
1260318081,3893242370,83,318,193,435,235,242
1311020624,4184403675,0,499,0,499,499,499
1268988374,3953964699,29,462,51,441,433,390
1283743944,4058938574,154,357,35,453,203,418
1292770403,4113767078,0,499,83,416,499,333
1283602481,4061587463,40,449,49,470,409,421
1323984832,4232365635,12,487,41,459,475,418
1169449849,2875392164,21,477,135,363,456,228
1186394419,3028261965,26,439,158,355,413,197
1223059343,3578692182,35,493,6,385,458,379
954360267,218391826,100,399,140,359,299,219
1190251480,2534214666,112,396,93,408,284,315
1109238913,729984562,3,461,96,455,458,359
1308853168,1171894390,100,399,72,376,299,304
1237261357,3716299372,24,475,8,490,451,482
1307769060,4172823537,42,477,83,364,435,281
1047826227,912599046,0,499,62,436,499,374
1221338242,3561546263,110,389,54,445,279,391
862580751,102815406,107,390,58,440,283,382
1318903404,4213608474,21,453,144,359,432,215
1234768225,3690228635,32,452,99,384,420,285
1307855693,4172854146,116,272,207,351,156,144
873806338,119583570,37,461,0,499,424,499
1275599415,4006499559,119,391,114,384,272,270
1319412166,4214354239,23,463,48,477,440,429
1299285601,4141675808,0,499,0,494,499,494
1277781290,4026082105,30,473,174,354,443,180
1234714074,3689305068,36,463,112,373,427,261
1111883429,1916288027,117,383,197,337,266,140
845537691,74364288,68,431,0,499,363,499
911459031,111012152,84,414,0,499,330,499
1289053130,4085962981,10,478,3,487,468,484
1269767750,3962433774,46,452,144,401,406,257
1131623651,2208460890,0,499,119,379,499,260
1299712005,4143441104,76,422,52,459,346,407
1027905470,1923129743,8,490,79,419,482,340
1103084444,1809431665,68,431,0,499,363,499
856318188,89403930,72,426,0,499,354,499
1037502815,731518672,32,470,127,344,438,217
864137546,93531648,177,321,156,342,144,186
1233850856,3682515250,0,499,0,499,499,499
1238945410,3730736240,9,499,176,415,490,239
998293389,334561010,120,382,52,485,262,433
1203355010,3272241307,53,445,0,499,392,499
1323629684,4231864929,50,443,45,456,393,411
1306536725,4167075473,106,388,51,463,282,412
861686675,100254619,185,314,202,298,129,96
1172791681,2920940619,0,499,73,426,499,353
1243766447,3775266057,0,499,72,428,499,356
1268555337,292556711,126,372,54,384,246,330
1173358910,2927370372,47,476,132,356,429,224
1250268184,3831364137,0,499,167,436,499,269
1096605268,1657058303,188,310,27,467,122,440
1096136916,1646614455,30,468,131,365,438,234
1274660031,107405081,102,397,0,499,295,499
1301425820,4152028178,108,390,74,424,282,350
1279163970,4037097353,0,499,0,499,499,499
1252540742,3850010254,0,499,0,499,499,499
1241286185,3716120798,110,389,50,433,279,383
1320090995,4215357288,40,458,100,387,418,287
1298879033,4141162675,0,229,48,479,229,431
1271625010,3978671530,0,499,0,499,499,499
880554674,125404825,80,437,0,499,357,499
1240678621,3748063564,24,474,41,478,450,437
1311161861,1949388908,83,415,0,499,332,499
1211983072,3414348142,13,480,52,471,467,419
1269493542,3959361003,39,458,139,379,419,240
1008116867,435937178,150,349,104,394,199,290
1312714070,4190372386,62,436,0,499,374,499
1208961344,3365989489,0,456,34,479,456,445
1283448983,644170,71,428,0,499,357,499
1149783941,2555482793,80,432,13,488,352,475
1125228810,2090710858,19,482,43,419,463,376
1260319778,3893242423,68,387,47,376,319,329
1256970633,3876189363,0,499,0,499,499,499
1274811023,17697451,62,435,0,499,373,499
1045077364,867081587,72,427,0,499,355,499
1004994218,406627468,0,499,62,436,499,374
1070636435,1271676180,75,423,0,499,348,499
1116943621,1966809261,21,462,27,474,441,447
1198884488,3219436604,156,342,100,399,186,299
237345630,5375367,76,423,0,499,347,499
1239299987,3736341581,0,499,62,436,499,374
1089482888,1553199761,57,413,130,376,356,246
1321814515,4223042870,112,379,199,463,267,264
1190252854,2832752215,138,453,123,430,315,307
1255310162,3867015382,62,436,0,499,374,499
1316154332,4200874863,128,499,37,499,371,462
1192720806,3130370739,0,499,83,415,499,332
1181252660,98535180,91,408,0,499,317,499
1295220882,4125633572,99,380,178,392,281,214
555006110,53563726,84,427,147,368,343,221
1218437303,3508407932,109,389,0,499,280,499
1168888314,2866762002,38,463,105,375,425,270
1232886422,3670934250,0,499,209,436,499,227
1123814035,2062700700,152,346,100,399,194,299
1295907444,4127719008,51,449,63,443,398,380
1282005378,4050752982,0,499,0,499,499,499
1323296618,4231695637,10,488,86,365,478,279
1301303896,4150975304,0,499,0,499,499,499
937747425,198930146,75,423,0,499,348,499
1040583189,814259226,25,474,0,499,449,499
995289700,303500650,0,499,77,422,499,345
1232369510,3660534486,0,499,176,436,499,260
1313289468,4197503796,0,499,0,499,499,499
1243659706,3775275593,0,499,62,436,499,374
1264906297,3928057552,0,499,0,499,499,499
1268455663,3951008074,0,499,0,499,499,499
1323288243,4231691874,28,465,60,430,437,370
1322071150,4229649042,24,485,19,481,461,462
1009107691,439752196,73,425,0,499,352,499
1144459359,2482252479,143,356,0,499,213,499
970227883,258711690,36,463,90,409,427,319
1033546512,652850965,0,499,62,436,499,374
1210105055,3380088987,82,417,0,499,335,499
1253338368,3856249869,181,357,179,472,176,293
1278868901,4037566064,55,450,80,447,395,367
1096135967,1646586396,155,344,100,399,189,299
1279214191,4037104103,42,458,58,463,416,405
1027224429,570615441,107,391,50,449,284,399
1067029079,1174918514,104,395,0,499,291,499
1318207063,3778587189,108,353,18,487,245,469
1202875155,3265205127,0,499,109,389,499,280
1250268328,3831364247,0,499,62,436,499,374
234381,184752,212,286,212,286,74,74
1318394479,831450661,0,499,69,430,499,361
1302862310,4156926627,0,499,0,499,499,499
1208599969,3359444718,17,472,19,442,455,423
1235494017,3694335153,32,474,60,460,442,400
435636640,49990669,102,398,50,449,296,399
1301192451,4150963940,37,462,78,436,425,358
969720074,257403203,189,310,185,312,121,127
917716149,163364780,117,381,65,434,264,369
947988270,210513034,137,356,13,487,219,474
1189965993,3081171203,109,389,0,499,280,499
1212927435,3436646456,137,366,62,381,229,319
1262357135,2807584211,29,468,142,333,439,191
1196791951,3198558796,0,499,0,499,499,499
896918768,4433414,96,402,12,486,306,474
1185681295,3021616397,114,355,34,466,241,432
995103759,303052105,103,391,131,365,288,234
1099009742,1698894074,128,410,53,498,282,445
1105980953,1859462777,0,499,88,409,499,321
1283906227,4063327846,66,442,85,463,376,378
1283721849,4058559001,0,499,0,499,499,499
1300467451,4146736114,33,480,33,470,447,437
1251618829,3844138745,0,499,0,499,499,499
1015157733,478354254,89,409,0,499,320,499
1069978007,1260112179,67,429,15,482,362,467
1248863877,3817906846,30,465,66,441,435,375
1323081923,4231411080,19,446,121,441,427,320
1317263430,4210987890,127,482,68,474,355,406
1324193267,4236297599,148,342,36,476,194,440
1026899517,569741162,100,399,55,443,299,388
1296403429,967221195,100,399,14,485,299,471
1176058900,2950420771,75,423,0,499,348,499
1123921066,2065450172,11,489,30,468,478,438
1249186176,3818901288,0,499,65,434,499,369
1133293607,102342246,154,377,134,351,223,217
1237394350,3719272518,135,403,55,454,268,399
1212984187,3438384080,73,426,0,499,353,499
1326847888,4178006869,101,425,135,287,324,152
1268422051,3951005907,35,408,69,469,373,400
937777372,194061339,71,427,44,455,356,411
1242848446,3766505438,80,408,172,349,328,177
856640300,83614018,0,499,81,418,499,337
1302569256,4155424981,139,359,110,387,220,277
853913331,85113458,62,436,0,499,374,499
1225886454,532978685,198,281,174,374,83,200
1276331493,4012831751,161,336,142,357,175,215
1240527430,3748209720,78,420,0,499,342,499
1176505092,2958501374,157,343,156,342,186,186
1061585981,511837400,39,454,145,357,415,212
991556524,297750098,71,427,0,499,356,499
1315648041,4204370442,27,486,18,473,459,455
1252627646,3850328495,0,499,62,436,499,374
1315709825,4204381608,0,499,0,499,499,499
1284065271,4063356550,0,499,0,499,499,499
1007647577,435078524,56,443,0,499,387,499
1257061036,3877766159,0,499,0,499,499,499
1309376358,4180436451,227,269,47,473,42,426
1289780491,4089722953,20,499,110,413,479,303
1018397078,510791462,84,427,92,401,343,309
1230551346,3635438004,78,427,5,483,349,478
1266802213,3940016387,0,499,0,499,499,499
977707009,278527969,115,381,49,481,266,432
1307760573,4172822819,0,499,16,499,499,483
1234398180,3677241877,62,436,0,499,374,499
1299535949,4141674786,46,441,88,383,395,295
1321354752,4222984382,66,453,44,462,387,418
895002160,67368396,84,414,0,499,330,499
1247472526,3808395978,90,409,149,349,319,200
1100069397,1711733577,0,499,62,436,499,374
938637802,141867430,62,436,0,499,374,499
1176503867,2958499733,5,497,98,400,492,302
1211696690,3400938014,155,338,177,344,183,167
1309035104,278562519,100,399,13,485,299,472
1282025463,4050759279,84,417,82,487,333,405
1305056348,4164659956,106,388,51,463,282,412
1313846059,4200561693,90,419,82,436,329,354
1026778417,569538926,100,399,55,443,299,388
1269076933,3953974987,0,499,0,499,499,499
1273755214,3992788315,40,444,73,461,404,388
1123606129,2058912702,12,488,86,489,476,403
1105831380,532978701,114,377,80,402,263,322
1303091514,4157443645,0,499,23,481,499,458
1027370811,570732324,103,396,50,449,293,399
1258679881,3885552040,21,458,61,465,437,404
1276318629,4012662793,0,455,0,473,455,473
1107916315,1869938465,110,389,52,446,279,394
1251165731,1079936611,100,399,12,486,299,474
1206119608,3320096380,20,498,112,413,478,301
1244540513,3785187484,0,499,128,436,499,308
1299524992,4141588005,76,435,97,458,359,361
1007726303,435114089,54,445,0,499,391,499
1303629701,4159071287,106,389,51,463,283,412
1251226138,3838154798,109,396,10,480,287,470
1248833321,3817890593,47,452,0,499,405,499
1223743127,3952121653,136,361,137,362,225,225
1275365179,4003964156,0,499,0,499,499,499
1038921029,773438974,0,499,0,499,499,499
1233521251,3680498272,102,390,63,455,288,392
1323316429,4231696595,30,472,11,488,442,477
1107695143,1869227528,0,499,109,389,499,280
998427095,334563990,138,360,33,467,222,434
1032655697,623783234,62,436,0,499,374,499
1299225348,4141567429,55,447,61,436,392,375
1041682263,831980346,0,499,35,499,499,464
1041673986,831930097,150,348,0,499,198,499
1263796932,3916159057,62,436,0,499,374,499
1254737000,3864865003,44,440,53,458,396,405
1291973965,4105520622,120,370,74,412,250,338
1140736807,2408100733,0,499,62,436,499,374
470326530,50584499,111,387,50,449,276,399
1283462440,114461017,235,270,91,390,35,299
1174589518,2940639493,2,497,64,481,495,417
1238298158,3727587696,36,480,83,329,444,246
1276353321,4012864084,119,455,187,345,336,158
924739232,175940240,0,499,62,436,499,374
1077599511,1376114998,72,427,0,499,355,499
1307769112,4172823542,16,476,89,422,460,333
1258887558,3793821014,55,409,10,467,354,457
1273119299,3992516369,92,433,79,418,341,339
1246373667,3798820451,90,435,139,368,345,229
1243762883,3775264931,54,445,0,499,391,499
973166172,266937161,74,425,0,499,351,499
1252627868,3850328634,0,499,62,436,499,374
914195530,158671602,68,433,98,410,365,312
1179612085,2992578613,0,499,82,415,499,333
1265223684,3929899633,162,371,124,399,209,275
1162886623,2757518968,110,389,145,354,279,209
1069785955,1256046644,79,420,0,499,341,499
1161287163,2736475736,0,499,0,499,499,499
1265209116,3929867975,0,499,0,499,499,499
1146324041,2516852579,31,479,131,347,448,216
962044006,239539541,0,499,62,436,499,374
1282760136,4058942976,33,465,71,382,432,311
1226517755,3600234954,0,499,62,436,499,374
1219720512,2361154841,20,479,81,428,459,347
1278119647,4029714574,170,322,18,466,152,448
1243659645,3775275570,0,499,62,436,499,374
1027370410,570731547,110,389,50,449,279,399
1088319843,1537086719,79,419,7,490,340,483
1094826817,1625839912,74,424,0,499,350,499
1276354567,4012865012,27,474,168,342,447,174
1253946541,3859351995,101,421,97,413,320,316
1195295165,3167003526,0,499,8,491,499,483
1088611927,1291338385,62,436,0,499,374,499
1267324731,3942398174,0,499,0,499,499,499
1265216460,3929900616,29,455,59,482,426,423
1255916361,3870309559,36,499,62,436,463,374
1315448113,4205922982,1,498,0,499,497,499
1101030069,1747353563,0,499,109,389,499,280
1282749221,4058939104,140,421,243,353,281,110
864056854,1410159,100,398,0,499,298,499
1310350003,4182236883,0,499,0,499,499,499
1256424064,3874303760,38,440,77,450,402,373
1266776708,3939947753,9,489,10,489,480,479
1065436118,1151400876,127,371,6,492,244,486
1280146036,4042488481,40,428,95,411,388,316
1205283116,3303139856,0,499,56,499,499,443
1111251337,1905945334,0,499,0,499,499,499
1004350502,403444074,80,418,9,457,338,448
1008195460,436107605,110,388,50,449,278,399
1285080983,4063760028,24,478,48,472,454,424
1244541117,3785187855,0,499,122,436,499,314
1320424413,4224457293,29,465,45,463,436,418
1250268268,3831364234,0,499,100,436,499,336
1313450302,4197677763,0,499,0,399,499,399
1269036066,3955082808,0,499,0,499,499,499
980436469,283497808,29,473,39,492,444,453
1314418294,4202302406,17,499,24,498,482,474
1211862583,2044107252,165,388,174,389,223,215
1102766412,1666079534,74,425,0,499,351,499
1108232933,1872465311,0,499,62,436,499,374
1024315191,540288795,72,427,0,499,355,499
1259297093,3887625177,92,419,85,402,327,317
1274075433,3997170809,68,387,106,390,319,284
1260517546,3893038562,0,499,62,436,499,374
1273045284,3992496198,26,473,49,471,447,422
927814146,180932660,0,499,63,436,499,373
1108537204,1669924331,0,499,0,499,499,499
1003226405,391189894,0,499,82,415,499,333
1114979745,1932921782,36,466,27,470,430,443
1248832264,3817888653,0,499,0,423,499,423
1261173414,3898707815,18,482,144,353,464,209
1044676819,451533016,109,389,0,499,280,499
1259257702,3887616841,86,459,61,454,373,393
1044826494,863366207,15,482,6,487,467,481
964270254,246355088,59,439,0,499,380,499
1251472223,3842936237,44,457,8,421,413,413
1093798628,1923134903,0,499,0,499,499,499
1089505459,1553329617,165,334,186,313,169,127
1253218552,3854773106,132,461,124,342,329,218
1289490803,4088731004,78,409,26,474,331,448
1223577013,3582299865,4,495,142,372,491,230
1268897081,3954529206,0,499,0,499,499,499
1306681138,4165838051,122,376,69,429,254,360
1319429082,4214364209,120,434,26,475,314,449
935926724,195767804,97,424,112,371,327,259
1280071599,4042479489,69,441,114,382,372,268
1117070543,1967305144,110,403,16,448,293,432
1062490568,1115407461,156,343,100,399,187,299
1275186928,4004097206,0,499,0,499,499,499
1211365868,3394484351,85,413,0,499,328,499
1292519848,4108940283,99,413,48,430,314,382
1235501633,3694383261,33,473,60,460,440,400
1019256464,511183650,36,463,10,489,427,479
1063498244,1121275526,62,436,0,499,374,499
701514549,58459573,78,421,0,499,343,499
862580072,102706993,60,439,125,409,379,284
1248854593,3817904795,47,450,164,337,403,173
1168009914,2849103129,62,436,0,499,374,499
996345117,306904567,86,413,0,499,327,499
1191032083,3101159559,63,430,113,370,367,257
1110768219,1901960167,0,499,0,498,499,498
1100065871,1711729958,70,429,145,354,359,209
1002216798,53952513,86,412,30,469,326,439
1270253344,2483693753,100,399,2,496,299,494
1082388115,1463054393,0,499,0,499,499,499
1260335972,3893242984,0,499,0,499,499,499
1123330379,2051563977,110,389,54,445,279,391
1088172829,1529925384,83,415,0,499,332,499
1116630927,1963466562,0,499,7,493,499,486
940546194,138718333,351,445,233,264,94,31
1065084631,1145997228,77,422,6,492,345,486
1067337695,1180061381,0,499,62,436,499,374
1317112136,4211505707,0,499,41,456,499,415
1270601751,3972427361,0,499,0,471,499,471
1145664505,1490035857,74,423,27,480,349,453
1272175725,3986443623,0,499,0,499,499,499
1277503913,4019797188,28,489,63,490,461,427
687091508,57337906,50,449,0,499,399,499
1273042099,3992542906,72,443,82,437,371,355
1320204034,4215515497,42,450,58,408,408,350
1209594444,2114576325,10,484,145,387,474,242
1265224732,3929899952,13,460,94,441,447,347
1123630800,278534711,155,343,100,399,188,299
1122572277,2046459475,36,462,0,499,426,499
1234473366,3684691809,82,418,43,450,336,407
1277559663,4023545826,0,499,0,499,499,499
1304178484,4160988151,106,388,51,463,282,412
1318455840,297867981,7,496,123,397,489,274
958112503,226639130,88,413,7,493,325,486
1316236626,4200879740,51,463,66,398,412,332
1283477999,4061477292,12,488,23,472,476,449
1295448442,4126403856,89,409,0,499,320,499
1248841775,3817899971,100,404,77,411,304,334
1038104558,427668486,124,374,50,449,250,399
1224667163,3586399095,0,499,109,389,499,280
876216746,64587898,68,431,0,499,363,499
1245215934,3789602410,22,468,121,410,446,289
1125110435,2088805880,42,468,48,474,426,426
1012334777,227313750,62,436,0,499,374,499
1093205274,1598996358,84,405,154,348,321,194
1191050727,3101166384,51,461,84,412,410,328
1189187385,3079783170,129,386,122,377,257,255
1169261345,2869563431,0,497,80,413,497,333
1257217247,3879887001,52,456,59,436,404,377
1267316588,3942396889,11,483,111,395,472,284
1297781525,4137060959,0,499,0,499,499,499
1257241023,3879898285,0,499,0,499,499,499
1239702471,3739057630,125,374,121,377,249,256
1259140206,3887607403,20,459,60,466,439,406
1240522204,3748197016,0,499,0,499,499,499
1240950194,3751572948,109,396,125,392,287,267
1163556893,813760358,160,339,100,399,179,299
1255053909,1099448553,100,399,9,490,299,481
1276309539,4012661998,35,478,142,400,443,258
1174592941,2940640403,16,479,158,343,463,185
1301721028,4151271052,112,375,240,463,263,223
1130080175,2175586566,62,436,0,499,374,499
1243334941,813760371,100,399,101,397,299,296
1192022155,3120501961,0,499,0,499,499,499
1176095900,2954026286,16,453,1,398,437,397
1112678718,1924580529,65,382,23,423,317,400
1322468218,4229979852,0,480,0,499,480,499
1318408677,4218788046,57,434,54,479,377,425
1295999926,4128139424,0,499,62,436,499,374
1193358876,3141719607,17,479,17,484,462,467
1117500839,1974800148,68,430,0,499,362,499
874333768,120100607,79,419,0,499,340,499
1274278264,3997828053,1,499,0,499,498,499
1300260075,4145401132,128,375,29,499,247,470
872884522,118211304,0,499,26,473,499,447
1273764560,3992800757,23,478,26,475,455,449
933255656,190107694,83,416,13,490,333,477
1102366217,845432806,1,496,12,497,495,485
1287003456,4074710630,0,499,32,492,499,460
1267252265,3942389656,107,392,114,392,285,278
1300577714,3764203294,79,418,27,479,339,452
1191424222,3107233840,7,490,12,486,483,474
1267980388,3944992600,128,364,160,399,236,239
1199392902,3229197257,214,327,164,213,113,49
1243842146,3776679679,51,447,121,385,396,264
986100918,291935788,330,368,231,266,38,35
1238120478,3726386299,63,455,113,267,392,154
1283502208,4061479231,82,413,43,414,331,371
1244825410,3785427049,0,499,62,436,499,374
1215222865,3469573269,123,430,151,399,307,248
1287009483,4074711251,31,461,67,408,430,341
1066931111,1173353292,18,481,25,473,463,448
862782840,103048016,0,499,62,436,499,374
354487171,46949423,74,425,0,499,351,499
1289391607,4085867792,0,499,82,416,499,334
1072013940,1299688315,89,410,0,499,321,499
1099697539,1706096547,137,362,68,436,225,368
1237193738,3716586073,54,450,105,453,396,348
1313966494,4200634469,0,499,0,499,499,499
1023107591,530882844,0,499,83,416,499,333
1209717629,3382587310,108,408,7,486,300,479
1135466062,2309145769,29,405,33,324,376,291
1323032860,4231803236,48,466,54,442,418,388
1198901030,1046460905,147,351,100,399,204,299
1262363679,3906641160,16,474,102,499,458,397
1281291404,4050813039,0,499,0,499,499,499
1266941765,3940726368,102,397,29,470,295,441
964768692,247847101,178,338,190,348,160,158
1311713562,4188912004,0,499,0,499,499,499
1285867069,4017681859,34,357,68,469,323,401
1287408402,4076845026,14,472,59,468,458,409
896807400,508928,94,405,12,486,311,474
1190254219,2832752555,116,365,79,424,249,345
1192160442,3122707186,71,431,242,486,360,244
1204229301,3287247133,115,464,79,440,349,361
1248861577,3817906267,103,379,28,471,276,443
1309468882,278560758,100,399,38,490,299,452
1277698866,4023016230,189,379,69,468,190,399
914205250,158686035,117,381,65,434,264,369
1305985282,4167210981,85,398,304,416,313,112
1094972258,278573697,160,334,113,364,174,251
1275422437,4006075502,44,476,114,383,432,269
1317415419,4212780911,0,499,0,499,499,499
1222812190,3566283359,62,436,0,499,374,499
1284183051,4063235554,125,354,85,409,229,324
987653165,294466230,52,412,118,386,360,268
1266675865,3939552175,31,472,43,473,441,430
875617589,74043650,54,444,0,499,390,499
1107660049,1869201444,76,438,138,376,362,238
1066930323,1173353294,18,481,25,473,463,448
676765,184403,0,499,2,497,499,495
1251501924,3843163622,23,486,14,378,463,364
1159461474,2714707767,101,328,214,302,227,88
1305787825,4166724508,84,428,144,414,344,270
1176100683,2954029986,12,476,56,441,464,385
1316300012,4209028683,68,430,9,461,362,452
1319839634,4215066391,35,457,50,439,422,389
937874512,199175385,20,476,127,376,456,249
903717347,120441946,109,390,68,431,281,363
1116697848,1963980060,36,463,0,499,427,499
1225683212,3586643607,62,436,0,499,374,499
1117409182,1326495203,0,499,0,499,499,499
1147027359,2527716180,82,418,75,449,336,374
836260449,70850356,62,436,0,499,374,499
1268596331,3951727598,31,463,43,480,432,437
984927419,289654859,62,436,0,499,374,499
1163471207,2765287582,37,462,158,360,425,202
1322118025,4228956514,15,499,33,485,484,452
1252627665,3850328514,0,499,62,436,499,374
1244326305,3782771587,0,499,126,436,499,310
1257583746,3881712818,46,462,130,422,416,292
1307881777,4173008749,0,499,0,499,499,499
1263152856,3914996994,12,489,70,499,477,429
1193552092,3145846892,35,464,75,452,429,377
1026005024,558486852,476,480,138,359,4,221
1275509163,4006491184,86,405,28,473,319,445
1237450987,3720021139,38,461,24,483,423,459
1127834231,2126748888,157,321,185,359,164,174
877644991,122898172,241,277,234,278,36,44
1308656997,4177555659,71,430,135,458,359,323
1200707985,3236704414,2,494,75,402,492,327
1033285902,646660295,0,499,62,436,499,374
1261383078,3898717458,0,499,0,499,499,499
1190250764,1940303068,103,406,177,340,303,163
1258098916,3884057441,163,334,149,367,171,218
1086115749,1508856327,137,361,100,399,224,299
1310063581,4182216473,0,499,83,416,499,333
1265208554,3929890099,42,479,128,363,437,235
972628346,153365388,84,402,170,325,318,155
1198706351,3219928947,132,363,42,479,231,437
1280321859,4044739369,22,484,193,320,462,127
847805793,77275196,71,428,0,499,357,499
1312043131,4189096474,19,485,175,381,466,206
1258316554,3881732691,44,467,47,433,423,386
928185511,181505894,47,499,109,493,452,384
1176505304,2958503860,236,254,88,419,18,331
937162028,197407019,1,498,99,399,497,300
1124787772,2083477603,0,499,62,436,499,374
1293366258,4104750182,232,448,130,282,216,152
1042990412,819713512,73,427,96,397,354,301
1251065936,3837504984,20,436,88,402,416,314
1061923284,1108991985,56,471,24,485,415,461
1248180658,3814517475,14,472,176,326,458,150
1244548459,3785102814,23,443,110,462,420,352
901532088,145700130,112,387,0,466,275,466
1191121575,3101946273,82,417,36,462,335,426
1008079772,435908909,124,374,50,449,250,399
1301588732,4151265954,147,347,102,461,200,359
1017442558,67687890,190,309,156,342,119,186
1177571372,2976602908,151,347,115,384,196,269
1185795748,3022761717,2,416,122,341,414,219
1198108640,1592392350,151,347,100,399,196,299
1027329963,570661073,100,399,56,443,299,387
1239245466,3735689173,0,499,0,499,499,499
1256585494,3874329915,0,499,0,499,499,499
1128234254,278558195,155,343,154,399,188,245
767219847,61501618,70,428,0,499,358,499
1282549921,4057545866,49,484,28,492,435,464
1066931057,1173353221,36,464,34,464,428,430
1317952216,4215699778,0,499,0,499,499,499
977932587,278993081,29,488,36,460,459,424
1280433692,4044748214,0,499,19,499,499,480
1265568276,3931852031,0,499,0,499,499,499
1211639011,3406232332,20,479,0,499,459,499
833396954,64069453,0,499,134,365,499,231
1030558596,598904277,118,375,27,489,257,462
1283730302,4061607288,119,386,102,460,267,358
883979364,129167526,117,381,65,434,264,369
865265265,107602281,38,461,0,499,423,499
1258581972,3885511061,41,440,127,351,399,224
922170815,170808083,228,270,113,391,42,278
1317579728,4213495693,178,320,228,419,142,191
1255671342,3870847546,14,483,88,374,469,286
1234822073,3691242524,109,380,69,447,271,378
1038812356,766529054,0,499,0,499,499,499
1253449300,3856809581,0,499,0,499,499,499
989045116,294411880,59,395,26,485,336,459
1247277031,271911740,98,401,0,499,303,499
956471849,220904717,74,424,0,499,350,499
1191020663,2361167938,115,456,182,392,341,210
1242096011,3762248149,51,483,58,392,432,334
937880705,199195242,165,314,78,409,149,331
865627034,108071313,23,480,76,429,457,353
1146769134,2523422209,62,436,0,499,374,499
1309767590,4180063979,0,499,37,462,499,425
1249535635,3819982840,155,342,162,346,187,184
863638516,104545826,70,430,0,499,360,499
1255761203,3871043117,0,499,0,499,499,499
1302544942,4155423932,51,459,108,459,408,351
250495226,5995523,150,349,107,391,199,284
1167585509,2841080062,70,429,145,354,359,209
1007837047,435301990,150,349,101,397,199,296
1250976177,3837105319,0,499,0,499,499,499
1220060973,847953178,183,315,150,349,132,199
1207279138,111768035,57,442,0,499,385,499
970432744,259363756,59,427,75,444,368,369
1325275371,4240795414,120,367,130,369,247,239
1301023215,4105632509,0,499,0,499,499,499
1194162581,3154951301,0,499,62,436,499,374
1006141129,420740065,155,365,37,444,210,407
1174587231,2940638857,100,389,33,476,289,443
1273096186,3992972574,73,395,186,335,322,149
1261366567,3898715646,9,471,134,310,462,176
1192191899,3123115924,68,432,22,488,364,466
1298745210,4140034653,0,499,83,415,499,332
1261174028,3898707881,0,499,165,338,499,173
1132974370,2235887785,62,436,0,499,374,499
1275707563,4006536535,1,499,24,468,498,444
921250019,168344810,84,403,85,421,319,336
1207909215,3343787905,0,499,62,436,499,374
1077838649,1384718805,117,391,101,359,274,258
1096373914,1647678815,0,499,0,499,499,499
1261397155,3898719849,0,499,241,259,499,18
1277249574,4021563036,201,294,32,483,93,451
1121420066,2035478899,38,464,58,475,426,417
1275407191,4004179999,24,472,22,457,448,435
1156073341,2664721208,242,258,0,499,16,499
1317262462,4210987855,0,499,0,499,499,499
1234768209,3690228627,0,499,57,442,499,385
1314464422,4202303194,0,364,0,499,364,499
1201789586,3249298344,68,430,184,313,362,129
1168011563,2849767810,202,297,75,423,95,348
1306041246,4159969966,71,428,0,499,357,499
1260341826,3893243176,94,393,137,344,299,207
959219199,231450251,116,382,162,333,266,171
1249533311,3819977581,47,467,96,388,420,292
1290639403,4095304788,0,499,0,499,499,499
1199318074,3226867688,62,436,0,499,374,499
1099342308,1697749443,75,474,34,463,399,429
1277040107,4019303461,60,438,0,499,378,499
1283920671,4063613121,0,499,75,424,499,349
1105562692,1853028479,0,499,62,437,499,375
1321691802,4228836843,18,479,79,454,461,375
1275322456,4003959933,57,448,64,446,391,382
1275225272,4004110867,35,479,38,459,444,421
1121183849,2031900670,81,418,0,499,337,499
1145590987,2494379156,62,436,0,499,374,499
1299891833,86427475,103,394,4,492,291,488
1288945455,4086026835,44,439,35,477,395,442
863508806,104239848,62,436,0,499,374,499
948608572,211334790,0,499,62,436,499,374
1229803684,3628248760,131,362,157,347,231,190
1248831893,3817888324,73,426,0,499,353,499
1245933706,3795612008,187,312,159,349,125,190
1189478109,3079300320,0,499,62,436,499,374
1253144609,3855151473,14,486,137,387,472,250
1258129142,3883964818,29,469,74,414,440,340
1304151490,4160953715,106,388,51,463,282,412
936430435,195994105,0,499,62,436,499,374
1279047321,4038117771,115,385,168,370,270,202
970930634,260950651,59,458,0,489,399,489
1249535722,3819983483,193,304,188,321,111,133
1096606657,1657063171,27,468,146,352,441,206
941993992,207785600,13,350,35,314,337,279
1283849009,4061618273,59,442,104,382,383,278
952397760,215549715,130,369,75,424,239,349
1264017077,3919551329,0,499,62,436,499,374
941621969,207151509,101,397,164,332,296,168
1222139190,3569045931,127,370,169,335,243,166
1189934869,3082972079,0,499,109,389,499,280
1312789319,4195960426,189,309,1,471,120,470
1003007648,388993583,138,359,129,367,221,238
1100067851,1711736900,110,389,49,450,279,401
1100066473,1711735288,110,389,52,446,279,394
1088172827,1529925377,83,415,0,499,332,499
1225887509,1666184597,154,366,155,366,212,211
1174586175,2940638631,2,498,15,498,496,483
856599838,89633742,82,417,0,499,335,499
1292782640,4108903890,80,435,32,486,355,454
1285816089,4070688826,199,321,147,481,122,334
1244283541,1888334519,127,374,42,452,247,410
1279753001,4041455717,13,491,34,467,478,433
1261419039,3898725483,29,467,136,369,438,233
1278828147,1193834674,0,499,68,430,499,362
857307124,91099637,35,437,93,388,402,295
1260383854,3893204996,0,499,0,499,499,499
1313461420,4197679650,0,499,0,499,499,499
1256967062,3876187921,0,499,0,499,499,499
966675552,252771568,120,379,0,499,259,499
1208776558,3363087491,200,322,128,311,122,183
1253519681,3857173174,18,426,71,410,408,339
1176472619,2958145986,71,427,45,454,356,409
1301873189,4153220976,0,499,0,499,499,499
1100060763,1711735187,110,389,54,445,279,391
1301258734,4151247670,216,441,232,486,225,254
1309468072,4180297067,141,368,144,354,227,210
1323202174,4229443170,120,348,32,446,228,414
1276767810,4016007064,0,499,0,499,499,499
1322100010,4229651318,13,484,18,481,471,463
1060930853,1098795571,62,436,0,499,374,499
1275699080,4006535536,96,396,50,458,300,408
847807266,77399347,0,499,239,258,499,19
1188538799,3067204180,130,369,130,369,239,239
1314016992,4201306787,15,491,36,454,476,418
867981052,16457565,80,418,0,499,338,499
1167837630,2844690504,0,499,56,442,499,386
987333617,294177422,115,457,187,353,342,166
1268919416,2064536659,83,415,0,499,332,499
1261193486,3898711308,40,448,93,414,408,321
862581936,102704503,56,441,148,353,385,205
1172207688,2916877803,84,437,35,485,353,450
1312465621,4195080854,0,499,0,499,499,499
910812145,155006972,0,499,62,436,499,374
1260695990,3895234889,0,499,0,499,499,499
1072804531,1310730379,18,463,98,408,445,310
1284071300,4063357594,48,448,52,449,400,397
1308798583,4178013762,62,436,0,499,374,499
1314574032,4202305155,101,411,33,480,310,447
1246036391,3796877605,125,374,125,374,249,249
999448764,333513717,62,436,0,499,374,499
1230347905,427667878,184,315,150,349,131,199
1256784752,3875046429,78,425,74,423,347,349
1218872071,3520654652,0,499,0,499,499,499
1299782766,4139980811,80,418,19,479,338,460
1310006750,4181948510,25,440,123,347,415,224
1240723511,3748204628,68,430,149,354,362,205
1324074782,4236041798,14,499,16,499,485,483
1034742626,680721964,67,429,7,495,362,488
1252439386,3849097832,42,472,109,487,430,378
1223516483,278577395,171,326,120,384,155,264
1307365115,4171076266,0,450,111,490,450,379
1124890378,2085646484,96,402,0,499,306,499
1264909379,3928057853,0,499,0,499,499,499
1027339529,570713277,107,391,50,449,284,399
1313213014,4197494221,0,499,0,499,499,499
557651863,53563673,128,306,208,352,178,144
1226397640,3593036593,78,421,0,499,343,499
1074387300,1332030987,62,477,101,395,415,294
857895152,85743074,180,318,160,339,138,179
1160792813,2726074067,57,442,0,499,385,499
902311060,147471511,3,487,76,418,484,342
1075485422,1345328596,64,447,58,440,383,382
1282770493,4058944052,0,460,0,430,460,430
1313203027,4198241808,13,486,121,376,473,255
290996853,17400288,62,436,0,499,374,499
1258023357,3883892969,135,364,138,352,229,214
1119405879,1998118650,145,197,203,306,52,103
971431733,262168998,67,473,102,398,406,296
1297263556,4110444212,37,458,48,455,421,407
1298542208,4139983014,33,468,82,337,435,255
966187303,98695511,0,499,71,427,499,356
1255064999,3867156777,121,374,89,455,253,366
170229930,5400572,190,309,148,351,119,203
941621939,207151473,98,403,149,354,305,205
1271706516,3979567882,0,499,0,499,499,499
1133382256,2249536855,0,499,60,439,499,379
1099134687,1700072787,89,467,140,359,378,219
1296874073,4132432200,92,407,0,499,315,499
1258438325,3883447617,19,482,24,474,463,450
1213124289,3435986784,72,426,18,477,354,459
1239035306,3732105620,104,364,57,336,260,279
1255891433,3872335935,73,427,65,431,354,366
1317409322,4212780851,75,419,37,469,344,432
1242762590,3765677835,136,359,162,476,223,314
1248739345,3816721407,0,499,0,499,499,499
1174584783,2940638410,186,314,230,273,128,43
977171513,277297778,0,499,62,436,499,374
1092116181,1563620162,93,428,118,380,335,262
1004147337,403082357,83,415,0,499,332,499
1254817070,3866428023,0,499,59,499,499,440
1234800931,3686285946,62,436,0,499,374,499
850599980,55431170,101,397,39,460,296,421
1098075230,1678215671,0,499,57,442,499,385
1244326346,3782771607,0,499,126,436,499,310
1068045309,1188078211,67,432,147,352,365,205
875587636,64379977,93,406,0,499,313,499
1190257109,1889459055,18,479,79,426,461,347
1249535158,3819981984,194,304,193,306,110,113
1291966229,4105476317,138,384,68,463,246,395
1253216080,3854772677,0,499,1,499,499,498
1156148138,2655400063,62,436,0,499,374,499
1252564870,3850119627,125,374,125,374,249,249
1323680384,4234147049,0,499,0,499,499,499
1242874433,3218805550,100,399,0,499,299,499
995229756,87771790,0,499,109,389,499,280
1326004969,4236945847,109,389,0,499,280,499
1117990035,1978504988,124,377,80,408,253,328
1046030228,292161600,30,463,116,400,433,284
1283435779,4061578157,107,475,16,471,368,455
1166818974,2685362450,320,473,104,343,153,239
863000391,103430407,60,438,3,499,378,496
1024721586,545056917,62,436,0,499,374,499
1083372052,1476350748,178,320,137,361,142,224
987637105,294484145,177,312,7,496,135,489
1268877925,3953950273,0,499,0,499,499,499
1103815084,1819778119,94,405,27,471,311,444
159725230,5186062,159,340,121,378,181,257
876966440,122194696,0,499,62,436,499,374
1262536834,3908875514,0,499,0,499,499,499
1036159842,486354441,116,382,79,449,266,370
855718390,49747548,62,436,0,499,374,499
1292872953,4114275584,29,475,85,447,446,362
1297620575,4110919675,54,450,125,358,396,233
462546130,50502163,150,349,110,388,199,278
1267356742,3942400810,11,481,43,440,470,397
1063014211,1122249851,16,489,144,363,473,219
1269040493,3955083963,0,499,0,499,499,499
1242844580,3218807601,102,397,0,499,295,499
981073038,284159800,127,374,51,424,247,373
1285057236,4063745755,0,499,0,499,499,499
1299754892,4143494382,159,378,99,175,219,76
1087326272,1522267492,61,438,0,499,377,499
1130783980,2188180938,188,292,281,360,104,79
1270267187,3461162978,100,399,30,469,299,439
1304014400,4160806984,0,499,0,474,499,474
867975672,111299435,62,436,0,499,374,499
1044937066,865189261,62,436,0,499,374,499
1096755049,1659930756,251,481,192,295,230,103
1189478985,3072194532,62,436,0,499,374,499
1007709529,435080452,100,399,49,449,299,400
1232193574,3657930048,29,479,43,468,450,425
1156653162,2675086889,87,374,159,379,287,220
38617530,1764354,74,424,0,499,350,499
1204906333,143942699,92,406,12,486,314,474
1171486474,2909346531,0,499,1,497,499,496
1278763806,4037078236,0,499,0,499,499,499
1053510926,1033863170,62,436,0,499,374,499
1316918063,4210960458,0,499,0,499,499,499
1314604709,4186380658,75,438,89,448,363,359
1278865107,4037448089,26,436,188,359,410,171
830630406,62999212,62,436,0,499,374,499
891733692,138464646,112,399,116,383,287,267
1124410513,2077296139,78,420,91,408,342,317
1315035565,4187070184,69,430,30,438,361,408
1265712588,3933281301,87,440,2,471,353,469
1215806967,3473993299,148,343,102,401,195,299
979431384,281902202,83,415,0,499,332,499
1023908501,538882707,117,424,151,360,307,209
1319412315,4214354246,23,463,48,477,440,429
1283581427,4061585886,0,499,0,499,499,499
1181407428,3002754246,136,362,14,440,226,426
1242121489,3762616116,104,400,15,483,296,468
1277792704,4020973652,13,476,67,469,463,402
948071410,210483933,52,446,40,459,394,419
1207502593,3341607761,94,404,0,493,310,493
956372899,221622726,0,499,63,403,499,340
1243443628,3773724479,28,472,70,418,444,348
1209717388,3382587253,104,407,60,416,303,356
1257579327,3881712557,67,401,54,422,334,368
1257736679,3881730381,87,432,52,449,345,397
1250961449,3836821219,0,499,0,499,499,499
1220255546,3534268584,62,436,0,499,374,499
1223468361,3580841622,0,499,26,473,499,447
1198909085,3221739871,58,439,10,489,381,479
1271514073,3976931228,57,385,180,328,328,148
1154736511,2643440426,43,445,134,398,402,264
1190253331,2832752249,0,499,67,432,499,365
1157667470,2688137570,0,499,0,499,499,499
1281781458,4050843509,164,362,21,379,198,358
1244696551,3785785463,42,471,21,471,429,450
1244027099,278337954,100,399,9,490,299,481
1092812316,1584848181,93,406,0,499,313,499
1266171387,3935902891,0,499,0,499,499,499
1217848265,3498179263,63,436,0,499,373,499
1008247951,436272637,136,359,75,424,223,349
1005357332,411742767,198,268,178,278,70,100
1307373260,4171236214,0,499,0,499,499,499
1168043010,2850642887,0,499,63,436,499,373
1265204667,3929889977,31,466,85,432,435,347
1044970617,260154857,0,499,83,415,499,332
985786094,291341776,21,480,44,438,459,394
1283577100,4061585490,0,499,0,499,499,499
1298615854,4139344141,33,490,20,491,457,471
846189549,75396437,144,355,124,375,211,251
1030267662,546211017,108,391,150,349,283,199
1253519577,3857173119,6,493,111,400,487,289
1300070905,4144883239,0,477,46,471,477,425
971106575,261467965,0,499,62,436,499,374
1321960420,4229778363,66,465,39,399,399,360
891951928,138642817,126,368,77,420,242,343
1148432942,91633593,75,424,0,499,349,499
931003969,185257657,0,499,62,436,499,374
1276442648,4013275619,15,464,111,387,449,276
971433753,262169965,1,497,95,403,496,308
1255291113,3868414287,0,499,67,431,499,364
1048413922,266642806,9,492,99,443,483,344
1324048322,4236041290,0,499,129,499,499,370
1107660232,1869201012,105,390,115,394,285,279
1037910941,741487636,190,309,190,309,119,119
998460419,334571441,75,408,46,458,333,412
1318154007,3784838290,19,467,44,489,448,445
1301415702,4060889828,21,439,124,400,418,276
864908807,106928711,108,395,145,351,287,206
1016573351,499992076,0,499,109,389,499,280
1013204045,464636697,179,319,36,499,140,463
1190254268,2832752566,95,438,90,420,343,330
1148457577,2536476445,68,430,0,499,362,499
1016104268,494641160,0,499,73,425,499,352
1237105963,2602647273,142,497,135,496,355,361
1174585128,2940638448,37,487,41,386,450,345
1261360945,3898715169,0,499,0,499,499,499
1146009767,2504070321,109,389,0,499,280,499
1206234217,3314328546,62,436,0,499,374,499
1189277869,3080515896,34,455,159,353,421,194
989141078,294382065,164,312,68,430,148,362
1273886333,3995298725,0,499,0,499,499,499
957662880,54367779,153,346,115,384,193,269
879689595,61406346,75,424,10,489,349,479
1248437702,3814915325,82,417,57,455,335,398
1255242854,3869195169,8,426,128,370,418,242
1012908924,461351502,62,436,0,499,374,499
1236674631,3711116527,0,499,105,394,499,289
971486595,262246891,71,427,113,399,356,286
1282537822,4057634640,0,499,0,499,499,499
1299195172,4139571060,0,499,0,499,499,499
1270256769,2533497304,100,398,0,499,298,499
1124583006,2074455345,52,323,12,482,271,470
1295359546,3878990058,60,438,2,493,378,491
1286717070,4071960430,0,499,0,499,499,499
1088422392,1539174963,115,377,65,449,262,384
1079042354,1410344490,62,436,0,499,374,499
1100081149,1711736660,110,389,54,445,279,391
1264830665,299211635,20,479,100,398,459,298
325550421,7420996,206,293,205,294,87,89
1115741179,1949805696,0,499,0,499,499,499
1304130151,4144863872,0,499,0,499,499,499
1281930778,4050861264,62,449,33,484,387,451
1033188736,562343629,55,440,9,493,385,484
1174590555,2940639702,19,482,65,455,463,390
1316172582,4200876172,0,499,0,499,499,499
1270219503,3969948703,11,489,188,373,478,185
833869395,46696129,150,349,180,319,199,139
1152761762,2611133451,0,499,82,415,499,333
1059018797,1087812871,0,499,62,436,499,374
857469869,91437139,26,460,88,401,434,313
1211728597,3408908483,143,355,109,399,212,290
1255054329,1100683323,106,392,0,499,286,499
1100085414,1711736949,110,389,72,427,279,355
1270351925,3455909053,122,370,33,490,248,457
1317247001,4210987021,86,414,25,480,328,455
1240902434,3750740484,0,499,195,436,499,241
1323880641,4234091156,82,403,67,435,321,368
1229789794,3628084582,197,292,190,334,95,144
1146409796,407891515,32,453,51,436,421,385
1121349502,2034793718,79,413,39,455,334,416
1291750490,4097235568,62,436,0,499,374,499
1244540616,3785187513,0,499,122,436,499,314
1245671254,3793735345,39,460,39,460,421,421
1275212073,4004104982,50,462,67,448,412,381
1301443317,4151259393,0,499,0,499,499,499
1306872752,4167094253,0,499,0,499,499,499
1108738544,1878218269,110,389,36,463,279,427
1148827309,2542229851,71,428,0,499,357,499
1276562358,4014155833,116,405,126,445,289,319
1274526735,395490,97,402,0,499,305,499
850431777,48070856,142,356,97,402,214,305
1112210694,1923138036,0,499,0,499,499,499
1319530658,4214461536,93,382,84,409,289,325
236136930,6698880,222,261,212,294,39,82
1069644940,1253335710,162,336,0,499,174,499
926165961,178129067,12,486,53,445,474,392
1253496012,3856999388,188,305,68,433,117,365
1176999527,2967272348,154,350,122,389,196,267
1204244084,3287283336,91,398,110,422,307,312
1273146688,3993166474,40,443,140,355,403,215
1313342552,4183090194,90,476,96,405,386,309
1241394696,3756520538,0,499,62,436,499,374
995102382,303052218,126,368,126,381,242,255
910573628,154651006,113,386,50,449,273,399
1189448037,3082185800,202,306,180,336,104,156
1052978338,983384184,0,499,0,499,499,499
1317004440,4211510264,17,490,82,434,473,352
1176819086,2961959116,114,385,162,345,271,183
1047132676,890122980,155,343,100,399,188,299
1268817573,2980021261,0,499,49,450,499,401
938402396,200252501,0,499,62,436,499,374
1028019255,578914240,73,426,0,499,353,499
1240006177,3743182091,24,463,133,364,439,231
933476764,190645058,184,315,165,334,131,169
1205825837,3312189761,132,415,22,447,283,425
1115215895,1940886471,41,457,17,497,416,480
1019265708,516355507,41,460,155,339,419,184
1186806181,3038735805,14,488,13,487,474,474
1250161954,3829985472,62,436,0,499,374,499
1283652065,4061596157,0,499,0,499,499,499
1262575340,3908517969,16,492,121,360,476,239
1289808806,4089927365,23,480,120,347,457,227
1036746114,538863789,77,424,6,489,347,483
1294216612,4122561808,31,473,90,464,442,374
1309172223,4179918096,41,446,33,470,405,437
1235972792,3702232920,109,389,0,499,280,499
1252628048,3850328831,0,499,62,436,499,374
1318090789,131094398,0,499,0,499,499,499
1243747066,3775263415,0,499,0,499,499,499
1093162454,1598028174,62,436,0,499,374,499
1324131232,4236042558,0,499,4,499,499,495
921249666,168344648,19,466,56,452,447,396
1313475690,4197526850,66,423,10,489,357,479
1276306373,4012720809,0,499,0,499,499,499
1264227044,3924752413,147,345,70,434,198,364
1276267200,3897271701,45,438,99,398,393,299
1145373621,2494094860,0,499,27,499,499,472
1257426056,3881320339,1,499,191,415,498,224
1238601964,3382447785,40,456,112,372,416,260
1254446738,3859742947,0,499,62,436,499,374
1235873874,3701239900,35,472,61,460,437,399
1014832879,475138336,70,428,0,499,358,499
1240724158,3748204991,141,215,145,341,74,196
1068145814,209328435,0,499,62,436,499,374
1101614656,1775917493,0,499,109,389,499,280
1267290111,3942384748,0,499,0,499,499,499
1209715923,3382584653,52,447,44,488,395,444
1158639879,2697624668,100,399,0,499,299,499
1030864231,604714857,0,499,38,460,499,422
1005841914,418204070,151,345,43,456,194,413
1159691288,2718221456,119,484,67,351,365,284
1244541283,3785187998,0,499,62,436,499,374
921683950,166320564,37,461,0,499,424,499
1101828264,1781919573,0,499,62,436,499,374
1009289107,440640859,100,399,56,442,299,386
1119806163,2002930495,55,393,18,489,338,471
1008125218,436033235,21,477,52,445,456,393
870686722,115270440,159,338,207,293,179,86
570252630,53859058,113,378,28,443,265,415
1226135300,3596027597,0,499,65,499,499,434
1292456613,4108919126,5,488,154,391,483,237
1015522901,484936141,23,487,107,412,464,305
1215535986,3470090235,152,388,113,366,236,253
1158121442,2695198616,35,455,83,425,420,342
1008212589,436082390,139,359,100,399,220,299
1190253895,1876686850,108,376,80,411,268,331
1178438381,1681499223,31,469,115,472,438,357
988545647,295722679,77,371,34,448,294,414
1269950318,3964907093,72,436,28,478,364,450
985694327,291207181,16,483,155,329,467,174
966010517,251455057,219,280,145,364,61,219
925675287,177292216,111,387,0,499,276,499
1257030539,3877001123,21,483,197,466,462,269
1235419688,3693513675,62,436,0,499,374,499
863244840,103751403,78,421,15,483,343,468
852919698,83821414,100,394,34,437,294,403
1275508139,4006491002,38,444,62,428,406,366
1255744921,3871039137,0,499,0,499,499,499
1283834228,4061617902,0,499,0,499,499,499
975770342,274405003,55,444,0,499,389,499
1177270444,2971727567,0,499,2,499,499,497
1237275361,3716305168,83,392,89,416,309,327
1174581136,2940637552,30,491,8,477,461,469
1103813817,1819752307,73,426,0,499,353,499
1235509081,3694442870,32,474,58,460,442,402
1273948550,3995364703,28,499,9,499,471,490
1092313558,1580449500,62,436,0,499,374,499
750367217,6417354,74,424,0,499,350,499
1292035701,4105729456,0,499,0,499,499,499
1258231031,3883967283,47,470,108,411,423,303
1243659306,3775275204,0,499,62,436,499,374
1100082820,1711730085,70,429,145,354,359,209
1320158387,4215432200,58,445,50,433,387,383
1280507638,4045076816,122,373,29,491,251,462
1158841617,2704305999,127,371,86,408,244,322
1257130098,3878856327,202,407,82,404,205,322
1119127430,941753134,157,341,100,389,184,289
981981085,285425032,6,496,172,422,490,250
866835948,109719338,0,499,83,416,499,333
1149998111,2556119871,83,416,0,499,333,499
1322088560,4229650672,0,499,0,499,499,499
1191669526,487917333,201,297,190,308,96,118
1065997229,1158987671,110,389,145,354,279,209
937649006,198693119,61,440,225,273,379,48
996047158,304745154,188,310,18,499,122,481
1289984552,4090784684,328,332,74,426,4,352
1280199837,4040585642,5,494,8,490,489,482
1192160336,3122706433,68,432,22,488,364,466
1314422549,4200677663,0,499,0,499,499,499
1323510195,4231855948,32,481,33,470,449,437
1244137195,3779508851,134,369,253,316,235,63
977444695,277936771,70,428,0,499,358,499
1310049227,4181953252,9,484,35,478,475,443
1324052775,4236041391,0,498,21,498,498,477
1308201454,4174723302,0,499,0,499,499,499
1298486463,4139336702,143,370,91,408,227,317
972658840,266197161,0,499,116,382,499,266
1198715912,1113759681,154,344,111,399,190,288
1245834546,3794814235,21,479,101,422,458,321
1037419704,729933992,0,499,62,436,499,374
1017469364,506094263,15,484,0,499,469,499
1245907983,3790075127,95,403,25,474,308,449
1263007631,3913253793,51,437,23,490,386,467
928330538,181663800,24,458,149,398,434,249
1083500351,1481648838,75,408,95,420,333,325
1124144763,2072273251,0,499,62,436,499,374
1322217167,4229834491,66,499,51,473,433,422
1240109510,3743370137,32,455,30,449,423,419
1311487875,4187457388,149,375,167,480,226,313
1240777416,3748232440,31,479,24,472,448,448
1264336653,3922547098,58,436,73,421,378,348
1287577230,4071378801,0,499,0,499,499,499
906795101,145071946,71,427,0,499,356,499
1282022065,4050757898,0,499,0,499,499,499
1008881802,436679159,0,499,62,436,499,374
955973075,220523636,5,494,79,419,489,340
1215523199,3470061376,55,446,83,417,391,334
1226931249,3604823490,27,477,53,473,450,420
1321628369,4223005063,61,439,104,431,378,327
1211799474,3410001189,0,499,0,499,499,499
855862129,88579519,88,410,141,358,322,217
1266504695,3938616828,8,492,125,339,484,214
1245899138,3790162810,106,392,0,498,286,498
1284209048,4063445714,44,457,41,453,413,412
922828548,172468939,72,425,0,499,353,499
1234473224,3684691178,163,431,180,319,268,139
1312714078,4190357590,62,436,0,499,374,499
1075610098,1349998071,72,427,0,499,355,499
1291321175,4101706532,53,447,101,412,394,311
1257726621,3881729467,8,499,0,499,491,499
1136005045,2317203917,23,476,0,499,453,499
1196954679,3202502799,51,438,57,361,387,304
1034634252,679430223,59,439,0,499,380,499
1283968538,4061637875,45,479,11,466,434,455
1249535756,3819983515,218,287,217,335,69,118
870261266,114481780,45,469,162,318,424,156
848836423,79954674,0,499,62,436,499,374
1148428920,89431415,70,429,0,499,359,499
1253301231,3856155282,23,477,39,456,454,417
912162113,156240182,94,404,0,499,310,499
1158120643,2695197196,14,496,134,416,482,282
1250908525,3836743654,46,436,115,416,390,301
1273280774,3992552325,0,499,0,499,499,499
977566412,277810758,15,489,199,307,474,108
920503756,166681904,52,441,146,339,389,193
974911457,272342678,0,499,62,436,499,374
1321330883,4222982003,162,327,26,461,165,435
1079986667,1440627186,169,353,193,305,184,112
1267276689,3942394615,0,499,0,499,499,499
1013879350,47505547,56,442,0,499,386,499
1286023675,4071964229,0,499,0,499,499,499
1241431528,3756680243,214,286,196,304,72,108
1116067340,1952783192,133,361,203,323,228,120
1282901571,4057531219,0,499,0,499,499,499
1323276732,4231689288,16,490,29,446,474,417
861330715,99619433,70,430,0,499,360,499
1020458459,522578460,142,357,100,399,215,299
1159611788,2716770678,33,470,196,331,437,135
1063084799,1122725293,182,319,210,299,137,89
1323343452,4231758065,100,450,132,344,350,212
1209337881,3928358501,50,460,147,340,410,193
891738391,138464185,112,399,116,383,287,267
1307827933,4172827901,98,413,95,360,315,265
1300142790,4145102358,58,448,160,358,390,198
1262983878,3910970511,109,390,0,499,281,499
1273354395,3992621069,4,445,77,499,441,422
1255757486,3871285662,16,483,121,436,467,315
1274370886,3400978490,86,413,0,499,327,499
1324026432,4235889266,20,479,76,439,459,363
1168762997,2864519524,36,331,180,333,295,153
1273323298,3992614398,28,469,43,478,441,435
1257269027,3879903211,0,499,0,499,499,499
1044825696,863366709,28,476,57,447,448,390
1040739296,744414969,26,485,16,479,459,463
1033190125,646818892,0,499,62,436,499,374
1243400176,3773717208,19,480,75,420,461,345
1265217094,3929900639,11,489,13,484,478,471
137609430,1906192,205,294,189,310,89,121
1296768235,4109958157,207,289,110,452,82,342
1174402703,2937437438,68,430,0,499,362,499
1112177351,1875976940,37,460,115,381,423,266
1269757308,3962513619,0,499,0,499,499,499
1236095521,3704981915,0,499,62,436,499,374
1196638093,3195346521,0,499,0,499,499,499
710137723,49440697,139,360,130,369,221,239
1240549981,3748040742,0,499,0,499,499,499
1178125540,2981042202,0,499,97,402,499,305
863744062,2329827,0,499,114,384,499,270
699490865,51780006,69,429,0,499,360,499
1310058236,4181955705,0,499,0,499,499,499
1216926447,3487055268,77,424,80,445,347,365
1194537172,442667910,62,436,0,499,374,499
1244541309,3785188005,0,499,62,436,499,374
1295220887,4125633578,78,416,205,348,338,143
1155086444,2648295186,141,357,100,399,216,299
936567773,196219625,0,499,62,436,499,374
995098667,303051092,140,345,68,473,205,405
1267459201,3943122289,72,427,1,499,355,498
1272880778,3991293968,148,333,140,263,185,123
1279339657,4037443021,90,431,44,467,341,423
1276979444,4018145926,0,499,46,499,499,453
1268554200,3495962702,100,399,50,449,299,399
1225886283,2826110006,150,340,174,331,190,157
927602694,180669461,151,340,51,447,189,396
1190251513,2793834096,113,370,160,360,257,200
1272577665,3989896781,0,499,0,499,499,499
1323993648,4235886384,2,499,131,407,497,276
1283909538,4061626626,0,498,0,499,498,499
1272593273,3990411027,31,484,104,419,453,315
1257545937,3876170193,40,457,119,499,417,380
1283549969,4061480582,0,499,0,499,499,499
1096415211,1653453767,63,436,0,499,373,499
1319252392,4218751526,0,499,0,499,499,499
1150539346,2577140150,0,499,130,369,499,239
1158796547,2703667265,129,365,130,376,236,246
987490446,294301258,0,499,28,470,499,442
1256366055,3873653398,35,470,37,464,435,427
1241868824,3760788277,24,495,88,499,471,411
1121528579,2030845916,98,402,26,473,304,447
1028368177,583853626,115,385,54,462,270,408
1133852656,2265314840,62,436,0,499,374,499
1243659030,3775275153,0,499,177,436,499,259
1100079064,1711731838,70,429,145,354,359,209
1152225841,2602155305,123,442,109,419,319,310
1150027182,2552764532,0,499,28,471,499,443
1261172527,3898707406,74,435,65,430,361,365
1222859960,3563955200,98,456,84,414,358,330
859979956,96345966,62,436,0,499,374,499
1299306645,4141676768,12,485,151,390,473,239
1264004223,3919649795,62,436,0,499,374,499
1281929314,4044227111,38,487,20,466,449,446
1119407656,1998122025,171,329,148,336,158,188
1112678780,1924580440,77,441,125,395,364,270
1310880086,4184608894,0,499,0,460,499,460
1258863594,3886550152,70,430,10,494,360,484
1174477883,2938447318,60,439,72,428,379,356
847413702,76843171,69,429,0,499,360,499
1249534286,3819979138,93,391,36,490,298,454
1019152492,512853216,175,324,138,361,149,223
845345451,74106657,62,436,0,499,374,499
1234709135,3689259624,100,399,32,466,299,434
1261172798,3898707493,159,341,64,431,182,367
1249758421,3821565727,0,499,62,436,499,374
1310033743,4181950247,16,418,120,487,402,367
1309978903,4181945671,75,441,132,342,366,210
1290610287,4092408380,32,499,43,499,467,456
524962130,52845201,192,307,170,328,115,158
1298033085,4137782581,130,370,15,477,240,462
1307882732,4173008772,20,468,49,399,448,350
1261420355,3898726281,0,429,0,481,429,481
1061520347,567636622,14,499,136,362,485,226
1293332705,4104725338,43,468,73,382,425,309
1282558387,4057547024,7,494,4,491,487,487
1305337495,4165065134,6,490,12,499,484,487
1045518001,867854798,23,476,0,499,453,499
1323070635,4231809652,0,499,0,499,499,499
894240971,47998036,86,412,0,499,326,499
1275671571,4006519326,20,477,30,472,457,442
1313772861,4200150069,2,497,78,499,495,421
1131256752,2199290245,69,429,69,429,360,360
885871846,131622925,89,409,0,499,320,499
1112169370,1877660616,43,482,68,483,439,415
972272788,264711138,0,499,62,436,499,374
1154650688,2515144232,55,450,126,369,395,243
1174586245,2940638651,130,369,130,369,239,239
1232940921,3716248750,110,389,51,448,279,397
1316809938,4201002419,28,499,15,499,471,484
1302540725,4155423644,91,395,34,476,304,442
995936253,304378132,62,436,0,499,374,499
1154812099,2644066793,27,482,43,447,455,404
892672682,139599979,82,418,9,487,336,478
1232495390,3664234236,0,499,46,453,499,407
1128738894,2153833296,0,499,0,499,499,499
1126224692,2101235132,114,381,9,494,267,485
1158121412,2695198597,8,488,89,406,480,317
919468931,164779973,0,499,62,436,499,374
996710819,312972304,94,405,27,471,311,444
1252627289,3850328358,0,499,169,436,499,267
1026368047,562802031,62,436,0,499,374,499
1125028687,2087931334,0,499,63,436,499,373
1324073067,4236041775,20,483,35,421,463,386
1023960525,539618217,35,452,112,413,417,301
1150050099,2567676131,0,499,62,436,499,374
1165113818,2780853648,67,431,0,499,364,499
1287928965,4079553290,0,499,0,499,499,499
1306888478,4167095160,106,388,51,463,282,412
1308878956,278495024,100,313,85,367,213,282
834625716,2922066,0,499,34,464,499,430
1142021359,2444539507,0,499,0,498,499,498
1316112048,4200870619,131,378,38,454,247,416
1229066558,3622954162,28,463,143,351,435,208
1026881862,569623184,100,399,59,439,299,380
1276974726,4017745588,0,499,0,499,499,499
1306853004,4168957307,0,499,0,499,499,499
1265223815,3929899664,53,455,46,459,402,413
920889119,167489320,0,499,88,410,499,322
1265210238,3929890149,12,487,168,445,475,277
1211983050,3414348125,21,475,54,457,454,403
1247849797,3813571457,0,499,62,436,499,374
248086074,3860765,145,354,100,399,209,299
1253211830,3854772258,0,345,0,499,345,499
1023967683,539426166,0,499,63,436,499,373
1279145960,4037581348,14,480,88,402,466,314
1202543850,2778759035,234,270,0,499,36,499
977693267,278527043,56,443,0,499,387,499
1067511242,1174870889,0,499,109,389,499,280
1069186182,1198195472,0,499,83,415,499,332
1145411461,2495695343,0,499,109,389,499,280
1067211781,1117753280,53,453,158,356,400,198
1313538478,4199252610,58,448,34,456,390,422
1270633976,3972429621,35,472,60,420,437,360
1311684412,4188904974,35,475,86,402,440,316
916408823,161258704,97,423,1,483,326,482
1218264012,3503612032,154,344,132,381,190,249
1182290954,3006211174,62,436,0,499,374,499
1266794381,3940029089,0,499,0,499,499,499
1047434277,755844966,15,483,0,499,468,499
1240508433,3748036461,54,437,38,446,383,408
849178253,80472771,110,389,63,435,279,372
1167374324,2833665322,26,473,156,345,447,189
1212566947,3421063619,81,417,4,495,336,491
1275678216,4006528697,61,441,42,475,380,433
1092313315,1548294523,8,416,87,413,408,326
1161281354,2735943387,63,435,21,499,372,478
1307365003,4171235617,0,499,0,499,499,499
1249536689,3819985152,176,326,202,303,150,101
1156652839,2675086421,112,392,179,357,280,178
966956841,252889778,62,436,0,499,374,499
1300460484,4146735409,35,477,36,469,442,433
1215231384,3469590478,9,490,64,435,481,371
1128007193,2132985517,83,415,0,499,332,499
1267314353,3942318707,0,499,0,499,499,499
1324187688,4236297134,83,386,66,433,303,367
1243383319,3773714906,19,480,20,478,461,458
1248831802,3817888275,0,493,0,333,493,333
1303827807,4159426518,106,388,51,463,282,412
1255849443,3871548572,0,499,62,436,499,374
1108365858,1875756832,110,389,51,447,279,396
1322309226,4229922806,219,267,28,180,48,152
997192676,210237073,190,309,175,324,119,149
959219296,231450144,128,359,214,297,231,83
1112296033,1922744428,66,412,68,472,346,404
1243785627,3775997601,70,428,74,414,358,340
1304580466,86957755,66,432,0,499,366,499
1316228016,4200879400,10,492,153,360,482,207
1324023451,4235889098,141,357,148,308,216,160
1137782932,2343374490,94,405,27,471,311,444
1316133771,4200872688,97,409,16,485,312,469
1252628153,3850328875,0,499,62,436,499,374
1167679444,2843165122,16,493,107,387,477,280
1031484322,609913282,68,430,0,499,362,499
1155664425,2642418059,52,446,0,499,394,499
1307760496,4172822812,0,499,0,499,499,499
251094922,2923241,71,428,0,499,357,499
941470225,206655304,59,440,0,499,381,499
1299829607,4143423069,0,499,0,499,499,499
1293179376,4116843958,0,499,0,499,499,499
1192188530,3123055784,68,432,22,488,364,466
1282037835,4053884944,60,421,93,460,361,367
933283337,106280354,0,499,62,436,499,374
1253519639,3857173154,3,495,147,361,492,214
1287939131,4079553363,38,474,26,485,436,459
1316190455,4200876889,28,474,153,347,446,194
1316131843,4200872532,33,476,47,445,443,398
1244541501,3785188053,0,499,122,436,499,314
1237264687,3716299904,0,499,0,499,499,499
1227567313,3612286884,12,487,128,435,475,307
1214256485,3081166995,134,482,6,472,348,466
994977317,302849282,72,427,0,499,355,499
1011832423,208299835,86,417,16,484,331,468
830629058,568945,62,436,0,499,374,499
1027368649,570730450,127,372,50,449,245,399
1191490916,3109429029,0,499,0,499,499,499
1269736419,3962161047,0,499,0,499,499,499
1082980732,1475371150,62,436,0,499,374,499
1267305951,3942511943,164,367,161,343,203,182
1158121414,2695198600,8,488,89,406,480,317
949378202,212075296,0,499,121,436,499,315
1266776573,3939946078,0,483,0,475,483,475
1261360843,3898715165,0,499,0,499,499,499
1147010463,2527433926,86,393,21,477,307,456
1168708224,2864085914,9,484,179,370,475,191
1027131057,569879191,116,383,50,449,267,399
1310487440,4182246543,0,499,0,424,499,424
1236935010,3716121503,180,319,153,346,139,193
941481873,206702965,0,499,269,290,499,21
1019188163,515465600,0,499,62,436,499,374
1292462326,4108920283,6,494,103,393,488,290
1201835216,3249409250,0,499,62,436,499,374
1164834162,2789421877,62,436,0,499,374,499
1009766307,190507320,183,315,150,349,132,199
1316237714,4200879955,27,463,44,477,436,433
1035900085,137138093,145,353,0,498,208,498
1174586274,2940638662,139,356,171,356,217,185
1283975886,4061638652,4,472,99,447,468,348
1246289845,3797859489,0,499,0,499,499,499
935926703,195767792,24,473,75,424,449,349
1244540610,3785187510,0,499,122,436,499,314
1178356443,2984764450,0,499,85,413,499,328
1199377865,3111466684,68,423,96,405,355,309
954781766,219371590,125,374,75,424,249,349
1223585665,3582305271,7,488,106,386,481,280
1269289414,3957454578,0,499,0,499,499,499
1280354316,4044581872,63,433,60,480,370,420
1030307399,596990252,0,499,62,436,499,374
1294106741,4122227714,35,443,10,489,408,479
1256092774,3873228357,0,499,0,499,499,499
1290275019,4092738421,86,446,157,403,360,246
1226116973,3592383064,0,499,62,436,499,374
1107660153,1869200710,190,269,0,499,79,499
1307794107,4172825456,0,499,14,499,499,485
1158120558,2695196883,191,315,26,469,124,443
862538154,102338392,123,375,66,422,252,356
1310124069,4182219740,0,499,0,499,499,499
921948120,170165479,59,439,0,499,380,499
1105412948,1848933701,164,332,9,493,168,484
884967499,128117541,105,394,0,499,289,499
1305069342,4164661129,106,388,51,463,282,412
1001024058,362186582,50,449,38,461,399,423
1292120772,4099768050,0,499,62,436,499,374
1257723634,3881729191,32,490,2,497,458,495
1276667045,4014623447,85,414,0,499,329,499
1029096263,590316459,119,396,41,478,277,437
1121420072,2035478901,22,487,79,424,465,345
1026904407,569721372,104,395,50,449,291,399
1239104693,3731150660,62,436,0,499,374,499
1174585944,2940638580,164,337,7,494,173,487
1124720197,278388865,141,357,100,399,216,299
966187813,251254612,154,343,102,380,189,278
1249822559,3823562896,109,349,37,456,240,419
1243448159,3773725352,19,480,76,422,461,346
1276312569,4012662249,54,426,23,460,372,437
1283710419,4061600167,93,412,106,402,319,296
1292014804,4105723231,37,357,45,323,320,278
1289325643,4086091329,0,498,0,498,498,498
1317163472,4211708097,27,475,150,362,448,212
1250960631,3836821090,80,389,96,351,309,255
1323282469,4231690366,31,462,171,322,431,151
1236054521,3702252846,0,499,109,389,499,280
917936062,163595816,34,464,0,499,430,499
1128504820,2148835084,147,351,137,361,204,224
885968850,3470059273,138,376,62,437,238,375
1196648533,686514307,179,319,150,349,140,199
1319412040,4214354234,0,499,218,425,499,207
1249917288,3826002318,0,499,109,389,499,280
977996515,278574614,100,399,0,499,299,499
1276075493,4010225777,132,371,114,426,239,312
1275482484,4006488300,0,499,0,499,499,499
1193026133,3128767392,0,499,0,499,499,499
1275595942,4006498208,0,499,0,499,499,499
1212093927,3416798033,0,499,63,436,499,373
1164646245,2429164807,27,473,102,396,446,294
849587196,2079102,79,419,0,499,340,499
1026011651,558486945,35,460,30,480,425,450
1292596364,4111746212,145,379,63,470,234,407
1258613377,3885527522,29,482,29,470,453,441
1014995038,476108338,0,499,62,436,499,374
1258275341,3883417006,17,467,41,457,450,416
1273705440,3992776625,71,429,71,430,358,359
1313424549,4197675030,48,459,154,378,411,224
1319676370,4214663932,35,456,107,416,421,309
848687671,79710481,139,365,209,288,226,79
1113109009,1788741544,75,457,70,444,382,374
1255551847,3870268863,48,457,32,476,409,444
1262283244,3906573245,15,484,93,397,469,304
1321363359,4209269400,105,350,57,295,245,238
913192195,157434303,73,426,0,499,353,499
1309575386,796534708,100,399,29,469,299,440
1265209454,3929890127,0,499,0,499,499,499
1311724911,4189040381,37,441,29,428,404,399
1033926041,290707852,144,343,72,458,199,386
1116121177,1953530441,64,435,0,499,371,499
1170045560,2890664205,82,440,34,460,358,426
1243660157,3775276265,0,499,62,436,499,374
1297750490,143606486,54,445,0,499,391,499
1198965563,3222463773,0,499,80,418,499,338
1314573786,4202222153,198,282,46,436,84,390
1111029187,1905526178,160,339,182,316,179,134
1292773304,4108901637,28,479,62,455,451,393
848830847,79909904,183,315,150,349,132,199
724266899,50722385,103,396,0,499,293,499
1316218582,4208962226,91,401,27,480,310,453
1248206284,3814504943,46,453,53,446,407,393
1176504351,2958500352,12,487,156,340,475,184
1225886726,532978826,215,294,140,347,79,207
1323988759,4235886044,0,499,83,415,499,332
941493229,206717132,75,423,0,499,348,499
1245923276,3795447060,43,451,47,455,408,408
1279084552,4037578008,50,449,39,434,399,395
1261174065,3898707888,0,499,130,369,499,239
1158527239,2699568414,116,367,36,491,251,455
1256713609,2090147801,83,415,0,499,332,499
1253967231,3859455776,0,499,0,499,499,499
984739279,289661073,144,362,29,463,218,434
1283546885,4061584099,84,452,105,446,368,341
1313418423,4197673526,133,377,96,434,244,338
1280515980,4045427868,0,499,87,412,499,325
989033272,296205855,145,359,144,362,214,218
941621739,207151534,154,346,189,298,192,109
1311617402,4188736870,2,496,0,499,494,499
1188538817,3067204186,130,369,130,369,239,239
1262743141,3910879046,26,441,44,449,415,405
1207277340,3321726752,62,436,0,499,374,499
1163018995,2743064004,149,350,100,399,201,299
1306073922,4150348519,164,350,31,464,186,433
1213751922,3452873966,54,444,0,499,390,499
1316128872,4200872272,0,499,15,485,499,470
989264772,296026806,0,499,62,436,499,374
1193640413,3148097916,27,479,103,398,452,295
1141926182,2440041996,52,446,0,499,394,499
1203299197,3272985860,147,351,0,499,204,499
1260299012,3894931075,74,450,89,445,376,356
1220137948,3533717183,0,499,62,436,499,374
1310283530,4182231471,0,499,1,499,499,498
946835695,208845661,73,426,10,499,353,489
1298547824,4139986393,9,491,191,353,482,162
1302894503,4156934234,23,484,100,423,461,323
1273092140,3992557688,36,499,0,499,463,499
1000293482,355570712,151,367,25,484,216,459
1323881067,4234091167,77,432,75,499,355,424
1305067214,4164660922,106,388,51,463,282,412
1267214659,3942376382,8,491,56,425,483,369
1311726908,4189040519,0,499,0,499,499,499
1105769108,1856348656,58,441,0,499,383,499
1273590752,3992766317,66,447,56,432,381,376
947040701,208760997,68,430,0,499,362,499
978166467,279342137,78,421,0,499,343,499
1323074282,4231810115,0,499,0,499,499,499
1094612333,1624953951,0,499,0,499,499,499
1298838415,4139507804,0,499,269,270,499,1
1257595714,3881713966,233,270,0,499,37,499
865263134,53952984,73,426,0,499,353,499
1323672619,4234141328,0,499,0,488,499,488
1321537602,4223022898,0,499,26,472,499,446
1249758766,3821565984,0,499,62,436,499,374
1323802283,4234916545,0,499,0,499,499,499
1027103774,569937677,100,398,50,449,298,399
1243711174,3775469621,118,374,30,345,256,315
1304110314,4144863231,15,493,30,444,478,414
1306840246,4167090983,0,499,0,499,499,499
1317985363,4215703638,30,469,10,485,439,475
1317795614,4213763803,0,499,0,499,499,499
1275297088,4003956947,61,444,67,440,383,373
1073261276,1319587383,156,342,100,399,186,299
856410095,89728253,73,426,0,499,353,499
1269898862,3957929840,63,436,0,499,373,499
1199385402,3228904977,138,373,51,465,235,414
1053111929,1024575015,73,426,0,499,353,499
863988710,105196489,6,497,75,424,491,349
1242108670,3762539661,89,409,178,322,320,144
946714022,208715281,163,336,180,332,173,152
1258156508,3883965204,60,384,38,448,324,410
1301837574,4153600462,38,472,34,482,434,448
1240523377,3748198122,103,395,2,498,292,496
1027308479,570663744,61,438,0,499,377,499
1132725479,2231478674,111,388,42,459,277,417
1251437425,3842662645,0,499,0,499,499,499
1066904473,1168561466,0,499,2,496,499,494
1278882101,4037667238,76,452,47,434,376,387
1313741189,4200103361,0,499,0,499,499,499
849082709,80378008,74,425,0,499,351,499
1282722377,4057513879,151,418,49,468,267,419
1257273680,3879904434,0,499,6,494,499,488
1282084054,4055252477,0,499,0,499,499,499
1318479059,92626768,52,454,126,392,402,266
1309932192,4182252631,100,399,50,449,299,399
1026891307,569669327,116,383,50,449,267,399
707569997,54210257,112,382,50,445,270,395
1306840379,4167091006,0,499,0,499,499,499
878175545,103597394,0,499,135,363,499,228
1128347057,2141190506,0,499,62,436,499,374
1191037873,3101162219,78,425,177,398,347,221
1039764348,801087165,48,450,0,499,402,499
1275107044,4004082438,15,459,59,467,444,408
1309690010,4179732149,0,499,143,499,499,356
1304028574,4160809168,0,499,11,499,499,488
1313417270,4197673459,17,469,78,479,452,401
1015000252,476894367,0,499,62,436,499,374
1043154436,846651463,61,437,0,499,376,499
1128234260,2139305231,155,343,100,399,188,299
913109935,157238112,138,364,88,480,226,392
1015607946,486989705,73,429,123,376,356,253
1324224887,4236298611,138,351,23,447,213,424
885999240,131735768,76,423,3,499,347,496
914505530,158918298,206,290,230,299,84,69
1283480449,4061477568,24,475,37,473,451,436
996744514,317521591,159,339,58,499,180,441
1144458344,2482251912,0,499,70,428,499,358
1251219519,3838147271,89,410,15,361,321,346
1133293250,288019965,75,206,231,272,131,41
1296368125,4130470936,0,499,0,499,499,499
901532285,46638527,112,387,0,499,275,499
1316252660,4200880735,20,487,148,347,467,199
1278882370,4036263881,0,499,62,436,499,374
1226405708,3592383078,0,499,142,436,499,294
959846003,233920158,110,404,163,336,294,173
1311362513,4186106713,0,499,0,499,499,499
1213818793,3453633107,72,426,0,499,354,499
995098534,303051688,144,357,33,472,213,439
1322144362,4230491731,0,499,0,499,499,499
1211834335,3405971845,62,436,0,499,374,499
1017534030,506484256,0,499,62,436,499,374
1275375442,4003965391,74,425,86,420,351,334
991442916,298032194,123,366,110,420,243,310
293666869,17928987,70,429,4,498,359,494
1037318818,1051634953,128,369,159,339,241,180
1271257370,3976840523,10,491,185,473,481,288
1301513472,4150994175,51,474,120,438,423,318
1156925696,2678801975,0,499,83,416,499,333
1190254229,2832752557,141,359,147,368,218,221
1040112508,264529920,62,437,0,499,375,499
1124279627,1556995833,52,447,0,499,395,499
969425379,256728572,0,499,62,436,499,374
1160849884,3952101122,0,499,108,476,499,368
1308846088,3639611097,100,399,12,487,299,475
255429451,9238934,185,314,158,341,129,183
1323438003,4231417745,5,496,34,494,491,460
941622193,207151283,109,382,140,349,273,209
1313657313,4183880939,59,444,90,436,385,346
1265813784,3934396005,109,389,0,499,280,499
834890703,17471020,0,499,61,438,499,377
1118519919,1984419926,103,398,15,499,295,484
1274583550,3115253360,108,390,0,499,282,499
1284217807,4058900194,16,417,38,453,401,415
1121283367,2033794076,29,473,10,490,444,480
1307456836,4168852166,50,443,78,455,393,377
1178727241,2987921451,0,499,0,499,499,499
555931965,53591386,175,305,201,369,130,168
1322010515,4229798201,40,459,81,448,419,367
1057768419,948794732,98,396,9,455,298,446
972486401,154196331,58,441,0,499,383,499
963976093,245475265,0,499,62,436,499,374
1319412921,4214352723,28,472,163,344,444,181
1016379363,498640866,82,417,0,499,335,499
1121116519,2030848416,0,499,62,436,499,374
1308876103,278494882,100,399,6,493,299,487
1244411035,2738249798,62,436,0,499,374,499
983944988,70567484,86,412,0,499,326,499
1301742300,4151006021,0,499,0,499,499,499
1256641608,3874331381,0,499,51,455,499,404
853500742,84310745,150,348,187,312,198,125
1177149351,2970576375,80,419,24,483,339,459
381152677,49617596,0,499,62,437,499,375
867067964,109873810,112,382,58,427,270,369
1026855840,569703352,100,399,61,437,299,376
1087453516,1523821181,0,499,114,385,499,271
1315096248,4204290711,0,447,0,499,447,499
1318953569,4220452137,12,492,69,353,480,284
1267931109,3940975881,0,499,62,436,499,374
1243839856,3776676890,85,414,10,489,329,479
1243416620,3773721507,79,418,118,393,339,275
1300299253,4145591275,6,490,94,436,484,342
548168965,53445384,182,325,168,357,143,189
1242287495,3762765648,55,443,0,499,388,499
1100063523,1711735024,110,389,52,446,279,394
836040237,70116356,93,406,0,499,313,499
1008062911,435901388,109,390,50,449,281,399
1012946136,462323462,62,435,74,422,373,348
1190252362,1893575297,111,380,82,432,269,350
1316258714,4200881169,52,451,46,420,399,374
1257087912,3878313964,92,400,80,321,308,241
1269232227,3940005608,120,348,30,435,228,405
1323268706,4231688245,21,473,77,455,452,378
1295960231,4128274539,106,414,107,393,308,286
1295800546,4127906350,97,377,131,384,280,253
1279587534,4037132970,31,460,140,432,429,292
1302514053,4153305107,0,499,0,499,499,499
1216751675,3484904678,22,474,21,473,452,452
1325862098,4243102662,78,431,46,460,353,414
1273142197,3992405301,80,412,90,436,332,346
1096464685,1654367630,67,442,58,453,375,395
902309135,147556491,0,499,62,436,499,374
1270521656,3971923078,133,365,98,428,232,330
1069707310,1254464956,161,339,15,483,178,468
985863288,291322250,176,329,138,355,153,217
1275050731,4004067981,29,482,29,470,453,441
1313601113,4197534986,0,499,0,499,499,499
1295924820,4127721658,43,460,96,405,417,309
1282932420,4057768787,101,433,135,398,332,263
1276428669,4013272257,79,410,180,388,331,208
1204073292,3284117332,62,436,0,499,374,499
1276042231,4010224998,49,424,107,368,375,261
1264104926,3923709308,180,319,154,345,139,191
1111675667,1912085708,109,389,13,485,280,472
947549484,209925478,0,499,0,499,499,499
1124789604,278522844,169,329,113,384,160,271
987499021,294315633,81,416,0,499,335,499
896719824,142826121,214,285,192,306,71,114
1242898353,3767361451,0,499,24,499,499,475
1247440901,3717033752,100,399,47,451,299,404
1316229142,4200879429,30,482,81,418,452,337
896297393,142831016,0,499,62,436,499,374
1266784684,3939950727,14,485,156,344,471,188
1172192459,61027868,66,433,0,499,367,499
1251355576,3841343686,62,436,0,499,374,499
921427365,168774208,71,428,0,499,357,499
1310693492,4182269412,0,499,0,499,499,499
1077778991,1382844551,86,413,12,486,327,474
941678458,207196199,104,393,152,342,289,190
1306600468,3137237264,113,269,0,499,156,499
1277947415,4023226668,0,499,83,416,499,333
1092295741,278406807,164,334,100,399,170,299
1031312859,99619349,87,411,23,476,324,453
1019351490,516414359,15,484,165,338,469,173
1263856342,3921314794,125,378,10,499,253,489
1167764981,2845506222,68,430,0,499,362,499
918295334,618517,82,416,0,499,334,499
1172791658,2920940610,11,483,105,394,472,289
1261193326,3898711254,30,490,130,347,460,217
834157952,66403631,113,386,52,446,273,394
1273840565,3989629504,0,499,109,389,499,280
1123829657,2063144837,159,160,183,213,1,30
1137164405,2340595673,0,499,62,436,499,374
1215503801,3470052169,86,402,59,449,316,390
1268741441,3936362963,26,479,121,391,453,270
1258346233,3883426065,50,400,159,365,350,206
1061555242,511835712,112,394,105,403,282,298
1317737135,4213436105,0,499,0,499,499,499
1092258702,1580087070,197,294,49,463,97,414
1317903399,4215692832,0,499,0,499,499,499
1292496780,4108936107,99,413,48,430,314,382
1132600219,2229415720,11,486,67,472,475,405
1064302512,1135481447,29,466,73,425,437,352
1292546904,4108945126,2,496,0,499,494,499
1231019006,3643911357,31,468,70,430,437,360
1304119954,4160951154,106,388,51,463,282,412
1065428281,1151300560,0,499,63,436,499,373
1254940387,3866915533,0,499,0,499,499,499
975072162,272525267,79,420,0,499,341,499
1274965004,4002724484,100,406,104,402,306,298
1171841374,2912997819,62,436,0,499,374,499
1289224203,4087624309,53,457,106,389,404,283
1190833368,3094999593,49,449,0,499,400,499
1032338731,621457380,89,409,0,499,320,499
877365826,121752487,91,407,0,499,316,499
1231971226,3656413118,0,499,62,436,499,374
897252319,64574799,92,406,4,457,314,453
1100065499,1711732513,70,429,145,354,359,209
1318089571,3106516781,45,455,123,384,410,261
1259266571,3887619153,49,454,51,456,405,405
1121808746,2041748712,90,392,111,474,302,363
1302783390,4156529744,69,491,0,490,422,490
1251535977,3843644885,0,499,0,499,499,499
1317649271,4211184022,148,354,19,485,206,466
1154651306,1510514435,10,489,87,422,479,335
1195810031,3171141498,7,481,126,359,474,233
1215528204,3470069955,125,375,14,485,250,471
556085,928343,81,417,32,467,336,435
1075711488,1351973098,40,465,91,353,425,262
1278870250,4034803407,128,373,169,334,245,165
1267314173,3942396684,11,489,160,386,478,226
982534615,285676296,71,429,0,499,358,499
1260545607,3894179419,158,341,115,380,183,265
983732973,287523707,62,436,0,499,374,499
1011669123,453610573,0,499,68,430,499,362
1204205704,3287246266,110,389,54,445,279,391
908820441,153374022,77,421,0,494,344,494
1258502208,3883451798,49,429,43,431,380,388
871794419,116761554,210,296,163,339,86,176
986253828,292155589,110,399,52,480,289,428
1119407707,1998122097,85,432,91,440,347,349
1166552802,2819652466,70,429,145,354,359,209
976656704,276313714,73,426,0,499,353,499
1312891660,4195574466,30,478,13,469,448,456
1253145256,3855154504,0,499,109,390,499,281
1242235356,3716120648,180,319,163,348,139,185
1317474645,4209848807,25,474,9,420,449,411
879193109,124557488,62,436,0,499,374,499
1275224196,4004110619,38,462,58,466,424,408
1290345299,4090280934,76,422,0,499,346,499
1158206734,279753021,15,480,118,379,465,261
1308738720,4177785685,0,499,0,499,499,499
1162117582,876081203,159,341,113,399,182,286
1174587275,2940638868,176,311,200,303,135,103
862631711,102704552,54,387,185,314,333,129
1278817832,4037092688,18,489,99,403,471,304
1314288914,4186231834,30,486,149,355,456,206
1248518645,3815450211,0,499,0,499,499,499
1076659035,1366398939,0,499,62,436,499,374
1213873314,196571526,169,329,150,349,160,199
1061543128,146540238,122,375,39,428,253,389
99936530,390718,98,401,0,499,303,499
1199645289,3233832478,0,499,83,415,499,332
1196885490,3199517364,0,499,0,499,499,499
1174593601,2940640499,137,358,147,352,221,205
550506,929938,57,442,0,499,385,499
1042174446,838008502,0,499,62,436,499,374
1013044018,463108573,0,499,35,464,499,429
1273380127,3992628505,45,464,46,458,419,412
885250461,57696192,69,430,0,499,361,499
1236944687,3716249203,180,319,153,346,139,193
1044186373,858017061,8,491,8,491,483,483
894963676,86057541,0,499,78,421,499,343
860318853,97988381,220,278,205,294,58,89
1114367626,1932883591,104,378,163,339,274,176
874729529,57133791,71,427,0,499,356,499
1062617882,1117775530,155,343,100,399,188,299
1119578419,1996049327,0,499,62,436,499,374
1033189228,533875722,177,338,26,480,161,454
1318365898,2139768563,39,439,24,482,400,458
1243659261,3775275187,0,499,62,436,499,374
1316136298,4200872978,50,468,104,381,418,277
1313711357,4199570963,0,499,63,436,499,373
1301538673,4150997635,0,499,0,499,499,499
1301429244,4151258773,57,450,78,469,393,391
1225887176,2846816572,125,374,125,363,249,238
1286488698,4074764700,141,362,9,479,221,470
1256584456,3874329895,16,468,45,419,452,374
996081559,304795258,72,427,137,338,355,201
1292326160,4108689863,26,475,91,391,449,300
1283564474,4061584708,96,439,38,450,343,412
1280303317,4044245801,13,484,154,458,471,304
1191424148,3107233821,107,429,29,475,322,446
938716432,183256585,125,373,0,499,248,499
1007530417,435022290,100,399,46,452,299,406
1215353423,3470024359,80,420,63,432,340,369
1169261355,2869563448,75,427,0,493,352,493
922170118,170807786,216,272,108,392,56,284
876549958,81231029,74,425,4,499,351,495
1310763931,4182106980,0,499,15,499,499,484
1275140092,4003923626,37,465,70,435,428,365
1026005521,558486967,102,392,34,476,290,442
884871716,85179732,88,411,0,499,323,499
1194938467,3162219078,136,364,8,494,228,486
1260177507,3891477093,0,499,62,436,499,374
1269933127,3964468224,38,461,1,498,423,497
1245407140,3792168102,62,436,0,499,374,499
1099704038,1706101276,125,374,62,436,249,374
1282571113,4057550702,26,482,11,427,456,416
1212998061,3017653240,0,499,5,493,499,488
1290525632,4093813086,33,466,0,499,433,499
1295960410,4128438382,18,474,114,377,456,263
1007561627,435036510,58,440,0,499,382,499
1195863637,3172231289,159,337,193,304,178,111
1310425986,4182243229,0,499,0,499,499,499
1174521685,2939742051,59,471,55,432,412,377
850867713,82442287,64,433,108,386,369,278
1026984086,569747286,102,396,57,449,294,392
1257827334,3883135056,63,435,25,462,372,437
1275683050,4006530380,0,499,0,499,499,499
1311002168,4184402451,0,499,0,499,499,499
1305149991,4164673204,106,388,51,463,282,412
1170017440,2889968619,0,499,107,392,499,285
1320169908,4215438655,44,455,14,476,411,462
255575425,9364848,62,436,0,499,374,499
1168291366,2855968133,71,428,0,499,357,499
1324062267,4236041600,17,488,34,474,471,440
1277249551,4021563002,73,460,22,464,387,442
1301721933,4153117470,36,404,85,375,368,290
1008910560,439634489,73,425,0,499,352,499
1281708312,4052932269,0,499,0,499,499,499
1252048293,3846824996,0,496,3,499,496,496
980706935,283670806,26,473,89,410,447,321
1065109721,1146673985,0,499,67,403,499,336
1265212932,3929895294,0,499,0,499,499,499
1100076475,1711734387,110,389,54,445,279,391
1281294180,3212853810,100,399,4,494,299,490
1119151454,1994720805,60,438,0,499,378,499
1280545411,4045477506,142,362,191,315,220,124
1247480097,3810740224,0,499,183,436,499,253
862582914,102705660,123,376,76,420,253,344
1253472492,3856677343,0,499,0,499,499,499
1269534235,3959448093,0,499,66,439,499,373
1190251537,2571130119,84,462,144,368,378,224
1209145928,2795371750,41,438,9,494,397,485
1315259332,4187765709,47,472,59,390,425,331
1307810184,4173020316,129,369,78,300,240,222
1242867562,3689260143,100,399,36,462,299,426
1252627997,3850328789,0,499,62,436,499,374
1160744209,2725725404,64,433,152,345,369,193
1310985228,4182113118,0,499,0,499,499,499
1311379200,4187114177,24,475,8,490,451,482
1075759625,1352145801,10,482,87,421,472,334
1015611840,487014863,88,387,174,356,299,182
917573628,163247279,91,405,0,487,314,487
981732162,285051288,158,337,16,490,179,474
1134307533,2279003315,179,311,10,494,132,484
914685852,159177761,96,423,0,499,327,499
1078603432,1401240070,90,409,16,483,319,467
1266353313,3934410404,0,458,82,416,458,334
1009356961,440824796,28,470,0,499,442,499
853543730,81824797,167,332,133,365,165,232
1301860008,4151010996,92,432,23,470,340,447
1174584731,2940638402,42,436,34,456,394,422
1159952939,2722000537,225,301,231,267,76,36
1283914912,4061627601,0,499,0,499,499,499
1097586212,1661475027,0,499,0,498,499,498
1292550243,4108945931,28,451,141,360,423,219
1176322809,2955940613,0,499,63,436,499,373
1146920613,2526343595,4,496,62,431,492,369
995098416,303051085,167,342,45,409,175,364
1113115243,1832669095,134,368,73,476,234,403
922885964,172499989,0,499,62,436,499,374
919080588,164527586,211,289,235,277,78,42
1299566912,4141746290,29,469,91,399,440,308
1258002925,3883870464,0,499,0,499,499,499
1284169638,4063432382,73,441,72,426,368,354
1236866932,3702175277,71,418,92,407,347,315
982371163,286169359,184,330,38,477,146,439
1026869317,569608184,110,388,50,449,278,399
1322004611,4229797506,24,478,9,486,454,477
1125496683,2091791179,62,436,0,499,374,499
1121064324,2029680966,6,494,18,473,488,455
1128229003,2139132270,125,388,156,370,263,214
1211831074,3407701107,62,436,0,499,374,499
1287880515,4079551104,7,499,0,415,492,415
1098433137,1679855183,152,329,38,494,177,456
1245203607,3789596123,0,499,0,499,499,499
1313290921,4197504180,0,373,135,499,373,364
997678552,93409902,190,309,159,339,119,180
1282023961,4050758526,32,460,77,387,428,310
973391003,268818857,11,488,0,499,477,499
1279218344,4037105511,30,448,64,464,418,400
1265221853,3929898797,16,430,59,454,414,395
1220392285,3544451144,32,447,127,420,415,293
1020391436,523400910,130,362,78,422,232,344
1244540405,3785187452,20,466,114,360,446,246
1043968581,854237650,63,436,0,499,373,499
1090795508,1563447816,74,433,62,446,359,384
1312714048,4190623271,62,436,0,499,374,499
1288006124,4079554065,129,358,67,434,229,367
1266841725,3940018292,0,499,0,498,499,498
1068868274,1204725830,6,493,101,400,487,299
1265206636,3929899943,18,490,105,394,472,289
1067415017,1180905136,3,445,108,388,442,280
1099478735,1703551417,57,442,0,499,385,499
1285468673,4068379251,0,499,0,499,499,499
1025368460,549006732,0,499,62,436,499,374
1135206706,2302479237,15,473,44,471,458,427
1053012529,1013581297,107,384,129,373,277,244
1174593483,2940640486,147,360,140,352,213,212
1304006024,4160804770,0,499,0,499,499,499
1175649298,2939669845,99,400,0,499,301,499
1281326813,4050825598,19,492,70,441,473,371
940542546,138718399,351,446,233,265,95,32
1033908875,669388798,83,416,0,499,333,499
1319430701,4214364255,103,411,129,394,308,265
1318750423,4215569304,88,404,68,481,316,413
940538169,138765892,75,410,219,279,335,60
1101054495,1747621970,82,417,15,483,335,468
1267261308,3813572011,0,499,140,436,499,296
1317193637,4210983454,18,467,146,352,449,206
940524286,204319118,0,499,62,436,499,374
1162088765,2747655003,158,332,172,338,174,166
866334098,109186813,193,298,223,318,105,95
1232188607,3657919270,29,479,43,468,450,425
1078129249,1394131708,90,409,130,369,319,239
1190250865,2041884735,0,499,62,436,499,374
1156653009,2675086606,81,404,186,355,323,169
1058147282,1086368331,192,308,175,325,116,150
291811051,6437832,75,424,96,403,349,307
1313437152,4197522469,46,405,25,441,359,416
1020106670,207170093,9,494,75,444,485,369
1118212747,1978315682,27,474,189,326,447,137
985270117,290257255,177,330,145,353,153,208
983903362,288224898,157,342,148,373,185,225
1271256806,3976840499,0,499,0,499,499,499
1257519731,2066109001,83,415,0,499,332,499
1319385584,4214348423,27,467,27,471,440,444
947188824,209342192,25,473,54,462,448,408
1294994022,4124828496,69,429,0,499,360,499
1100130615,1698774026,145,353,100,399,208,299
1199463545,3226853785,70,428,0,499,358,499
1026779083,569539786,109,390,50,449,281,399
1318174478,1494344324,24,453,61,441,429,380
1293346984,4104734685,18,477,150,365,459,215
1038046731,743049552,0,499,62,436,499,374
1299051705,4139887569,38,482,61,402,444,341
1328647707,4250697685,22,469,25,481,447,456
1258647506,3885518500,46,458,83,454,412,371
1199480239,1387502088,152,346,100,350,194,250
1137006174,2336122219,46,473,59,460,427,401
1257587035,3881984293,0,499,0,499,499,499
1191034045,3101160980,48,452,85,429,404,344
1167234952,2831987175,97,396,103,398,299,295
1083995105,1490979874,90,413,114,390,323,276
1311249902,4186785846,152,346,35,463,194,428
1031203775,606953461,75,423,0,499,348,499
1301431967,4060919571,0,499,0,499,499,499
1223038903,3575868708,60,425,28,474,365,446
917459992,126652451,62,436,0,499,374,499
1304142884,4160953204,106,388,51,463,282,412
894289879,141247406,99,413,126,341,314,215
1223795349,3584569147,36,468,24,467,432,443
1119048212,1991504589,20,481,18,475,461,457
1007652671,435076225,100,399,45,454,299,409
1282043403,4054381124,0,498,2,498,498,496
1302519710,4155420470,144,363,30,479,219,449
1265214880,3929900532,7,495,2,493,488,491
1306903057,4168961786,142,360,117,382,218,265
1211933981,1879750894,8,493,79,421,485,342
1283938529,4061633761,0,499,0,499,499,499
1325154748,4240471805,42,475,106,410,433,304
1174545949,2928659320,63,436,0,499,373,499
1161438026,2730593518,0,499,62,436,499,374
1325141468,4240466248,57,444,195,337,387,142
1267274831,3942384358,0,499,0,499,499,499
1279049208,4038261591,141,381,124,457,240,333
1165517690,2804629480,176,344,160,350,168,190
1275556806,4006494885,87,433,84,444,346,360
1227456032,3609110946,0,499,62,436,499,374
1276021067,4010224021,0,499,0,499,499,499
1276430787,4013272694,138,379,46,455,241,409
1172791588,2920940585,1,497,0,499,496,499
1158120672,2695197218,98,386,40,466,288,426
835805029,69981277,137,362,100,399,225,299
1314521908,4202304121,168,331,89,464,163,375
1163705487,2767232477,110,389,145,354,279,209
1007812478,435272454,102,396,50,449,294,399
1155983372,2662886875,103,394,185,320,291,135
906021566,150510236,116,383,0,499,267,499
1252085772,3846828719,0,499,0,499,499,499
1198784226,3219228715,155,344,100,399,189,299
1257233322,3879885458,44,454,144,333,410,189
1244410471,3780759177,0,499,0,499,499,499
1205825879,3312189792,21,463,146,357,442,211
1048112513,937519624,0,499,237,270,499,33
869408188,73909917,84,415,0,499,331,499
1256283157,3873558617,157,342,118,381,185,263
1237104651,3430061482,19,485,159,366,466,207
1244540878,3785187775,0,499,62,436,499,374
1196212507,3182722312,28,469,113,398,441,285
1262442040,3908157655,17,477,12,451,460,439
1324215849,4236298374,180,444,81,272,264,191
1065446271,278555230,138,361,111,385,223,274
1247713772,3812896860,0,499,0,499,499,499
1301366983,4151252451,130,398,27,385,268,358
1323063715,4231410542,88,410,150,374,322,224
853954804,85224156,196,302,175,324,106,149
908006181,152645392,0,499,62,436,499,374
1216939958,3487021657,34,489,2,495,455,493
1310681037,4182267565,66,463,104,420,397,316
1296418148,4130473659,0,499,0,499,499,499
1282828249,4058286178,0,499,0,499,499,499
1275609409,4006500602,0,498,84,418,498,334
947206925,209370105,25,499,16,499,474,483
1312302245,4194027533,14,461,22,477,447,455
1296699437,4109849448,91,400,94,383,309,289
1247281933,261572836,52,446,0,499,394,499
1237798347,3723329721,63,437,0,487,374,487
1324218616,4235883675,0,499,0,499,499,499
1239766702,3740015968,100,399,33,466,299,433
1324867063,4238996644,138,361,138,361,223,223
1282789959,4057522357,19,480,45,442,461,397
922343226,171106013,202,296,183,315,94,132
998293504,334562897,56,407,88,409,351,321
933252314,190105682,72,426,0,499,354,499
1238972758,532979650,230,316,135,355,86,220
1240519337,3748194979,2,498,110,387,496,277
1246318628,3798470788,135,371,141,358,236,217
83012130,2705071,144,354,108,390,210,282
1075719710,1352056413,155,344,160,383,189,223
1249694614,3820892119,167,331,135,365,164,230
1180958425,2999122372,199,334,141,381,135,240
1299290264,4141675882,0,499,0,499,499,499
1307311343,4171075185,33,474,20,499,441,479
1231515131,1977003327,0,499,144,363,499,219
1026368444,562801786,0,499,52,447,499,395
1270213135,3969772787,0,499,0,499,499,499
1287952640,4079553489,0,499,0,499,499,499
1295220841,4125633556,166,335,2,490,169,488
1113061672,1926714964,11,488,23,487,477,464
941257466,203642015,45,443,77,412,398,335
1172914993,2921320333,0,499,62,436,499,374
1168990945,2865656301,47,452,0,499,405,499
1121335620,2010567607,167,304,104,286,137,182
955914504,220623916,159,338,58,432,179,374
1240962772,3751611766,72,417,173,310,345,137
1283498745,4061581031,0,499,0,499,499,499
1307842059,4172829693,1,498,79,419,497,340
1007726719,435111882,78,420,0,499,342,499
1249534667,3819979683,44,489,40,469,445,429
955827805,220445353,125,374,58,441,249,383
1235878267,3701260944,33,473,60,460,440,400
1244541485,3785188048,0,499,122,436,499,314
1019386003,516583581,0,499,109,389,499,280
1262733086,3910821645,23,457,61,419,434,358
1317242321,4210986908,35,492,21,471,457,450
1132215326,2221888973,0,499,84,415,499,331
1016730272,501302105,0,499,109,389,499,280
1061549028,567637228,30,472,108,393,442,285
1305039068,4164658368,106,388,51,463,282,412
1079870994,1429217413,1,496,8,493,495,485
976859584,276895846,0,499,246,248,499,2
1207865775,3347400169,68,425,101,395,357,294
1087851351,1530512708,218,306,88,421,88,333
855557430,88293283,39,460,29,470,421,441
1250253372,3831235452,15,485,74,440,470,366
1181452085,3002989757,69,383,107,343,314,236
286179530,16659191,68,430,0,499,362,499
948021176,210584765,0,499,147,352,499,205
1281974108,4050744609,20,437,104,342,417,238
1311215754,4182064253,146,377,33,481,231,448
1228227022,3615365957,31,481,66,424,450,358
970276095,258912795,190,308,0,499,118,499
1313459475,4183316739,32,464,67,442,432,375
1007744478,435081081,66,433,0,499,367,499
1318451192,4156731991,37,442,95,402,405,307
1076964450,144017965,100,399,0,499,299,499
1266156065,3935896803,114,376,47,470,262,423
1280121530,4042484104,0,479,78,497,479,419
522713230,116423175,178,321,150,349,143,199
296273618,18324112,0,499,139,360,499,221
1027112441,569663335,100,398,50,449,298,399
1289418678,4087645321,21,481,23,485,460,462
1100069763,1711736109,110,389,52,446,279,394
1265212790,3929895281,0,499,0,499,499,499
1254712368,3863649538,0,499,0,499,499,499
1253151447,3855161595,111,422,12,484,311,472
1256833912,3875162823,50,453,152,346,403,194
987549652,294380013,187,347,74,499,160,425
1146387172,2518056877,7,492,23,477,485,454
1245880258,3795107756,0,499,0,499,499,499
1026821159,569635119,103,396,50,449,293,399
1007990433,435852581,150,349,106,392,199,286
1255802419,3871120956,0,499,0,499,499,499
1179856013,2977981893,120,379,68,430,259,362
1288991904,4085933358,33,465,59,475,432,416
1117824800,1976678367,180,324,110,373,144,263
1271570518,3978107009,8,492,23,474,484,451
1272464038,3989794445,139,361,4,491,222,487
1190251078,1967365996,51,449,76,423,398,347
964631656,247669194,185,321,176,318,136,142
1309697518,4152944038,49,434,71,435,385,364
1038093462,745713066,94,402,14,476,308,462
1008014683,435891916,150,349,116,383,199,267
1320400851,4224453257,68,433,72,432,365,360
1265215082,3929895308,7,494,17,467,487,450
1218905926,3515129377,37,461,0,499,424,499
1325108197,4240397700,155,330,136,364,175,228
1306859927,4167092755,0,499,0,499,499,499
1077540689,1374123356,79,418,0,499,339,499
1323342298,4231758034,86,412,23,464,326,441
1133923386,2268965380,85,391,142,353,306,211
1274195532,3997820614,0,499,0,499,499,499
1318442319,2268697128,53,469,164,326,416,162
1239003809,3731602749,0,499,113,436,499,323
1196960445,3202622362,9,491,57,450,482,393
1196608399,3194386518,113,386,94,405,273,311
1012793494,461069081,169,334,1,497,165,496
1282024780,4050758727,60,439,81,418,379,337
1266210057,3937634490,35,454,26,484,419,458
1198686717,1100398397,150,349,100,399,199,299
1297264035,4110444226,35,470,43,477,435,434
1022784822,530239301,73,471,19,480,398,461
1181313675,3000809274,62,436,0,499,374,499
1286010797,4071439299,0,499,0,499,499,499
835765140,70098189,150,349,114,384,199,270
1301540175,4150997780,72,438,9,476,366,467
1215486554,3470037518,71,444,8,494,373,486
1283924826,4061632705,0,441,14,499,441,485
1270411288,3971707865,26,499,141,391,473,250
1252590180,3850028826,99,428,57,437,329,380
1065274422,1059949501,88,410,12,486,322,474
1061289832,143838664,97,395,24,478,298,454
1164521065,2782770449,81,418,0,499,337,499
160556530,4195275,145,354,100,399,209,299
1240883697,3750441477,0,474,68,457,474,389
1082507807,1455484839,190,304,129,362,114,233
1242870540,3218810312,100,399,3,495,299,492
1262467944,3904988562,165,357,33,461,192,428
1189935464,3084360722,129,358,123,374,229,251
1316119216,4200871343,36,462,0,498,426,498
1185609379,3018779643,153,346,120,378,193,258
1278881268,4019991608,0,499,62,436,499,374
1257020989,3876966808,87,412,0,499,325,499
1318256413,3106504820,38,427,95,418,389,323
1253940187,3859351700,60,424,106,455,364,349
1252627027,3850328146,160,356,112,398,196,286
1284206572,4058896018,0,499,0,499,499,499
1292939206,4102468393,23,468,40,371,445,331
1288067650,4079554964,0,499,0,499,499,499
1036752395,550617808,186,314,134,375,128,241
1285057086,4063745537,0,499,69,499,499,430
1243212397,3770729952,56,489,46,417,433,371
1024328875,542257985,62,436,0,499,374,499
1292743728,4113478930,11,490,130,320,479,190
1310576465,4184382739,65,427,88,417,362,329
1244483267,3784694204,0,499,62,436,499,374
886198991,131818124,87,395,18,490,308,472
1225887613,1846533536,125,374,163,374,249,211
1113107849,1788740567,142,371,10,491,229,481
850844498,82420375,196,302,183,324,106,141
1192476346,3128685931,18,421,160,350,403,190
1207288952,3328005160,62,436,0,499,374,499
1269833093,3962792310,11,483,100,432,472,332
1285449657,3962004279,96,401,0,499,305,499
1123358430,2051530841,94,405,27,471,311,444
1005772536,285194823,188,311,165,334,123,169
1269553100,3959451263,0,498,63,419,498,356
1307897161,4173317061,0,499,30,469,499,439
1217414904,3494065291,162,341,173,340,179,167
1276306907,4012661796,4,487,0,485,483,485
1087794336,1524703775,91,409,11,492,318,481
1316139907,4200873215,0,499,33,499,499,466
1181167201,3000781056,84,433,133,404,349,271
1112678763,1924580431,30,467,103,499,437,396
287896491,17038515,0,499,4,495,499,491
934394264,192450547,0,499,12,486,499,474
1317929991,4215695990,0,499,0,499,499,499
1072470534,1296724181,102,396,155,344,294,189
770140784,61610390,62,436,0,499,374,499
1233588089,3680917457,73,425,0,499,352,499
971679205,262528738,62,436,0,499,374,499
1174593970,2940640666,19,479,8,498,460,490
1306624933,4168967683,58,441,119,379,383,260
1319146949,4218234473,65,454,88,403,389,315
1108738538,1878218324,110,389,53,446,279,393
1241222082,3754433728,11,483,114,424,472,310
1288731223,4085396773,109,390,0,499,281,499
1254746574,3864929503,26,440,98,410,414,312
1029511644,591830003,121,352,122,356,231,234
939600550,202467975,7,480,66,435,473,369
1078152780,1395092261,80,393,119,374,313,255
1178153150,2955905992,0,499,62,436,499,374
1309962395,4181943377,76,422,92,417,346,325
1200894298,1888113319,21,482,32,396,461,364
1276353087,4012864032,0,499,95,499,499,404
1292835950,4114172718,0,499,0,499,499,499
1093204510,1598973436,153,346,100,347,193,247
1280707081,4046438852,43,474,185,318,431,133
1286529442,4075337450,99,401,4,253,302,249
757081497,51354056,185,314,185,314,129,129
1117513050,1974898065,0,499,62,436,499,374
1310140126,4182222509,30,472,157,366,442,209
1126939918,278528639,175,323,100,399,148,299
922170540,170807968,215,269,109,392,54,283
1176503826,2958499684,4,494,140,356,490,216
623006,992278,160,339,127,371,179,244
1105818230,1856448230,62,436,0,499,374,499
1144384229,2480226288,75,430,116,399,355,283
1318394509,282410977,41,434,181,390,393,209
1322866125,4231778033,47,475,31,457,428,426
1137047412,2329533211,152,347,121,377,195,256
1064534888,1138461319,30,469,4,494,439,490
1027100936,569699321,106,393,50,449,287,399
889386277,135596619,2,497,0,499,495,499
1265224519,3929899887,18,474,93,402,456,309
1031549087,612506493,51,448,51,448,397,397
939598022,202165499,72,427,0,499,355,499
1287041318,4074712835,73,431,113,401,358,288
1270262237,1029061728,100,360,120,452,260,332
1045217576,868662417,147,351,99,399,204,300
955349756,219977115,0,499,62,436,499,374
1202897450,3256383724,10,488,0,499,478,499
1328693750,4250700681,124,379,121,376,255,255
1215358064,1459301555,64,469,49,421,405,372
1255754619,3868364099,108,401,62,431,293,369
1314524674,4202304184,35,460,17,478,425,461
1240234503,3745162122,97,401,5,487,304,482
1104460679,1834069048,12,449,20,489,437,469
1261877078,3900713469,0,499,0,499,499,499
883036347,127735642,54,445,0,499,391,499
1115889065,1951951502,111,398,67,435,287,368
1241683258,3155065917,70,429,11,493,359,482
1116558805,1962187547,180,319,156,342,139,186
946553062,199083268,193,306,156,342,113,186
1310202477,4182225514,0,499,0,499,499,499
1261171346,3898707159,16,481,123,368,465,245
1319223712,4218317996,117,378,57,452,261,395
1309139155,4179726394,7,487,20,493,480,473
1290347099,4091053249,71,427,0,499,356,499
1254446782,3860155663,73,431,26,473,358,447
1243659399,3775275380,0,499,150,436,499,286
140473730,3214873,245,312,205,278,67,73
1275474137,4006487912,0,499,0,499,499,499
1277687990,4024339443,0,499,109,389,499,280
1097096212,1666316118,48,473,126,388,425,262
1288937515,4081544113,62,436,0,499,374,499
1220223747,3541021898,74,436,110,368,362,258
956362027,221564683,80,419,37,461,339,424
854951430,87887587,131,368,90,408,237,318
1320118666,4215395474,26,484,142,359,458,217
1276353786,4012864777,41,449,101,383,408,282
1278947207,4037569234,25,479,68,420,454,352
1071762773,1297388110,73,426,0,499,353,499
1305600224,4144959218,76,458,69,439,382,370
1251407141,3842550418,17,487,61,449,470,388
1047920732,934125267,73,426,0,499,353,499
1166968358,2827810843,114,386,40,479,272,439
1297553145,4131052368,72,426,0,499,354,499
1257913139,3883412222,0,499,0,499,499,499
947951184,210440554,0,499,62,436,499,374
1278212016,4030673805,11,362,138,403,351,265
1318893357,4213591997,35,477,113,353,442,240
874840,1186980,193,305,168,330,112,162
1234786055,3690369400,58,434,14,499,376,485
1273539015,3992748809,0,499,0,499,499,499
1078792028,1408724266,73,426,0,499,353,499
1236030940,3700322208,62,436,0,499,374,499
1317555252,4213728925,19,482,87,400,463,313
958784461,229497640,4,495,10,489,491,479
1232369764,3660534514,130,417,171,378,287,207
1322676468,4230268326,13,487,47,476,474,429
1176505294,2958503731,62,437,62,436,375,374
1267261278,3813572005,0,499,140,436,499,296
1182352067,3006716958,69,431,74,447,362,373
1257150798,3879365284,0,499,0,499,499,499
1254286838,3859875728,185,304,0,242,119,242
1190000487,3088211660,123,380,29,484,257,455
1323542232,4234329056,0,499,83,415,499,332
1186358409,3028057444,194,328,72,441,134,369
1275470952,4006486279,0,499,0,499,499,499
1267520972,3943043236,0,499,138,360,499,222
1236951247,3710992394,0,499,62,436,499,374
1118396321,1983979553,74,432,99,407,358,308
297727396,16576360,72,426,0,499,354,499
1252627688,3850328521,0,499,62,436,499,374
1310882859,4184609174,45,438,35,451,393,416
1148441928,2542508835,190,309,6,488,119,482
1297069755,4110236836,33,453,38,464,420,426
1240533295,3748250939,64,430,70,437,366,367
1292257089,4108380797,109,483,64,427,374,363
1313411233,4197672912,95,404,174,390,309,216
1248378788,3814871073,36,442,66,433,406,367
865952524,103638013,65,435,3,496,370,493
1026798072,569549484,100,399,61,438,299,377
316914602,46661450,0,499,95,404,499,309
1282008975,4053878642,17,481,114,471,464,357
1027338543,570664517,104,395,50,449,291,399
1269442604,3957800244,0,499,0,499,499,499
1323017101,4232485222,194,294,152,382,100,230
901532071,46638752,112,386,3,459,274,456
1176421581,2957299785,3,497,164,344,494,180
711428095,58980283,145,354,100,399,209,299
1244926930,3787542787,0,499,88,411,499,323
967480982,254415449,170,349,191,319,179,128
1167974037,2603116040,0,499,83,415,499,332
1220242896,3541030669,160,341,135,351,181,216
977005384,277168861,0,499,63,436,499,373
1312265061,4193883191,82,424,10,491,342,481
1009258589,440565630,160,339,132,367,179,235
987596389,294374946,154,337,25,480,183,455
1133961942,2270341349,0,499,0,499,499,499
1269686937,2707016015,100,399,25,474,299,449
1192264264,3125307703,90,412,11,492,322,481
1123625075,278570009,157,341,114,399,184,285
1234768213,3690228629,31,455,161,368,424,207
1211406780,3397655750,0,499,75,424,499,349
1204241340,3287280369,5,477,18,475,472,457
1067457249,614170098,152,346,110,389,194,279
1140998107,2390951445,62,436,0,499,374,499
1006812703,428550460,10,492,11,490,482,479
1306502450,4165277382,92,406,0,499,314,499
1174589410,2940639478,9,491,92,481,482,389
1215510604,3470054038,169,307,52,499,138,447
964264484,207088841,68,430,0,499,362,499
1276006700,4010222166,12,463,11,493,451,482
1275707296,4006536514,0,499,0,499,499,499
1265192905,3929887189,13,466,15,464,453,449
870547885,114970510,0,499,132,367,499,235
1215509374,3470053435,59,437,9,490,378,481
1270031323,3966590761,43,467,55,464,424,409
1263795797,3915259567,9,487,105,384,478,279
1117520247,1974938417,103,395,57,442,292,385
1188546157,3067343427,338,339,136,331,1,195
1266343256,3938140284,72,401,63,431,329,368
834568646,461265,78,420,12,486,342,474
1270219443,3969948696,16,467,193,372,451,179
1248575472,3813382931,0,499,62,436,499,374
1142744618,2454490622,84,415,0,499,331,499
1057827143,1081883461,0,499,62,436,499,374
853231199,83972677,150,349,107,391,199,284
1237108390,1681885237,39,456,150,356,417,206
987660068,294484766,100,399,60,439,299,379
1277208742,4020103914,71,422,123,460,351,337
1048011465,935603170,137,361,166,332,224,166
935730186,195379323,0,499,62,436,499,374
987443562,294323546,42,446,21,476,404,455
1273291790,3992554970,16,464,60,467,448,407
1218929644,3521434009,0,499,0,499,499,499
1164498536,2786150053,71,428,70,428,357,358
1009210402,440488790,78,421,0,499,343,499
922190638,170889452,0,499,0,499,499,499
1240776766,3749416606,27,466,79,402,439,323
1027169883,569800970,109,389,50,449,280,399
1251883644,3846168358,142,363,85,428,221,343
1069319615,1235061047,100,398,27,475,298,448
848496642,79419958,0,499,58,440,499,382
1318899433,4218258632,0,499,2,499,499,497
1013669291,468767282,62,436,0,499,374,499
1324141540,4236042709,0,499,0,499,499,499
1169449857,2875392167,21,477,135,363,456,228
1204252066,3287292795,90,410,11,480,320,469
1007689168,435159834,101,398,50,449,297,399
1276050252,4010225208,0,497,14,499,497,485
995101866,303051722,145,337,70,416,192,346
1247849136,3813570949,0,499,62,436,499,374
1233522257,3680555069,46,457,89,427,411,338
1278042090,4029143770,110,369,32,490,259,458
1188538866,3067204205,130,369,130,369,239,239
859671427,92570067,190,311,184,329,121,145
1292835842,4114172715,0,499,0,499,499,499
1219032414,3518815849,91,410,89,410,319,321
1324026411,4235889265,21,477,67,427,456,360
1022948919,531408019,62,436,0,499,374,499
1027257176,570628331,104,395,50,449,291,399
976325270,275676656,50,449,124,374,399,250
1279215727,4037105004,108,422,100,399,314,299
844572947,72713265,0,499,0,498,499,498
966096223,251187276,0,499,72,427,499,355
996432264,308803846,100,401,6,496,301,490
1255533336,3870200014,48,464,129,355,416,226
985572300,291058374,24,467,73,425,443,352
1281739262,4052948346,0,499,0,499,499,499
1236892221,3715433519,76,442,21,476,366,455
1306817780,4167088287,106,388,51,463,282,412
1225887446,3209403485,133,356,150,369,223,219
1071784557,1292381115,0,499,34,465,499,431
1215400891,3470132432,59,442,79,427,383,348
1314897556,4186842873,217,255,98,103,38,5
1071673380,1291522845,63,436,0,499,373,499
1058751027,1089356403,153,345,100,399,192,299
1276234576,4012329061,62,436,0,499,374,499
1073970911,1327036895,158,341,111,388,183,277
1204253115,3287293456,5,499,2,498,494,496
1275496198,4006489111,80,407,115,437,327,322
1290766955,4096310370,199,365,135,389,166,254
1321636153,4227453918,23,422,123,464,399,341
1273139322,3993160256,48,359,209,376,311,167
1261194837,3894674247,0,499,111,388,499,277
1258649469,3883456215,107,426,102,436,319,334
1314453392,4202303069,93,346,21,493,253,472
1289812625,4089927743,54,420,120,364,366,244
1282796924,4057523086,112,360,114,480,248,366
1282285510,4055997319,24,477,24,477,453,453
1323328360,4231757409,0,499,17,499,499,482
1283882448,4061621463,121,480,220,351,359,131
968931579,1078795458,0,499,0,499,499,499
895724680,142364713,112,387,0,499,275,499
1281294374,2757416431,100,399,83,431,299,348
1181361033,3002373949,69,429,180,356,360,176
1043777978,181333836,93,405,0,499,312,499
938702560,2921430,62,436,0,499,374,499
1319688918,4214664761,16,487,129,389,471,260
1164322495,472640722,155,338,158,262,183,104
1167624228,2765135414,128,382,143,415,254,272
1268424727,3951006182,57,458,22,486,401,464
1131068973,2192173922,102,379,21,438,277,417
1008154953,436069390,160,339,130,369,179,239
947128283,97662640,129,369,90,416,240,326
1212923622,3436215684,68,431,0,499,363,499
1007978931,435841733,100,399,53,446,299,393
1243658960,3775275028,0,499,169,436,499,267
1261177880,3898708517,176,323,63,431,147,368
1223580524,3582302063,5,494,127,380,489,253
1316128343,4200872255,37,459,45,447,422,402
964760315,248184986,0,499,0,499,499,499
1037646947,735229743,117,381,65,434,264,369
1248612900,3816500482,0,499,0,499,499,499
1257179447,1040041658,100,399,40,459,299,419
956733069,223026559,75,423,0,499,348,499
183512830,5648634,145,354,100,399,209,299
1194254293,3156368454,49,450,0,499,401,499
1156470926,2670728219,80,419,1,499,339,498
1325242825,4240794529,12,486,60,345,474,285
908819482,153052308,70,429,2,499,359,497
1264332128,3925311964,101,490,211,298,389,87
1246470807,3799302797,0,499,63,436,499,373
909513756,11621047,188,311,165,334,123,169
1261173554,3898707828,10,481,164,336,471,172
1191424568,3107241707,189,322,99,391,133,292
875804149,94111818,89,409,0,499,320,499
42668430,1832559,76,422,0,499,346,499
1310463742,4182320502,10,488,76,414,478,338
1104584400,1838575231,196,294,112,431,98,319
1255275353,3868412571,0,499,0,499,499,499
1015521744,484961777,55,464,94,406,409,312
1275146827,4003925191,82,407,82,402,325,320
1065968261,1158422953,0,499,84,415,499,331
1256093550,3873228399,13,488,129,382,475,253
1255792720,3871122524,0,499,0,499,499,499
1313875996,4200413955,130,275,101,415,145,314
1244026985,278413219,100,399,25,468,299,443
1100063161,1711728451,180,319,153,346,139,193
1273138750,3992405021,15,473,44,465,458,421
1063104641,1122910882,153,344,19,480,191,461
1275584791,4006497673,27,480,30,475,453,445
1265371021,3930076549,76,434,0,479,358,479
1104568494,1251631264,20,467,20,457,447,437
1176097446,2954028446,115,399,140,365,284,225
350414296,4237278,58,422,0,499,364,499
1211147599,3392800183,62,436,0,499,374,499
900991993,137253004,62,436,0,499,374,499
1225842657,3593224129,0,499,0,499,499,499
1238220450,3930059712,73,425,0,499,352,499
1311678819,4188903942,0,499,0,499,499,499
1004701859,408800741,0,499,62,436,499,374
1320968223,4221642431,367,470,208,408,103,200
1238953732,3727749097,122,369,111,380,247,269
1323709980,4234905265,110,389,54,445,279,391
894163602,137252469,0,499,97,401,499,304
1250767389,3835554880,110,389,54,445,279,391
1111630417,1128749362,61,461,44,472,400,428
1273153718,3993171176,50,327,220,361,277,141
926016415,175974565,102,361,100,382,259,282
1265214930,3929900534,40,470,19,453,430,434
1124719679,2081101470,156,343,100,399,187,299
1283545263,4061584057,0,499,0,499,499,499
1201835282,3249409266,76,432,20,474,356,454
1310044238,4181951356,0,450,29,438,450,409
1211558505,3403962272,73,426,0,499,353,499
916695474,161789149,62,436,0,499,374,499
1316978812,4211079784,0,499,0,499,499,499
895761124,132034540,71,428,1,497,357,496
1277777086,4026080034,26,475,112,412,449,300
1076149929,1358663199,92,419,37,458,327,421
1249850440,3824624735,31,476,113,371,445,258
1092217367,505731907,167,345,100,399,178,299
1127501950,2123765788,71,427,0,499,356,499
1276306130,4012720799,21,488,0,499,467,499
1188356827,3058142257,0,498,0,499,498,499
1265205424,3929890008,63,436,80,499,373,419
1134793391,2292391989,95,433,97,482,338,385
1174591614,2940640128,59,415,18,490,356,472
1018593450,511759342,103,451,192,364,348,172
1110077301,1898572364,107,412,181,312,305,131
1027200230,569999790,100,399,60,438,299,378
1276340997,4012861055,16,490,104,401,474,297
1204263782,3287309879,186,303,203,332,117,129
1268568016,3952099480,178,325,138,369,147,231
1280814687,55019966,92,406,0,499,314,499
1250065996,3829100180,20,484,165,346,464,181
1258621535,3885537531,16,485,20,485,469,465
1271453081,3977397455,0,499,0,499,499,499
874731645,74902539,71,427,0,499,356,499
1273632192,3992770461,73,437,80,444,364,364
1243403595,3773717995,19,480,75,420,461,345
1261329271,3899483306,43,454,31,483,411,452
1099339307,1698920246,0,499,0,499,499,499
1190250839,2041884729,0,499,62,436,499,374
1254652389,2665752834,89,409,0,499,320,499
1068058890,1188156126,70,428,0,499,358,499
984701340,289472891,0,499,62,436,499,374
1305020454,4164611272,106,388,51,463,282,412
1023853413,538266945,149,350,200,374,201,174
1319498642,4214430882,125,428,100,451,303,351
1134165265,2274442884,0,499,0,499,499,499
1005828369,418197027,100,400,175,411,300,236
1269503055,3959371342,28,454,115,433,426,318
1033450634,650094991,36,463,10,489,427,479
1264349592,3921127339,0,499,107,392,499,285
1232270438,3658869591,99,389,51,473,290,422
1159652263,2713547705,0,499,62,436,499,374
1195221490,3165555833,1,496,40,454,495,414
892755563,139989923,116,383,136,362,267,226
920488792,166363456,49,450,0,499,401,499
1102967684,1792750413,145,351,113,387,206,274
1304033987,4160884274,106,388,51,463,282,412
1281303555,4050817762,121,268,111,237,147,126
980292858,283317073,9,475,68,432,466,364
1308827513,278798660,100,399,51,448,299,397
1141700227,2440545859,116,392,11,485,276,474
1143061332,2453428397,0,499,62,436,499,374
1204202210,3287130295,49,457,13,473,408,460
1246302197,3798145305,0,499,62,436,499,374
1275175304,4004092624,0,499,0,499,499,499
1111792591,1914449966,62,436,0,499,374,499
1299549259,4141711866,36,447,138,386,411,248
1227165115,3607251164,136,367,165,323,231,158
1033946816,670622043,146,355,35,466,209,431
1198220364,3212880627,154,345,125,338,191,213
905768077,150373609,105,393,0,499,288,499
1310086064,4182217770,133,417,116,417,284,301
1292950213,4114989596,0,499,62,436,499,374
1022057184,515970609,190,309,165,334,119,169
1295923271,4127721341,51,436,86,393,385,307
1306608595,4168967270,35,480,111,483,445,372
1244058046,3778597659,47,460,85,392,413,307
959920735,234045089,75,423,0,499,348,499
1244366805,3783315938,148,381,125,370,233,245
939423336,201422904,73,426,0,499,353,499
1282666218,4056669984,62,436,0,499,374,499
1239769141,3740090995,59,437,1,499,378,498
1191987824,3120006546,145,368,123,399,223,276
1140169947,2404665974,100,399,28,472,299,444
937823459,149228698,209,289,170,349,80,179
957945459,226034183,4,495,10,489,491,479
1311085002,4181902980,0,499,0,499,499,499
1110818934,1904714605,189,309,115,373,120,258
1009123232,439922661,0,499,62,436,499,374
1243658950,3775275023,0,499,169,436,499,267
1295930800,1347505191,0,499,0,499,499,499
914686485,159178309,95,423,1,499,328,498
1190252393,1876686738,37,474,163,353,437,190
1240226498,3745006410,151,350,33,488,199,455
1275639926,4006509673,72,419,108,436,347,328
938259002,88528358,62,436,23,499,374,476
1156680346,2662296760,0,499,98,401,499,303
1243503527,3774099045,119,394,38,481,275,443
1311538428,4187536751,1,499,1,499,498,498
958334413,227201056,65,434,0,499,369,499
1149932421,2567419538,84,413,52,446,329,394
1258098904,3884057439,150,347,132,368,197,236
1040598055,816202261,149,349,100,399,200,299
1323101919,4231817428,0,499,0,499,499,499
898891869,144903306,0,499,114,385,499,271
873763956,119522980,62,436,0,499,374,499
915097697,159603888,0,499,0,499,499,499
1092346206,1581951641,0,499,0,499,499,499
1307506618,4170895727,48,454,87,448,406,361
1211115908,3391888098,162,337,100,399,175,299
1137032228,2338985726,0,499,62,436,499,374
1316094229,4200868702,12,490,22,499,478,477
1124252087,2074172104,30,499,125,461,469,336
1152365104,2604231643,0,499,62,436,499,374
1325262868,4240795217,0,499,0,499,499,499
1323313434,4231696335,149,339,43,499,190,456
880691180,124166266,160,324,162,335,164,173
1100061722,1711730371,70,429,145,354,359,209
1323271332,4231688780,77,434,75,448,357,373
1225663273,3460634513,125,249,125,338,124,213
1282773123,4058944552,0,499,0,499,499,499
1138667121,2373722694,145,318,41,451,173,410
1254366876,3861294420,0,499,0,499,499,499
1282283537,4055996868,108,376,26,444,268,418
1133611350,2246837544,0,499,109,389,499,280
1283622777,4061593402,68,486,112,394,418,282
1220307896,3542334990,0,499,62,436,499,374
1322853329,4231776541,37,470,56,486,433,430
987678360,294488984,91,414,33,441,323,408
900895388,125347347,21,481,88,411,460,323
1313374304,4183130453,180,318,206,469,138,263
1193034159,3131038880,0,499,62,436,499,374
933257070,190109466,72,426,13,499,354,486
1258224254,3883967218,0,499,0,499,499,499
1310812637,4182108521,19,482,24,474,463,450
1311063329,4182118305,0,443,25,499,443,474
1075718651,1352056863,158,341,100,399,183,299
1299215598,4141566308,43,456,46,459,413,413
1257652276,3881722429,0,499,0,499,499,499
1260610490,3894558833,25,462,216,317,437,101
1289751640,4086158960,83,489,115,404,406,289
1126754536,2106876972,4,472,41,499,468,458
1041123847,823773150,26,444,72,313,418,241
1270731393,3973779791,141,352,107,303,211,196
847283123,76723454,0,499,62,436,499,374
937682714,198780784,65,433,0,499,368,499
883159844,127957548,62,436,0,499,374,499
659026,822845,14,485,14,485,471,471
1255675358,3870848110,32,468,107,403,436,296
1313357177,4197666944,64,446,53,407,382,354
1254527164,3861765144,0,499,0,499,499,499
966044099,251487377,0,499,62,436,499,374
1283685151,4061598004,117,379,118,374,262,256
1292743637,4113478922,89,424,10,450,335,440
1270601897,3972162655,0,499,0,498,499,498
1181357262,3002344082,95,377,123,399,282,276
1176503593,2958499417,16,489,151,341,473,190
1234812515,3686054856,62,436,0,499,374,499
1146385858,2205175087,192,305,60,436,113,376
927631191,180700317,68,430,0,499,362,499
973990198,270437825,62,436,0,499,374,499
1310342004,4182236448,86,448,80,446,362,366
1042766980,844693471,157,334,132,399,177,267
1133749995,2264670104,0,499,0,499,499,499
1318319982,2850916396,43,448,108,425,405,317
1255046140,3867033032,19,491,9,490,472,481
972193267,264546042,110,391,221,363,281,142
1240670239,3748061438,40,470,40,434,430,394
1275721881,4008135954,80,489,102,399,409,297
1301540777,4150997838,201,313,79,409,112,330
1188546982,3067345251,115,393,63,474,278,411
1324204129,4236298009,41,473,112,389,432,277
1263878058,3921316478,125,378,10,499,253,489
885415072,131083358,71,427,0,499,356,499
921379568,168729481,84,403,85,405,319,320
971955640,263778948,83,415,0,499,332,499
882889974,127382224,62,436,0,499,374,499
1317694589,4211189442,210,286,67,226,76,159
1252252400,3847020770,62,436,0,499,374,499
1068210109,1190504043,0,499,83,415,499,332
1109438670,1887654981,62,436,0,499,374,499
1249535459,3819982759,6,493,12,473,487,461
1277445670,4023855901,62,436,0,499,374,499
1285119210,4066268989,173,353,15,487,180,472
1192148934,3122641446,68,432,22,488,364,466
1268568037,3952099481,0,499,66,432,499,366
1229900483,3629766093,71,430,11,434,359,423
1039843998,802192876,36,463,10,489,427,479
1305055119,4164659638,106,388,51,463,282,412
1108268601,1873566861,0,499,29,469,499,440
566021762,53932860,62,436,0,487,374,487
1270256809,283170749,100,399,13,485,299,472
1293367415,4104750219,53,446,91,415,393,324
1105887769,1857938484,49,450,0,499,401,499
967463854,207294173,196,307,184,320,111,136
1254357791,3861293675,151,345,25,499,194,474
1096948086,1663364592,0,499,87,412,499,325
1042990721,846366971,98,400,97,396,302,299
994032509,301910855,61,430,160,375,369,215
1263007323,3913253782,63,434,88,403,371,315
1324206208,4236298084,42,455,19,471,413,452
1276664565,4014724457,0,495,85,424,495,339
1299085029,4140340815,79,419,0,499,340,499
1299193290,4139571005,22,453,20,480,431,460
1206068156,2766372120,23,479,18,469,456,451
1306574449,4168873548,0,499,84,414,499,330
1265235694,3929959339,7,492,26,475,485,449
1168887835,2866761954,22,469,138,361,447,223
1325111104,4240397860,117,421,111,222,304,111
1323903052,4231425690,151,296,366,499,145,133
1252627356,3850328383,0,499,169,436,499,267
835154132,68737854,14,484,64,435,470,371
1215524267,3470061826,100,399,137,361,299,224
1323251741,4231686578,105,448,26,462,343,436
1145364877,2494082670,2,496,0,499,494,499
1268419949,3951005757,67,475,51,477,408,426
1289073485,4085964492,14,476,15,484,462,469
1296398891,4130472959,0,499,24,499,499,475
1280350705,4044581786,23,477,110,407,454,297
875419924,64115569,202,297,178,316,95,138
1075760101,1352146059,210,213,335,338,3,3
1237207968,3716591433,153,344,24,499,191,475
1116870773,278552190,150,349,100,399,199,299
874732242,95767129,71,427,0,499,356,499
853214363,83983796,197,334,201,290,137,89
1269702175,3961980118,0,499,0,499,499,499
933254571,190108388,73,425,8,498,352,490
1283274959,4058784695,0,499,62,436,499,374
1024219906,542298994,83,427,115,357,344,242
933264007,190112428,84,414,4,499,330,495
1313272621,4197661894,0,499,0,499,499,499
1007572233,435037825,58,440,0,499,382,499
1126362258,2103209549,0,499,63,437,499,374
1174585491,2940638497,8,499,7,499,491,492
1075529753,1348519248,115,389,44,466,274,422
1292675674,4112798994,85,411,28,482,326,454
1275569034,4006496784,67,450,97,413,383,316
1281707281,4052946865,8,489,50,476,481,426
1273756409,3992789693,32,444,72,462,412,390
1293102192,4116332080,0,499,62,436,499,374
1123340370,2049473278,154,344,100,399,190,299
1168537950,56459429,74,462,18,464,388,446
1255758001,3871285841,26,480,70,451,454,381
1176505076,2958501328,72,427,72,426,355,354
1325888059,4243175322,141,360,104,397,219,293
1313179188,4182716242,46,447,24,479,401,455
1129601399,2168633386,0,499,0,499,499,499
1225887425,3209403476,148,322,156,368,174,212
940533694,144566572,180,319,161,338,139,177
282922689,6215953,0,499,2,497,499,495
1301326513,4150977109,0,499,0,499,499,499
1236459058,3707075498,144,401,110,408,257,298
1218467843,3511433515,92,407,0,499,315,499
1007674011,435129216,100,399,58,440,299,382
1289608605,4086144834,41,457,0,499,416,499
1268740853,3936362774,20,486,111,416,466,305
1268549716,1099445554,100,399,24,474,299,450
1316232448,4200879677,62,436,0,499,374,499
1260625508,3894611647,59,443,153,378,384,225
1116358672,1960012856,110,389,49,450,279,401
941642512,207170102,148,344,188,309,196,121
1323265731,4231688165,22,459,114,416,437,302
1249536652,3819984738,136,339,145,357,203,212
1137022269,2336131831,57,424,83,436,367,353
1310729732,4182273607,45,479,11,466,434,455
1273015500,3992382537,78,425,86,432,347,346
1117565860,1472803142,148,350,100,399,202,299
1019309948,516393959,0,499,63,436,499,373
916301983,161127381,209,248,52,446,39,394
1265588902,3931859890,0,499,0,499,499,499
1278353691,4033395792,0,499,62,436,499,374
1283245357,41997050,128,382,36,472,254,436
989314390,296442222,117,149,232,266,32,34
1294108561,4122228197,28,472,77,467,444,390
1261173935,3898707875,0,499,195,315,499,120
1223583601,3582304449,1,496,138,370,495,232
1314391034,4202301955,58,487,0,457,429,457
1220343393,3533721604,76,423,5,476,347,471
1323613581,4231863381,17,483,17,482,466,465
1319996097,4215324810,19,482,43,455,463,412
1197108887,3129566175,198,291,263,299,93,36
1307360376,4171235451,35,477,38,491,442,453
917108938,162572323,0,499,62,436,499,374
1100063331,1711729906,180,319,153,346,139,193
1201831932,3249405491,0,499,0,499,499,499
1147473059,179387169,55,454,114,384,399,270
1035624616,687644796,70,429,0,499,359,499
1209166514,3363330012,71,427,0,499,356,499
1180646245,2996505396,73,426,0,499,353,499
1018395443,510784924,59,440,4,496,381,492
1204250942,3287291332,5,494,106,392,489,286
1312857320,4196084506,16,489,47,460,473,413
1041367429,825402333,79,420,0,499,341,499
1015522690,484936132,100,397,173,359,297,186
1273241902,3992542176,25,480,49,475,455,426
987045584,293544885,26,472,0,499,446,499
1163923884,2339725040,152,347,100,399,195,299
1318823143,4217989733,0,499,0,499,499,499
949746023,212770758,173,332,132,352,159,220
1277349538,4019822439,0,499,0,499,499,499
1007512164,435018650,71,428,0,499,357,499
1255947752,3872799630,101,399,100,399,298,299
1316206816,4200877643,26,486,26,466,460,440
1066161953,568627382,147,351,100,399,204,299
1282812538,4057525039,113,386,30,467,273,437
1267340030,3942386268,0,499,0,499,499,499
1244540577,3785187501,0,499,122,436,499,314
1063183895,1123525918,77,435,134,370,358,236
1276441267,4013274840,30,462,163,393,432,230
1225524182,3590313867,92,451,113,307,359,194
1074979812,1341157226,67,430,53,450,363,397
1247849570,3813571330,0,499,123,436,499,313
1239692024,3738942858,0,499,62,436,499,374
1013099585,289849583,82,417,0,499,335,499
1124177999,2066030072,68,430,0,499,362,499
1116346155,1956665826,112,339,107,430,227,323
869839540,113122214,203,295,181,316,92,135
1098400272,1685187932,0,499,62,436,499,374
1316251663,4200880714,15,498,0,475,483,475
1205708193,2757712407,127,383,48,321,256,273
879019090,124335501,62,436,0,499,374,499
1035151979,597671338,51,448,0,499,397,499
1307852141,4172912297,26,459,57,451,433,394
1289071114,4085964344,0,499,35,409,499,374
1065013952,1145095531,195,307,92,473,112,381
1220881701,3557887952,7,495,6,493,488,487
1228861367,3621194120,53,433,50,455,380,405
1314584437,4202305384,0,499,0,499,499,499
1037530876,731907880,0,499,0,499,499,499
1041955222,835397997,0,499,52,447,499,395
1252805263,408884354,100,399,30,468,299,438
1091534867,278545207,136,362,100,399,226,299
1013197660,464648558,175,324,175,324,149,149
871843520,116839105,0,499,62,437,499,375
1249535030,3819980401,0,499,0,499,499,499
1283514348,4061479428,73,421,203,420,348,217
1297790448,4137061227,3,499,32,499,496,467
1027313061,570663758,107,391,50,449,284,399
985006187,268628363,0,499,62,436,499,374
1053586889,1035116949,79,419,0,499,340,499
1317625041,4213258275,0,470,15,456,470,441
985102411,285434038,91,406,79,387,315,308
1307346792,4171370487,104,395,162,337,291,175
1313195077,4197493506,95,442,128,356,347,228
1027022833,569859711,108,391,50,449,283,399
1324266545,4233651354,45,450,64,459,405,395
1240162810,3742431855,62,436,0,499,374,499
1318317356,122458829,0,499,40,499,499,459
1297988824,4137778384,129,361,37,456,232,419
1298376012,4139329048,0,499,0,499,499,499
892035223,138672199,130,369,77,421,239,344
1254991754,3866991762,60,478,64,499,418,435
1299144021,429827217,85,414,0,499,329,499
1212946605,3437566472,0,499,0,499,499,499
1048304002,933356935,36,463,10,489,427,479
1213043375,3439354467,0,499,0,499,499,499
1304092087,4160935946,106,388,51,463,282,412
1235530449,3694326872,109,390,0,499,281,499
1268018802,3944543195,59,435,53,414,376,361
1316442507,4209064646,0,499,0,499,499,499
1265238202,3929959798,16,483,13,479,467,466
1014113594,471381717,57,442,0,499,385,499
1008915364,439621244,73,425,0,499,352,499
1048971640,943815928,0,499,62,436,499,374
1264236319,3925018204,6,492,119,380,486,261
941693596,207287181,153,352,175,327,199,152
1274392848,3999382459,31,488,86,407,457,321
1109239036,1886035161,3,461,96,455,458,359
931328369,185833026,62,436,0,499,374,499
1193629569,3147884824,149,352,45,416,203,371
1134400253,2282877959,64,434,69,438,370,369
1320724908,4224640446,168,263,183,435,95,252
1290470161,4093720897,0,499,13,485,499,472
1289819734,4089928559,50,473,14,476,423,462
1043193086,848652961,59,422,36,451,363,415
1288783946,4085727826,0,499,0,499,499,499
1275455993,4006485018,13,492,83,426,479,343
1301496305,4150988090,45,455,106,404,410,298
1233290489,3359144567,120,379,60,436,259,376
1230794947,3641714875,0,499,0,499,499,499
970955240,261004213,248,255,268,280,7,12
902812512,147667220,63,435,0,499,372,499
1094098071,1612360123,0,499,62,436,499,374
1276360911,4012870026,134,376,121,387,242,266
1207713380,3344433208,0,499,63,436,499,373
1258619909,3883613036,0,499,62,436,499,374
1257465326,3881227733,68,426,192,309,358,117
1217409627,3494041200,0,499,207,288,499,81
972534649,265725445,153,346,104,389,193,285
1189267835,3080319574,192,333,157,342,141,185
1189218641,3079639389,73,426,0,499,353,499
1007774029,435116231,54,445,0,499,391,499
1309386798,4180460912,115,384,0,493,269,493
1152181638,2601262388,172,320,11,487,148,476
1195258175,3166434064,68,401,76,390,333,314
987625238,294479846,161,338,132,368,177,236
1251722305,3838828968,62,436,0,499,374,499
1154943539,2633860189,74,425,0,499,351,499
1158121293,2695198206,20,482,24,470,462,446
1275140610,4003923920,52,464,57,456,412,399
1275795532,4006065365,62,436,0,499,374,499
1158284402,2690886903,62,436,0,499,374,499
858040049,92234952,70,430,0,499,360,499
1058339741,1088079890,160,384,121,346,224,225
1119794956,2002509324,20,499,80,418,479,338
847123193,76490597,197,302,175,324,105,149
1274098301,3997565210,163,341,161,371,178,210
1209710872,3382580807,7,491,194,427,484,233
1298715985,4140493757,82,416,0,499,334,499
898110068,144534331,5,493,57,438,488,381
1269054562,3953972425,0,499,0,499,499,499
859648942,95265898,82,416,0,499,334,499
1295220666,4125633517,101,392,48,472,291,424
1322853177,4231938949,66,450,127,363,384,236
1321338606,4222580934,0,499,50,449,499,399
1219247214,3508791683,80,418,0,499,338,499
1111038536,1908532787,110,389,53,446,279,393
859122899,94244310,62,436,0,499,374,499
1035154572,610611041,151,378,137,354,227,217
1073894214,1326483992,0,499,72,426,499,354
1246512137,3799714537,0,499,0,499,499,499
1254191966,3860640510,37,469,146,367,432,221
1232179776,3657861483,29,479,43,468,450,425
1254952753,3866916184,28,463,50,441,435,391
1116511605,1959624004,66,419,54,445,353,391
1171538566,2895568632,62,436,0,499,374,499
1196212734,3182722369,43,450,133,423,407,290
1130941210,2187481998,94,405,27,471,311,444
1275605681,4006500117,128,379,134,388,251,254
1204534118,1097397126,183,324,158,349,141,191
1232194974,3657413793,129,370,0,499,241,499
904944467,149706052,0,499,82,417,499,335
1087935074,3714641656,0,499,0,499,499,499
1118187055,1979173162,117,361,176,363,244,187
1273178496,3993179903,40,461,114,376,421,262
903355540,148011816,0,479,128,418,479,290
1311003970,4182114375,144,435,194,377,291,183
1303069994,4157458138,31,476,2,498,445,496
1257230395,3879890595,0,499,0,499,499,499
940542437,138748635,0,499,237,260,499,23
1301538942,4150997659,52,416,95,413,364,318
1267459876,3943131250,242,256,0,499,14,499
1053183136,1004591096,73,426,0,499,353,499
1190254273,2974260337,0,499,67,432,499,365
1007534620,435063045,100,399,55,444,299,389
890867971,137094174,62,436,0,499,374,499
1266893180,3137287648,0,499,65,434,499,369
1174591775,2940640155,0,466,36,457,466,421
1269441886,3957799076,36,463,141,359,427,218
1303628531,4159071235,106,388,51,463,282,412
1274176582,3997816941,0,498,1,498,498,497
989165600,294384847,172,384,29,494,212,465
1207911619,3341290419,0,499,0,499,499,499
1318244580,302897777,61,438,0,499,377,499
1078761618,1407715843,156,343,100,399,187,299
1287368086,4076593663,30,482,30,470,452,440
1321231041,4221773387,99,398,49,438,299,389
924383643,175266340,156,342,115,384,186,269
869408042,113133129,79,415,1,499,336,498
926113537,178054128,117,374,147,396,257,249
1257628996,3881988618,25,452,63,464,427,401
971430454,262169454,28,438,105,398,410,293
1134024441,2271909712,158,341,100,399,183,299
1278224792,4030623135,137,424,72,449,287,377
1067048971,1087878390,20,482,20,481,462,461
1192149405,3122643095,68,432,22,488,364,466
1116557663,1962192754,0,499,62,436,499,374
1205708201,2757712417,38,463,192,360,425,168
1047566686,887312984,42,445,51,440,403,389
1219917746,3533254147,62,436,0,499,374,499
1275709282,4006536863,79,418,118,369,339,251
1168888039,2866761976,21,469,81,399,448,318
1322276581,4230956999,40,498,0,492,458,492
1013427394,466431905,60,438,0,499,378,499
1280418262,4044819260,0,499,0,499,499,499
935083063,193950585,73,426,0,499,353,499
991801366,299492739,95,405,142,316,310,174
1305341204,4165065895,13,489,44,481,476,437
1242117800,3762613304,191,314,87,450,123,363
1191123781,3102115265,296,487,232,265,191,33
1283968713,4061637884,45,479,11,466,434,455
991983436,299590702,62,436,0,499,374,499
891333222,137855410,200,299,181,319,99,138
1317489494,4213276945,0,497,0,453,497,453
1158121243,2695198121,5,493,36,461,488,425
1269000682,3955090104,0,499,6,499,499,493
1268540399,3381283664,100,399,41,457,299,416
1273230927,3992591262,0,499,0,499,499,499
1313503315,4197528133,39,464,64,431,425,367
1122799160,656129298,147,352,100,365,205,265
1222331458,3569856738,29,490,10,489,461,479
941678756,207258103,140,359,140,359,219,219
1036269526,698296613,159,319,146,357,160,211
1273324814,3992561788,0,499,0,499,499,499
1259171958,3887609759,31,460,57,457,429,400
1008141895,436066757,100,399,54,445,299,391
939214233,201684799,62,436,0,499,374,499
1310065808,4182216522,0,499,66,432,499,366
1177247930,2971267659,0,498,62,436,498,374
1046835537,879745719,135,364,214,284,229,70
1189510385,3082692468,10,479,153,351,469,198
1249838080,3823844085,16,483,14,485,467,471
1075892031,278578099,150,349,100,399,199,299
1099702216,1706101687,224,358,132,377,134,245
1298791837,4139506398,0,499,0,499,499,499
1139537408,2393536777,89,405,55,428,316,373
1127347909,2121747379,147,359,149,349,212,200
1123813535,2062699997,164,330,113,395,166,282
1323100624,4231816730,17,461,61,467,444,406
910221240,153993556,71,427,38,460,356,422
1102225517,1792309989,0,499,87,411,499,324
1316245138,4200880264,6,485,55,458,479,403
1178079501,2980664849,106,376,17,391,270,374
1174591392,2940640074,130,369,130,369,239,239
1271791045,3981166295,133,366,0,499,233,499
1073107975,1316300143,59,435,27,476,376,449
1257150079,3879365188,0,499,0,499,499,499
1242986138,3769182956,0,499,124,373,499,249
1286870122,4074698438,125,434,157,390,309,233
1205825869,3312189784,83,419,154,490,336,336
899214335,145177302,142,357,100,399,215,299
1312336854,4193998870,18,473,34,460,455,426
1008040294,435903151,100,399,51,448,299,397
978948823,273080264,0,499,62,436,499,374
1212764664,3433450912,49,449,89,413,400,324
1291746405,4101148704,62,436,0,499,374,499
1243659336,3775275217,0,499,62,436,499,374
1235245962,3692659313,74,425,106,390,351,284
876653089,121973223,62,436,0,499,374,499
1275651315,4006511585,0,499,0,499,499,499
1314451180,4202303043,0,466,40,499,466,459
947131876,209253278,143,355,127,381,212,254
1263803373,3921649686,0,499,0,499,499,499
1274172480,3997816025,0,499,0,499,499,499
1298491068,4139337019,0,499,13,499,499,486
1305589464,4166199553,95,485,13,491,390,478
1002265248,376295972,172,326,150,349,154,199
1305519191,4165976463,72,411,4,401,339,397
900656095,146262760,130,369,77,421,239,344
1192038318,3120538616,9,490,140,352,481,212
1243447960,3773725137,19,480,76,422,461,346
1136405851,2330160321,146,352,100,399,206,299
1026890771,569642412,101,398,50,449,297,399
1245937706,3794023522,0,499,109,389,499,280
1071312594,1286719104,0,499,84,415,499,331
1264999622,3928961187,125,374,163,374,249,211
844572825,72713072,67,431,0,499,364,499
1082740919,1472246855,62,436,0,499,374,499
1045030162,866348436,131,403,146,347,272,201
1279497061,4037937472,0,499,0,499,499,499
1324057447,4236041526,83,499,16,434,416,418
1243660003,3775275640,0,499,136,436,499,300
1030225554,596125090,3,494,127,372,491,245
1289490543,4088730878,37,462,1,498,425,497
1317915865,4215693787,11,490,144,400,479,256
1303685594,4159316017,106,388,51,463,282,412
1272161048,3986442906,56,440,13,489,384,476
1283565452,4061584719,0,499,0,498,499,498
1239002491,3731581935,26,476,129,325,450,196
1285860838,4017677273,11,478,9,448,467,439
1310705269,4184512809,0,499,62,436,499,374
1202703784,3258924793,139,368,68,428,229,360
1174594466,2940640726,14,478,54,451,464,397
1273912310,3995358675,138,370,207,349,232,142
1244326118,3782771545,0,499,126,436,499,310
1282552690,4057546074,0,499,0,499,499,499
1225646881,3776168169,0,499,0,499,499,499
1113113003,1832994509,214,362,371,373,148,2
984905224,289262137,83,415,0,499,332,499
1007382163,416643587,56,443,0,499,387,499
1301646876,4151001600,105,397,68,328,292,260
1269970134,3965364457,0,499,63,435,499,372
1269936678,3964518673,0,499,0,499,499,499
863570115,104396984,35,463,0,499,428,499
1218050740,3500582905,62,436,0,499,374,499
505266530,247195374,83,415,28,471,332,443
1262295802,3901409092,16,486,154,346,470,192
1261558226,3900589591,67,476,57,431,409,374
1094363600,1611570796,119,381,32,463,262,431
1275056328,4004070773,64,451,77,444,387,367
1295960351,4128438364,87,409,133,359,322,226
1121333547,2029339700,196,310,130,382,114,252
1313873014,4200413922,5,479,32,479,474,447
1174169820,2935496189,125,372,37,464,247,427
1260077068,3889373017,62,417,0,495,355,495
1177414140,2973167292,0,499,62,436,499,374
1117892453,1977713745,20,479,77,421,459,344
869714568,85224290,83,414,9,489,331,480
1255984508,3872872613,0,499,0,499,499,499
1249533235,3819977554,291,301,287,305,10,18
1320009437,4223068390,0,499,62,436,499,374
1181650823,970899,98,401,1,499,303,498
1132741144,2228625817,0,499,0,499,499,499
1256956578,3875044205,80,464,81,416,384,335
1271090511,3522870959,100,399,37,462,299,425
1302487718,4153303366,0,499,0,499,499,499
1272799034,3990909600,114,375,51,449,261,398
1246039618,3796914065,132,415,37,462,283,425
1167660175,2842740341,31,477,11,463,446,452
1125028691,2087931338,0,499,63,436,499,373
1225410235,3589914255,193,306,170,341,113,171
1261415503,3898724253,152,368,104,398,216,294
1261428898,3898729444,25,469,86,427,444,341
1108739250,1878218152,0,499,109,389,499,280
1251075402,3837507745,0,499,107,395,499,288
446921830,50259057,136,351,96,400,215,304
1157713304,2688717636,0,499,62,436,499,374
993340082,300689972,10,471,14,484,461,470
1257465797,3881646469,0,499,0,499,499,499
1323684879,4234147221,0,498,4,499,498,495
964713636,247653300,115,360,55,459,245,404
1239003928,3731584318,9,490,167,323,481,156
899908496,145550480,144,355,100,399,211,299
1176505122,2958501571,157,343,156,342,186,186
1244779406,3786615732,131,367,201,332,236,131
883633873,128619668,204,298,159,346,94,187
1275783713,4008679120,133,391,84,404,258,320
1250268154,3831364122,0,499,167,436,499,269
1313988894,4186108280,20,459,155,386,439,231
1244540367,3785187319,0,499,62,436,499,374
1282019667,4050756433,36,463,63,477,427,414
1264221730,3924750017,75,460,67,435,385,368
1307880010,4172855027,0,499,0,499,499,499
1310283999,4182231491,0,499,0,499,499,499
1279752130,4041425513,6,492,69,488,486,419
849770658,81245478,101,397,134,364,296,230
1088214759,1534882035,64,431,11,490,367,479
933231510,190091101,39,449,46,431,410,385
1010720866,222994157,76,425,8,497,349,489
1277495545,4023126123,20,437,0,401,417,401
910937699,123548451,0,499,62,436,499,374
1215230259,3469589619,29,454,116,380,425,264
1063667657,1129893537,10,486,115,382,476,267
1283601616,4061482932,0,499,0,499,499,499
1215446067,3470156991,85,414,129,427,329,298
1127841560,2126481031,12,490,17,477,478,460
1133491612,2252295229,0,499,109,390,499,281
1133022235,2240954402,84,418,94,405,334,311
1251481888,3842785668,7,494,4,491,487,487
987674848,294488482,198,289,66,462,91,396
1246058006,3796901035,82,433,113,375,351,262
1123926078,1118849535,195,287,14,92,92,78
1008070356,435909043,126,372,50,449,246,399
1100068054,1711731926,70,429,145,354,359,209
1202883193,3265357424,32,472,20,465,440,445
1306670039,4164442897,0,499,62,436,499,374
1283818084,4061615836,195,319,70,428,124,358
1321341328,4222903369,0,499,109,389,499,280
1153237603,2622404894,62,436,0,499,374,499
1039241327,792168977,81,418,0,499,337,499
1199393006,3229197427,69,424,147,335,355,188
1107660144,1869201415,124,362,43,476,238,433
946714005,208715310,147,373,175,332,226,157
1097113396,1659787656,188,320,100,348,132,248
1158030765,2678249217,37,461,9,499,424,490
1223814900,3584692268,0,499,63,436,499,373
1139367323,2388193907,164,334,137,361,170,224
1283504792,4061581384,227,431,68,364,204,296
687423579,57394075,67,432,0,499,365,499
1271812115,3981624744,35,468,156,345,433,189
925784177,177450314,143,355,141,355,212,214
1328429143,4250640630,0,499,0,499,499,499
1174586939,2940638815,62,485,60,463,423,403
1309059045,4179410019,0,499,0,499,499,499
1030864296,604714892,0,499,24,475,499,451
1249822275,3823569197,30,468,73,193,438,120
980292886,283316948,9,475,68,432,466,364
1041185296,824466967,39,457,210,274,418,64
1231235237,3646741175,0,499,62,436,499,374
1269775866,3962605298,0,499,0,499,499,499
1118483688,1985115832,76,457,122,389,381,267
1103088215,1810217584,0,499,109,389,499,280
1241392103,3756523440,197,298,190,314,101,124
1178310259,2984373230,14,478,54,451,464,397
1289770791,4088138596,69,434,27,480,365,453
867415137,108230163,76,415,0,499,339,499
899908483,130415483,0,499,62,436,499,374
881184026,67011179,103,395,0,499,292,499
1240579695,3748050184,58,457,55,434,399,379
1166708058,2817828569,62,436,0,499,374,499
1311993484,4189043622,75,427,97,428,352,331
1243733376,3775261135,60,440,44,441,380,397
995103624,303052108,44,478,123,364,434,241
1203743363,1892586761,0,499,0,499,499,499
872981210,92683119,62,436,0,499,374,499
1273935298,3995362498,175,330,86,476,155,390
1301514094,4150994237,73,454,83,412,381,329
998921862,337817561,0,499,62,436,499,374
949260913,212190756,160,332,170,323,172,153
836480776,71302950,169,329,137,361,160,224
1117984535,1978501559,171,329,136,372,158,236
986562164,292680882,11,490,228,270,479,42
1109088140,1882164320,0,499,0,499,499,499
1269768613,3962515360,0,499,0,499,499,499
1319662476,4214661430,41,437,212,347,396,135
1307996008,4173766199,4,490,51,442,486,391
1280696100,4046438107,138,362,84,422,224,338
1117509489,1974891657,0,499,87,436,499,349
1181184729,2997249639,0,499,109,389,499,280
1216862791,3485490319,62,436,0,499,374,499
1309590873,4152870492,46,466,134,325,420,191
1101831917,1784033216,0,499,0,499,499,499
1173793678,2761303715,46,342,128,344,296,216
1192150754,3122230134,0,499,36,462,499,426
1044025000,856011993,150,349,114,391,199,277
1316328889,4209052024,58,468,61,499,410,438
1276998609,4017756628,0,499,0,499,499,499
1240723903,3748204827,76,407,32,458,331,426
986644535,292834751,73,425,0,499,352,499
941257897,206096166,73,426,0,499,353,499
1045965850,873201392,139,397,49,455,258,406
1223584021,3582304560,3,497,141,372,494,231
1273162896,3993176438,39,461,186,356,422,170
1264511861,3925555961,7,484,55,481,477,426
906204214,150628426,14,471,76,426,457,350
1250675160,3834910946,0,499,0,499,499,499
1283322564,4061149595,102,393,175,361,291,186
1261192479,3898711203,150,352,64,434,202,370
1319854157,4215083079,119,377,38,423,258,385
1257517059,2068671689,83,415,0,499,332,499
1172791545,2920940568,65,437,11,458,372,447
1188522650,3067034704,45,425,152,352,380,200
1310093485,4182217899,120,488,68,446,368,378
1283971415,4061638087,27,448,108,497,421,389
1129928889,2174031539,21,465,10,488,444,478
1321860874,4223047295,50,443,40,458,393,418
1254397183,3861820477,24,482,138,378,458,240
1189934838,3081385010,0,499,91,407,499,316
1251017128,3837275030,165,355,92,466,190,374
1100065653,1711729190,180,319,153,346,139,193
1282290507,4056000869,13,487,18,486,474,468
1280505420,4045076301,0,499,0,499,499,499
1307664984,4172527457,55,488,48,468,433,420
1275976367,4010220267,64,434,44,499,370,455
1156925884,2678802077,88,328,80,459,240,379
1311255940,4182066249,116,395,70,401,279,331
874704277,120459679,0,499,62,436,499,374
1146011902,2503311125,75,423,0,499,348,499
1026815833,569604771,101,398,50,449,297,399
1287490722,4078699508,0,455,77,433,455,356
847649135,77106137,152,348,172,321,196,149
1245192186,3789595112,43,473,78,437,430,359
1197751072,1688171000,147,351,100,399,204,299
956349873,221488664,62,436,0,499,374,499
1257063446,3877767665,0,499,0,499,499,499
1324010049,4235887698,0,499,1,499,499,498
1024920942,548396761,5,494,75,424,489,349
1007540504,435082866,100,399,50,449,299,399
1096395545,1444858529,86,412,0,499,326,499
1276426755,4013265446,52,450,164,397,398,233
1202328551,3253775474,73,425,0,499,352,499
1253151046,3855161576,75,427,21,489,352,468
1242867764,1100134018,102,396,0,499,294,499
986272879,291877519,168,330,137,361,162,224
1274560348,1425300,106,393,0,499,287,499
1269487946,3959404510,67,425,56,479,358,423
1174594648,2940640971,172,328,198,302,156,104
1012229505,128338729,0,499,62,436,499,374
1268467810,3951008428,16,480,115,456,464,341
1307456056,4168852096,50,444,78,455,394,377
1182692085,2671943267,92,403,5,476,311,471
1322830381,4231773678,61,431,111,451,370,340
947931175,210420667,66,436,0,498,370,498
1319760916,4219606393,60,445,13,485,385,472
1225887198,2889428841,125,374,125,363,249,238
1321348195,4227135438,1,498,11,410,497,399
1294111626,4122229308,42,455,136,335,413,199
1081195527,278534688,136,363,100,399,227,299
1294410630,4123226635,62,443,136,359,381,223
1302929275,4154933417,21,482,9,488,461,479
927606515,180671241,98,391,151,336,293,185
995102697,303051129,51,439,80,443,388,363
1008148995,436087039,160,339,132,366,179,234
946714002,208715285,223,264,165,207,41,42
1204744780,3290573403,120,376,14,472,256,458
1007363063,416638601,100,399,20,479,299,459
1318200286,391539485,64,457,73,466,393,393
1077600678,1376114988,71,427,0,499,356,499
1317906756,4215693157,4,493,161,342,489,181
1008451166,438225225,82,460,64,467,378,403
1256624505,3873708408,0,499,40,499,499,459
1008153897,436085697,100,399,56,443,299,387
1324200528,4236297893,181,329,41,456,148,415
996710301,316771366,0,499,62,436,499,374
1244326338,3782771603,0,499,126,436,499,310
1214075865,3458053321,0,499,62,436,499,374
1304029892,4160809333,35,474,72,446,439,374
921250133,168344632,55,455,34,473,400,439
1279306772,4037123992,0,499,0,499,499,499
1100059575,1711736531,110,389,56,443,279,387
1199244210,3226115031,49,455,92,366,406,274
1232021752,3656922378,156,343,100,399,187,299
1255105035,3868242438,79,447,123,388,368,265
861711229,100344907,69,430,0,499,361,499
930674195,179631692,71,420,89,410,349,321
1273238367,3992540475,67,430,72,439,363,367
1241427546,3756676179,215,284,194,310,69,116
1204232079,3287254251,17,475,23,479,458,456
1289067318,4086047594,0,499,0,409,499,409
1092313618,1548294313,123,420,178,289,297,111
1322054763,4229646222,0,499,0,499,499,499
1048753628,97109475,73,425,0,498,352,498
1027301954,570718558,100,399,67,432,299,365
1115865956,1951685682,175,324,23,479,149,456
1176505260,2958502259,62,437,62,436,375,374
1243659268,3775275190,0,499,62,436,499,374
1224736089,3521203213,16,493,130,374,477,244
1001231863,364373548,16,472,100,387,456,287
1128724281,2153837107,137,361,100,399,224,299
1117474385,1952783189,102,416,141,371,314,230
1100061029,1711730188,180,319,153,346,139,193
856496992,89880508,127,371,0,499,244,499
1302488576,4153303378,0,499,0,499,499,499
1227360678,3609612440,18,321,13,396,303,383
1209433369,3376921310,71,444,106,381,373,275
1154651262,1829649902,57,458,38,462,401,424
1158021478,2693965199,32,457,143,421,425,278
971392704,262033739,0,499,62,437,499,375
1007616955,435072690,100,399,47,452,299,405
1325147075,4240471373,45,351,70,415,306,345
1305525146,4165984097,26,468,172,377,442,205
1283875087,4061621081,129,336,50,443,207,393
875939287,64416597,18,481,0,499,463,499
1314511987,4202303889,0,499,0,499,499,499
1307816892,4172826817,0,499,0,499,499,499
909763306,154096558,0,499,62,436,499,374
1155889987,2659764138,21,458,61,465,437,404
1309068552,4179411418,214,298,262,439,84,177
1027380521,570739163,103,395,50,449,292,399
1164469745,2767934919,60,444,156,343,384,187
849064161,80362281,101,398,172,326,297,154
1270643189,3972430228,0,499,0,499,499,499
1211983054,3414348128,21,475,54,457,454,403
1158032686,2694028068,70,429,145,354,359,209
1268741141,3936362849,0,499,0,499,499,499
1100067619,1711732703,70,429,145,354,359,209
1254381741,3861722370,0,499,83,415,499,332
1264204954,3924745926,40,467,41,474,427,433
1009429765,440420362,48,451,83,415,403,332
1270344144,3970272524,0,499,92,407,499,315
914735668,159236277,108,395,151,339,287,188
1206165187,3320652880,20,454,145,465,434,320
1320002064,4221177716,123,399,0,485,276,485
1193190684,3138684076,168,328,157,338,160,181
1201838948,3155073589,159,340,155,346,181,191
1230821620,3642296871,0,499,62,436,499,374
941621735,207151497,110,379,187,321,269,134
1276437289,4013274036,16,480,100,382,464,282
1133554532,2255444083,2,499,49,449,497,400
911165302,154706863,180,327,97,420,147,323
105690730,3308468,157,341,117,381,184,264
1047512274,914182959,86,412,0,499,326,499
996502921,311375083,93,408,96,360,315,264
1245730301,3794035639,110,389,54,445,279,391
1285070168,4066258363,37,462,115,486,425,371
1027269211,570632428,106,392,50,449,286,399
966010503,251454824,230,272,134,360,42,226
1190858886,3098277891,94,404,0,499,310,499
1240240955,3745175953,48,451,64,441,403,377
1258507397,3885602723,40,454,76,451,414,375
1218934107,3521570594,22,475,110,373,453,263
1187652617,3054783860,183,307,115,389,124,274
971422032,262159169,1,495,6,486,494,480
1253474004,3856810275,135,360,43,457,225,414
1104249322,1819878278,0,499,57,442,499,385
1061722407,355911558,147,351,100,399,204,299
711074499,58940520,80,418,0,499,338,499
1293180914,4116844021,96,399,37,454,303,417
1118654744,1983972046,113,355,148,349,242,201
1285134630,4063777934,0,499,0,499,499,499
847869763,77558774,133,373,230,269,240,39
1253151929,3855161615,16,430,59,454,414,395
1323343831,4231758078,8,491,160,339,483,179
1310773910,4182275963,20,394,138,418,374,280
1282760903,4058943287,51,455,49,452,404,403
1271766408,3980363792,4,494,101,397,490,296
1104466169,1832153971,0,499,3,496,499,493
1234510172,3685220490,157,311,89,412,154,323
1304159770,4160984663,106,388,51,463,282,412
1074172870,821791945,22,459,134,355,437,221
1158878186,2700955025,63,435,0,499,372,499
1283674692,4061597520,205,288,22,448,83,426
1273162316,3992573965,27,473,55,472,446,417
1256432922,3873663091,0,499,0,499,499,499
849511960,59682873,0,499,0,499,499,499
891689862,138233639,42,468,15,499,426,484
1283572345,6364283,84,415,0,499,331,499
1259164474,3887609235,37,457,67,444,420,377
1074736044,1338071147,179,318,141,361,139,220
1258266519,3883968000,25,469,46,437,444,391
1265495893,3931445500,145,376,5,462,231,457
1283440592,852314,79,420,0,499,341,499
1027117079,569946332,115,383,50,449,268,399
1051800799,977116405,0,499,62,436,499,374
987084876,293611463,101,398,26,473,297,447
1225873301,3593518544,167,325,86,423,158,337
1061922901,1108410967,215,293,204,357,78,153
1255814981,3871169078,64,481,124,425,417,301
949387363,212342803,224,289,158,358,65,200
1301047636,4150445329,0,499,0,499,499,499
1102319272,1795898150,73,426,0,499,353,499
1323570223,4234390683,133,370,36,460,237,424
1261408522,3898721862,0,499,0,499,499,499
1262837056,3910486850,0,499,29,469,499,440
1144458672,2482252111,138,360,0,499,222,499
1052190199,983389287,37,489,119,396,452,277
1008116106,435919480,109,389,50,449,280,399
973925199,255873356,71,427,0,458,356,458
1177152528,2970595801,0,499,0,499,499,499
937734004,197825562,93,405,10,489,312,479
1278748208,4036992397,32,482,33,470,450,437
1169004150,2716708891,46,459,149,368,413,219
1285092243,4063760793,47,450,61,438,403,377
1306816004,4168956357,62,443,10,492,381,482
1316179609,4200876332,24,472,156,356,448,200
1203422711,3276159991,17,471,130,430,454,300
1101357357,1764896747,0,499,0,498,499,498
320536737,46965357,165,334,131,368,169,237
1155229216,2640885336,0,499,62,436,499,374
1061585288,511836892,52,447,220,277,395,57
753406106,61062440,189,305,131,382,116,251
1100084253,1711732506,70,429,145,354,359,209
1245907085,3789073573,150,349,107,391,199,284
1279305695,4037123884,76,499,0,375,423,375
1201834479,3249407086,94,404,9,488,310,479
1172638660,2919692292,0,499,62,436,499,374
1314197319,4186183310,5,499,124,249,494,125
1120068939,1883103881,165,334,100,399,169,299
1244326313,3782771591,0,499,126,436,499,310
901352406,146598518,62,436,0,499,374,499
873700141,119465168,143,356,79,419,213,340
1121959464,278579801,165,169,194,270,4,76
1256911490,3875020691,1,497,0,499,496,499
1265222437,3929899358,40,470,19,453,430,434
1246079552,3797080690,117,387,81,423,270,342
1264909764,3928057897,13,486,101,403,473,302
1228729132,3619334033,0,499,62,436,499,374
1107660381,1869201418,90,438,97,410,348,313
1093609205,1607724311,0,499,0,499,499,499
1192175599,3119850707,52,484,149,435,432,286
1212273904,3420705672,170,337,14,476,167,462
938272903,19060227,0,499,62,436,499,374
1304739464,4144691626,25,474,60,435,449,375
1314572079,4186319212,118,418,81,403,300,322
1010270740,445525369,0,499,0,499,499,499
1290401019,4093238752,53,471,61,460,418,399
915097857,159603890,0,499,0,499,499,499
1235508925,3694442648,32,474,58,460,442,402
1027758242,575937617,0,499,70,429,499,359
1252324414,3848545769,45,441,4,493,396,489
1306853116,4168957312,0,499,0,499,499,499
1314496559,4202303634,0,482,0,499,482,499
1282552339,4057662257,0,499,0,499,499,499
1130237666,2181001405,25,473,53,445,448,392
1085622654,1500869863,164,336,130,367,172,237
1285075794,4063756724,23,483,29,468,460,439
1233864410,3682693326,46,463,152,406,417,254
1191046873,3101165082,51,287,100,398,236,298
1283417347,4061577555,44,453,165,385,409,220
1313764561,4200104403,0,499,0,499,499,499
908165119,117597608,87,411,12,486,324,474
1106053831,1860666151,68,430,0,499,362,499
1295220736,4125633532,114,392,127,390,278,263
874334456,120078345,102,396,0,499,294,499
1257399031,3881319008,0,499,0,499,499,499
1285057554,4063746021,35,472,53,448,437,395
1300458801,4146734997,28,474,20,474,446,454
1208440361,3351565905,183,315,150,349,132,199
1269265941,3955398318,62,436,0,499,374,499
1153080540,2618440756,110,389,52,446,279,394
1155138566,2649520224,17,493,46,452,476,406
1252604121,3848609935,0,499,62,436,499,374
1061748892,1106969711,64,434,0,499,370,499
1248844993,3817901732,23,464,27,471,441,444
1252089913,3847047710,180,319,153,346,139,193
1192049653,3120597315,71,431,260,486,360,226
1245929401,3795573068,129,369,75,451,240,376
978862253,113354723,101,393,114,407,292,293
1008059173,435903380,106,393,50,449,287,399
1033910861,597671335,190,310,165,334,120,169
973058190,267610896,62,436,0,499,374,499
1239692574,3734265182,0,499,109,389,499,280
1002986388,388576438,157,346,157,337,189,180
1052190451,983389305,16,473,176,316,457,140
1283915946,4061627629,0,499,0,499,499,499
1238968260,3731088527,42,469,10,480,427,470
1052927022,987360404,0,499,54,444,499,390
1265207441,3929890073,0,499,0,499,499,499
1310415343,4181902285,51,444,18,409,393,391
1250191734,3830398169,1,498,84,416,497,332
1244541443,3785188036,0,499,62,436,499,374
1261192310,3898711189,3,477,109,396,474,287
1157606703,2687035126,162,282,129,371,120,242
1038145905,746830637,127,371,79,420,244,341
755609863,56848070,130,369,66,432,239,366
1308116098,4174411852,0,499,0,499,499,499
1218041821,3495836003,0,499,62,436,499,374
519187671,52626385,173,346,105,434,173,329
1241239159,3754664278,147,381,0,464,234,464
866598272,109389524,0,499,62,436,499,374
848347360,60019475,150,349,107,391,199,284
1276307243,4012720893,0,499,0,499,499,499
1298953665,4139511492,23,475,85,408,452,323
1129480248,2167122538,109,397,12,456,288,444
1027142425,569767046,103,396,50,449,293,399
1316109376,4200870074,44,476,9,415,432,406
1223580071,3582301425,12,489,100,394,477,294
1275989093,4010220813,0,499,0,499,499,499
1069712485,1254688852,133,361,43,474,228,431
1137955715,2349633318,0,499,63,436,499,373
1026931438,569627089,115,384,50,449,269,399
1188522697,3067034727,58,447,117,391,389,274
1273035908,3992490234,0,499,0,499,499,499
1297747612,4137059804,2,467,49,498,465,449
956383380,138733981,253,494,194,310,241,116
1088058270,1531934388,70,427,0,499,357,499
1105824785,1857054141,155,327,106,358,172,252
1301013261,4105613726,72,359,168,353,287,185
1285856353,4017676347,58,474,112,468,416,356
980089876,282501006,83,416,0,499,333,499
1323065030,4231410675,32,470,33,436,438,403
1299517769,4141587377,28,478,54,402,450,348
1068821943,1201233147,228,273,61,449,45,388
1168122287,2852838209,0,499,242,256,499,14
1263736422,3921175825,0,471,0,499,471,499
1268741113,3936362846,0,499,0,499,499,499
1324025267,4235889147,0,499,0,455,499,455
1301870239,4153639073,1,492,29,477,491,448
1176503961,2958500007,33,473,104,391,440,287
1244016137,3766734146,131,366,178,346,235,168
1324186861,4236297099,156,388,175,411,232,236
1257584422,3881983885,0,499,0,499,499,499
1323996034,4235886672,35,342,104,381,307,277
1283689070,4061598127,0,499,0,499,499,499
1233297069,1310423319,26,477,95,479,451,384
1231193159,3644535690,135,364,4,498,229,494
971042112,261161435,99,403,0,496,304,496
1289400964,4085377163,88,411,0,499,323,499
1235318936,807026257,100,399,4,495,299,491
1217414870,3494065279,140,311,187,312,171,125
1252133709,3847032222,0,499,0,499,499,499
1126921673,2096183170,94,398,12,491,304,479
1282000920,4050750825,0,499,0,499,499,499
1206463971,3328002960,0,499,62,436,499,374
1275553260,4006891362,0,499,0,499,499,499
1254360006,3861293913,0,499,0,499,499,499
1266876520,3940021529,58,470,112,461,412,349
1104618530,1835162946,66,444,108,442,378,334
1261398501,3898720101,0,499,0,499,499,499
1273760266,3992793725,72,426,75,429,354,354
1198899702,278544839,152,347,100,399,195,299
370561042,49557254,118,380,73,426,262,353
1279403916,4037925209,291,333,0,499,42,499
1168290930,2855967917,79,420,0,499,341,499
1270560805,3972160947,44,445,110,336,401,226
1006292199,422236748,62,437,0,499,375,499
1169860074,2854407418,0,499,62,436,499,374
1220365427,3540989342,62,436,0,499,374,499
1074737868,1338090631,155,354,277,469,199,192
1188438211,3064471720,23,474,69,482,451,413
1135444165,2308765378,183,312,134,369,129,235
1158121432,2695198611,46,462,57,475,416,418
1197536407,3207898512,62,436,0,499,374,499
1145965298,2502177560,85,414,11,488,329,477
1118212749,1978315689,111,388,52,427,277,375
1283959268,4061636912,17,427,12,417,410,405
1131771840,2208949285,94,405,27,471,311,444
1301391405,4150985084,20,479,60,440,459,380
1256086501,3873129446,55,431,101,405,376,304
1226180918,3596209277,228,392,28,489,164,461
1208592038,3359197119,58,444,100,390,386,290
1266571153,3471096653,62,436,0,499,374,499
1150214659,2570587602,73,426,0,499,353,499
1107001493,1864079031,80,418,0,499,338,499
1009258353,440575510,103,396,50,449,293,399
614606556,54988746,83,416,0,499,333,499
1311445357,4187125461,27,457,36,481,430,445
893309761,141191232,0,499,0,499,499,499
892037512,138671564,130,369,77,421,239,344
1146384129,336606470,149,347,211,288,198,77
1241675601,3759403106,62,436,0,499,374,499
1163938922,2769055995,62,436,0,499,374,499
1026862797,569583824,115,384,50,449,269,399
1285412062,4068377142,60,408,90,437,348,347
1301623196,4151001119,110,404,134,397,294,263
1244541360,3785188018,0,499,62,436,499,374
1055512391,1061152518,83,416,0,499,333,499
1282542696,4057635524,35,458,102,400,423,298
1317996345,1951685698,0,499,40,499,499,459
1011647084,454121084,123,378,80,429,255,349
1280345039,4044581550,81,437,106,340,356,234
1109238924,1886035153,22,446,55,455,424,400
1177603111,2782839914,109,374,158,358,265,200
949383758,212342743,101,399,200,318,298,118
1153302695,2624649728,24,475,0,499,451,499
1069744113,1220195028,0,499,62,436,499,374
1283519257,4061582492,114,408,123,377,294,254
1285839904,4017666063,29,490,68,415,461,347
1168579778,2861696444,108,387,28,478,279,450
1251485002,3842786265,37,470,9,491,433,482
1169861606,2879300375,18,472,36,461,454,425
857259890,91047964,157,334,93,412,177,319
935665319,195280650,140,360,6,495,220,489
1252659364,3850036061,0,499,0,499,499,499
1176503554,2958499408,19,493,154,331,474,177
1310815717,4182108548,62,483,71,491,421,420
863907500,105247285,71,433,116,377,362,261
1105740719,1855904231,120,227,158,278,107,120
1275488940,4006488750,25,483,173,482,458,309
1255727001,3871034717,27,470,57,465,443,408
1265207346,3929890070,11,489,0,499,478,499
995972389,292550174,79,420,0,499,341,499
1237565593,3721437097,0,499,85,436,499,351
1310672245,4184746909,0,498,36,471,498,435
1304005700,4160804423,13,480,57,462,467,405
1047878543,3623592610,20,468,47,481,448,434
966232731,252180638,99,395,40,467,296,427
1253151338,3855161590,50,428,14,470,378,456
1176503857,2958499717,119,374,66,430,255,364
1275397396,4003970083,21,453,62,467,432,405
1262543866,3908875934,57,409,82,423,352,341
1301023762,4105632601,51,459,47,457,408,410
1190252508,1876684315,127,371,158,349,244,191
1094731357,1621564355,71,428,0,499,357,499
981686746,284991283,206,321,187,332,115,145
1092896012,1586992283,70,428,0,499,358,499
1276340827,4012861045,136,377,99,333,241,234
1284590816,4065756141,2,497,2,497,495,495
1102381830,1798672941,0,499,62,436,499,374
1237576993,3721544009,139,366,180,339,227,159
1244110496,3779179215,0,499,62,436,499,374
1173735266,2930991232,80,437,26,464,357,438
1267870310,3942395895,7,491,146,386,484,240
1196821515,3195990552,103,397,0,498,294,498
1069034895,1218188961,146,347,34,480,201,446
1212361588,3423566764,33,443,35,464,410,429
1078289582,1045937678,155,344,100,399,189,299
941678744,207257883,161,340,181,323,179,142
1168102021,2848385161,0,499,62,436,499,374
1061527231,567636987,0,499,79,420,499,341
1192152795,3122671336,68,432,22,488,364,466
1218022356,3503167089,29,441,70,385,412,315
1026584508,567826082,69,414,6,495,345,489
869655428,113738565,62,436,0,499,374,499
1313615427,4183619417,68,170,215,337,102,122
1151792410,2590167823,113,388,76,401,275,325
1223686185,3583136395,110,389,54,445,279,391
1252530670,3850010025,0,499,24,499,499,475
858455432,92810604,0,499,63,437,499,374
1308869577,3597672726,100,399,14,484,299,470
1296613135,4128840401,77,421,0,499,344,499
1094847317,1629867683,143,348,142,346,205,204
1273238955,3992540691,69,453,50,460,384,410
1192046320,3120577945,68,432,22,488,364,466
1036118011,696376053,170,289,190,334,119,144
1285435377,4055827686,157,341,115,384,184,269
550165235,53549188,192,301,216,290,109,74
1092812371,1584256836,62,436,0,499,374,499
1277347777,4022502786,17,481,70,423,464,353
1268638974,3951729425,59,415,11,486,356,475
1273333885,3992563458,22,456,62,466,434,404
1250061033,3766854166,101,398,0,499,297,499
1243367954,3773411523,62,436,0,499,374,499
1089234439,1546927234,0,499,62,436,499,374
1323298385,4231801306,46,444,62,435,398,373
1245177680,3789529974,51,446,12,473,395,461
1241419498,3756669324,83,416,0,499,333,499
1240164645,3743864691,0,499,67,432,499,365
1169257480,2869323693,28,470,40,473,442,433
927056663,543824495,125,369,211,374,244,163
1238880643,3730325113,20,492,11,491,472,480
1291021938,4099167524,0,499,91,407,499,316
1217320435,553271230,139,357,113,404,218,291
1301510977,4150992066,4,487,0,485,483,485
1025732064,554607118,0,499,41,453,499,412
1236052016,3703920616,175,324,196,302,149,106
1316967534,4211079378,0,299,122,478,299,356
1279346151,4037443513,0,499,68,499,499,431
985266312,289917978,80,418,0,499,338,499
1262602822,3909602958,72,426,14,499,354,485
1309817098,4182065528,64,486,103,485,422,382
718806182,59343081,72,426,0,499,354,499
1316133409,4200872666,16,462,18,488,446,470
1316219756,4200878295,56,471,150,361,415,211
1224835457,3521204960,33,451,157,342,418,185
893311064,141191168,182,313,219,303,131,84
1261428331,3898729169,0,499,0,499,499,499
958635330,228773665,0,499,62,436,499,374
1268610303,3951727904,115,394,13,487,279,474
1188462901,3065095723,0,499,62,436,499,374
1077527908,1374045618,71,428,0,499,357,499
1305119191,4164669006,106,388,51,463,282,412
1319132924,4217994799,43,463,167,335,420,168
1294484881,4122748594,125,387,67,373,262,306
1269513492,3959384519,85,417,64,459,332,395
1249823338,3823564452,16,482,1,440,466,439
1322776989,4231405872,0,499,0,499,499,499
1146581452,2520826323,0,499,109,390,499,281
1070220682,1256150861,82,416,0,499,334,499
1027235878,570623833,103,396,50,449,293,399
1261389077,3898719215,58,447,50,447,389,397
1245084298,3788697110,41,458,53,442,417,389
1174588122,2940639046,0,499,0,499,499,499
1272513171,3971309176,0,499,109,389,499,280
1133668257,2261291300,72,418,134,369,346,235
1276308608,4012721091,0,499,0,499,499,499
1310390006,4181901737,0,499,1,499,499,498
1307324758,4171232199,75,478,121,359,403,238
1174587966,2940639008,3,497,28,479,494,451
1096605044,1657058228,186,313,45,470,127,425
966684730,18777045,0,499,35,464,499,429
1118459827,1984634029,168,327,26,482,159,456
1026922173,569714286,113,385,50,449,272,399
921049821,167727225,0,499,126,372,499,246
1047131306,890079405,0,499,109,389,499,280
1196791447,3198557543,0,499,0,499,499,499
1117722199,1976803916,62,446,12,490,384,478
1154736514,2643440427,48,386,138,342,338,204
1037415739,729933750,83,415,0,499,332,499
923988428,175086307,0,499,62,436,499,374
1277442840,4022745600,0,499,0,499,499,499
974913316,272380313,90,409,130,369,319,239
1240871642,3750282864,100,399,25,473,299,448
987643623,294482021,146,352,125,374,206,249
1117501297,1974800382,70,429,0,499,359,499
1033634548,657327312,15,473,160,401,458,241
1117977975,1978445236,78,431,132,366,353,234
1304039069,4160811429,100,413,127,369,313,242
1265207107,1215295,98,400,0,499,302,499
1027317190,570659441,110,389,50,449,279,399
1007511565,435013238,100,399,50,449,299,399
1322905927,4232154340,141,362,107,463,221,356
1305852698,4166954434,106,388,51,463,282,412
847744812,77291125,111,386,12,483,275,471
1319240505,4214099634,84,418,18,474,334,456
1008045354,435911617,100,399,51,448,299,397
1086920678,784460959,160,316,112,389,156,277
1266824177,278543369,100,399,36,484,299,448
1244540593,3785187505,0,499,122,436,499,314
1127347905,2121747377,147,359,149,349,212,200
1072596287,1307572141,135,341,110,456,206,346
1214146012,3458826382,0,499,62,436,499,374
1103775197,1817916272,109,390,0,499,281,499
1317104648,4211272535,0,499,0,499,499,499
1322777460,4231405878,0,499,0,499,499,499
1125638679,2093594582,180,321,195,307,141,112
1026055695,559361788,36,460,37,480,424,443
987336270,294175860,89,409,0,499,320,499
1282347992,2067331149,190,314,58,182,124,124
1013764453,469534985,72,427,0,499,355,499
1310779382,4182276190,0,499,0,499,499,499
931886435,186934452,0,499,83,415,499,332
1317023227,4201018586,4,495,4,494,491,490
1288075304,4079555506,0,499,0,499,499,499
958640037,228452244,181,303,151,361,122,210
1000093804,343306951,69,430,0,499,361,499
1323872346,4234090627,53,446,59,440,393,381
1025671473,554019758,33,463,25,472,430,447
1305185189,144040625,124,373,0,499,249,499
1306069150,4167127475,43,468,65,469,425,404
1243659038,3775275156,0,499,177,436,499,259
1116416093,1164521648,158,338,145,390,180,245
1227443254,3609723890,25,489,148,353,464,205
1193214845,3136604550,0,499,225,260,499,35
1190866987,3098368284,222,239,0,499,17,499
1194574451,3160909575,54,96,200,292,42,92
1091555429,1568277327,93,398,31,470,305,439
976575219,235888783,225,389,159,315,164,156
1252446343,3847592704,10,456,11,470,446,459
1204210861,3287151476,12,483,65,433,471,368
1219919171,3533715775,141,358,168,331,217,163
1040894354,820766088,191,326,0,499,135,499
1202967784,1228151360,145,353,100,399,208,299
1226443767,3598698796,0,499,63,436,499,373
1321994338,4229797049,32,453,94,408,421,314
1275667154,4006518798,150,353,45,432,203,387
922170120,170808071,228,253,382,389,25,7
1019291352,516362067,67,430,104,393,363,289
1257234896,3879891321,74,412,122,355,338,233
1260330686,3893251987,52,456,59,436,404,377
1277786178,4019442906,0,499,62,436,499,374
1188462933,3065096156,0,499,62,436,499,374
930778268,184847016,74,425,0,499,351,499
1201838199,3249409974,19,476,14,483,457,469
1239446707,3067246975,49,429,144,360,380,216
1262732810,3910821640,147,337,33,479,190,446
1131841818,2211245111,129,361,4,393,232,389
1159065459,2707634533,0,499,30,469,499,439
1008932093,439646462,73,425,0,499,352,499
1192282870,3122043253,31,467,70,429,436,359
1198146938,1546541298,144,355,100,399,211,299
1021236301,526301702,60,473,13,477,413,464
1275805453,4005339658,0,499,62,436,499,374
1282338326,4056049374,0,499,95,499,499,404
1268740947,3936362831,8,493,86,434,485,348
1323316418,4231807268,71,435,74,424,364,350
1267142431,3941809716,0,499,0,499,499,499
1194051165,3146953314,47,451,0,499,404,499
1255757884,3871285805,8,482,153,382,474,229
1311899579,4188972376,22,499,0,499,477,499
1278041613,4029142976,84,410,17,440,326,423
1277591044,4023548471,0,499,17,499,499,482
893310220,141192393,188,306,195,274,118,79
1262743727,3910896276,46,433,70,428,387,358
1141794999,2430128717,62,436,0,499,374,499
1248660666,3816934613,0,499,109,389,499,280
985478018,290908979,137,373,77,489,236,412
1318299906,4217936952,0,499,0,499,499,499
1248214618,3814580591,76,423,69,445,347,376
1100250821,261000874,39,471,211,281,432,70
981955762,284905079,142,353,42,487,211,445
1047849550,933418747,77,421,0,499,344,499
927896302,181184470,55,444,117,382,389,265
1292462889,4108921251,4,494,103,393,490,290
1213819018,3453640272,106,393,50,449,287,399
1136209020,2323052847,28,473,26,466,445,440
1241851395,3758003028,62,436,0,499,374,499
1190251006,2832261845,65,451,190,321,386,131
1296067142,4129494041,147,314,59,335,167,276
931361153,185935377,103,396,100,398,293,298
974061217,270697210,62,435,0,499,373,499
917901275,163526314,62,436,0,499,374,499
1256971266,3876189522,0,499,0,499,499,499
1198914094,278517667,153,346,100,399,193,299
1174119808,2928809438,178,320,171,309,142,138
505242646,47919264,73,426,0,499,353,499
844384835,71870531,127,381,165,339,254,174
897161665,101460722,51,447,12,486,396,474
1167822550,2845386960,62,436,0,499,374,499
1289148573,4086220165,38,440,44,446,402,402
1173694473,2394585403,38,461,118,381,423,263
1192169116,3122812616,68,432,22,488,364,466
1068003985,1187136585,171,337,16,498,166,482
1145109887,2491817911,142,357,88,411,215,323
1289796061,4089925049,57,454,79,440,397,361
1316099514,4200868928,1,496,12,492,495,480
965312075,249816875,70,429,0,499,359,499
1247477096,2315101143,28,475,52,454,447,402
1306912908,4168962758,0,499,0,499,499,499
1267061098,3594364486,100,399,38,461,299,423
1112064843,980549009,155,343,100,399,188,299
1324222384,4236298553,140,393,59,439,253,380
936386573,195473352,0,499,62,436,499,374
1184673883,2840131605,141,416,57,347,275,290
1321545131,4227444745,60,441,83,401,381,318
1313200797,4182729555,75,471,98,410,396,312
1159838472,2720289752,0,499,109,389,499,280
1199011135,3222915842,7,488,105,418,481,313
1100064797,1711735916,110,389,56,443,279,387
864922329,106777604,63,437,0,499,374,499
1269513479,3959384516,0,499,0,499,499,499
1309075583,4179415598,0,499,0,499,499,499
1014849012,475703023,100,399,133,366,299,233
1295220807,4125633547,146,350,35,493,204,458
1281968547,4050742410,24,450,48,427,426,379
873746402,119533632,62,436,0,499,374,499
1274982529,4003366459,15,498,79,431,483,352
1092791768,1589037726,43,456,0,499,413,499
987477083,294391677,183,317,27,471,134,444
1273159710,3993174789,49,327,216,361,278,145
1302536652,4153307011,8,488,74,461,480,387
1255326304,3869439772,153,347,86,413,194,327
1151788384,2590130953,58,439,9,460,381,451
934696569,193248603,0,499,90,409,499,319
1252628155,3850328876,0,499,62,436,499,374
1266343807,3938140336,98,449,346,497,351,151
932052155,186909410,134,364,92,409,230,317
1286710797,4071959380,24,455,27,487,431,460
1255997152,2090284141,83,415,0,499,332,499
979611249,282294295,120,382,165,335,262,170
1234473408,3684692533,145,358,95,414,213,319
1316146574,4200873978,38,452,31,483,414,452
964669225,247859774,125,374,62,436,249,374
1213028141,3439110653,1,497,81,418,496,337
1301495503,4150988003,9,483,4,497,474,493
1251357296,3841416660,62,436,0,499,374,499
1060330246,1097392580,137,351,27,463,214,436
1121420208,1118849530,25,462,86,417,437,331
1255994917,1518921,78,421,0,499,343,499
1002975239,388574993,201,295,223,275,94,52
1252627821,3850328604,0,499,154,436,499,282
1275668454,4006518844,58,420,98,440,362,342
172395430,5458017,150,349,126,373,199,247
1238300510,3727588735,0,499,0,499,499,499
1265215210,3929900547,11,489,117,390,478,273
1257227178,3879890369,55,488,17,480,433,463
938698181,201010463,70,429,10,489,359,479
1248855417,3817904909,128,370,94,405,242,311
1278107406,4029595673,105,383,129,431,278,302
1158286109,2691382378,151,344,58,478,193,420
1155769842,2659730520,33,499,48,449,466,401
1299565135,4141746242,82,399,38,456,317,418
1305102912,4163179545,27,471,0,491,444,491
1063861805,1132452579,68,431,0,499,363,499
1310378258,4181900956,0,499,0,499,499,499
1146393955,2038880257,49,463,29,482,414,453
1295590562,4126590934,83,416,12,491,333,479
1321128020,4221742596,37,460,53,443,423,390
940536579,138728589,169,323,125,373,154,248
1306809530,4167087792,106,388,51,463,282,412
865234477,107564164,105,393,177,321,288,144
1195258870,3166434589,57,439,108,398,382,290
845414189,62164421,62,436,0,499,374,499
883536898,128411928,0,499,73,425,499,352
1275557579,4006494905,16,483,18,484,467,466
1300145121,4145102428,137,365,30,435,228,405
1187033654,3039401562,48,499,25,469,451,444
1254944020,3867138206,0,499,0,499,499,499
1102382346,1798711261,0,499,62,436,499,374
1020456323,516891711,0,499,75,423,499,348
528916,183912,182,317,183,315,135,132
1283650796,4061596109,223,277,81,163,54,82
1143131090,2460459082,12,485,58,455,473,397
963551423,243785540,15,484,0,499,469,499
1230549087,3633008722,90,421,15,483,331,468
1149035029,2552713631,62,436,0,499,374,499
1247159986,3805932688,109,390,0,499,281,499
1221346084,3561887399,154,345,100,399,191,299
1262283277,3906573249,20,468,126,396,448,270
1275079689,4003843537,32,480,33,470,448,437
1292341984,934932636,82,419,19,460,337,441
1192185570,3123026645,66,461,13,357,395,344
1285409048,4069003149,31,480,150,376,449,226
1285065632,4066257900,20,485,69,464,465,395
910640064,154807368,65,434,2,493,369,491
947080313,208977262,87,411,26,473,324,447
1285918004,4071511984,0,499,60,394,499,334
1275612292,4006501011,19,476,18,474,457,456
1222850107,3575763309,0,499,0,499,499,499
1193552034,3145846883,53,442,71,481,389,410
1282821384,4058285686,18,474,28,430,456,402
1248717371,3816717090,0,499,0,499,499,499
1156655865,2675087886,84,405,129,354,321,225
1109426629,1883380549,0,499,62,436,499,374
1259699964,3889209501,21,476,106,390,455,284
1116535227,1961789278,104,395,0,499,291,499
1028369426,583856403,61,446,166,334,385,168
1265213059,3929895306,0,499,0,499,499,499
972331261,264974927,95,403,10,489,308,479
1133944492,2269685653,160,325,68,422,165,354
1224222785,3523547285,77,496,42,449,419,407
1321446410,4227568908,0,499,0,499,499,499
1324056604,4236041498,18,499,0,457,481,457
1301038337,4143945816,64,420,70,438,356,368
1148346739,2541168129,0,499,28,471,499,443
1027342162,570714178,108,391,50,449,283,399
1136592028,2332867765,0,499,62,436,499,374
1251931114,3846509761,39,463,185,406,424,221
1008945457,439338551,183,315,158,349,132,191
1074870229,1339420224,168,330,0,499,162,499
1304055935,4160929976,106,388,51,463,282,412
1290613346,4093180524,0,499,62,436,499,374
835817671,70043435,140,359,106,392,219,286
1278838113,4037445458,41,459,44,460,418,416
1285859788,4017676965,19,482,64,455,463,391
1243393178,3773730416,55,445,55,445,390,390
1009255175,440550225,100,399,149,349,299,200
1048545714,941663592,30,443,35,395,413,360
1204200364,3287127197,9,489,111,418,480,307
1313735251,4200225303,0,499,0,499,499,499
1301345345,4150979460,30,487,51,396,457,345
1224718725,3513758503,46,405,205,304,359,99
1196333787,3185661276,77,428,76,428,351,352
1277566004,4023546315,0,499,0,499,499,499
877964949,123006142,0,499,62,436,499,374
1241780865,3760779620,65,436,185,331,371,146
1282287854,4055998812,154,303,92,433,149,341
1241428991,3756677339,262,275,0,499,13,499
1193309949,3141386154,136,377,134,340,241,206
1308900557,4177867194,231,270,0,499,39,499
1305845272,4166953848,106,388,51,463,282,412
1209717310,3382587134,39,472,100,433,433,333
1316703150,4200956061,144,359,25,489,215,464
934355982,192378660,70,428,0,499,358,499
1157391310,2684985578,126,375,23,475,249,452
1048515351,942549540,73,426,0,499,353,499
1100075434,1711734412,0,499,93,405,499,312
1212323655,2431266330,137,361,100,399,224,299
987628367,294459021,149,352,40,482,203,442
1306922181,4169835213,5,491,126,366,486,240
1312659554,4195677546,0,499,0,499,499,499
1205825843,3312189765,132,366,136,373,234,237
858679998,75187888,0,499,84,415,499,331
1090247977,1555508462,78,420,112,387,342,275
1235988158,3702775797,212,324,134,378,112,244
941672860,207072607,62,436,0,499,374,499
966674130,149017615,75,412,0,484,337,484
964903178,204518040,59,439,0,499,380,499
1319227928,4218318101,50,437,51,476,387,425
1108942861,1879839768,128,369,7,492,241,485
1275264950,4003952046,0,499,0,499,499,499
1265506420,3931447523,0,499,0,499,499,499
1307874918,4173007741,11,495,103,432,484,329
1313370460,4197668682,63,499,84,457,436,373
1275218516,4003937535,40,438,47,437,398,390
1252324507,3848545777,46,447,4,494,401,490
1310653201,4184541511,30,499,90,292,469,202
890156156,136255795,16,477,33,451,461,418
1243659686,3775275585,0,499,62,436,499,374
1316118065,4200871296,15,482,21,491,467,470
1171358846,2907422148,24,463,98,397,439,299
1257234452,3879891170,11,492,74,384,481,310
1029511613,591830002,15,489,109,422,474,313
1255987747,3872872666,0,499,0,499,499,499
1059991909,1093993399,115,384,40,489,269,449
1317271268,4210988699,0,499,0,466,499,466
1215525914,3470062413,16,487,32,479,471,447
1316156181,4200875012,96,403,55,450,307,395
1305405755,4165643372,95,402,107,390,307,283
1317478667,4213276607,131,371,127,411,240,284
1304177130,4160987957,106,388,51,463,282,412
914502685,158387132,62,436,0,499,374,499
1027200124,570000409,108,390,50,449,282,399
989058402,294410278,24,381,147,352,357,205
1313352908,4197666708,10,491,118,465,481,347
1276114689,4011128189,0,499,0,499,499,499
1301629862,4151267192,0,499,0,499,499,499
1289674549,4088681498,0,499,0,499,499,499
1273233015,3992591460,24,478,49,472,454,423
1325258753,4240794928,111,388,42,461,277,419
1234861485,75871867,104,395,12,486,291,474
1323017051,4232485210,83,407,17,486,324,469
1226540994,3600298380,0,499,62,436,499,374
1225886963,1384760699,151,364,182,331,213,149
1254952532,3866916154,28,463,49,441,435,392
1307496366,4170895359,0,499,0,499,499,499
1234709886,3689260278,100,399,25,474,299,449
862300789,101985816,0,499,62,436,499,374
1090777487,1559561346,0,499,83,415,499,332
1320373681,4224249011,15,484,17,482,469,465
1257406564,3881319412,0,499,0,499,499,499
977793121,278790482,68,430,0,499,362,499
1211080734,3390098472,62,436,0,499,374,499
1028062461,579508585,58,441,0,499,383,499
1050531606,965595377,109,389,0,499,280,499
1004946144,409979789,67,432,0,499,365,499
987625201,294480335,32,471,20,464,439,444
1055760402,1066486857,85,413,0,499,328,499
1306457352,4043473264,73,425,0,499,352,499
1144511164,2483380831,71,434,20,469,363,449
1273017649,3992383535,63,454,88,458,391,370
996354235,306821859,0,488,153,340,488,187
1268430507,3951006778,4,473,35,499,469,464
981259435,284259193,56,441,136,362,385,226
1257231547,3879890694,71,466,145,330,395,185
1088411675,1539032037,72,426,0,499,354,499
1259145643,3887607991,0,499,0,499,499,499
1208896225,3365633967,9,488,153,366,479,213
1070289526,1267241290,6,493,6,492,487,486
1090754528,1562597720,12,493,2,497,481,495
966010529,251454834,227,273,133,365,46,232
1251486330,3842786528,170,499,0,499,329,499
1317477414,4213276585,12,490,110,434,478,324
1324076281,4236041824,0,499,0,499,499,499
1099473108,1703505917,0,499,109,389,499,280
1306499096,4168601662,33,468,180,372,435,192
1265245829,3929960854,172,315,169,272,143,103
1276342849,4010572576,62,436,0,499,374,499
1215459396,3470070817,0,499,139,344,499,205
924907041,176273418,0,499,62,436,499,374
931457731,186039290,0,499,0,499,499,499
1312858286,4196502034,82,419,176,315,337,139
1313139091,4197654892,108,421,53,499,313,446
1227382432,3605458167,62,436,0,499,374,499
875639954,83633256,39,459,0,499,420,499
1295220747,4125633534,50,445,149,340,395,191
1290613347,4093180531,0,499,109,389,499,280
1318568173,4212840024,20,471,76,358,451,282
1262345789,3906639415,0,499,0,492,499,492
977852396,278540488,103,410,26,472,307,446
1252627283,3850328356,0,499,169,436,499,267
1310072760,4181961184,33,458,82,477,425,395
1275636360,4007156035,0,499,0,499,499,499
1263231289,3915609052,0,499,1,449,499,448
911016234,155010955,1,497,0,499,496,499
1282059643,4054974288,72,428,105,313,356,208
1006857671,287557089,98,400,0,499,302,499
1266918877,2047886850,100,399,15,483,299,468
862540815,101947667,5,432,123,403,427,280
1275489688,4006488781,32,479,142,432,447,290
1264956380,3928373622,0,499,0,499,499,499
985602605,291097044,0,499,0,499,499,499
1255143949,3868751689,12,487,105,390,475,285
1100062166,1711735636,110,389,51,447,279,396
941425130,196228264,71,427,0,499,356,499
1309707639,4179733795,135,363,74,443,228,369
1273057373,3992392050,24,484,137,397,460,260
857289817,87248754,178,320,160,339,142,179
995101949,303052110,73,426,12,486,353,474
1027113201,569663276,108,390,50,449,282,399
1316288715,4209025758,35,459,127,406,424,279
1072643099,1301247412,62,436,0,499,374,499
1048487677,942412641,72,426,0,499,354,499
1062125463,63808385,189,311,162,336,122,174
1283942036,4063336657,0,499,0,499,499,499
1155935518,2662169063,108,390,129,368,282,239
1322455021,4229979623,19,493,100,423,474,323
1289587558,4086141881,50,451,0,499,401,499
836329744,70092590,62,436,0,499,374,499
1237106369,2660821530,10,492,107,410,482,303
1300063955,4144869245,52,364,161,447,312,286
1238709626,3729486206,109,389,0,499,280,499
1300471957,4146736415,72,441,66,426,369,360
222704130,6384158,104,394,50,449,290,399
1096153005,1647206155,62,436,0,499,374,499
931974666,187230701,148,346,149,386,198,237
1313261846,4197501477,170,309,182,312,139,130
450653730,50290123,110,388,39,459,278,420
1066579374,1169162695,98,413,5,491,315,486
1243399064,3773716671,23,477,44,459,454,415
1094279681,1616739076,88,411,0,499,323,499
1304063309,4160930670,106,388,51,463,282,412
1226601432,3601987757,6,494,127,368,488,241
1128025995,2135433046,60,453,142,369,393,227
1190251401,2697698994,6,492,111,397,486,286
941622263,207151290,109,382,140,349,273,209
1066930685,1173353289,18,481,25,473,463,448
921249433,168345070,1,496,97,402,495,305
1323219463,4231849312,62,445,68,446,383,378
1318619057,4217949988,0,499,0,423,499,423
1316297940,4200882995,21,482,113,359,461,246
1026978956,569599960,119,380,50,449,261,399
1290882199,4093040240,62,436,0,499,374,499
1304173097,4160987185,106,388,51,463,282,412
1174593890,2940640548,141,367,136,352,226,216
1273177288,3993179619,38,451,130,361,413,231
1251982386,2064533330,83,415,0,499,332,499
1170182500,2892529487,162,340,73,434,178,361
1319523641,4214460234,39,440,43,470,401,427
987434866,294324054,84,403,75,457,319,382
1301550803,4150998846,0,499,0,499,499,499
1273149338,3993167736,79,422,208,331,343,123
1275503748,4006490716,56,466,69,440,410,371
833521656,64304547,0,499,62,436,499,374
1213045518,3439356196,35,442,70,375,407,305
1000293768,355549191,0,499,83,415,499,332
690659735,57666453,0,499,62,436,499,374
1268781491,3953644287,64,437,137,404,373,267
1156336798,2657937706,0,499,0,499,499,499
1290583983,4095036118,0,499,22,472,499,450
1033541159,634191432,68,427,152,328,359,176
1204236671,3287276419,3,495,27,465,492,438
1271136383,3975814851,107,371,117,348,264,231
1174586902,2940638805,178,328,206,323,150,117
1120549036,2014170452,96,403,12,486,307,474
891730522,138460360,120,378,100,399,258,299
1123923258,2065487817,10,489,26,472,479,446
1068142283,1189983795,0,499,62,436,499,374
991231482,298634525,73,426,55,499,353,444
1265177562,3929867365,19,469,18,480,450,462
1140586795,2345324385,35,479,38,462,444,424
250112433,7336486,164,334,173,361,170,188
1273371889,3992626438,60,446,69,449,386,380
1253440421,3856809262,89,414,90,462,325,372
1191324071,3104656722,0,499,62,436,499,374
958198976,227121602,0,499,73,425,499,352
1311035501,4184404918,0,499,0,499,499,499
1249535148,3819981979,192,317,192,311,125,119
1306561178,4167079616,106,388,51,463,282,412
1113061688,1926715049,14,484,17,481,470,464
1318723076,4215359656,33,468,47,455,435,408
1179712561,2992354409,71,427,43,456,356,413
976684577,276429468,25,470,90,408,445,318
965342196,250276449,62,436,0,499,374,499
1259302285,3887625891,32,466,129,386,434,257
1254624777,3863490288,35,464,35,464,429,429
1276373781,4012755936,40,444,73,461,404,388
1143236809,2462947675,161,339,164,329,178,165
1299906240,3292160950,0,499,51,448,499,397
1231320622,3647601338,92,391,48,465,299,417
1004573587,142393245,62,436,0,499,374,499
1277360324,4019823022,36,473,36,469,437,433
882080238,126717709,0,499,59,439,499,380
1283535450,4061479692,0,499,0,499,499,499
1018421018,510868083,0,499,109,389,499,280
941642522,207170105,148,344,188,309,196,121
1137651179,2349705035,0,499,62,436,499,374
1301833949,4151009378,49,372,57,375,323,318
1174593120,2940640424,8,470,9,490,462,481
911814726,2923138,0,499,62,436,499,374
1300060664,4144868187,22,476,50,436,454,386
1267277299,3942394801,10,483,162,373,473,211
1258885333,3887569652,13,487,90,408,474,318
1306821191,4167088569,106,388,51,463,282,412
1007750756,435256875,102,396,50,449,294,399
1314193220,4201917908,4,496,101,398,492,297
1319429548,4214364226,98,415,38,429,317,391
941710215,207304671,154,350,115,389,196,274
1234473663,3684693033,73,439,58,458,366,400
1248178449,3814537116,61,432,90,377,371,287
1064720273,1132424565,85,413,0,499,328,499
1324144187,4236042758,0,476,84,415,476,331
987665483,294486735,152,308,25,465,156,440
1192302424,2958878070,0,499,13,499,499,486
1053256933,1028858545,0,499,62,436,499,374
1308450244,4176406031,139,368,217,432,229,215
1286004706,4071537134,109,389,0,499,280,499
1231514839,3651488286,42,434,78,470,392,392
1237577377,3721544052,158,385,148,378,227,230
1053534999,292161254,74,424,0,499,350,499
1250902624,3836624204,24,474,107,441,450,334
1043976941,855203157,100,399,100,399,299,299
1105410956,1848933732,88,411,18,482,323,464
1309845872,4181826760,45,474,87,410,429,323
1323297443,4231695781,95,353,29,463,258,434
958993963,230689983,176,322,151,348,146,197
1311191614,180909823,62,436,0,499,374,499
1309994540,4181947481,59,450,172,345,391,173
853320824,84302823,66,433,0,499,367,499
1311492871,4182394479,42,440,6,499,398,493
1239355738,3737243899,0,499,0,499,499,499
1276447000,4013276268,21,465,67,460,444,393
1127683169,2128666149,150,349,133,387,199,254
1207288425,3329559912,0,499,83,415,499,332
987588225,294328226,17,481,0,499,464,499
1204250075,3287290212,13,479,9,488,466,479
988975047,296115245,73,471,225,275,398,50
1261409868,3898722428,0,499,0,499,499,499
1192170382,3122844232,68,432,22,488,364,466
1265206066,3929890029,0,499,0,499,499,499
1310190656,4182225111,0,499,0,499,499,499
1185806223,2724076405,169,329,204,305,160,101
1248866469,3817907662,34,472,151,444,438,293
1258402896,3885001424,98,422,0,490,324,490
1307776043,4172824088,10,488,26,492,478,466
1186390521,3028261446,49,51,164,399,2,235
1145557163,2498162864,84,466,183,363,382,180
955830017,220445101,125,374,62,436,249,374
894275422,141780046,206,298,193,299,92,106
1291291521,4101477401,14,467,29,470,453,441
1007360899,416635385,56,443,0,499,387,499
1057628832,1077543169,83,416,0,499,333,499
1300126227,4141228386,75,423,0,499,348,499
1284105125,4063364287,0,499,0,499,499,499
1124120316,2071211607,0,499,83,415,499,332
1041763058,832974057,121,378,150,349,257,199
1237178104,3716578755,0,499,0,491,499,491
1027018433,569632354,109,389,50,449,280,399
1009298284,440650043,113,385,50,449,272,399
1240164639,3743864688,0,499,67,432,499,365
1152398373,2605076431,83,415,0,499,332,499
1284114032,4063411778,57,472,37,459,415,422
1282294634,4056002037,120,376,23,456,256,433
1276306385,4012720813,177,322,87,398,145,311
1075916734,1352262136,129,370,93,406,241,313
1020384153,523347916,124,483,231,277,359,46
1239700615,3739044101,45,434,137,343,389,206
1323327602,4231757386,61,451,83,403,390,320
1029099481,590315554,60,442,7,483,382,476
1102363760,845432775,19,499,52,468,480,416
1150452619,2576284776,73,426,0,499,353,499
1280441668,4045062318,53,463,49,429,410,380
1100624654,1655838659,83,415,0,499,332,499
1294105550,4122227422,106,439,61,445,333,384
1053276211,1029084851,22,476,103,400,454,297
1102254802,1792750717,100,399,156,343,299,187
1072774519,1305907226,0,499,1,498,499,497
1076860834,1369381850,0,499,30,468,499,438
1136688460,2333891131,171,330,131,369,159,238
1098775964,1685907103,0,499,62,436,499,374
856406407,84310748,103,396,60,437,293,377
1265215137,3929900543,8,494,5,493,486,488
1027064754,569684588,101,398,50,449,297,399
1267088257,3941727758,0,499,0,499,499,499
1240766164,3748225145,143,339,52,437,196,385
1269871000,3962923965,0,499,62,436,499,374
1133706738,2258456146,70,429,0,499,359,499
1181139627,3000463562,168,331,16,485,163,469
869567262,113635659,82,417,0,483,335,483
1282669947,4055231900,217,282,146,353,65,207
1310068930,4182657223,161,333,111,383,172,272
703543234,58564332,74,425,0,499,351,499
1071280757,1286250470,35,456,73,433,421,360
1317564026,4213493893,143,360,87,460,217,373
1256021990,3873033202,100,399,100,393,299,293
1328683069,4250700207,150,425,28,459,275,431
669220,184381,175,324,175,324,149,149
1018451331,510976620,100,399,150,349,299,199
718150930,59244478,230,269,220,278,39,58
1249534214,3819978827,177,287,203,314,110,111
1301871797,4153639321,0,499,0,499,499,499
1256421406,3874303551,31,475,79,409,444,330
1316205678,4200877627,30,469,0,499,439,499
1318069379,256504651,24,477,24,469,453,445
1118339923,1983401855,333,489,21,63,156,42
1299821229,4143422829,132,377,100,451,245,351
1174589916,2940639550,81,420,6,493,339,487
1007652759,435075638,100,399,147,352,299,205
977818991,278813398,132,399,208,297,267,89
1078029563,1390140599,164,340,148,360,176,212
1027242426,570621724,106,392,50,449,286,399
1305758662,4166642636,106,388,51,463,282,412
1121420196,2035478941,35,432,52,487,397,435
902043529,147250522,62,436,0,499,374,499
1262331492,3906638447,50,416,9,439,366,430
1289135500,4085979686,55,445,64,448,390,384
1202885667,3258758635,62,436,0,499,374,499
1007591037,435064896,100,399,30,469,299,439
1182840180,3008041243,73,426,0,499,353,499
1188462955,3065096177,0,499,62,436,499,374
1289793535,4089924617,58,432,80,415,374,335
967136053,254364201,0,499,62,436,499,374
977653921,278517656,86,413,0,499,327,499
1277776731,4026079781,40,457,45,404,417,359
1096281191,1645494185,52,393,61,487,341,426
1253151168,3855161585,40,431,56,454,391,398
212471230,6269530,75,427,0,496,352,496
1108917130,845434342,53,442,88,448,389,360
1251232479,3838160873,128,315,39,491,187,452
1114500577,1933797365,132,367,100,399,235,299
1303120462,4157460377,14,477,30,474,463,444
1061970379,1105920887,150,349,130,377,199,247
1145364865,2494082669,162,333,26,492,171,466
1026034117,559060148,24,474,89,407,450,318
1250999481,3837274721,233,301,179,201,68,22
1092258980,1580087319,30,469,208,293,439,85
1316114433,4200870840,33,477,27,471,444,444
1249535256,3819982116,130,369,160,339,239,179
1016611595,409976846,123,398,47,469,275,422
1100060236,1711731850,70,429,145,354,359,209
1084049235,1485055953,142,356,107,396,214,289
957555288,221252692,2,497,0,499,495,499
1008210269,436104107,150,349,112,386,199,274
1178231177,2982690457,149,356,149,363,207,214
987594459,294370873,194,307,61,271,113,210
1240263005,3745690459,62,436,0,499,374,499
1191462017,3108128806,228,266,3,495,38,492
1255338946,3810740081,0,499,62,436,499,374
875660402,105683132,81,418,0,499,337,499
1288996832,4085933484,0,499,16,499,499,483
934304104,192299226,37,461,0,499,424,499
1072353611,1301208848,16,443,92,436,427,344
1257967764,2590239790,83,415,0,499,332,499
1268066931,3944551359,0,499,0,499,499,499
1119461083,278514710,137,361,100,399,224,299
1275076116,4003842139,80,421,90,436,341,346
1307747902,4172813035,106,394,123,383,288,260
1220279077,3542270957,0,499,83,415,499,332
1282711610,4057511362,83,387,158,361,304,203
1094179017,102051534,0,499,62,436,499,374
1077896293,1386466816,79,418,1,499,339,498
1181059528,2999848982,83,405,117,376,322,259
1050684896,969178962,55,442,56,429,387,373
1286933608,4076959370,62,436,0,499,374,499
1273180033,3992408288,60,440,77,439,380,362
965306047,250233654,62,436,0,499,374,499
1310330599,4182235296,0,499,0,499,499,499
1319679480,4214664230,178,329,159,337,151,178
1148441698,2542507908,0,499,71,428,499,357
1101116222,1751052274,73,426,0,497,353,497
1047873847,933716070,130,369,0,490,239,490
1262430500,3908156537,45,446,89,419,401,330
1305327553,4165064551,39,461,57,441,422,384
1024719984,209577290,37,447,71,424,410,353
1292743986,4113478949,7,491,165,315,484,150
877319764,122690062,0,499,0,499,499,499
1182061562,3005332310,62,436,0,499,374,499
1276436206,4013273847,27,470,128,434,443,306
1136080378,2318056608,109,389,0,499,280,499
1313107284,4182532158,156,345,27,476,189,449
1196322656,3182191524,72,436,0,499,364,499
1236729876,3712532266,106,392,0,499,286,499
1220254178,3536270551,0,499,62,436,499,374
1310865887,4184607863,52,464,73,439,412,366
1306813383,4167088152,106,388,51,463,282,412
1310229988,4182227098,186,297,77,440,111,363
1282024380,4050758630,35,465,121,360,430,239
1269450055,1100682079,100,399,28,470,299,442
1236934990,3716121480,180,319,153,346,139,193
1286922818,4076913379,41,458,0,499,417,499
1249758752,3821565972,0,499,62,436,499,374
855306806,49083858,62,436,0,499,374,499
1236621892,3709980891,0,499,109,389,499,280
1047873873,933715989,125,374,0,487,249,487
1302477800,4152561469,59,439,0,499,380,499
1257210027,3879837806,0,497,4,499,497,495
1316164231,4200875773,12,476,35,468,464,433
1305819644,4166865096,94,437,24,401,343,377
1274557763,201073642,70,428,0,499,358,499
969931990,258074711,192,327,81,424,135,343
847814969,77404844,105,393,0,499,288,499
981835360,285042120,0,499,128,371,499,243
1314180453,4186192698,91,408,83,456,317,373
1106046098,1860456050,32,473,133,364,441,231
1301253914,4151262583,105,411,124,429,306,305
1221048749,3560416591,16,439,63,416,423,353
1315022353,4204286847,0,499,0,499,499,499
1113132961,1926889772,109,389,0,499,280,499
995098610,303051690,0,499,78,461,499,383
1307809317,4172993709,92,406,0,499,314,499
933258108,190108774,73,426,5,489,353,484
1269455597,3958959522,51,461,30,465,410,435
1178078524,2970593376,50,271,142,354,221,212
933741501,188505703,179,298,55,436,119,381
935418712,194763906,104,395,0,499,291,499
1251228164,3838166912,195,303,13,13,108,500
1298688708,4140444572,56,443,36,444,387,408
1155374300,2652367985,0,499,62,436,499,374
1119065379,1992240513,147,352,104,395,205,291
1305592168,4166200135,39,494,94,400,455,306
1250623951,3743371593,163,337,146,349,174,203
1263899637,3921319290,125,378,10,499,253,489
1313178157,4198156583,83,426,75,420,343,345
1061969377,1109760184,31,454,98,389,423,291
1255721006,3871019421,44,454,74,419,410,345
1309427468,4180597996,101,398,0,495,297,495
1139727591,2075646249,14,484,34,464,470,430
1282341642,1646586358,116,386,30,483,270,453
1266776958,3939947780,12,487,0,338,475,338
1130180005,2178582775,71,427,0,499,356,499
1024508658,544057737,83,415,6,493,332,487
1100061836,1711729785,70,429,145,354,359,209
1290639082,4095304766,0,499,0,476,499,476
1268102442,3766474646,100,399,18,480,299,462
1076309678,1361693331,199,302,171,326,103,155
1108403944,1876232229,146,353,100,399,207,299
1277075097,4019948345,141,363,181,331,222,150
978000801,278577432,116,383,0,484,267,484
1273149508,3993167783,79,422,208,331,343,123
1260615229,3894585014,111,385,20,471,274,451
1294111197,4122229196,90,418,115,380,328,265
1196808661,3198812076,0,499,0,499,499,499
1283522938,4061583357,0,499,0,499,499,499
1119407465,1998121770,0,499,121,401,499,280
1044675618,862029152,181,317,151,349,136,198
1308924544,4177868384,29,472,104,409,443,305
1225076054,3587471518,0,499,62,436,499,374
1298900230,4141164515,0,499,0,497,499,497
1256595329,3874618552,18,456,119,387,438,268
1317191859,4210982880,59,417,95,434,358,339
1108332308,1874990503,109,389,0,499,280,499
1301730470,4151005875,140,328,111,441,188,330
1007659576,435074654,100,399,50,448,299,398
1262365946,3906641219,24,479,20,474,455,454
937788736,199005525,179,320,206,300,141,94
1283055484,2652131923,12,486,167,331,474,164
876145408,66773875,40,458,0,499,418,499
1260285365,3893195956,105,397,65,398,292,333
1256944156,3875034831,30,468,124,497,438,373
1096278357,1644847463,0,499,0,498,499,498
1105748309,1856059376,0,499,78,421,499,343
1313985086,4186107878,155,381,45,339,226,294
948494478,211207642,43,459,109,386,416,277
1244326369,3782771618,0,499,126,436,499,310
973300006,268245770,72,426,0,499,354,499
1286718614,4071960684,0,499,0,499,499,499
1215455641,3470161066,25,499,53,492,474,439
1275687978,4006530748,98,484,7,422,386,415
1265216370,3929900611,25,478,39,468,453,429
1321278282,4221778374,49,470,106,397,421,291
1279062040,4037577088,11,394,56,475,383,419
1304129611,4148210614,96,408,21,481,312,460
1324210286,4236298203,85,409,40,459,324,419
1255683381,3870820342,33,471,41,480,438,439
1307645359,4171369705,0,498,0,499,498,499
1269950904,3964906945,0,499,0,499,499,499
1323296943,4231412340,27,485,92,435,458,343
1270626916,3972428209,18,499,19,499,481,480
1042819662,844964693,38,465,8,499,427,491
750247767,60861988,0,499,62,436,499,374
1256965822,3876187526,80,419,0,499,339,499
1265194369,3927592652,65,433,0,496,368,496
1134824590,2293051577,0,499,0,499,499,499
1232369522,3660534493,0,499,62,436,499,374
1300817908,4149009871,0,499,60,499,499,439
933252969,190106011,58,439,13,489,381,476
1276757012,4016002858,0,499,0,498,499,498
1243234834,3765663949,0,473,164,459,473,295
893311780,141190857,217,281,188,268,64,80
1317238607,4210986792,0,499,0,499,499,499
1325229765,4240793847,0,495,6,489,495,483
1236118477,3705407347,58,447,156,375,389,219
956371095,144219397,14,498,112,382,484,270
1283409297,4061577250,0,499,0,499,499,499
1295084633,4125290144,41,460,101,388,419,287
1210294292,3387207062,150,349,100,399,199,299
1319875181,4215130171,128,370,56,480,242,424
1303858300,4159883296,81,417,0,499,336,499
1022686864,530572909,0,499,109,389,499,280
969928336,258075988,71,429,122,359,358,237
931425871,185991595,0,499,234,267,499,33
1040951560,815897833,62,436,0,499,374,499
1044673735,859233087,127,372,75,424,245,349
1283761407,4058940500,7,494,8,490,487,482
1272248581,3988483879,169,321,42,460,152,418
1078342967,1397194004,52,447,0,499,395,499
1258641997,3885557284,0,499,0,499,499,499
1242867657,3218803591,110,388,0,499,278,499
1027146058,569971321,120,379,50,449,259,399
1233833677,3682504068,0,488,0,499,488,499
1235180508,3692448068,35,472,61,460,437,399
876154480,69859836,35,463,0,499,428,499
1097204549,1668488556,113,385,50,449,272,399
1203458624,3277602548,83,419,27,473,336,446
1328410837,4250685364,0,428,35,499,428,464
1263738207,3921176173,72,499,67,458,427,391
1108332527,1875291715,156,343,100,399,187,299
1128171776,2094608189,57,434,20,483,377,463
1227376043,3605725681,85,407,4,495,322,491
1301905390,4153229800,12,486,144,358,474,214
1046694545,292161610,26,483,95,411,457,316
1100050798,1707091897,24,479,20,476,455,456
641845,929653,0,499,2,496,499,494
1272640167,3989833313,0,499,0,499,499,499
1053575292,1035044976,79,419,0,499,340,499
1181388311,2993427151,0,499,62,436,499,374
941676214,207258066,132,365,171,318,233,147
1283611998,4061592510,3,499,0,499,496,499
1276353335,4012749668,84,433,72,419,349,347
1257962204,3879960364,127,371,79,420,244,341
1253262411,3855780079,32,487,111,381,455,270
1103908371,1821555727,21,478,132,347,457,215
1317240250,4210986847,40,470,0,477,430,477
907585772,86380937,165,334,117,381,169,264
1174591013,2940639841,12,485,85,482,473,397
1218746749,3516589880,62,436,0,499,374,499
1301728585,4151005733,0,499,0,499,499,499
1131116319,2191465745,0,499,63,436,499,373
1238366868,3728071998,0,499,88,411,499,323
1324206466,4236298092,41,450,115,359,409,244
1215343579,3470015724,0,499,62,436,499,374
1018431171,510820386,74,424,0,491,350,491
1318317823,3106498290,16,475,162,389,459,227
1196922410,3201909225,13,489,11,487,476,476
1276309295,4012721169,23,479,156,350,456,194
1282286147,4055997864,6,494,22,480,488,458
1307299150,4171074953,18,499,18,499,481,481
1248861337,3817906204,84,401,31,467,317,436
1305069904,4164661251,106,388,51,463,282,412
1032508634,624431050,0,496,155,340,496,185
1300887592,4149375669,32,467,0,489,435,489
260874530,11776353,74,424,0,499,350,499
1032804142,632178996,108,384,149,333,276,184
1075712481,1351999424,76,422,0,499,346,499
1316172066,4200876046,7,493,71,291,486,220
1145355612,2494073104,12,485,40,488,473,448
1176505344,2958504196,1,497,78,421,496,343
1189120494,3078440035,0,499,0,499,499,499
1009324232,440706611,104,394,50,449,290,399
1301293626,4151249590,0,499,0,499,499,499
1109271587,1886497771,0,499,0,471,499,471
1262220506,3905973346,0,499,62,436,499,374
1261085139,3897327101,0,499,98,400,499,302
1304032277,4160809520,33,442,24,478,409,454
1077154949,1371486089,140,370,20,479,230,459
1270621692,3972335925,0,499,62,436,499,374
1283960530,4061636947,0,499,0,499,499,499
1292443185,4108915655,13,485,109,409,472,300
1283230880,1301755457,73,425,0,499,352,499
874538725,102315331,71,427,14,499,356,485
987651141,294483642,35,463,0,499,428,499
1215784548,3472613816,0,499,63,436,499,373
879212667,124601092,0,499,84,415,499,331
907179093,86382449,165,334,136,362,169,226
1281325355,4050825129,19,492,70,442,473,372
1318078333,3413248387,69,440,43,466,371,423
1084085031,1143212616,19,481,135,404,462,269
1007499961,435016979,77,421,0,499,344,499
1325221407,4240773317,28,499,33,499,471,466
1247867733,3813438954,0,499,0,499,499,499
1192033157,3120541000,68,432,22,488,364,466
1284141863,4063420702,65,434,68,437,369,369
873824916,119675092,62,436,0,499,374,499
941883990,207555699,73,426,0,499,353,499
1100088418,530913510,146,354,138,385,208,247
1318248546,444867893,48,453,121,402,405,281
965512184,250544042,77,423,10,494,346,484
1127561127,651677719,155,343,163,380,188,217
869692669,62085837,69,430,0,499,361,499
874732017,75653723,72,427,0,499,355,499
1189502276,3082611779,6,490,81,380,484,299
1050446243,964911098,89,466,229,266,377,37
1265222011,3929898811,243,258,0,499,15,499
1316215238,4200877966,60,432,30,461,372,431
1241440587,2087956630,0,499,109,389,499,280
987495851,294377604,14,475,88,401,461,313
1304041991,4160811991,12,465,4,487,453,483
1322983089,4231409428,0,499,19,499,499,480
1302455215,4155416443,8,499,0,499,491,499
1254300599,3861170859,44,455,60,442,411,382
1081424700,1457743634,70,429,0,499,359,499
1323330565,4231757565,0,499,0,499,499,499
1268991614,3955071472,5,470,8,487,465,479
910727747,154877369,162,334,183,344,172,161
1243714230,3775486554,19,480,20,479,461,459
1179855012,2985672257,62,436,0,499,374,499
949486887,212393370,160,339,118,380,179,262
916899758,162085269,85,414,0,499,329,499
1304316805,607361752,82,417,0,499,335,499
1108321491,1870985800,44,455,0,499,411,499
1314339426,4186265908,83,416,39,472,333,433
1197839844,3209918546,0,499,197,295,499,98
1281991958,4050748052,74,412,122,355,338,233
1264812789,3915933182,150,349,210,289,199,79
1086094335,1508416163,22,468,78,426,446,348
1243660165,3775276269,0,499,62,436,499,374
1243394492,3773730791,19,480,20,479,461,459
1218926781,3520736052,0,499,62,436,499,374
1067410251,1173157031,0,499,0,499,499,499
1328274145,4250678341,82,418,67,430,336,363
1209054052,3367017866,0,499,110,389,499,279
941676662,207258080,162,335,187,318,173,131
1316148448,4200874183,6,492,151,362,486,211
1248834694,3817892699,9,492,0,499,483,499
1209717431,3382587261,44,462,17,470,418,453
1258507547,3885602726,66,442,25,421,376,396
987578267,294421175,0,499,74,425,499,351
1225937389,3127981850,71,427,0,499,356,499
1299987024,4141071172,73,426,0,499,353,499
1281290745,4050812588,0,499,0,499,499,499
1287925950,4079553263,0,499,39,453,499,414
1305878497,4167018070,13,485,109,364,472,255
1038848360,767667910,44,455,28,447,411,419
1313687465,4197551122,0,499,0,499,499,499
1255705674,2073790080,83,415,0,499,332,499
1196117978,3181413288,132,367,129,362,235,233
1283483553,4061580391,0,499,0,499,499,499
1313450260,4197677760,0,499,0,496,499,496
1280444203,4045062935,56,446,46,458,390,412
1249534556,3819979312,143,355,137,349,212,212
1247288535,3808637122,42,458,30,448,416,418
853955261,85239642,144,356,100,399,212,299
933233190,190091487,72,427,14,491,355,477
1108737943,1878218275,110,388,59,446,278,387
984038131,288270710,75,424,0,499,349,499
1124764935,2082434300,99,382,108,398,283,290
1244540926,3785187789,0,499,62,436,499,374
1057827190,1081915423,68,431,0,499,363,499
1198615938,3218449856,87,416,98,391,329,293
1268433547,3951007060,36,457,115,368,421,253
1192166686,3122735280,68,432,22,488,364,466
1240912984,3751006864,119,390,47,451,271,404
938671957,200933706,151,355,112,380,204,268
1262273321,3906572901,5,490,134,438,485,304
1241407916,3756593521,27,460,74,459,433,385
1178126471,2981062179,0,499,97,402,499,305
1206461575,3321837891,0,499,109,389,499,280
1251591078,3843990735,160,346,103,463,186,360
1188409635,3064266724,180,310,124,365,130,241
1029511606,591829998,20,420,155,427,400,272
1152544277,2608008429,83,417,6,496,334,490
1220578470,3549076162,128,377,6,490,249,484
1143606638,2469126062,0,499,62,436,499,374
1032662130,625271978,0,499,62,436,499,374
1261410604,3898722475,0,499,0,499,499,499
1079157825,1414930437,78,426,115,408,348,293
1221531439,3564282399,83,415,0,499,332,499
1273774719,3992804847,25,455,48,472,430,424
1265542359,3931671513,53,453,44,428,400,384
297980566,18555698,169,330,110,389,161,279
1226650663,3602589943,97,401,26,404,304,378
1289222791,4086079841,0,499,0,499,499,499
1008778461,439169444,73,425,0,499,352,499
1187029510,3037168960,8,492,60,442,484,382
1182177456,292161020,14,472,74,424,458,350
1147718988,2530058291,109,389,0,499,280,499
1255243791,3864283374,0,499,109,389,499,280
1007658625,435078450,87,411,0,499,324,499
947189786,209342185,60,425,124,390,365,266
1310001393,4181948069,40,449,129,403,409,274
1318435758,1749761326,25,467,132,375,442,243
1051556027,979230748,0,499,100,399,499,299
1168888325,2866762004,22,479,109,374,457,265
1181077975,3000016461,42,440,111,450,398,339
1282806024,4057523788,40,463,64,464,423,400
1289104259,4085967852,0,499,0,499,499,499
1109688322,1893032455,160,339,27,451,179,424
968772549,254948347,10,489,10,489,479,479
1311891269,4189054903,0,499,0,499,499,499
1248840151,3817898905,57,448,25,478,391,453
1269478815,3957838853,0,499,0,489,499,489
1320005562,4215328113,50,452,76,441,402,365
933267046,190122607,72,426,0,499,354,499
1309690539,4179732383,0,497,0,496,497,496
1302562611,4155424684,0,499,0,499,499,499
988509610,295660182,229,357,145,296,128,151
1192174865,3122901834,68,432,22,488,364,466
1252627550,3850328463,0,499,62,436,499,374
1273457450,3992732257,34,459,46,457,425,411
1305054606,4164659607,106,388,51,463,282,412
1328333781,4250681125,155,368,46,360,213,314
1199239752,3218266339,62,436,19,499,374,480
1079169399,1415065682,0,499,62,436,499,374
1235528077,1485054043,100,399,38,461,299,423
1283682338,4061597896,62,412,57,408,350,351
1275582939,4006497520,36,466,14,491,430,477
1113061656,1926714942,26,481,51,447,455,396
1247365625,3808539675,75,424,0,499,349,499
1274098457,3997565220,163,341,158,371,178,213
1102183481,818218609,154,350,84,368,196,284
1105831362,1857269337,68,407,160,371,339,211
1264910895,3928058061,8,492,73,296,484,223
1310372486,4183699809,114,381,153,352,267,199
1051630188,973855069,62,436,0,499,374,499
1263995861,3923163475,36,437,151,326,401,175
1269784594,17878283,12,486,15,484,474,469
1274652719,374358350,64,434,0,499,370,499
1178163490,2981367006,67,432,14,484,365,470
1190245216,1878394041,23,476,146,352,453,206
1318153483,4211240321,118,390,15,482,272,467
1225786280,3592284798,150,349,100,399,199,299
1244326344,3782771606,0,499,126,436,499,310
977369700,277937746,37,461,96,403,424,307
1009224034,440548263,150,349,114,385,199,271
884187492,124561318,50,449,127,373,399,246
931581986,185960639,0,499,62,436,499,374
1152828781,2612924700,100,399,19,479,299,460
1255984384,3872876040,31,473,9,499,442,490
1308831092,1089359560,100,385,79,429,285,350
1282975570,4057771178,71,425,27,421,354,394
1312758280,4195807708,26,474,170,393,448,223
894075842,140200337,146,353,128,370,207,242
1015549091,485286849,346,480,199,495,134,296
1098774726,1687684432,62,436,0,499,374,499
1302902785,4156934410,0,499,0,499,499,499
1229330871,3624023645,28,461,182,368,433,186
1301386956,4150984700,71,432,10,461,361,451
1136994242,2336115080,23,480,48,466,457,418
1087292193,1518891727,71,428,0,499,357,499
1279462862,4038102756,71,305,123,317,234,194
1308737047,4177785648,2,499,0,499,497,499
1257111737,3821383748,146,351,73,434,205,361
1319151484,4218234810,85,418,122,369,333,247
1090754322,1562597772,58,460,34,372,402,338
1257745327,3881732217,101,378,40,463,277,423
1279121599,4037093866,8,482,58,428,474,370
850117989,81671673,13,486,21,480,473,459
557603329,53660308,93,405,70,429,312,359
1248841531,3817899814,9,492,0,499,483,499
1268713509,3951838369,0,499,57,499,499,442
1264894592,3928052529,31,453,113,386,422,273
1276772209,4016010126,5,495,14,480,490,466
987639227,294482656,151,348,37,487,197,450
1321177243,4221757863,91,436,65,420,345,355
959926552,234314542,125,373,163,350,248,187
1193169001,3138442281,8,493,170,406,485,236
1236934912,3716121388,180,319,153,346,139,193
1039791337,802854311,16,494,5,491,478,486
1273762253,3992794225,0,499,0,499,499,499
924710442,18400400,54,444,0,499,390,499
1289493441,4088733879,30,482,38,467,452,429
1282294417,4056001988,11,489,98,403,478,305
1307433899,4171503488,0,499,0,499,499,499
1223043900,3578477195,5,495,71,444,490,373
1237565589,3721437090,0,499,62,436,499,374
921214654,167879000,0,499,62,436,499,374
1256970776,3876189408,0,499,0,499,499,499
1007612971,435176821,100,399,51,447,299,396
1283560009,4061584421,93,404,92,424,311,332
1297885450,4137580097,52,449,65,443,397,378
1236400588,3494102407,63,443,121,360,380,239
1307808750,4172993433,61,438,0,499,377,499
958568157,228489644,208,289,154,347,81,193
1267481769,3943148172,47,465,86,428,418,342
1163873454,2773949198,62,436,0,499,374,499
1204219943,3287231221,158,353,8,493,195,485
1323326646,4231757338,163,348,30,468,185,438
1008063807,435899488,150,349,108,391,199,283
971936704,263768005,50,449,103,401,399,298
1191034569,3101178368,25,478,171,301,453,130
1161707281,2735801554,62,436,0,499,374,499
1313596899,4183596594,80,423,167,441,343,274
1199081660,1154181953,200,343,100,243,143,143
1119405832,1998118329,130,349,206,403,219,197
984649915,289432100,221,221,239,263,500,24
1309097229,4179604972,0,499,24,499,499,475
1267215861,3942376841,49,450,178,318,401,140
1218255694,3507957937,22,462,62,438,440,376
1116562520,1962221740,113,381,234,372,268,138
1261416801,3898724651,148,381,56,443,233,387
1308736525,4177822380,0,499,0,499,499,499
1282362339,4056173882,0,499,62,436,499,374
1298954357,4139511542,1,499,0,496,498,496
1065036266,1145561681,68,431,0,499,363,499
1292351622,1555380526,18,485,51,421,467,370
1213678822,3451828818,100,399,47,452,299,405
1262322571,3906638085,8,483,100,407,475,307
1269057669,3953863639,15,475,35,393,460,358
1017413064,86272081,190,309,160,339,119,179
982177371,285830774,73,426,0,499,353,499
1308946525,4173045629,117,381,65,434,264,369
1171812746,2913084042,121,386,62,436,265,374
1320041490,4215334094,24,461,10,489,437,479
1127692711,2129050039,148,351,100,399,203,299
588136030,54376565,130,387,171,349,257,178
884189638,124564927,50,448,113,387,398,274
1100999004,1746901470,113,385,148,342,272,194
1098616858,1690570411,93,405,0,499,312,499
1164498623,2786150086,17,482,118,443,465,325
1304129330,4148210599,20,488,83,415,468,332
1235948295,3702171199,121,394,76,361,273,285
1020646872,524901212,105,494,226,276,389,50
1025102680,548938124,0,499,62,436,499,374
1167672511,2843265942,121,378,0,499,257,499
1178455215,1655543713,67,458,47,466,391,419
1311770330,4188951229,0,499,0,499,499,499
957652479,224822203,100,398,100,398,298,298
1270335251,3965536038,62,436,0,499,374,499
1204259834,3287304527,50,449,17,482,399,465
1292277829,4108382102,40,430,36,445,390,409
1196212542,3182722320,32,464,58,398,432,340
1186308729,3023862911,0,499,62,436,499,374
1222004895,3568425339,0,499,0,499,499,499
765345186,61465189,59,440,0,499,381,499
1174594556,2940640748,146,349,140,362,203,222
1279220737,4037105893,21,460,60,467,439,407
1323947680,4232042007,179,305,119,458,126,339
1190251380,2713620158,148,353,89,416,205,327
1252748670,3851271775,121,373,24,477,252,453
1280387394,4044743535,0,499,0,499,499,499
1088237505,1535159588,341,484,225,273,143,48
1265223780,3929899656,83,406,53,455,323,402
1309979588,4181945714,0,499,0,466,499,466
1107658307,1869191062,85,399,140,363,314,223
1283636006,4061594333,89,397,107,457,308,350
1286588778,4075538010,22,479,20,479,457,459
1316116661,4200871142,58,437,153,332,379,179
1244996769,3787995148,0,499,0,499,499,499
870517665,113950640,324,390,225,275,66,50
931280167,19160816,0,499,62,436,499,374
1256854720,3874922373,52,448,0,499,396,499
706764215,1341974,0,499,1,499,499,498
1259040911,3887600158,41,471,149,381,430,232
652833157,55586168,185,313,164,334,128,170
1117418077,1969364877,0,499,109,389,499,280
1313539730,4183480573,29,477,142,378,448,236
1190251661,2647272541,62,437,62,436,375,374
1174590061,2940639585,136,365,174,363,229,189
1306575818,4168873578,0,499,0,499,499,499
989226396,294386411,39,457,7,490,418,483
1131052043,2192154698,0,499,44,455,499,411
970387238,259202760,66,432,10,489,366,479
1259611490,3889150131,15,490,16,487,475,471
1047512432,914182957,86,412,0,499,326,499
1276285573,4012659804,121,391,69,410,270,341
865342470,107687350,0,499,83,415,499,332
1283599138,4061482903,49,457,120,454,408,334
1316194745,4200877109,76,428,12,488,352,476
1138019568,938670986,113,420,10,487,307,477
1265207985,3929890087,8,492,94,387,484,293
1322909174,4231305606,32,463,58,449,431,391
344693333,48292266,2,497,90,408,495,318
1223716888,3583681550,154,344,181,399,190,218
871609169,116513858,94,405,27,471,311,444
1253516945,3857159306,19,480,35,464,461,429
1211445010,3399883501,80,414,107,405,334,298
962030164,239515118,34,465,0,499,431,499
1253666431,3856750325,0,499,62,436,499,374
1317869810,4215175452,48,394,74,452,346,378
1100062468,1711731815,70,429,145,354,359,209
1304137281,4160952633,106,389,51,463,283,412
1313413948,4197673162,127,349,200,314,222,114
1181408078,3002763948,51,426,76,451,375,375
1174591292,2940639918,179,323,174,315,144,141
845196816,73926371,68,431,10,486,363,476
1240250257,178712745,30,468,88,409,438,321
1305920330,4167021997,34,464,48,450,430,402
1304123665,4160951371,106,388,51,463,282,412
1262579965,3908518151,215,283,147,351,68,204
1154335288,2634315058,50,448,1,499,398,498
1308771696,4177815015,0,499,0,479,499,479
1079747733,1432385730,33,466,171,351,433,180
1156073917,2664721325,225,274,12,187,49,175
1324052818,4236041392,11,499,1,496,488,495
1257272779,3879904368,24,476,81,429,452,348
1284090988,4063408121,0,499,0,497,499,497
1257987284,3877955658,28,471,0,499,443,499
1149850988,2565819961,87,412,93,389,325,296
1007711457,435136435,100,399,50,449,299,399
1073107594,1316300058,38,457,154,381,419,227
1318322975,3743486870,17,485,101,403,468,302
529463730,52937884,202,297,173,329,95,156
1136300914,2326731824,0,499,62,436,499,374
1323202204,4229443172,24,469,129,388,445,259
1200873406,1888340880,51,450,2,438,399,436
1292874670,4114275640,0,499,0,499,499,499
1008003052,435854236,100,399,68,430,299,362
1283777211,4061612079,0,499,0,469,499,469
1315854657,4207547666,120,378,153,346,258,193
1222148035,3569006794,1,498,115,421,497,306
871294324,115974155,80,418,0,499,338,499
1162960626,810251540,147,351,100,399,204,299
1307881643,4173008736,58,413,76,394,355,318
1149176446,2554446025,15,480,95,416,465,321
1278009836,4029019302,143,353,16,490,210,474
1275203889,4004101030,0,499,0,499,499,499
1319853312,4215073139,27,484,47,432,457,385
1196612660,3194519491,0,499,62,436,499,374
1283481207,1165165897,111,386,35,481,275,446
1054210433,1040425816,1,498,51,453,497,402
1169935375,2888059479,98,400,108,391,302,283
1254656514,3863748174,92,407,0,499,315,499
992713633,300492109,133,363,138,360,230,222
1260356087,3893244239,41,453,64,447,412,383
1096060529,1643456353,52,381,20,497,329,477
1302495896,4155419910,0,499,0,499,499,499
1256804398,3875047448,60,443,104,399,383,295
1143980792,2473128967,49,442,17,499,393,482
1105825149,1857055024,153,346,100,399,193,299
1047037448,874209070,89,425,3,494,336,491
1233288657,3511080706,89,418,155,329,329,174
1029511324,591830040,7,483,52,454,476,402
1276364643,4012996076,111,391,10,499,280,489
1282557245,4057546876,15,499,0,499,484,499
1261415573,3898724309,65,439,79,499,374,420
1296636290,4131272483,7,496,83,414,489,331
978002533,278577403,91,408,157,499,317,342
1232343608,3451938217,21,468,38,455,447,417
1275222303,4004109700,28,474,54,466,446,412
1202783913,3262588712,0,499,62,436,499,374
1304084975,4161108015,164,343,114,399,179,285
439816130,50152853,137,365,158,339,228,181
1255326382,3869439810,122,386,87,412,264,325
1269772581,3962600345,0,499,62,436,499,374
1211804370,3410001535,4,446,14,463,442,449
1119407594,1998121307,164,364,136,347,200,211
1033385260,651090981,73,426,0,499,353,499
1188547025,3067345313,14,486,84,413,472,329
1128001866,2133084368,133,391,19,481,258,462
1284059910,4063215730,0,496,0,499,496,499
1030541414,598600085,11,486,130,376,475,246
1319946875,4215265800,428,434,97,334,6,237
1307822043,4172827265,136,370,102,415,234,313
1269734690,3962112821,44,456,203,291,412,88
1042792770,187356261,69,434,82,409,365,327
941693689,207286233,218,272,209,322,54,113
1082762777,286617819,183,318,4,499,135,495
1128827091,1960306012,177,350,148,391,173,243
941621834,207151514,181,339,196,343,158,147
1152650588,2609608833,0,499,62,436,499,374
1282774177,4058944674,30,481,21,483,451,462
1294106986,4122227757,1,499,40,499,498,459
1234553392,3685543023,109,389,0,499,280,499
1012242932,459118922,174,325,115,384,151,269
1269148085,3766853720,100,399,3,496,299,493
916708135,161601159,0,499,62,436,499,374
1027075356,569933268,129,370,50,449,241,399
1269767143,3962433472,38,450,65,459,412,394
1229813119,3628313607,0,499,62,436,499,374
1290406563,4093215454,0,499,0,499,499,499
1131061626,2192156477,0,499,0,499,499,499
1078596218,1035133693,66,432,0,488,366,488
1057682908,1080993552,73,426,0,499,353,499
19439130,980738,100,399,30,479,299,449
1301378961,4151253320,195,287,57,471,92,414
1264016026,3917116263,196,297,81,430,101,349
1032099643,618480027,88,411,9,491,323,482
1313302051,4197507053,24,463,67,446,439,379
1271089216,3766853890,100,399,36,462,299,426
1098634178,1690811050,173,327,0,465,154,465
1190250856,2041884733,0,499,62,436,499,374
1278823332,4031252424,0,499,0,499,499,499
1243382973,3773714610,55,446,20,479,391,459
1276797769,4016018509,0,499,0,499,499,499
1324037810,4235889781,45,499,37,453,454,416
833078186,63474220,110,373,154,431,263,277
1310879998,4184608892,121,380,44,455,259,411
971237808,261492212,80,418,0,499,338,499
1269446746,3957817647,0,499,0,499,499,499
1249764706,3821773112,78,425,78,423,347,345
1322480167,4229979926,57,456,30,474,399,444
1235622154,3694813991,0,499,9,490,499,481
996469470,310476771,72,427,0,499,355,499
1269513955,3959384715,76,442,68,456,366,388
1264904552,3928057387,0,499,47,452,499,405
1238724166,3729468358,0,499,0,499,499,499
1077564235,1370223450,131,367,117,399,236,282
1008128735,436060095,115,383,50,449,268,399
1240194296,3744325984,201,276,52,452,75,400
1315217613,4205043027,61,443,56,439,382,383
987593134,294384690,107,424,17,485,317,468
1202962263,278508778,174,325,161,344,151,183
1113888706,1929088300,0,499,62,436,499,374
1204209195,3287148412,27,490,35,457,463,422
1223540816,3582123567,106,393,25,475,287,450
1023172146,532833806,93,436,0,496,343,496
637873352,55368303,62,436,0,499,374,499
1026880956,569596930,107,391,50,449,284,399
883951532,127720774,0,499,62,436,499,374
1132599601,2229415598,29,469,117,382,440,265
1261385138,3898718380,151,403,61,410,252,349
1159480504,2710788250,62,436,0,499,374,499
1249535294,3819982352,130,369,170,329,239,159
1181550574,3003421878,0,499,83,415,499,332
970953703,261003122,96,395,11,499,299,488
1267971743,3944538945,30,479,30,466,449,436
1118688325,1987682026,0,499,62,436,499,374
1255052225,1101195024,100,399,75,423,299,348
1305524322,4165983674,33,473,127,372,440,245
1027098746,569736619,102,397,50,449,295,399
1218463483,3511212218,11,491,147,352,480,205
1283936955,4061633606,20,447,54,480,427,426
1257461580,3881653983,95,396,30,478,301,448
1265600088,3931889441,33,456,23,478,423,455
961631817,238158150,70,429,50,449,359,399
990624660,98868083,31,468,0,499,437,499
1228160940,3614906009,138,375,83,445,237,362
1117502742,1974800783,68,430,0,499,362,499
1174119803,2928809400,192,317,183,299,125,116
1307771013,4172823673,261,453,147,434,192,287
1077875777,1385996801,0,499,83,415,499,332
1308121048,4102123037,189,297,214,282,108,68
1191069740,3096419252,0,499,109,389,499,280
1188538959,3067204243,130,369,130,369,239,239
1233583678,3680916997,73,425,0,499,352,499
1284181366,4063235348,0,499,0,499,499,499
1225877437,3593451367,0,499,62,436,499,374
1222609006,3571697999,62,436,0,499,374,499
976144251,275478258,88,384,20,464,296,444
1182132850,2998368215,120,412,32,466,292,434
1124960809,135400028,83,415,0,499,332,499
909484998,153916785,0,499,95,404,499,309
1267987593,3945013079,139,270,125,328,131,203
1107660131,1869201397,120,371,19,492,251,473
1213080192,278496057,153,346,100,399,193,299
1114820876,1936968788,0,499,62,436,499,374
1124785077,2083255617,76,422,0,499,346,499
867711562,110977923,140,379,53,468,239,415
935597014,186890677,190,309,155,333,119,178
1026704465,568627366,83,417,0,499,334,499
1098068556,1677872890,62,436,0,499,374,499
1260455519,3893737665,159,325,193,310,166,117
1038475751,751539997,28,471,30,479,443,449
885853156,131610945,60,439,5,499,379,494
251865378,7980077,185,314,158,341,129,183
1274387693,46582665,40,458,0,499,418,499
1292505122,4108937463,99,413,48,430,314,382
1212572132,3416769214,175,319,32,482,144,450
897419156,143437010,193,306,170,329,113,159
1227309932,3608201382,176,402,103,436,226,333
1198657115,3218778666,149,350,100,399,201,299
1134704239,2290441783,32,489,105,445,457,340
1311273106,433400335,100,399,25,474,299,449
981829804,285238841,0,499,261,276,499,15
1147022019,2527595896,0,499,83,415,499,332
1313348811,4197513820,152,346,20,465,194,445
1303644946,4159176704,0,499,223,307,499,84
1190841762,3097714662,40,464,16,492,424,476
847265965,3197199,58,441,0,499,383,499
1249606874,3817906781,50,449,50,449,399,399
1193552040,3145846884,14,489,9,490,475,481
1296361969,4130473264,105,393,0,499,288,499
1014637763,472749913,0,499,62,436,499,374
932978226,189733341,0,499,62,436,499,374
967158380,254396402,96,414,138,354,318,216
1243785598,3775997595,157,369,174,314,212,140
1128263586,2140323259,110,405,39,483,295,444
1261100976,3897810016,49,447,159,358,398,199
1324264416,4235887708,77,343,54,406,266,352
1043397174,850745581,0,499,62,436,499,374
1032596212,623686484,0,499,83,415,499,332
1237170726,3716575655,0,499,0,499,499,499
1278450552,4030345329,66,411,110,270,345,160
1244326099,3782771536,0,499,126,436,499,310
1253519548,3857173105,198,360,173,383,162,210
1047839942,933281236,91,409,24,474,318,450
1009341412,440660848,150,349,115,384,199,269
988975106,296115215,0,499,237,264,499,27
1026184586,285695875,66,437,115,383,371,268
1299202415,4141564569,53,451,63,446,398,383
1305982341,4159123287,133,366,42,457,233,415
1249536644,3819984734,214,301,173,337,87,164
1217176441,3490669938,130,379,77,425,249,348
1178126170,2981053545,0,499,225,241,499,16
1264522990,3925921223,0,499,83,415,499,332
1259271006,3887621128,0,499,0,499,499,499
984906419,290034883,125,374,62,436,249,374
1174586878,2940638794,237,261,0,499,24,499
1262366851,3906641367,0,390,39,478,390,439
940326436,203683567,83,415,0,499,332,499
1312694565,4195680042,114,357,319,432,243,113
848088932,77793145,62,436,0,499,374,499
1308917512,4177868141,29,461,145,370,432,225
1267244360,3942392031,155,343,14,485,188,471
1156661510,2675198358,125,369,18,470,244,452
1307574044,4172181703,59,440,19,467,381,448
1174591497,2940640108,174,326,163,344,152,181
1304020052,4160807575,192,309,98,426,117,328
1319705910,4214674458,198,289,91,206,91,115
970963319,261062123,29,465,119,327,436,208
252009448,8152750,75,424,126,373,349,247
940528278,138757789,166,333,117,383,167,266
1209416921,3376829115,114,401,70,446,287,376
1088399905,1534660697,0,499,62,436,499,374
1118632094,1948903261,83,415,0,499,332,499
1320799267,4221600891,41,452,85,416,411,331
981953559,284906500,20,486,87,410,466,323
1261173383,3898707809,21,484,138,352,463,214
1030584443,599609470,63,435,0,499,372,499
1213748192,3452838817,150,349,102,378,199,276
948654382,211411401,176,315,210,280,139,70
1282776738,4058945147,81,448,44,433,367,389
995102655,303051125,149,355,46,427,206,381
1307762556,4172822991,0,499,16,499,499,483
1087275665,1521057793,50,449,0,499,399,499
1317004018,4211509777,13,479,20,482,466,462
1248388270,3814896323,143,383,27,476,240,449
1095880710,278568226,158,343,118,347,185,229
317137015,7135661,150,349,107,391,199,284
1117497748,1974798060,70,429,0,499,359,499
1188538966,3067204246,130,369,130,369,239,239
1264142501,3923834932,62,436,0,499,374,499
1160584457,2725050642,100,399,136,362,299,226
1169935343,2888059464,117,381,0,499,264,499
1215447006,3470157150,25,480,158,340,455,182
1239403855,3737631935,0,499,0,499,499,499
1320091092,4215357293,43,448,45,444,405,399
844734749,73123620,86,413,0,499,327,499
970079752,258356335,165,333,137,361,168,224
987351222,294184382,75,424,121,377,349,256
1239729749,3739415066,209,262,207,310,53,103
1275283018,4003955315,0,499,0,499,499,499
1323846683,4231422081,24,483,128,399,459,271
1286952879,4076974683,33,479,34,469,446,435
1314484243,4202303416,51,427,53,449,376,396
1051694334,980723910,0,499,109,389,499,280
1282006054,4050753160,0,499,0,499,499,499
1020564783,518854013,137,361,165,333,224,168
1057894243,1082823987,198,399,179,328,201,149
1240109744,3743370345,117,381,65,434,264,369
940542271,138731042,188,308,162,335,120,173
1308846004,2758974789,100,399,32,466,299,434
1276825867,4017262868,0,439,47,496,439,449
1118519435,465705909,1,499,84,415,498,331
316914600,46660147,0,499,0,499,499,499
1245745546,3613211581,100,399,44,454,299,410
1025701917,554461475,86,399,121,473,313,352
1276441081,4013274804,48,458,154,378,410,224
1049285254,951258400,100,398,34,465,298,431
1284034899,4064113817,132,369,12,391,237,379
1123995264,278572192,145,353,100,399,208,299
1323457985,4231419750,0,369,128,499,369,371
1220396248,3543663604,0,499,119,380,499,261
1064140342,1134317701,17,483,10,494,466,484
1031868291,614657605,0,499,44,454,499,410
1017024895,117338083,62,437,0,499,375,499
1193596484,3146947759,45,452,130,374,407,244
127126030,3694336,0,499,62,436,499,374
1007714220,435258219,112,387,50,449,275,399
1285408616,4069002663,22,477,129,383,455,254
1027278041,570716320,107,391,50,449,284,399
1302475420,4155417188,10,496,97,398,486,301
1113105837,1832990074,39,465,119,382,426,263
985747880,290366330,62,436,0,499,374,499
1323078897,4232650719,21,471,198,352,450,154
1040512569,814387668,0,499,62,437,499,375
546446059,53384079,23,481,34,455,458,421
1007644967,435152413,150,349,106,393,199,287
1243659326,3775275212,0,499,62,436,499,374
1121063189,2027259853,0,499,62,436,499,374
1254096706,3860072483,0,499,0,499,499,499
1068098344,1189075360,62,436,0,499,374,499
987850142,286875121,20,475,111,394,455,283
1193174776,3138603909,0,499,109,389,499,280
924895423,176277268,63,436,111,388,373,277
1271479058,3976924191,110,404,134,397,294,263
1315389642,4205113185,0,499,0,499,499,499
1222078642,3568650292,40,458,135,418,418,283
1008136337,436061225,112,386,50,449,274,399
1156664892,2675199563,183,318,51,447,135,396
1192205669,3123314905,62,436,0,499,374,499
1232851208,3660574838,89,410,0,498,321,498
1104557535,1836302717,0,499,0,499,499,499
1283421732,4061577696,183,477,205,356,294,151
1265197120,3928093398,12,483,59,428,471,369
1164524742,2785790183,0,499,0,499,499,499
967585123,254418891,178,323,88,420,145,332
1009252303,440565508,100,399,52,447,299,395
1275247236,4003948277,80,438,107,458,358,351
870912892,73242108,62,436,0,499,374,499
1234870625,3131291961,139,365,40,459,226,419
1128347053,2140122802,0,499,66,432,499,366
1112172933,1877660880,106,393,0,467,287,467
1259297864,3887625237,27,473,56,457,446,401
1072932622,1312749262,109,390,126,383,281,257
1328588020,4250689374,32,466,87,453,434,366
1313245357,4182857997,67,435,104,390,368,286
1240836095,3748724470,62,436,0,499,374,499
901353907,146713483,101,398,100,399,297,299
1102968159,1809041500,59,480,94,420,421,326
1243417369,3773721822,79,418,118,393,339,275
1088817170,1456949829,73,242,0,2,169,2
1255947597,3872799599,118,377,139,390,259,251
323113730,47124938,195,301,212,299,106,87
1265210229,3929890148,0,499,39,499,499,460
1096608815,1657064180,30,462,187,310,432,123
1024703211,546228687,36,463,10,489,427,479
1176504173,2958500229,3,489,123,384,486,261
1211983969,3414349044,244,320,44,477,76,433
1270587304,3972426865,0,482,27,463,482,436
1084330817,1492484862,81,418,0,499,337,499
1298808497,249619041,88,410,0,499,322,499
1283424262,4061577755,168,305,22,469,137,447
1127465358,2123179899,150,349,134,387,199,253
1257237719,3879893397,0,499,17,499,499,482
1302629481,4156000155,0,499,62,436,499,374
1299069577,4135651018,215,296,186,334,81,148
1312649085,4195734251,12,472,136,369,460,233
1289850035,4090171206,0,458,0,499,458,499
1246636925,3801428087,51,474,88,434,423,346
1046253538,736053620,3,499,3,499,496,496
1061143433,1096065191,32,268,203,398,236,195
1186199092,3027355509,16,476,108,394,460,286
1119882015,1901112673,148,341,133,388,193,255
1187623075,3053157250,0,499,92,406,499,314
1307850248,4172912039,119,445,109,322,326,213
1159034413,2706951234,0,499,11,488,499,477
1143855803,1352145795,198,301,142,355,103,213
1247315394,3610139217,0,499,92,407,499,315
927559450,180376970,62,436,0,499,374,499
588679337,2657637,62,436,0,499,374,499
1290731197,4095228125,62,436,0,499,374,499
1115545565,1943886362,160,339,160,339,179,179
1122642602,2048081168,18,458,37,499,440,462
892287856,139368430,87,412,0,499,325,499
1236935058,3716121560,180,319,153,346,139,193
1306873107,4167094278,0,499,0,499,499,499
1077757786,278535884,161,337,100,394,176,294
1191217700,3104083116,91,407,98,415,316,317
1302247869,4153278685,0,499,0,499,499,499
1188462899,3065095722,0,499,62,436,499,374
1269494157,3959361207,58,409,50,475,351,425
1186394398,3028261960,11,489,108,391,478,283
913623620,158007233,123,417,119,402,294,283
1107660319,1869201452,76,438,138,376,362,238
1204247277,3287287771,21,476,149,373,455,224
1127233029,2119090682,152,349,57,458,197,401
445534230,50240361,127,372,87,412,245,325
1273168521,3993177896,10,492,107,410,482,303
1243694310,3774068195,0,499,62,436,499,374
1123811308,2062695607,155,344,100,399,189,299
1298444396,4139573734,111,432,25,473,321,448
1174590033,2940639581,135,363,175,345,228,170
1096001685,1643967414,12,461,156,435,449,279
1174587198,2940638848,51,462,39,458,411,419
1164498527,2786150048,30,469,30,468,439,438
976574783,210473644,4,489,89,398,485,309
1178310122,2984373213,14,478,54,451,464,397
1325233157,4240794091,22,463,149,350,441,201
1237240037,3718113424,0,499,0,499,499,499
1219771185,3530232928,82,417,0,499,335,499
1007530330,435022228,100,399,56,442,299,386
1264375716,3925262362,66,426,69,357,360,288
1163739812,2768606651,90,373,70,433,283,363
833792630,51657975,72,426,0,499,354,499
1241837085,3755476366,62,436,0,499,374,499
970954839,261003276,187,306,239,354,119,115
1212498365,3427095441,62,436,0,499,374,499
891736046,138464289,111,399,116,382,288,266
1286444773,4071286875,155,343,187,344,188,157
1240653953,3748058714,0,499,0,499,499,499
1324146003,4236042790,0,499,0,499,499,499
939599000,202444990,73,425,0,499,352,499
1292526730,4108941755,0,499,73,426,499,353
894290173,141747658,98,423,122,398,325,276
1138338343,2365055631,145,349,173,329,204,156
1007613720,435175701,101,398,50,449,297,399
1222830713,3538109040,0,499,78,421,499,343
1262565815,3908517533,53,453,77,415,400,338
1168888310,2866762001,40,450,123,356,410,233
1251478803,2449394642,62,436,0,499,374,499
1246383519,3798822734,41,407,60,444,366,384
1140308806,2406557816,0,499,62,381,499,319
921249491,168344517,34,488,55,464,454,409
1005773681,88770127,71,427,0,499,356,499
976027587,275113756,78,421,0,499,343,499
1290612925,4095199000,21,370,212,401,349,189
1232853939,3451937985,32,489,218,326,457,108
861397295,99747233,129,369,59,440,240,381
940414580,203678101,70,429,10,489,359,479
1323657707,4233737162,0,499,0,499,499,499
1029797664,595096344,15,493,208,292,478,84
1176504153,2958500206,159,339,85,422,180,337
1057308945,1077635718,129,365,190,325,236,135
1017250499,505426812,39,460,0,499,421,499
1273660209,3992772039,25,448,64,464,423,400
1027088066,569760709,101,397,50,449,296,399
1315424073,4205532208,130,368,0,499,238,499
972193803,264545632,125,377,204,334,252,130
1281942821,4053759248,12,489,52,463,477,411
1262170373,3905723566,0,499,0,499,499,499
1237249417,3713891449,0,499,63,435,499,372
1195648543,3174150175,70,429,145,354,359,209
1007547731,435061542,51,447,0,499,396,499
1009210100,440558313,144,355,100,399,211,299
1000747442,359704459,108,384,32,481,276,449
1302892936,4156934190,30,472,45,489,442,444
1324197110,4236297782,194,301,16,483,107,467
1268713540,3951838371,0,499,4,499,499,495
1090968564,1565732417,58,440,0,499,382,499
1156651499,2675085448,64,435,164,366,371,202
1282283180,4055995853,15,485,88,406,470,318
1315167729,2424488821,25,452,139,357,427,218
1186944491,3034791779,62,436,0,499,374,499
1239449348,304134037,163,370,166,312,207,146
1276286181,4012659870,0,499,0,499,499,499
1298907674,4141164818,0,499,0,499,499,499
1127179894,2116511227,189,319,144,355,130,211
1195258879,3166434597,57,439,108,398,382,290
1313239752,4197497852,61,445,59,442,384,383
1305347241,600286625,72,426,0,499,354,499
1008162899,436075023,106,393,25,474,287,449
1093415807,1600064727,0,499,62,436,499,374
1276220729,4012105830,12,489,126,484,477,358
1271337689,3976905658,21,479,52,384,458,332
1307765077,4172823140,16,499,0,499,483,499
1140514047,2398487207,175,315,22,452,140,430
940644633,204666192,0,499,129,370,499,241
1316934529,4201014225,0,499,0,499,499,499
935334171,194468219,86,436,0,499,350,499
1011579050,453588551,68,431,0,499,363,499
1123478886,2055785210,186,313,166,331,127,165
1117204786,1968410562,0,499,100,399,499,299
1160067640,2723097840,152,346,122,399,194,277
1310820932,4184547154,20,479,46,479,459,433
1280024303,4042478241,49,464,62,418,415,356
1199717248,3235120725,0,499,0,499,499,499
1075974559,1356370593,164,333,163,336,169,173
1274349875,1183991,101,398,0,499,297,499
1323277947,4231796604,20,459,60,465,439,405
1207275049,3322833411,62,436,0,499,374,499
1243392063,3773729978,23,476,23,476,453,453
883751873,128805878,0,499,62,436,499,374
940888147,205320510,200,365,145,334,165,189
1284016138,4063346305,19,485,44,477,466,433
1307783225,4172824726,39,458,164,355,419,191
1158121218,2695198103,135,327,140,359,192,219
1138228765,1916279035,90,408,0,499,318,499
1284008381,4063622757,85,414,0,499,329,499
1260717645,3891156746,62,436,0,499,374,499
1223960570,3523547293,32,309,185,320,277,135
1250631339,3834587522,129,371,35,478,242,443
1117512424,1974897390,179,339,67,487,160,420
865409582,107768795,148,360,124,393,212,269
971434007,262168222,109,378,16,460,269,444
1261173811,3898707856,24,479,130,367,455,237
746783330,60595159,175,324,184,314,149,130
1267990010,3945013357,0,482,105,466,482,361
922170771,170807123,215,267,112,391,52,279
1266706908,2706265305,100,399,0,499,299,499
877657640,123023258,0,499,57,441,499,384
1322421819,4228970694,0,499,0,499,499,499
1111883403,1916288011,74,427,185,379,353,194
977808106,278813314,118,383,161,339,265,178
1275343839,4004147661,18,486,42,475,468,433
1248831833,3817888290,7,491,0,499,484,499
1025126525,548875208,72,427,0,499,355,499
1152020971,2596548617,127,382,72,427,255,355
1192196097,3123235671,0,499,109,389,499,280
964625530,247668373,189,307,156,329,118,173
1307245924,4169004705,88,411,0,499,323,499
1215509126,3155074987,47,451,50,445,404,395
912310700,156463481,66,408,106,391,342,285
1277501612,4019797036,55,404,120,387,349,267
1264360606,3887674139,114,374,39,453,260,414
875730777,121637986,38,469,83,496,431,413
1025104398,548997156,70,428,0,499,358,499
1301669649,4151268496,187,313,59,418,126,359
1104107520,133981796,62,436,2,499,374,497
1246042307,3796900467,27,393,87,401,366,314
1247760182,3813211974,79,419,15,482,340,467
1113756793,1926439646,90,399,2,483,309,481
1191189900,3103248081,19,474,151,353,455,202
1311471483,4187526697,15,474,74,454,459,380
684181853,57148968,0,499,62,436,499,374
1243549307,3774154618,108,391,0,499,283,499
1251065112,3837504422,0,497,78,441,497,363
1260385120,3893245029,55,457,44,458,402,414
1243437746,3773723585,19,480,95,403,461,308
1204958777,3300328216,26,445,5,496,419,491
1220621336,3543686132,94,405,27,471,311,444
1311413323,4187118388,179,331,80,472,152,392
1158121408,2695198591,8,488,89,406,480,317
1275412411,4004192956,88,433,77,424,345,347
1211983112,3414348277,178,324,183,314,146,131
1189487739,3082548107,0,499,0,499,499,499
1321081881,4221738569,70,393,161,360,323,199
1249605609,3820243072,157,334,181,292,177,111
867677908,110874052,70,430,0,499,360,499
1107659929,1869201264,126,385,12,489,259,477
1317928331,4215695865,13,489,80,372,476,292
1018391987,510785041,0,499,244,253,499,9
1249535521,3819982791,136,362,214,292,226,78
982251342,286002554,228,322,159,328,94,169
1257062881,3877767323,0,499,0,499,499,499
1136835369,2335320378,92,439,16,482,347,466
1260005726,3889217029,59,449,24,435,390,411
1033554185,651353882,92,407,0,499,315,499
1265210155,3929890146,23,457,167,343,434,176
1209715956,3382584660,29,451,42,411,422,369
1261425015,3898727725,0,499,0,499,499,499
1074922311,1337869721,142,356,100,399,214,299
957829600,225637992,128,370,65,433,242,368
923245229,173536787,144,356,76,420,212,344
1277807898,4026260118,141,349,25,481,208,456
1313363823,4197667436,0,499,0,499,499,499
835574354,2083461,85,413,7,499,328,492
1101584502,298198297,141,357,100,399,216,299
1248845047,3817901754,11,487,48,447,476,399
1244472536,3731584296,133,366,199,320,233,121
1009028200,439706064,73,425,0,499,352,499
986671148,269108818,62,436,0,499,374,499
1280693051,4046437755,16,497,94,426,481,332
1262126577,3904693892,80,418,0,499,338,499
662293179,56049687,123,373,79,423,250,344
1027224094,570617371,113,385,67,449,272,382
1164537067,2785995380,62,436,0,499,374,499
980292882,283317153,4,497,87,411,493,324
1030960027,605711180,63,435,0,499,372,499
1288381801,4081499427,0,499,0,499,499,499
893312377,141190885,0,499,215,282,499,67
1163023004,1952783461,132,359,76,420,227,344
1190253821,1876684345,251,254,0,499,3,499
1252218711,3848131397,61,494,234,268,433,34
1297919930,4137648479,0,499,10,499,499,489
1257226959,3879882100,150,335,282,424,185,142
1292504391,4108937202,99,413,48,430,314,382
874732747,67851229,88,425,91,407,337,316
1281506003,4050864978,74,440,96,410,366,314
1102552912,1803007326,10,489,10,489,479,479
1026611813,567668570,14,499,202,282,485,80
1274234159,3997823485,61,438,0,499,377,499
1289731996,4088698294,0,499,0,499,499,499
1268006361,3945117419,107,394,83,377,287,294
1148590146,2536015190,46,470,74,432,424,358
1263036823,3913711555,1,469,124,346,468,222
1017843607,507758723,99,399,0,499,300,499
1301185374,4150963377,0,340,50,427,340,377
1243382767,3773714531,55,446,20,479,391,459
1132489281,2226864509,88,411,0,499,323,499
1276012668,4010222787,106,411,114,382,305,268
1233485913,3680020381,72,427,0,499,355,499
1153235634,2622468718,103,394,185,320,291,135
1168687140,2862946194,131,367,60,438,236,378
1258097771,3883953505,0,499,0,499,499,499
1283675883,4061597581,168,331,120,398,163,278
1255246802,3868410978,0,499,0,499,499,499
1283555969,833342814,57,442,24,499,385,475
1066931078,1173353273,29,463,36,461,434,425
1008688773,439083663,73,425,0,499,352,499
1131576179,2206509418,0,499,14,484,499,470
1019274778,516346512,110,391,69,477,281,408
1265194407,3928112332,24,473,169,336,449,167
1259251404,3888713324,33,485,9,490,452,481
1158121476,2695198679,16,482,17,483,466,466
882094497,126529938,76,423,0,499,347,499
275548644,13092362,0,499,62,436,499,374
1283873400,4061620920,27,473,74,388,446,314
1155381371,2652610285,193,437,171,329,244,158
1041121810,823784679,112,378,23,466,266,443
1123811952,1898221999,145,353,100,399,208,299
1285918937,4071502865,79,419,0,499,340,499
1240508618,3748036497,29,475,22,467,446,445
1266207298,3937254146,17,481,27,471,464,444
1162960580,2736667095,153,345,100,399,192,299
849339598,80705866,0,499,62,436,499,374
1163818325,2772360283,83,415,0,499,332,499
1312135608,4193571650,0,499,0,499,499,499
956733126,223024617,73,426,9,499,353,490
1125457993,2091698952,155,343,100,399,188,299
1089457940,1553198222,170,435,193,320,265,127
1261381626,3898717259,0,499,0,499,499,499
941678018,207257905,172,323,145,351,151,206
1317996401,1953359768,0,499,40,499,499,459
940540445,138758115,127,378,146,354,251,208
1066924788,1173305225,93,411,42,452,318,410
1213686949,3451948846,100,399,51,447,299,396
971428407,262164259,11,491,42,462,480,420
968826009,255203107,10,489,7,492,479,485
941693650,207287188,167,352,199,311,185,112
1123660960,2060555825,198,275,252,331,77,79
1174586918,2940638810,62,485,60,463,423,403
1305525867,4165984393,23,477,101,398,454,297
1137955713,2349005001,0,499,63,436,499,373
1110224089,1900647241,201,298,185,314,97,129
1291826763,4103748495,102,395,90,395,293,305
1253963290,3859485114,20,477,86,411,457,325
1316219583,4200878290,24,472,156,356,448,200
1224815400,3513758501,103,397,109,495,294,386
1279455777,4037932310,0,499,0,499,499,499
1044826993,863366240,10,481,3,492,471,489
1289065886,4085964230,38,442,97,353,404,256
1088797662,1544227515,71,427,1,499,356,498
1029266583,589971426,0,499,62,436,499,374
1269511524,3959383806,95,413,33,465,318,432
1311217530,4182064316,129,362,35,424,233,389
1205396480,3303148713,120,357,23,418,237,395
1312387324,4194029239,0,499,0,499,499,499
1232517924,1960324463,26,499,10,499,473,489
1239211231,3735366502,113,394,103,372,281,269
1232787593,3669125485,48,449,160,302,401,142
1008688653,439064760,73,425,0,499,352,499
1291283625,4101424989,105,410,27,430,305,403
1024922837,547933135,75,424,5,494,349,489
1255757930,3871042243,0,499,0,499,499,499
1223206958,3578850978,0,499,109,389,499,280
1325151726,4240471709,149,440,54,359,291,305
1318957126,4220452364,0,499,1,497,499,496
1088676086,1538705754,0,499,0,498,499,498
1066914049,432562368,0,499,130,368,499,238
1256825724,3875048383,28,471,142,401,443,259
1238291818,3727596611,57,445,172,339,388,167
1034311782,674858802,142,352,107,396,210,289
1270323802,3971188397,73,425,0,499,352,499
1177640204,2977625826,51,432,49,433,381,384
1008150542,436074794,100,399,46,453,299,407
1211890393,3399270021,0,499,62,436,499,374
1008031213,435854493,152,347,100,399,195,299
948581076,211288387,119,396,106,388,277,282
1137865101,2355496760,170,332,51,488,162,437
1097547136,1672813985,95,404,50,449,309,399
1271358424,2065864128,83,415,0,499,332,499
1192042318,3120528821,16,489,89,417,473,328
1243785493,3775998179,101,402,74,427,301,353
1186587673,3034215468,26,471,0,499,445,499
1026819819,569557459,106,392,50,449,286,399
1191819692,3117313639,110,389,54,445,279,391
1240728195,3748206809,0,499,27,499,499,472
1174586294,2940638669,141,319,136,365,178,229
862539094,102356120,128,363,199,358,235,159
1172791728,2920940636,15,485,90,418,470,328
1059063259,1090638149,103,421,85,404,318,319
1306845515,4167091570,0,499,0,499,499,499
1107519702,845432641,10,487,12,490,477,478
1097313806,1670246311,71,432,26,477,361,451
1192037400,3120538343,17,483,120,443,466,323
1281713063,4052947164,92,421,152,370,329,218
1261050177,60304676,96,403,0,499,307,499
946714024,208715294,162,328,195,320,166,125
972706856,216801631,86,403,95,404,317,309
1248217908,3814580751,25,479,60,386,454,326
1314017118,4201307304,55,488,130,416,433,286
1323691619,4234147570,0,499,0,499,499,499
1310912044,4182110503,0,401,4,496,401,492
1263200590,3915368664,0,499,88,411,499,323
875233026,121192768,76,423,0,499,347,499
1237951431,3724597890,0,499,62,436,499,374
903712500,148200064,73,425,0,499,352,499
1301080720,4150449965,133,365,126,456,232,330
1248455647,3814791945,24,475,0,499,451,499
1314572313,4202305109,18,493,9,499,475,490
1295960591,4128438410,43,442,54,472,399,418
1135305472,1887688154,93,406,93,406,313,313
1087851355,1530512703,218,306,88,420,88,332
863789556,92066766,69,429,0,499,360,499
1136616221,2322599722,62,436,0,492,374,492
1062765155,49171699,86,412,0,499,326,499
1125863092,2095120776,0,499,62,436,499,374
1261400063,3898720354,0,499,0,499,499,499
1257553135,3881707790,30,458,166,420,428,254
1008209428,436103705,160,339,133,365,179,232
1009223680,440546262,150,349,104,395,199,291
1163883279,2769055979,62,436,0,499,374,499
1227212718,1047456709,185,313,150,349,128,199
1271713626,3979569599,0,499,0,499,499,499
1241870019,3760922143,80,419,0,499,339,499
1161766338,2742933252,6,494,86,415,488,329
1237270335,3716302557,77,295,201,356,218,155
1318548597,4219453229,70,427,90,350,357,260
1137869455,2355457102,62,436,0,499,374,499
1285848126,4017672251,0,499,0,499,499,499
1258098923,3884057442,135,359,168,336,224,168
992767787,300566913,0,499,0,499,499,499
1138907659,873435157,177,333,197,305,156,108
1116291004,289133640,139,359,100,399,220,299
1298550855,4139987672,69,437,18,472,368,454
1250268166,3831364128,0,499,167,436,499,269
1311212532,4186471691,0,387,146,389,387,243
1007771406,435253264,140,358,100,399,218,299
1319993573,4215324367,141,357,14,462,216,448
987485250,294327377,0,498,0,498,498,498
1192929251,3126000784,62,436,0,499,374,499
317135268,46679407,77,423,0,496,346,496
1271093792,3975344951,110,389,54,445,279,391
1310068463,4181960463,1,393,38,450,392,412
1218255671,3507957878,140,356,94,486,216,392
1287080151,4075133800,110,389,110,389,279,279
1261407079,3898721349,33,454,88,474,421,386
915702619,160413630,0,499,62,436,499,374
1309674250,4181533488,116,380,111,397,264,286
1277057618,4013479257,109,390,16,499,281,483
1248832420,3817888887,18,468,20,279,450,259
947764097,209606981,0,499,62,436,499,374
1203463419,3277808213,132,353,44,429,221,385
1243394721,3773715069,19,480,20,478,461,458
1316261957,4200881233,101,378,91,333,277,242
1111638740,1714578382,197,299,21,480,102,459
1269766748,3962433223,46,452,145,401,406,256
1232369528,3660534496,0,499,62,436,499,374
1073109909,1316299585,21,481,139,367,460,228
1301672714,4151002059,92,395,182,404,303,222
1249758778,3821565994,0,499,62,436,499,374
1254383795,3861539815,0,499,0,499,499,499
989451577,162772920,0,499,71,427,499,356
977851879,278540102,78,420,0,499,342,499
873691797,119502976,76,423,0,499,347,499
1267112961,3941808974,32,440,216,333,408,117
1250998955,3836840681,0,499,0,499,499,499
1260725333,3793246497,62,419,75,381,357,306
1237095878,3716665756,0,499,62,436,499,374
1084085030,1143212614,19,481,135,369,462,234
1321575939,4223042969,0,499,26,472,499,446
1314044087,4200641216,0,499,0,499,499,499
1304399405,4162222773,38,461,0,499,423,499
1026125498,560059021,87,410,5,495,323,490
1146384071,525109888,37,461,129,373,424,244
1271142150,3975380147,19,480,0,499,461,499
1128744126,2153834598,0,499,0,499,499,499
1234768217,3690228631,74,404,164,394,330,230
1244536831,3785101808,32,432,34,464,400,430
1249533484,3819977622,53,453,11,495,400,484
1136621639,2322877456,0,499,62,436,499,374
1158121186,2695198035,132,396,43,471,264,428
1273253789,3992545830,55,423,49,416,368,367
1027038631,569686634,125,374,50,449,249,399
1251836769,3845437865,113,385,141,391,272,250
1258838274,3887558552,83,438,48,432,355,384
1271537090,3976937889,51,429,118,418,378,300
1302888722,4156933984,89,391,43,468,302,425
1253519619,3857173141,23,472,144,361,449,217
1227112684,3607293152,40,463,135,421,423,286
1291384414,4098238260,167,339,156,335,172,179
981731729,285051293,122,338,5,470,216,465
1257232966,3879890748,84,404,30,494,320,464
291371504,17454941,0,499,62,436,499,374
1188453989,3064546025,0,499,62,436,499,374
1318719027,4215359603,35,410,95,416,375,321
1066930301,1173353295,18,481,25,473,463,448
1248859794,3817905928,34,486,104,396,452,292
1078020658,223026965,75,423,12,499,348,487
1245673506,3793736070,19,480,21,479,461,458
844697650,53220046,83,416,0,499,333,499
946230990,207691159,0,499,62,436,499,374
1316947392,4208557224,0,499,66,433,499,367
1241414815,3756658574,188,312,163,335,124,172
1323048860,4231804107,69,439,76,442,370,366
1316969537,4209697797,62,436,0,499,374,499
1270628131,3971761681,0,498,0,499,498,499
1311693046,4188907546,95,486,115,436,391,321
1260621538,3894594145,132,467,226,364,335,138
1241253753,3753124633,77,421,0,499,344,499
977078193,277156559,62,436,0,499,374,499
1312139815,4193587804,30,464,141,371,434,230
1296056405,3867198632,28,470,141,362,442,221
1317472942,4213296249,0,499,66,434,499,368
1193391442,2806785388,134,367,169,352,233,183
971424696,262161941,74,478,38,477,404,439
527037488,52991050,142,362,165,336,220,171
1314376045,4202301689,0,499,0,499,499,499
845006883,73672238,125,374,163,336,249,173
1275085469,4003844646,71,429,71,429,358,358
1250257380,3831236325,30,455,83,409,425,326
865167773,107410064,84,374,19,462,290,443
1266791851,3939951601,13,484,67,462,471,395
1268555242,1875292972,100,399,11,488,299,477
1062701496,1118849549,165,335,4,489,170,485
1191034760,3101161250,181,368,168,357,187,189
1194518214,2931242075,96,401,31,463,305,432
1027317046,570663405,105,393,50,449,288,399
1229369715,3624032932,0,499,109,389,499,280
366156621,1081797,121,378,0,499,257,499
1230820712,3630892988,53,446,0,499,393,499
1150618460,2578071307,113,391,3,496,278,493
1072678523,1308104915,62,436,0,499,374,499
1120438985,2011823353,6,438,63,433,432,370
948070991,210517047,62,436,0,499,374,499
1312586319,4195542652,0,499,0,499,499,499
887604496,133474667,0,499,83,415,499,332
1215332283,3470006171,88,409,97,395,321,298
1221051465,3560428336,17,175,180,329,158,149
1317532082,4213857478,52,447,0,499,395,499
1013091556,463842859,62,436,0,499,374,499
891741175,138465169,112,399,127,373,287,246
1252627790,3850328590,0,499,154,436,499,282
1205825895,3312189802,56,434,112,406,378,294
1244650090,3785549570,0,499,62,436,499,374
1250394152,3831320058,65,412,80,405,347,325
1048469968,941990636,109,390,30,474,281,444
1186521559,3031194717,0,499,62,436,499,374
1099376729,425136230,32,466,0,498,434,498
509043648,52370050,0,499,62,436,499,374
1254345645,3861279249,197,295,327,432,98,105
1246074397,3797080340,12,481,25,478,469,453
1308818954,282891957,108,383,30,485,275,455
1316224475,4200879057,105,352,49,474,247,425
852642350,83642009,188,296,174,331,108,157
1277048915,4014077269,62,436,0,499,374,499
859105947,94006666,36,463,0,499,427,499
1174550875,2940507896,72,427,0,499,355,499
1213696180,3452068592,129,369,95,403,240,308
1080033853,1441175734,140,359,116,399,219,283
1269772089,3962600705,0,499,62,436,499,374
971428381,262164726,4,494,0,499,490,499
1319530760,4214461544,18,481,209,347,463,138
963874503,244950720,73,426,0,499,353,499
1068256599,1186915486,63,436,0,499,373,499
1174585482,2940638494,8,499,7,499,491,492
1316600476,4200945211,0,499,0,499,499,499
1092215912,1579004292,130,369,137,399,239,262
1276752257,4015999966,64,412,96,417,348,321
1205396542,3303148722,0,499,0,499,499,499
1254486966,3861779686,0,499,0,497,499,497
1049053286,948204319,63,436,0,499,373,499
1192041563,3120537046,63,417,68,442,354,374
1038112269,745271674,67,432,0,499,365,499
1265208098,3929890090,0,499,0,499,499,499
1127840236,2127723770,0,499,62,436,499,374
1120145221,2010454674,200,299,180,319,99,139
1289721696,4086155007,0,499,0,499,499,499
1103883865,500602941,109,431,78,414,322,336
1131804538,2168076658,15,480,94,402,465,308
1244540425,3785187459,0,499,114,436,499,322
1008979743,439698338,73,425,0,499,352,499
1282851844,4057765967,0,499,0,469,499,469
1322820746,4231771415,67,422,93,441,355,348
1294218524,4122562062,115,357,120,386,242,266
1261378741,3898717071,0,499,111,389,499,278
1309033452,278513173,100,399,9,490,299,481
1275203228,4003934403,37,466,35,466,429,431
1062234431,1098477442,0,499,62,436,499,374
1160410462,2723817004,160,339,178,325,179,147
1070092662,1262567682,73,426,0,499,353,499
1008161861,436092243,165,333,129,370,168,241
1245898143,3790136174,0,499,62,436,499,374
1068057563,1188156215,63,436,0,499,373,499
1029797738,595125751,167,337,131,295,170,164
846373676,75663259,0,499,68,431,499,363
1282768877,4058943733,49,426,184,315,377,131
1174731310,2942111312,73,426,0,494,353,494
1319157000,4214026919,53,443,32,459,390,427
721693227,56519692,62,436,0,499,374,499
1316160205,4200875592,28,454,35,464,426,429
1212878536,3435937626,95,408,55,455,313,400
1213940761,3456071280,214,285,202,297,71,95
1265205403,3929890007,43,479,73,382,436,309
1312021707,4189092652,113,386,41,384,273,343
1283716599,4061605920,249,274,244,315,25,71
1127988666,2130670688,0,499,0,499,499,499
1117935667,1978152609,150,349,134,387,199,253
1250511321,3832846719,0,499,109,389,499,280
1305067009,4164660913,106,388,51,463,282,412
1112295827,1922744881,23,476,68,440,453,372
1262852071,3910507588,0,499,29,469,499,440
108130330,2924216,23,471,62,428,448,366
1057506751,1077622468,135,365,90,407,230,317
1273375325,3992627397,44,447,70,444,403,374
964626647,247668546,212,286,173,355,74,182
1248861828,3817906313,57,441,0,498,384,498
1030940507,605449845,88,411,65,434,323,369
872474729,79068157,62,437,0,499,375,499
1310509188,4182249887,81,424,89,427,343,338
862539458,102343418,128,305,209,293,177,84
1283476395,4061476938,29,469,123,443,440,320
1174650154,2941115218,20,475,75,431,455,356
1182682589,3007746998,326,356,147,338,30,191
1257521652,3881471086,0,499,0,499,499,499
1261817343,3901209125,114,390,10,433,276,423
1283403078,4061576955,0,499,0,499,499,499
1280265014,4044240492,0,499,0,499,499,499
1198097712,309908920,144,354,100,399,210,299
1273125979,3992567173,0,499,79,499,499,420
1304172914,4160987140,106,388,51,463,282,412
1007659344,435073405,100,399,56,443,299,387
1267459441,3943103865,110,389,54,445,279,391
1098585460,1689657229,33,467,90,411,434,321
1279179603,4037584632,0,420,12,499,420,487
1270202924,3969255032,0,499,0,499,499,499
1005921718,6097855,39,499,74,437,460,363
1244326103,3782771538,0,499,126,436,499,310
1250600632,3885445189,106,399,71,404,293,333
1250621601,3834404206,64,433,112,375,369,263
1102259590,1792664472,62,436,0,499,374,499
1144025070,2467360273,0,499,62,436,499,374
1253337133,3856415129,20,481,156,363,461,207
1277753700,4023041138,85,413,61,401,328,340
1282027072,4050759816,2,489,2,491,487,489
1166742251,2819098964,20,489,113,387,469,274
1186390530,3028261449,200,308,104,421,108,317
1100076735,1711736285,180,319,153,346,139,193
1043956102,17097646,0,499,62,436,499,374
1267083233,3941727395,38,460,122,373,422,251
940803811,205146334,24,468,136,395,444,259
1275986561,4010220769,0,499,0,499,499,499
997531111,330239241,154,344,115,384,190,269
1242995925,413870952,100,399,13,486,299,473
1034323091,298993519,41,248,107,400,207,293
1273880441,3995597183,67,185,168,318,118,150
1246406862,3798830876,158,364,62,469,206,407
1263163099,3915119239,36,464,47,425,428,378
1248640247,3816939944,13,490,53,445,477,392
1145846924,2505840599,176,323,6,492,147,486
1290381007,4093213699,29,419,65,468,390,403
1260456362,3889890371,87,412,158,340,325,182
1190652200,187897115,162,319,101,416,157,315
1274182554,3997818219,0,499,0,499,499,499
1223475768,3580783693,99,424,101,459,325,358
1311157811,4184933579,78,421,0,499,343,499
1306608454,4168967264,12,462,102,493,450,391
1216791812,3485033890,109,389,0,499,280,499
1156075662,2664721593,50,450,0,499,400,499
1305111850,4164667917,106,388,51,463,282,412
1323313715,4231806202,69,433,75,424,364,349
1311432703,4187123475,105,403,104,388,298,284
1195271544,3166543836,0,499,76,423,499,347
1282754628,4057515730,96,395,51,288,299,237
1190250895,2394039634,48,399,203,315,351,112
1280321094,4044733589,93,406,18,447,313,429
1197815759,3209814686,148,348,40,499,200,459
1153338974,2625371934,175,324,4,495,149,491
1195149090,3165132269,184,312,199,311,128,112
1239692325,3733159120,20,473,149,405,453,256
1320150829,4215428640,41,457,159,429,416,270
1100079518,1711735321,110,389,63,436,279,373
1328470542,4250686694,129,366,54,417,237,363
1007289586,434045891,62,436,0,499,374,499
930399579,184297745,0,499,62,436,499,374
1252253267,3846111564,0,499,62,436,499,374
1302551637,4155424361,45,467,113,350,422,237
987652067,294482394,38,453,146,355,415,209
1218271066,3503702325,113,387,27,479,274,452
977556615,278411983,102,408,22,477,306,455
1066379528,1158286852,62,436,0,499,374,499
1266777383,3939946765,0,483,0,475,483,475
1176478901,2958196769,40,426,59,462,386,403
1146981030,2527236590,70,429,145,354,359,209
1073050466,1314375643,61,420,31,484,359,453
1261174114,3898707896,191,311,181,327,120,146
1043840930,853455943,8,494,18,473,486,455
888679961,115970425,90,409,25,474,319,449
1266513479,3938788258,110,389,54,445,279,391
855931241,88772626,181,320,150,347,139,197
1243416829,3773721526,79,418,118,393,339,275
1275518994,4006431105,47,492,7,499,445,492
1083035881,1475402702,73,426,0,499,353,499
1260372865,3893244915,90,459,79,382,369,303
1300064470,4144869346,161,417,73,398,256,325
1281303038,4050851065,4,477,5,499,473,494
990786865,298015518,44,481,111,391,437,280
1250268360,3831364253,0,499,62,436,499,374
1009598235,442786955,0,499,62,436,499,374
1215442831,3470156501,78,421,10,489,343,479
1138545018,2370336717,2,495,50,449,493,399
1049583165,953082097,0,499,62,436,499,374
1068866778,1204725600,61,432,110,424,371,314
1234851195,52207550,145,368,31,477,223,446
1256966443,3876187827,0,499,0,499,499,499
1262352741,3906639672,78,439,27,388,361,361
1248219405,3814580780,88,411,13,488,323,475
1131804908,2182275217,24,474,106,402,450,296
1203228486,3271967867,70,432,28,465,362,437
1240977357,3750289960,0,499,62,436,499,374
1292921418,4113742328,46,437,76,442,391,366
1248470392,3814962750,188,341,158,467,153,309
1248178784,3477058251,86,412,34,458,326,424
939110805,201676041,175,317,195,304,142,109
1313317484,4182991519,22,479,135,358,457,223
1249533927,3819978093,130,369,130,369,239,239
936385655,195214289,0,499,83,415,499,332
1100129920,1713268361,155,343,100,399,188,299
1290357645,4093146590,79,419,0,499,340,499
1038128812,746533091,106,392,16,476,286,460
1261174061,3898707887,0,499,140,359,499,219
1169236035,2873690558,30,456,34,459,426,425
1237205200,3716590121,49,449,79,429,400,350
1226562830,3601106558,0,499,56,443,499,387
1310073134,4181961211,40,450,128,377,410,249
1142062473,2446326456,45,456,88,434,411,346
1249535763,3819983522,0,499,0,499,499,499
847886053,77563029,194,305,170,329,111,159
1262733359,3910821653,9,492,100,414,483,314
1299145725,4139568399,0,499,0,499,499,499
1252623103,3850031112,13,344,22,499,331,477
1118254792,1980640841,51,384,158,370,333,212
874728915,51313916,103,393,0,499,290,499
1143993029,2465066821,75,424,10,492,349,482
1313314466,4197664355,37,496,41,442,459,401
1027855874,577058323,178,318,180,296,140,116
1176503908,2958499829,33,473,104,391,440,287
1100070224,1711734749,110,383,54,451,273,397
1261366416,3898715640,33,470,114,325,437,211
1266617725,3939114575,0,499,33,466,499,433
1238731559,3728225868,67,432,0,499,365,499
830617937,54615061,69,429,0,499,360,499
1249535292,3819982149,130,369,170,329,239,159
1273153761,3993171186,50,327,220,361,277,141
1176099449,2954029689,16,464,7,385,448,378
1275406828,4003976372,56,499,61,499,443,438
939617834,181653600,0,499,73,426,499,353
1248849029,3817903618,45,479,110,379,434,269
1249534919,3819979847,25,466,146,350,441,204
1046008555,440915205,15,487,126,379,472,253
937630677,179626792,63,478,62,440,415,378
1048479622,935525225,0,499,62,436,499,374
1240579585,3748050120,116,411,35,458,295,423
1252627187,3850328336,0,499,154,436,499,282
1100251351,94059432,38,473,173,319,435,146
1258921044,3887578455,29,466,61,472,437,411
922170765,170807794,225,258,107,394,33,287
1077618171,1376274167,134,364,31,471,230,440
1277781494,4026082213,123,371,5,490,248,485
1249521617,3819786249,0,499,0,499,499,499
1302679604,4107074380,88,406,105,370,318,265
1192169096,3122812606,71,431,239,486,360,247
1276022362,4010224168,0,499,0,499,499,499
1032089797,616389715,87,411,23,476,324,453
1089117854,1548499009,145,354,100,399,209,299
1323307088,4231696166,0,499,0,499,499,499
1251592732,3844081429,127,374,163,351,247,188
1096607356,1657064058,31,466,131,373,435,242
1008157261,436074675,150,349,106,393,199,287
913908081,158328789,32,466,0,499,434,499
1033586576,656073108,61,437,0,499,376,499
1275679547,4006528770,202,302,70,431,100,361
1318413041,4218867607,25,475,107,420,450,313
971427605,262164051,5,495,35,463,490,428
935085376,193943628,0,499,62,436,499,374
1261419746,3898725536,68,456,39,466,388,427
1267252787,3939519868,18,483,27,483,465,456
1196308407,579676876,179,320,150,349,141,199
857823292,86762091,192,307,160,339,115,179
1144417549,179372966,48,391,63,425,343,362
1229616018,3625752106,0,499,41,458,499,417
1299263748,4141570572,48,448,40,460,400,420
995972715,304508263,79,419,0,499,340,499
1078177201,1395203477,9,466,83,415,457,332
1323959998,4232365042,198,220,342,370,22,28
1089390905,501329347,156,342,100,399,186,299
1100774941,1740248331,71,428,0,499,357,499
1301483658,4152256986,208,292,183,312,84,129
1310425842,4181902609,0,499,0,499,499,499
1301290284,4151317465,0,499,62,436,499,374
1282286434,4055997948,69,430,21,479,361,458
1307776613,4172824137,2,499,27,499,497,472
1301298732,4150974751,0,499,0,499,499,499
1318462050,963074214,88,411,107,421,323,314
1127501933,2123765782,71,426,0,499,355,499
1304608469,3603998589,93,405,0,499,312,499
959846005,233920160,110,404,163,336,294,173
1288111679,4079556667,33,478,44,437,445,393
1139931431,1642341335,153,346,122,391,193,269
1162595983,2700272729,10,491,81,419,481,338
894107057,141690614,0,499,62,436,499,374
1276754523,4016001826,0,499,0,499,499,499
1181575884,3003639672,53,446,39,464,393,425
1191034532,3101161099,129,395,205,397,266,192
1205825839,3312189762,132,415,22,447,283,425
1299816067,4143422647,3,423,89,499,420,410
1313683383,4199858693,33,468,48,449,435,401
1277493144,4019796093,0,499,0,499,499,499
1281198997,4046997667,122,353,20,475,231,455
1249535476,3819982767,183,342,133,366,159,233
1243385319,3773726452,29,472,131,471,443,340
858986004,93797820,69,430,0,499,361,499
1136963636,2336083846,55,447,69,437,392,368
1276831281,4017266714,47,429,118,372,382,254
1282564548,4057547862,117,353,76,476,236,400
1094787208,1628254259,84,414,0,499,330,499
871517275,116264687,157,343,115,384,186,269
897033831,142988004,0,499,62,436,499,374
1204249116,3287289583,77,422,14,484,345,470
1082568588,1470123709,151,347,100,399,196,299
1316122452,4200871697,0,494,27,499,494,472
975100545,272656456,0,499,0,499,499,499
972843445,266630937,72,426,0,497,354,497
869255403,113152256,68,431,1,499,363,498
1026362047,562981305,66,432,0,499,366,499
1190252155,2647272608,112,388,111,387,276,276
1295471234,504216921,62,436,0,499,374,499
995112339,302965676,72,427,0,499,355,499
1277507004,4019799503,0,484,5,499,484,494
933236121,190093179,89,408,21,478,319,457
1065258818,285282971,161,338,100,399,177,299
1320613382,4224637393,0,499,0,499,499,499
971423336,262158941,151,356,149,352,205,203
1316141437,4200873470,0,499,62,436,499,374
1111040611,1908564841,7,491,67,449,484,382
1307876142,4173008577,0,499,0,499,499,499
1174591726,2940640148,47,460,50,457,413,407
978995118,280940114,10,489,10,489,479,479
1278560401,4035896678,33,343,8,484,310,476
1224128243,3521202984,3,495,80,386,492,306
1325230077,4240794050,0,499,0,499,499,499
1269057262,3955088272,0,499,0,499,499,499
1251300035,3840046659,33,460,163,366,427,203
1287887524,4079551929,0,499,0,499,499,499
1313721917,4197831194,40,459,0,499,419,499
1268021881,3944543323,36,455,112,428,419,316
1298930445,4139510246,46,457,15,468,411,453
1050196045,962149756,173,341,158,331,168,173
977706470,278422865,74,425,3,499,351,496
1188596814,3069163422,0,499,0,499,499,499
1146536125,2465052035,143,356,244,337,213,93
1123965137,2066145815,150,349,100,399,199,299
1237053027,3608438184,105,393,0,499,288,499
1304144920,4160953329,106,388,51,463,282,412
1241429765,3756678136,200,296,219,312,96,93
1283677514,4061597669,51,417,103,478,366,375
1265206872,3929890053,20,485,33,479,465,446
1192191953,3123116351,68,432,22,488,364,466
1188462946,3065096168,0,499,62,436,499,374
1205825853,3312189770,183,316,0,499,133,499
1234714603,3689317474,48,421,66,443,373,377
1287036937,4076936215,131,368,0,499,237,499
1241390917,3756522856,197,306,192,311,109,119
1257118670,3878712905,62,436,0,499,374,499
1292280294,4108382189,63,435,57,410,372,353
1257686689,3881724740,0,499,0,497,499,497
1306868497,4167094024,0,499,0,499,499,499
1244326363,3782771615,0,499,126,436,499,310
1166709800,2823853941,7,467,144,350,460,206
1292018841,4105727973,0,403,40,472,403,432
876168360,83638863,74,424,0,499,350,499
876031196,64388089,94,404,0,499,310,499
1239449283,304134009,16,459,171,378,443,207
1260336013,3893242987,79,365,157,394,286,237
1258966671,3887593347,54,422,105,455,368,350
1262858155,3911705375,0,499,62,436,499,374
340743046,48133710,68,431,0,499,363,499
1266060387,3929343576,0,499,62,436,499,374
1269898844,3961179175,70,433,53,446,363,393
1146385019,2092787511,30,471,68,429,441,361
1234768145,3690228595,61,445,49,465,384,416
1145068758,2491686155,0,499,80,419,499,339
1056219531,1071052652,85,413,14,499,328,485
1013557514,468002357,352,353,117,346,1,229
1316106270,4200869731,101,394,35,348,293,313
1240948169,3751572834,87,404,170,358,317,188
1075760005,1352145681,76,427,78,434,351,356
1007737479,435135482,100,399,64,449,299,385
1007376805,416644571,58,440,0,499,382,499
1211994420,3410571450,79,419,0,499,340,499
1032655113,623755413,62,436,0,499,374,499
1301290557,4150972860,137,393,82,432,256,350
1174585686,2940638530,140,364,151,327,224,176
1169935358,2888059468,0,499,0,499,499,499
1181497713,2799106898,26,488,67,429,462,362
1091916206,1573142020,139,360,196,347,221,151
1265207808,3929890085,8,499,0,499,491,499
1260228608,3894915658,42,450,57,452,408,395
1313759647,4200226245,144,365,18,486,221,468
1246302195,3798145304,0,499,62,436,499,374
1307816513,4172826796,24,499,10,493,475,483
103090030,3250129,68,431,0,499,363,499
972674890,265750252,68,431,0,499,363,499
1275215460,4004106097,0,499,86,499,499,413
1016428428,498871911,87,419,10,494,332,484
1269581303,3959992097,172,328,252,466,156,214
1201892733,3246168382,7,499,76,425,492,349
1284473423,4065537394,38,435,72,463,397,391
216642330,6353993,0,499,114,385,499,271
1276062082,4010225450,87,499,99,414,412,315
1316990844,4210982278,82,397,67,432,315,365
1313521719,4199252384,0,405,85,475,405,390
1302198171,4153247409,0,499,0,499,499,499
1007542664,435059638,69,430,0,499,361,499
1273745623,3992784123,33,444,70,463,411,393
1043227044,849040382,61,445,32,467,384,435
1229217705,3622940036,32,467,0,499,435,499
1219583324,3526562088,62,436,0,499,374,499
1051813262,981628137,0,489,62,436,489,374
1017247369,407719718,190,309,160,339,119,179
1306618679,4168967513,10,490,18,469,480,451
1248028759,3811653972,0,499,161,338,499,177
1008328817,436988726,78,421,0,499,343,499
1082759583,1466114648,105,395,60,412,290,352
1318777798,4217852204,0,499,0,499,499,499
1248641538,3816940114,4,493,70,449,489,379
1040343041,811704941,196,304,153,342,108,189
1082888826,1471288764,0,499,0,499,499,499
1320030452,4215332756,18,479,81,389,461,308
1236324876,3707218858,0,499,0,499,499,499
1192175601,3120179855,52,484,149,435,432,286
1258501633,3885602501,146,442,11,442,296,431
1248328302,3814340023,56,446,20,490,390,470
1207666526,3344215767,15,449,39,435,434,396
1308995567,4178793373,0,499,83,416,499,333
934202824,108336013,0,499,62,436,499,374
1009189834,440300495,199,301,69,410,102,341
1276766996,4016006616,0,499,0,499,499,499
891738079,138463187,145,354,100,398,209,298
1008182324,436099978,150,349,122,377,199,255
1196814076,3199157945,0,499,0,499,499,499
1226405702,3591581798,0,499,142,436,499,294
1308837861,284987202,100,399,49,449,299,400
1111381992,1911182085,142,383,121,434,241,313
1038018276,744085075,0,499,0,499,499,499
1274881123,4001430096,63,437,1,499,374,498
1174592363,2940640307,82,422,22,480,340,458
916937546,162142870,81,418,0,499,337,499
1186686523,3030673485,155,343,119,380,188,261
933515661,190715215,0,499,62,436,499,374
1101141489,1751081810,0,499,62,436,499,374
1007858770,435268564,73,425,13,494,352,481
1101829051,1782200557,50,448,0,499,398,499
1254731850,3864840151,69,433,131,355,364,224
1255073922,3867306008,32,477,63,464,445,401
1243659075,3775275167,0,499,62,436,499,374
987444233,294322760,44,401,0,499,357,499
981725796,196717068,0,499,62,436,499,374
1192052777,3120607052,68,432,22,488,364,466
1091539716,445118263,139,359,100,399,220,299
1176504916,2958500908,46,435,161,433,389,272
1101389831,1757368919,99,376,151,369,277,218
1169148193,2871608736,0,499,82,416,499,334
1318344077,229965581,66,431,6,493,365,487
1047898443,933967167,0,499,62,436,499,374
1324194568,4236297661,66,441,19,483,375,464
1043841428,853456184,26,481,62,434,455,372
1062525956,1116132003,0,499,52,447,499,395
1291751525,99078658,91,407,0,499,316,499
1225663466,3460743974,130,347,165,367,217,202
1305150106,4164673209,106,388,51,463,282,412
1316124979,4200871899,0,499,62,436,499,374
995098652,303051689,145,355,29,477,210,448
1201829615,3249402226,139,399,130,418,260,288
1172791625,2920940597,32,473,100,312,441,212
1252900720,290051,93,406,0,499,313,499
1187682714,3055562755,64,435,0,499,371,499
871133993,115836125,125,374,203,296,249,93
1252141215,3847035743,0,499,0,499,499,499
1283995006,4063342375,23,482,48,472,459,424
1029780815,594964173,184,316,61,477,132,416
1130348062,2183070177,114,473,40,476,359,436
932104271,78149373,62,436,0,499,374,499
1294123392,4122442558,83,415,0,499,332,499
1224160462,3585581786,83,416,0,499,333,499
1167670254,2843192182,166,352,52,461,186,409
1229783478,510598219,72,404,133,365,332,232
1004009514,401114925,69,428,0,499,359,499
1254801706,3866306154,0,499,265,359,499,94
1227108572,3607230258,14,489,33,484,475,451
1296679167,4109807895,54,309,137,422,255,285
1174592258,2940640289,34,470,20,490,436,470
1162869815,2755020925,109,389,0,499,280,499
863615237,104537120,68,431,0,499,363,499
1263792992,3921312474,125,378,10,499,253,489
1280708027,4046495412,0,499,0,478,499,478
1275194079,4004099216,57,447,65,444,390,379
1311874472,4188880268,0,499,62,436,499,374
1157504502,2686414625,21,477,98,433,456,335
1170192201,2892564197,64,414,96,424,350,328
1239448752,303782845,48,430,149,343,382,194
1275652147,4006511635,0,499,0,499,499,499
1037229984,69912149,62,436,0,499,374,499
984249587,288837127,0,499,62,436,499,374
1122156560,2046404347,0,499,0,499,499,499
1042990749,846366969,24,481,110,394,457,284
1245782735,3794428326,97,97,235,268,500,33
1256356608,3873653035,0,499,0,499,499,499
1214456784,3461631851,174,305,20,469,131,449
979809809,282713469,100,399,100,399,299,299
1023454555,536648313,179,433,182,355,254,173
1321543154,4223024086,214,409,203,318,195,115
1240239432,3745173366,150,349,108,391,199,283
1141924324,2444260289,70,428,0,499,358,499
1027196503,570000134,102,397,50,449,295,399
1267060372,2018699195,100,399,30,468,299,438
862633645,102356877,69,449,130,381,380,251
1295176019,4122796825,3,495,7,377,492,370
1273510337,3992742579,0,499,0,499,499,499
1280532291,4044247818,116,379,17,488,263,471
1249535562,3819982810,164,346,138,367,182,229
1164498530,2786150049,40,461,106,393,421,287
1263099309,3563946858,100,399,37,461,299,424
981307595,284328798,72,427,0,499,355,499
1137190574,1960306292,119,337,105,449,218,344
1269039431,3953971133,34,325,40,375,291,335
1238136616,3726468705,0,499,0,499,499,499
1243524425,3774353811,121,259,204,291,138,87
1198622130,3218518448,168,325,91,428,157,337
1276044936,4010559367,0,499,62,436,499,374
1212557942,3429319051,179,329,116,212,150,96
1271995910,3986433140,60,406,74,439,346,365
1211887768,3384361578,0,499,83,415,499,332
1279172721,4037098515,47,457,48,458,410,410
883516116,128471811,77,421,27,472,344,445
1105789050,1856622202,61,440,43,451,379,408
1252627811,3850328599,0,499,154,436,499,282
1197150257,3205610183,0,486,13,443,486,430
1190248705,1891062035,0,499,62,436,499,374
975763734,274432105,84,415,0,499,331,499
1196277078,3184171725,0,499,63,435,499,372
1283555563,4061481215,0,499,0,499,499,499
1166689211,2823457886,109,390,109,390,281,281
1252627924,3850328767,0,499,62,436,499,374
1173362670,2927534614,99,454,10,492,355,482
1302249345,4153278725,0,499,0,499,499,499
1084068225,1492585480,173,465,87,393,292,306
1265215229,3929900548,18,483,128,366,465,238
1094846670,1629867633,144,351,161,366,207,205
1284757362,4065771607,53,450,30,469,397,439
1317741752,4213757304,113,338,57,461,225,404
1260621388,3894594118,116,388,58,439,272,381
908561215,152988688,190,309,170,329,119,159
1306878277,4167094726,106,388,51,463,282,412
1276359833,4012869320,0,499,0,499,499,499
905313743,149971783,0,499,62,436,499,374
1113061662,1926714947,26,481,51,447,455,396
1292875505,4114275765,0,499,0,499,499,499
1276315783,4012662528,0,499,0,499,499,499
1053575166,1035045016,79,420,0,499,341,499
1312222652,4193794543,72,418,62,424,346,362
1043841268,853456104,30,472,59,437,442,378
1037272383,726961742,25,473,0,499,448,499
1323318237,4231696759,60,499,0,499,439,499
1113115164,1832996485,122,359,44,461,237,417
1187129465,3044108058,13,466,24,479,453,455
1320904066,4221614778,55,443,122,402,388,280
941621815,207151468,153,352,175,327,199,152
910262676,154509783,95,404,88,405,309,317
1204236528,3287276245,94,409,43,474,315,431
941678793,207196224,172,323,145,351,151,206
1239446076,2887777110,40,459,131,361,419,230
1278120483,4029710920,0,499,0,499,499,499
1078971988,1413003876,0,499,209,499,499,290
1276530904,4014020418,209,277,20,485,68,465
1249535629,3819982837,169,325,145,335,156,190
930889776,184996632,141,358,100,399,217,299
1066606611,1169438389,133,365,6,434,232,428
1241431034,3756680151,196,299,176,326,103,150
933235409,190092700,73,426,0,499,353,499
1306795330,4167085685,106,388,51,463,282,412
1282821910,4057764458,53,421,133,413,368,280
886389043,49246913,92,407,0,499,315,499
1282348475,278403825,100,399,28,471,299,443
1163025009,2762497568,142,356,24,481,214,457
1221634726,3565347342,44,384,22,481,340,459
937176245,197229921,172,318,122,343,146,221
1287890339,4079552116,0,499,0,499,499,499
1282084028,4055252471,0,499,0,499,499,499
1049756257,954776247,84,415,0,499,331,499
910935792,155007007,0,499,69,429,499,360
1134148089,2274102897,0,499,109,389,499,280
1226405840,3591581833,0,499,142,436,499,294
1261419198,3898725495,27,478,137,380,451,243
1257575591,3881712453,45,450,93,404,405,311
1313678579,4199857267,99,421,145,362,322,217
857487040,91623355,87,412,0,499,325,499
1314361542,4200676765,1,498,1,497,497,496
1008138946,436065752,105,394,50,449,289,399
1202899369,3258820150,62,436,0,499,374,499
872683322,118042475,83,416,177,321,333,144
912897338,157017796,0,499,74,425,499,351
899898058,145599498,70,429,10,489,359,479
1236308672,3701735081,0,499,109,389,499,280
971431356,262168664,27,473,102,395,446,293
1058378,1289236,97,402,35,464,305,429
1088411817,1539031605,76,422,0,499,346,499
1303834726,4159427589,106,388,51,463,282,412
1273969059,3995260794,177,499,76,499,322,423
1312644406,4195556004,18,463,128,365,445,237
1274649821,983703101,97,401,0,499,304,499
1205742775,3310018697,136,361,76,439,225,363
983843964,288131391,77,421,0,499,344,499
1209410933,3377003204,90,398,229,268,308,39
957304983,113233390,126,373,17,499,247,482
1134679635,2289526097,0,499,8,499,499,491
1252900523,1647994,79,419,0,499,340,499
1318419739,60359721,3,443,55,430,440,375
1027281954,570648008,100,399,61,437,299,376
1173361135,2927458283,70,429,145,354,359,209
1042507183,841522889,71,428,0,499,357,499
1283024533,4057773031,0,499,1,499,499,498
1138823071,1785786180,17,486,55,453,469,398
1182180877,3005787033,14,499,79,419,485,340
1231488647,3650572992,62,436,0,499,374,499
874728719,77902307,71,427,15,499,356,484
1316161095,4200875612,17,476,45,460,459,415
1258299023,295093804,0,499,0,499,499,499
1273870842,3995345240,0,499,0,499,499,499
1187256684,3046568434,30,409,179,351,379,172
1135552602,2309574915,62,436,0,499,374,499
1314465284,4186281185,41,458,124,359,417,235
972591580,265916809,0,499,65,434,499,369
1275409149,4005903649,21,481,94,397,460,303
995582136,303772965,62,436,0,499,374,499
1251017591,3837275033,166,348,198,443,182,245
1257241997,3879893766,44,463,3,484,419,481
856790230,82404776,88,411,0,499,323,499
1267240256,3942383041,111,394,9,430,283,421
1301810987,4153240510,62,436,0,499,374,499
1181575842,3003639257,7,487,9,456,480,447
1027200216,570001341,108,391,50,449,283,399
1027097746,569799663,133,366,50,449,233,399
1310340654,4182236357,43,384,197,499,341,302
1121349429,2034793687,99,394,33,484,295,451
1276010290,4010222606,134,375,64,396,241,332
1246402807,3798829868,89,404,9,485,315,476
1270558642,3971735991,0,427,14,496,427,482
1037111775,720124739,122,361,32,487,239,455
1276023182,4010224199,0,499,131,424,499,293
934396753,192492759,85,413,0,499,328,499
1290492655,4093825981,0,499,62,436,499,374
979421282,281755881,83,415,0,499,332,499
1009147223,439831667,73,425,0,499,352,499
230676030,6608871,0,499,53,446,499,393
927602585,180669904,68,380,27,486,312,459
1270404348,3971706647,0,459,54,499,459,445
1273138160,3993155051,120,442,185,314,322,129
1117984326,1978501411,118,383,100,429,265,329
1027296503,315555429,110,388,50,449,278,399
1151697092,2587447669,62,436,0,499,374,499
1109607548,1743665816,203,327,130,357,124,227
1287037647,58582799,12,486,38,461,474,423
1237107752,1681883241,8,494,147,335,486,188
1112678767,1924580434,20,490,130,383,470,253
1177467897,2974270936,125,374,71,427,249,356
1190252023,2647272665,120,384,115,379,264,264
1244923290,3787550413,0,471,0,499,471,499
1174590143,2940639609,206,300,183,302,94,119
1212946469,3417665299,147,351,100,399,204,299
1061585118,511836449,60,469,26,307,409,281
869841893,113871481,138,360,95,404,222,309
1045724084,871089579,68,431,0,499,363,499
1261978596,3902216465,164,336,102,358,172,256
1248843762,3817900765,7,491,0,499,484,499
1283862762,4061620373,0,499,36,499,499,463
1111341745,1910864319,153,208,100,399,55,299
1047878537,933784190,97,407,71,342,310,271
1264105009,3923709317,180,319,151,347,139,196
1181357581,3002345605,60,433,137,385,373,248
980535830,283682780,83,418,80,415,335,335
1316116345,4200871129,4,476,19,445,472,426
1192013375,3120284861,130,370,73,412,240,339
1027180268,569813887,114,385,50,449,271,399
1013167901,216861581,146,348,114,389,202,275
1262295005,3906636367,26,466,21,465,440,444
1006707568,48762204,74,425,0,479,351,479
1252164134,3847766057,39,447,88,411,408,323
1008104345,435924608,142,356,95,403,214,308
1280690645,4046437485,0,499,0,499,499,499
1296373544,4130468887,65,325,17,499,260,482
1312260006,4193922485,20,476,53,451,456,398
1275626663,4007155605,0,499,0,499,499,499
1275662606,4006518076,0,499,0,499,499,499
1309815591,4182065011,40,467,132,358,427,226
1068094471,1189061898,0,499,0,499,499,499
1247602536,3811529032,0,499,0,499,499,499
1201833762,3249406790,87,379,133,332,292,199
1188610951,3069666366,0,499,0,499,499,499
1168537264,2849954971,0,499,83,415,499,332
1020515017,524399651,73,426,142,354,353,212
1209717313,3382587135,39,472,100,433,433,333
859774458,95665770,72,426,14,499,354,485
1211983074,3414348145,13,480,52,471,467,419
1261362880,3898715423,0,499,0,499,499,499
1008033002,435858415,131,367,99,399,236,300
1305948288,3621548317,58,441,0,499,383,499
1201368985,3246160263,23,475,0,499,452,499
1243928821,3775263795,203,290,160,359,87,199
1288984342,4069194977,71,427,21,478,356,457
1131291687,2195409861,58,443,25,470,385,445
990671657,297677208,138,360,95,404,222,309
1149093301,1540685675,115,355,117,360,240,243
1094729856,1627216662,0,499,82,417,499,335
1237262337,3716299585,65,462,163,373,397,210
1254191962,3860640509,37,469,146,367,432,221
1295960107,4128274513,43,442,54,472,399,418
1176702886,2961121508,150,427,119,333,277,214
1323291255,4231800388,58,437,73,442,379,369
874729278,63509149,46,442,19,485,396,466
1245645345,3793573832,19,480,47,317,461,270
1047935957,934195870,198,300,182,320,102,138
1314016978,4201306646,59,434,22,492,375,470
1174586881,2940638795,0,499,0,499,499,499
1074735533,1338066210,138,354,38,447,216,409
1011779957,452849727,80,415,8,490,335,482
1269836677,3962805285,25,459,14,476,434,462
1252357187,3848478235,228,273,23,471,45,448
981387420,284229464,77,421,0,499,344,499
1244435052,3783784116,136,363,225,284,227,59
1082393905,176971404,68,431,0,499,363,499
1166755995,2824252365,4,491,89,412,487,323
1273873491,3989076802,62,436,0,499,374,499
1257242823,3879898442,0,499,26,480,499,454
1029511507,591829982,2,487,86,491,485,405
1155164796,2649579182,157,344,194,271,187,77
1159232432,2709759796,0,499,83,415,499,332
1128000233,2132314422,0,499,63,436,499,373
1151565507,2586009675,137,361,100,399,224,299
1305527593,4165986013,35,464,164,368,429,204
1131105162,2193296333,11,488,0,499,477,499
1100061524,1711728862,180,319,153,346,139,193
1121420084,2035478905,28,444,111,413,416,302
1156925050,2678776405,71,432,73,430,361,357
1231005065,3584256313,0,499,62,436,499,374
1191828968,3111642103,62,436,0,499,374,499
1172791566,2920940577,65,437,11,458,372,447
1012375187,460077264,114,394,90,372,280,282
1282574376,4057551129,195,307,207,287,112,80
1299051706,4139720645,5,493,116,414,488,298
1317401754,4212780747,126,379,111,413,253,302
1276306685,4012720847,0,499,0,499,499,499
1079913331,70542521,96,375,12,486,279,474
1279487498,4039964151,85,414,30,469,329,439
1268743607,3913593213,219,255,16,476,36,460
1029511457,532978668,18,435,119,402,417,283
987656047,294487774,139,384,60,475,245,415
1265307070,3930245464,32,499,0,403,467,403
1251592673,3844081420,102,359,146,375,257,229
1204825970,3298145342,140,350,43,415,210,372
1190258126,1898638518,42,464,162,323,422,161
1160747315,2725730950,156,326,216,290,170,74
1100064668,1711734962,110,389,51,448,279,397
1143480360,2466170316,11,486,114,379,475,265
1244326120,3782771546,0,499,126,436,499,310
1188953927,3075343859,129,373,114,367,244,253
1306812524,4168956062,43,413,56,432,370,376
933250107,190103590,0,487,28,471,487,443
1236845685,3707735122,106,383,76,445,277,369
909845572,154160416,62,436,0,499,374,499
1282541280,4057544066,0,499,0,499,499,499
1244326091,3782771532,0,499,126,436,499,310
1304158739,4160984596,106,388,51,463,282,412
1030320963,596723974,0,499,62,436,499,374
1066930267,1173353201,4,497,86,415,493,329
1310411267,598021568,85,414,6,489,329,483
1257152083,3879365457,168,331,74,442,163,368
1240232003,3745064029,157,330,42,470,173,428
1244541257,3785187893,0,499,121,436,499,315
1007803865,435260396,150,349,112,387,199,275
1249534620,3819979544,37,473,38,484,436,446
1244434598,3783804171,109,389,0,499,280,499
1235827259,3700330506,0,499,62,436,499,374
1033841766,664844964,184,315,181,319,131,138
1015158151,478349739,53,446,31,477,393,446
1295960181,4128274532,222,277,141,357,55,216
1152329053,2454951185,51,440,74,460,389,386
1269455566,3958959501,62,436,110,366,374,256
1068801691,1200896609,21,478,115,383,457,268
1102754547,1806476159,0,499,62,436,499,374
1254495319,3861780192,0,499,0,499,499,499
1079773716,278582073,149,349,100,399,200,299
1036612492,713145477,109,389,0,499,280,499
946881096,208929813,0,499,89,409,499,320
1095514860,1632923409,147,476,162,353,329,191
872447988,117427514,118,381,64,433,263,369
1176761985,1856333929,62,436,0,499,374,499
1225886833,532978708,144,357,145,358,213,213
1262354324,2807581249,23,473,65,397,450,332
938351892,200221571,0,499,83,415,499,332
1110490743,1902781074,119,380,124,424,261,300
1314422978,4202302551,22,354,33,339,332,306
1075711437,1351973155,13,484,5,461,471,456
1228491987,3617400742,109,389,0,499,280,499
1265374063,3930103326,26,466,169,384,440,215
1282976580,4057855415,73,380,40,456,307,416
1317070471,4211500100,54,483,42,476,429,434
1302929290,4154933435,142,348,23,467,206,444
1176504856,2958500808,0,499,74,424,499,350
1131804310,2168076458,56,391,71,415,335,344
1158029089,2678248437,25,363,114,396,338,282
1152207635,2590169292,71,428,0,499,357,499
971990975,263926241,97,402,0,499,305,499
1116546453,1961959864,54,445,0,499,391,499
941678740,207196195,95,403,201,296,308,95
1298365072,4139328595,161,343,196,375,182,179
1232853479,3451938085,26,459,188,310,433,122
1248643516,3816940459,12,485,148,353,473,205
1099366247,1702559554,171,348,10,492,177,482
988602280,295521984,0,499,62,436,499,374
1262252167,3906228084,0,499,0,499,499,499
1323698574,4234931923,261,285,251,261,24,10
1176503990,2958500045,33,473,104,391,440,287
1273239117,3992540731,0,499,0,499,499,499
1047562356,918737006,129,372,20,487,243,467
940534409,138767698,198,302,175,323,104,148
1325886881,4243135818,52,446,0,499,394,499
1025845584,555549055,94,405,0,499,311,499
1158120613,2695197167,338,357,331,359,19,28
1187828395,3057196839,110,389,54,445,279,391
1031494658,609913349,68,423,0,499,355,499
1190257889,1876686909,72,419,88,387,347,299
1204210470,3287150697,72,417,30,479,345,449
1005833596,418191777,13,465,90,421,452,331
982532934,256818125,50,449,17,482,399,465
1112257023,1920178451,68,432,112,395,364,283
1120622012,2015849343,103,388,3,495,285,492
1009327494,440708539,160,339,132,367,179,235
947895852,210288815,77,422,0,499,345,499
1197839838,3209918292,23,465,170,326,442,156
1237107398,416891145,79,422,208,331,343,123
1313780035,4184071349,40,460,114,375,420,261
1270467069,3971912064,32,499,3,479,467,476
937995135,199343893,0,499,74,424,499,350
1020461261,524019302,12,484,101,398,472,297
1301915565,4153230622,50,447,162,385,397,223
1098619970,1690603083,9,486,173,400,477,227
1312713637,4195799490,0,499,0,499,499,499
1112932023,1925949278,150,349,100,399,199,299
1311478064,4187456423,149,367,18,467,218,449
1218905917,3511529034,0,499,62,436,499,374
1316221794,4208962414,0,499,0,499,499,499
1241422606,3756671353,202,297,188,313,95,125
962463660,240850954,0,499,63,436,499,373
1143996229,1491955439,23,457,146,375,434,229
1145263177,2490617440,0,499,62,436,499,374
1008045128,435911610,100,399,40,459,299,419
1220979299,3552753946,0,499,109,389,499,280
1270212273,3969772761,104,350,162,358,246,196
1069027430,1216594974,62,436,0,499,374,499
1301833976,4153588196,125,368,78,417,243,339
1277771938,4026075625,154,317,41,244,163,203
977167239,277414809,2,495,51,448,493,397
1275498330,4006686678,0,499,0,499,499,499
1281154935,4050261263,0,499,52,499,499,447
1281984333,4050747356,94,438,106,362,344,256
1251224597,3838152541,5,494,140,350,489,210
431066998,49837363,82,417,0,499,335,499
1309994629,4181947485,7,495,28,456,488,428
1310759390,4182106775,112,386,179,321,274,142
1240842606,3749894955,12,489,17,496,477,479
1313631088,4197538315,29,85,142,359,56,217
1155973038,2662726159,79,421,83,424,342,341
1282774360,4057520057,0,499,0,499,499,499
1274227565,3998531348,110,389,54,445,279,391
1025401710,551557813,0,499,62,436,499,374
1220373877,3541391020,127,387,23,435,260,412
1320678417,4224639262,141,340,95,465,199,370
1215059978,3466194983,0,499,0,499,499,499
1022040384,528504358,121,380,13,490,259,477
1149932792,2567420922,112,383,50,451,271,401
1318652589,4216251209,144,357,104,397,213,293
1306806357,4167087636,106,388,51,463,282,412
900479171,146153964,141,362,157,349,221,192
1067844452,1184629909,19,478,105,391,459,286
1323292277,4231695304,39,444,143,393,405,250
1203462972,3277806976,129,363,28,478,234,450
1324118419,4236042304,0,499,0,499,499,499
971433057,262168365,6,490,41,453,484,412
1014691769,473956546,133,366,88,410,233,322
1303634400,4159071514,106,388,51,463,282,412
1292417797,4108910848,90,397,150,362,307,212
305329909,933474,0,499,31,468,499,437
1096064535,1645251152,0,499,62,436,499,374
1267989728,3945013236,0,499,0,499,499,499
1273124180,3992517432,66,447,67,425,381,358
1317674865,4213742054,0,499,0,499,499,499
1076565694,1365250390,0,499,62,436,499,374
1311277833,4186854696,17,441,67,434,424,367
1036302791,699212726,0,499,62,436,499,374
1043841206,853456133,7,495,98,397,488,299
1318087203,198475020,12,463,75,424,451,349
1127701259,2076051188,135,363,100,399,228,299
1073883655,1326539100,0,499,0,499,499,499
1177149371,2970576385,16,477,96,400,461,304
1039238524,792102100,100,391,211,471,291,260
1265515712,3931632413,37,457,96,399,420,303
1132404990,2219671452,62,436,0,499,374,499
941676660,207257895,148,344,191,321,196,130
1266675189,3939552003,0,499,0,499,499,499
1086085915,1508144447,24,469,149,377,445,228
482977,928636,195,304,184,314,109,130
1314534511,4202818101,21,478,21,478,457,457
602382365,54752385,72,427,0,499,355,499
873761778,119526686,69,430,0,498,361,498
1298419066,4139332971,0,499,0,499,499,499
1135272069,2297121910,71,428,0,499,357,499
1118258320,1980965172,185,293,177,321,108,144
1113106353,1832990572,22,482,82,410,460,328
1261173621,3898707833,119,358,194,293,239,99
1066931164,1173353285,18,481,25,473,463,448
292759161,17809385,72,427,2,499,355,497
1279055514,4038321159,62,436,0,499,374,499
1266673070,3939550896,6,493,129,404,487,275
1152671907,1374056671,109,389,0,499,280,499
1301407332,4151256807,54,457,89,438,403,349
1277425367,4024035225,0,499,71,427,499,356
1225872904,2205907408,125,374,125,374,249,249
1279672435,4040193195,62,444,115,388,382,273
1316281375,4200882160,29,467,130,369,438,239
1132088124,2211992126,62,436,0,499,374,499
1276313041,4012702606,81,436,69,422,355,353
1190251655,2647272540,62,437,62,436,375,374
1027108629,569760348,113,386,50,449,273,399
1204200258,3287127139,0,493,4,477,493,473
1103087682,1810809179,54,445,0,499,391,499
1156657548,2675196530,110,384,4,488,274,484
1271084690,3974956513,36,483,71,454,447,383
1249973923,3828148875,81,420,123,383,339,260
857332715,52804315,210,295,189,314,85,125
1159752028,2718997058,0,499,109,389,499,280
1270176513,3969253108,0,499,0,499,499,499
64850830,2314991,100,398,41,457,298,416
1066653788,243633484,81,418,0,499,337,499
1243231132,3771911599,118,369,19,457,251,438
1311307929,4186981243,17,499,103,499,482,396
1289401369,4085464060,0,499,62,436,499,374
986940474,293306924,69,440,11,498,371,487
1020238068,519955635,84,414,0,499,330,499
1245669811,3793735035,32,467,32,467,435,435
1271687367,3979559773,0,499,0,499,499,499
977976108,278570796,90,409,10,489,319,479
1168570539,2856636166,67,431,0,499,364,499
1244541056,3785187838,0,499,129,436,499,307
1299294668,4141676108,0,482,0,499,482,499
1256203348,3873819934,39,446,97,396,407,299
1307836307,4172829069,90,394,39,437,304,398
1174591209,2940639890,20,460,21,485,440,464
1269220402,3957410677,221,267,210,289,46,79
1296057164,3773872178,32,463,156,383,431,227
1265901134,3935515557,31,431,145,329,400,184
1077529053,1374045075,72,427,0,499,355,499
1304139935,4160952968,106,388,51,463,282,412
1287913869,4079553172,0,499,0,499,499,499
1235181500,3692448707,33,472,61,460,439,399
1131608620,2208466805,3,487,19,479,484,460
1108316145,1874931030,110,389,50,448,279,398
1313695634,4196122811,0,499,109,389,499,280
1249535704,3819983454,217,325,208,285,108,77
907648324,85463402,165,334,132,367,169,235
857103394,90899071,71,430,0,499,359,499
665828,1059504,195,304,180,319,109,139
1174392987,2937419453,0,499,90,409,499,319
1190251419,2697698997,94,410,110,424,316,314
922170678,170808070,228,253,382,389,25,7
865304988,107572783,0,499,62,436,499,374
1083581063,1483400129,108,390,12,486,282,474
982123646,285710487,0,499,62,436,499,374
1067196898,1171370741,71,422,5,490,351,485
925094895,176556958,83,416,32,453,333,421
848993924,80278665,0,499,62,436,499,374
1117750913,1976592989,85,406,142,372,321,230
1243395885,3773715446,36,458,43,465,422,422
929747219,183130635,0,499,62,436,499,374
1225886301,2886591753,191,302,261,366,111,105
1281674395,4050941322,28,461,129,396,433,267
914685610,159177492,95,423,1,499,328,498
1304042215,4160812043,13,490,18,455,477,437
1192042919,3120528926,0,499,0,499,499,499
1107443437,1858695870,38,459,27,444,421,417
1008629797,439039943,73,425,0,499,352,499
1156971803,2679537639,88,423,64,441,335,377
1026939444,569774348,100,399,62,436,299,374
1030503773,597355234,62,436,0,499,374,499
987416413,294293505,126,347,36,496,221,460
1223517479,3581767596,5,496,118,405,491,287
1200888607,3930065167,34,469,156,353,435,197
873761845,119533581,0,499,62,436,499,374
1245937711,3794023516,0,499,109,389,499,280
844603950,49489506,80,389,30,446,309,416
876234139,91478344,75,424,0,499,349,499
1005829402,418192851,16,498,133,373,482,240
879346480,124677733,0,499,126,372,499,246
1191464868,3108231334,106,399,50,449,293,399
941530599,206857389,62,436,0,499,374,499
1320225003,4215694880,0,499,0,499,499,499
1307707850,4172506072,0,499,109,389,499,280
1085483314,1504281519,31,467,0,499,436,499
1255210010,3865673783,62,436,0,499,374,499
1312427870,4194034910,0,499,0,499,499,499
1299735126,4143441999,176,317,57,448,141,391
1286533410,4074816692,64,455,64,470,391,406
941621866,207151496,156,337,154,353,181,199
1189344977,3081103745,40,428,101,400,388,299
1235681922,3697748177,37,471,62,460,434,398
1260394156,3893246003,32,464,6,484,432,478
971606231,262726204,196,306,116,156,110,40
1237101310,298777291,212,337,152,295,125,143
1146390918,2378703960,1,497,45,454,496,409
990502889,91211938,190,309,160,339,119,179
684671573,35228850,57,442,0,499,385,499
1253147444,3855159722,0,499,0,499,499,499
1188450268,2800504847,240,267,77,141,27,64
1170306622,2806785399,176,336,231,268,160,37
1317996351,594950785,0,499,40,499,499,459
500559608,52010336,100,399,101,399,299,298
1284115523,4063221286,0,499,0,499,499,499
941872757,174843392,0,499,62,436,499,374
983458591,287555734,154,335,120,371,181,251
848141045,77827219,161,340,135,304,179,169
1238298023,3727587633,44,450,126,373,406,247
1276284113,4012659651,0,499,0,499,499,499
1007590807,435069606,105,393,60,449,288,389
1225845161,3593310581,74,427,57,464,353,407
329013804,4682737,175,324,150,349,149,199
1261410697,3898722489,100,410,48,474,310,426
1263001969,3910600842,0,499,29,469,499,440
1265224418,3929899851,19,477,197,356,458,159
1317485246,4213417602,0,499,0,499,499,499
965081118,249468228,71,430,36,463,359,427
1323875989,4234090916,31,480,87,405,449,318
960018862,79933621,0,499,62,436,499,374
1246446672,3799129939,46,460,68,436,414,368
1275233350,4003941741,25,490,15,499,465,484
987849459,286870351,0,499,17,481,499,464
1175702200,2950063609,0,499,62,436,499,374
1301011309,4150114269,125,355,125,355,230,230
1119058332,1991850893,147,351,100,399,204,299
1292885852,4114276144,69,361,122,405,292,283
1204253233,3287293542,2,494,80,420,492,340
1102152988,1791625617,30,477,65,453,447,388
1029511601,591830037,109,468,104,379,359,275
1271709725,3979583002,0,499,0,499,499,499
1005934178,416856550,70,427,10,493,357,483
1027054923,569653878,100,399,71,429,299,358
1174591018,2940639842,130,369,170,329,239,159
1076486566,1363928633,20,478,88,423,458,335
1268710926,3951838272,0,499,21,499,499,478
1285939843,4071436183,0,499,0,499,499,499
1178081319,2980671900,0,339,31,468,339,437
1074271991,1328895277,60,439,0,499,379,499
983735920,288020625,206,293,118,392,87,274
1026165921,560484689,0,499,62,436,499,374
1289362321,4088103876,95,390,19,499,295,480
1117497595,1974797854,70,429,0,499,359,499
1056769389,1073498594,97,402,0,499,305,499
1304108488,4160949046,106,388,51,463,282,412
1082758593,286618891,146,353,32,456,207,424
848053713,77723122,206,298,108,392,92,284
1307829467,4172828246,18,469,88,410,451,322
1038159051,746623517,71,428,0,499,357,499
1268841382,3766853525,106,392,0,499,286,499
1279099551,4037092289,0,499,0,499,499,499
1246418205,3798934094,39,468,21,463,429,442
971482776,262246609,250,499,204,293,249,89
1027113305,569663178,50,449,115,383,399,268
1138628476,2371974407,126,307,124,381,181,257
1243404959,3773718294,23,476,23,476,453,453
1075273479,1345109205,0,499,62,437,499,375
895496074,120261636,96,402,12,486,306,474
1010517741,447610260,0,499,26,472,499,446
1247847262,3813556877,123,364,59,406,241,347
1274531534,3714192144,71,390,49,452,319,403
1256268923,3873641839,0,499,0,476,499,476
1323554097,4231859523,175,420,150,405,245,255
1100074476,1711733033,70,429,145,354,359,209
1318263144,2791299680,52,453,79,435,401,356
1190250781,1940303072,0,499,62,436,499,374
1085620940,1500069145,88,413,11,486,325,475
1124982001,2083662397,62,436,0,499,374,499
1304015017,4160807057,135,338,33,480,203,447
1003007731,388992677,27,484,56,456,457,400
1190644550,3093179758,0,499,0,499,499,499
1190251501,2793834092,106,345,118,380,239,262
1027855707,577058328,191,310,196,263,119,67
1128303021,2208215214,0,499,41,457,499,416
1288876303,4086010543,60,435,51,428,375,377
882523126,127200559,47,460,21,481,413,460
1285423450,4063324311,62,432,0,499,370,499
895476727,142370342,63,436,0,499,373,499
1272330986,3971264397,0,499,62,436,499,374
1253971944,3859456208,0,499,0,499,499,499
1295816984,4127967621,77,427,125,385,350,260
1209192350,3370624749,11,499,0,499,488,499
1068213175,1190507719,96,399,26,485,303,459
909623020,154029951,274,312,459,465,38,6
1077692661,1379647685,82,417,0,499,335,499
1269332098,3958047996,170,335,44,458,165,414
1249605505,3820242854,68,451,163,331,383,168
1269201684,1181277928,111,387,0,499,276,499
1008214801,436083743,100,399,141,358,299,217
1025215425,549832558,75,424,5,494,349,489
1142288663,2448620306,37,462,61,421,425,360
1077814036,1384042225,0,485,112,416,485,304
1262622728,3908525962,2,417,44,470,415,426
1118325339,1982418945,0,499,109,389,499,280
1000756284,359790633,109,401,41,463,292,422
1260342807,3893243220,70,435,0,360,365,360
987340794,294175861,106,392,0,499,286,499
1243659712,3775275595,0,499,62,436,499,374
1025694762,554387271,91,408,1,499,317,498
869848831,113122376,203,295,181,317,92,136
1013764466,469398496,0,499,32,466,499,434
1232860443,3661853406,62,436,0,499,374,499
1278439943,4034913817,0,499,134,365,499,231
1257301914,3879976745,0,499,76,423,499,347
946641178,189613830,62,436,0,499,374,499
1148771263,2546923505,83,368,0,499,285,499
1204142593,3284785899,0,499,62,436,499,374
1174593313,2940640452,133,366,159,345,233,186
1002983118,388573082,166,333,125,374,167,249
1123816167,2062702760,152,347,100,399,195,299
938051118,199399948,42,467,156,350,425,194
1273838754,3995335548,29,471,119,398,442,279
1140130300,2398989780,71,427,0,499,356,499
1204240524,3287279481,162,474,82,484,312,402
1172791628,2920940598,13,486,117,395,473,278
1021359656,526644874,91,469,115,371,378,256
1269985059,2133503659,100,399,15,483,299,468
1304095120,4160937252,106,388,51,463,282,412
1075760307,1352145797,8,495,84,416,487,332
976144095,275309661,94,404,5,475,310,470
1279939205,4040006807,51,447,2,490,396,488
964672410,247027085,72,426,0,499,354,499
1186358079,3028019580,184,302,98,408,118,310
1217175676,3490669547,184,306,40,403,122,363
1124516168,291502833,156,343,100,399,187,299
1266805631,3940039902,147,341,166,371,194,205
1307263096,4170571552,93,487,56,479,394,423
1052743210,995282959,62,436,0,499,374,499
1239356248,3737245510,0,499,0,499,499,499
1238770906,3729548569,0,499,49,499,499,450
1101189716,1752254444,115,382,36,461,267,425
1199074744,3222152770,109,389,0,499,280,499
997223741,328044078,63,436,0,499,373,499
633830997,48186255,69,429,0,499,360,499
1309145398,4179726530,101,406,165,327,305,162
1299281157,4141675723,24,486,38,465,462,427
1244411051,3779182003,132,371,25,437,239,412
1120622006,2015849340,17,477,79,417,460,338
1112139308,1920483922,0,499,0,499,499,499
1020105297,519536958,263,391,156,354,128,198
1279237303,4037103977,69,430,85,437,361,352
1027075270,569932575,108,391,50,449,283,399
1204251003,3287291375,94,400,4,499,306,495
1212199986,3418487808,120,378,50,448,258,398
1277729603,4023033746,78,421,8,491,343,483
1077968339,1388161262,0,499,62,436,499,374
1227615603,532980611,145,354,128,369,209,241
1038303253,748727862,156,343,100,399,187,299
1253082420,3854426237,0,499,0,499,499,499
1117765144,1309366495,148,350,100,399,202,299
1321533808,4223020747,0,499,26,472,499,446
983818943,113164180,62,436,0,499,374,499
1237460790,2810852758,170,327,208,326,157,118
495687830,51682359,189,290,195,268,101,73
1050215030,962301276,152,346,100,399,194,299
1131042561,2113510907,162,337,100,399,175,299
1301429747,4151258799,72,367,75,364,295,289
1261376356,3898716829,0,499,0,499,499,499
1252601234,3850029149,160,356,40,444,196,404
1248830730,3817887203,0,499,46,453,499,407
879086299,124513634,69,430,0,485,361,485
588136130,54376566,130,387,171,349,257,178
664806962,47163981,68,431,0,499,363,499
1283885638,4061624469,0,499,0,499,499,499
1269140441,3954406630,49,446,17,480,397,463
1306524991,4167073930,106,388,51,463,282,412
1249534250,3819978912,126,373,126,358,247,232
1246079595,3797080692,207,335,143,405,128,262
1009231485,440554340,106,393,50,449,287,399
1105825383,1857054641,156,343,109,399,187,290
976686482,276429814,40,459,31,463,419,432
1209147368,3369586339,87,354,190,350,267,160
1026967688,569601902,105,393,50,449,288,399
1108942686,1879840098,128,371,12,474,243,462
1212443914,3426097041,0,499,62,436,499,374
1002738600,384815822,71,427,0,498,356,498
1024019950,114857342,77,422,3,499,345,496
1269588487,1994481770,73,426,0,499,353,499
1007493588,435017225,76,423,0,499,347,499
1276426370,4013265384,63,484,36,487,421,451
1055805578,1067696101,100,399,0,499,299,499
1292538000,4108944200,99,413,48,430,314,382
1051028025,969334611,73,425,0,468,352,468
1261386263,3898718429,0,499,241,259,499,18
1146980799,2527236556,110,389,54,445,279,391
876201930,115484508,70,429,0,499,359,499
987629077,294479867,101,396,150,347,295,197
1304015803,4160807136,0,499,0,499,499,499
892247180,139269024,155,344,141,358,189,217
1268680338,3952574184,112,355,30,465,243,435
1208143076,3350763377,0,499,109,389,499,280
996077810,304796550,27,476,56,469,449,413
1137246119,2341687686,0,499,95,407,499,312
1026907425,569740680,103,396,50,449,293,399
1275074360,4003841445,47,457,110,382,410,272
1026374782,562802143,0,499,52,447,499,395
1188743178,3071083928,32,466,163,339,434,176
896411984,64573339,91,407,0,499,316,499
1021544022,527189809,0,499,236,263,499,27
1225676574,3584772829,83,415,0,499,332,499
1043841006,853455927,58,488,126,410,430,284
1137182603,2340912452,0,499,136,362,499,226
1295960537,4128438394,72,418,161,328,346,167
1082304664,1462088346,87,411,20,479,324,459
1287033935,69737088,25,474,0,499,449,499
1131101574,2193609993,65,433,112,388,368,276
1278705706,4036971458,70,431,72,431,361,359
1280162937,4043727444,218,317,192,272,99,80
1198775341,2461032230,156,343,100,399,187,299
1108737629,1878218280,110,389,51,447,279,396
1273171067,3993178355,8,494,147,335,486,188
1205825865,3312189779,228,271,457,495,43,38
911456803,155589873,142,370,178,320,228,142
1181408087,3002764120,126,376,45,462,250,417
1171830975,2903921594,0,499,61,438,499,377
1302929297,4154933443,47,427,16,461,380,445
1317904263,4215692936,149,352,13,475,203,462
1264379998,3925262712,0,499,0,389,499,389
1273782128,3992810599,28,484,29,470,456,441
1140487960,2365283043,162,338,20,470,176,450
1290002115,4090631522,83,428,46,459,345,413
1310087137,4182893186,70,430,11,491,360,480
1265222114,3929898822,198,360,173,383,162,210
933239020,190094752,139,390,48,450,251,402
885525844,131260457,170,309,49,457,139,408
1151369009,330420859,150,349,100,399,199,299
1245672630,3793735644,46,454,47,454,408,407
1299524919,1458668440,75,424,0,499,349,499
977854631,278546169,58,440,0,499,382,499
1328291380,4250631073,71,438,118,373,367,255
1194445996,3159405851,164,336,132,369,172,237
1297663201,4110988841,49,421,57,397,372,340
1033689944,656075153,71,427,0,499,356,499
887258098,133375425,139,359,62,436,220,374
1253622204,3854734851,0,499,62,436,499,374
1174580693,2940637268,178,325,206,334,147,128
1311002534,4182114235,91,408,328,479,317,151
993167698,300983579,0,499,62,436,499,374
1282297409,4056020015,86,408,154,440,322,286
1275682922,4006530379,108,385,119,433,277,314
1190251995,2647272656,0,499,62,436,499,374
1060968399,1099448175,157,341,100,399,184,299
1318886580,4217401653,32,463,117,373,431,256
1275711966,4008104630,42,276,268,406,234,138
1251478319,3842784173,54,457,131,371,403,240
1283065711,4058378197,0,499,0,499,499,499
1248418125,3814961994,57,436,166,330,379,164
862539692,102356111,109,431,122,363,322,241
1054748796,1048003591,86,415,113,372,329,259
886433406,132049093,33,466,94,405,433,311
846477800,75810117,175,322,145,353,147,208
1275526327,4006689644,26,483,32,466,457,434
848932415,80184654,0,499,79,419,499,340
1204248983,3287289498,66,432,8,491,366,483
1253140949,3855142262,111,387,10,475,276,465
1192458852,3128632516,25,481,115,385,456,270
1305086056,4164663423,106,388,51,463,282,412
1218231497,3507287063,125,375,2,493,250,491
990913076,298191358,300,340,157,195,40,38
1258830493,3887556678,43,450,72,460,407,388
1263879539,3921316855,125,378,10,499,253,489
1276048780,4010535216,76,424,0,499,348,499
1007988032,435843280,150,349,120,378,199,258
1280706452,4046438765,91,403,161,389,312,228
1072583003,1299246709,2,497,63,436,495,373
1282886040,3044093265,96,401,0,499,305,499
1276309245,4012721152,32,437,133,367,405,234
1253038412,3854417250,9,491,9,491,482,482
1048199029,938644247,68,358,0,490,290,490
1055348086,1058970958,33,466,0,499,433,499
1099124709,1700125673,0,499,109,389,499,280
1255052258,1099446986,103,396,5,499,293,494
991639767,299226156,10,489,0,499,479,499
1053602503,736053243,0,433,62,269,433,207
205265630,3756072,147,354,100,400,207,300
350417566,48210775,210,284,197,309,74,112
1304038442,4160811323,103,499,0,353,396,353
875701819,64352051,70,428,0,499,358,499
1227016884,3604828806,0,499,0,499,499,499
1306027326,4167105884,19,479,42,493,460,451
1110364255,1883538147,62,436,0,499,374,499
1178310247,2984373225,13,477,53,450,464,397
1311617910,4188738664,2,497,0,499,495,499
1174591947,2940640208,68,428,28,467,360,439
1249534205,3819978782,181,333,188,306,152,118
1102242391,1792750427,0,499,237,259,499,22
862263746,12892522,62,436,0,499,374,499
893914111,141784511,69,428,2,498,359,496
863276060,103901425,68,431,0,499,363,499
1317275002,4210988871,133,371,158,499,238,341
1002256149,375303542,73,426,0,499,353,499
1249535531,3819982796,137,365,174,325,228,151
1172800290,2920721836,43,482,121,397,439,276
1308315029,4151836755,38,474,63,438,436,375
1276285880,4012659831,0,475,0,452,475,452
1190010295,3088210804,62,436,0,499,374,499
1257670697,3881724254,31,470,103,412,439,309
1279341727,4037127267,57,452,58,467,395,409
1156141297,292161371,62,436,0,499,374,499
1284112872,4063411614,75,415,97,420,340,323
1248209415,3814580382,41,482,8,494,441,486
1013619030,468383393,141,443,5,464,302,459
1230374847,87637149,173,325,150,349,152,199
1027313505,570661028,100,399,53,446,299,393
1174585511,2940638499,8,499,7,499,491,492
1257522873,3881701462,30,469,66,447,439,381
1104554771,1836874160,0,499,62,436,499,374
696395930,57694773,150,349,107,391,199,284
1026056132,559361797,36,460,23,480,424,457
1176505241,2958502092,181,327,87,407,146,320
353172133,48662055,68,431,0,499,363,499
1109956207,1891156153,0,499,83,415,499,332
1301515146,4150994426,66,407,189,387,341,198
1192174806,3122901805,68,432,22,488,364,466
1305074433,4164661855,106,388,51,463,282,412
1307834831,4172828800,36,422,20,413,386,393
847344703,76791314,59,440,125,373,381,248
1223683484,3583114305,118,382,26,473,264,447
1166709150,2823583767,62,436,0,499,374,499
1317936875,122457268,0,499,40,499,499,459
1321681772,4227460292,0,499,0,499,499,499
934001886,191652960,95,403,32,499,308,467
1287779059,4077142424,94,405,27,471,311,444
933247954,190100896,104,394,0,499,290,499
1265215428,3929900559,21,478,153,386,457,233
1310668628,4182266340,0,499,0,499,499,499
1059018119,1090315349,29,457,162,350,428,188
1176503334,604680131,13,468,108,377,455,269
1155771367,2659691710,0,499,62,436,499,374
1311385873,4187114827,16,480,100,382,464,282
1027247497,570625718,107,391,50,449,284,399
1321592460,4223058410,97,432,73,478,335,405
1051761897,981229203,128,457,208,453,329,245
1111238816,922876109,153,346,100,399,193,299
881196010,125786668,0,499,62,436,499,374
1174586195,2940638643,130,369,170,329,239,159
142154730,3938363,129,369,80,419,240,339
1274491671,185482963,85,414,15,485,329,470
1282283026,4055995632,14,486,82,394,472,312
1032420605,541874296,0,499,83,416,499,333
1284166937,4063431171,0,456,54,499,456,445
1315312285,4205110848,0,499,0,499,499,499
1278776774,4037081373,65,435,68,438,370,370
1277559091,4023545793,102,384,45,483,282,438
1086467180,1512591226,85,413,0,499,328,499
447411857,994789,0,499,2,496,499,494
1266905314,3940022580,52,365,108,379,313,271
1294211838,4122559950,142,355,122,376,213,254
1273149310,3993167728,41,426,191,346,385,155
1158121301,2695198220,100,399,12,488,299,476
1007392768,416652030,100,399,50,448,299,398
1111629045,1212467302,20,433,57,464,413,407
1190867602,3098368343,0,499,0,499,499,499
1092377797,1582263713,0,499,62,436,499,374
850703188,82287227,91,415,129,373,324,244
1190259033,1878395308,0,499,62,436,499,374
1132789678,2232964157,86,413,0,499,327,499
1027675830,50754282,160,339,114,384,179,270
1262355218,3906639731,33,485,90,394,452,304
1247131443,3804647574,0,499,197,436,499,239
1270481681,3971722993,1,499,0,497,498,497
1243659280,3775275193,0,499,62,436,499,374
1325958808,4234337336,0,499,81,418,499,337
1043841384,853441695,13,491,97,405,478,308
1306662714,4168119928,0,499,40,459,499,419
1316143730,4200873801,8,490,16,455,482,439
1304122921,4148207816,95,414,43,499,319,456
1289321623,4087640266,0,499,0,499,499,499
1292806168,4108905051,86,415,58,427,329,369
1124517215,2063601943,152,346,100,399,194,299
1273098249,3992399545,0,499,0,499,499,499
872135189,116849997,0,499,62,436,499,374
1298900963,4139509383,2,495,35,433,493,398
1325247035,4218987198,58,467,26,466,409,440
899912681,145293904,0,499,62,436,499,374
1302897196,4156934288,58,439,139,397,381,258
1269775433,3962605138,0,499,0,499,499,499
1043841190,853456089,120,499,29,457,379,428
1050903383,966011220,0,499,75,424,499,349
1313673710,4198486955,194,298,21,486,104,465
1217414916,3494065298,183,307,139,359,124,220
1299550316,4141712049,41,346,96,421,305,325
1265565440,3931850303,39,471,7,492,432,485
1027123465,569793143,111,388,50,449,277,399
1248202492,3814504890,16,482,143,370,466,227
1141998113,2445448395,37,433,27,436,396,409
1252799242,3851807847,62,443,5,493,381,488
1262733758,3910821666,65,422,59,442,357,383
1228219740,3614990299,0,499,109,389,499,280
1252627539,3850328460,0,499,62,436,499,374
1127110078,2116357097,175,356,147,349,181,202
1283011246,4057772615,0,499,0,499,499,499
1272875489,3991282709,15,482,36,461,467,425
1069799011,1256651758,46,459,149,360,413,211
937439673,197815221,136,351,148,355,215,207
1254459284,3861754934,171,341,147,476,170,329
1041461096,533202478,144,346,106,374,202,268
1293341628,4104734103,56,447,111,361,391,250
1238691743,3729320614,76,434,92,431,358,339
1163897419,2775255295,108,381,127,377,273,250
1299280206,4141675698,4,496,36,472,492,436
1275597248,4006717886,36,459,7,454,423,447
1190253754,1876684336,28,483,71,421,455,350
746778930,60594748,175,324,184,314,149,130
1285839998,4017666073,83,415,148,399,332,251
1248215877,3814580612,89,345,62,448,256,386
1134611035,2287015908,0,499,63,436,499,373
1246302223,3798145318,0,499,62,436,499,374
1248407368,3814860824,123,372,26,475,249,449
1248831687,3817888077,0,499,0,391,499,391
1310648930,4182265125,54,429,104,427,375,323
1141013396,2423056352,0,499,0,499,499,499
1197748141,1532211376,141,357,100,399,216,299
1047244074,876728175,62,436,0,499,374,499
1267211720,3942375522,0,499,0,499,499,499
1151649178,2587363390,0,499,149,350,499,201
1319660324,4214659901,32,459,40,452,427,412
848630255,79597832,0,499,62,436,499,374
922682048,171666037,71,427,39,460,356,421
1266214709,3937634683,0,499,0,499,499,499
1094975062,1409595002,142,357,123,399,215,276
1265595749,3931888489,10,488,7,491,478,484
1098147567,1680332906,193,305,165,334,112,169
878106685,123374347,100,399,137,361,299,224
1298368948,4139564723,200,289,180,316,89,136
1238168992,3726634797,68,448,3,499,380,496
1117340378,1970089236,26,494,34,466,468,432
1108315927,3716121084,110,389,57,441,279,384
1053576054,1035045867,81,417,0,499,336,499
1078358139,1398724851,14,483,156,329,469,173
1204235856,3287275333,172,486,118,414,314,296
1240729627,3748207317,74,424,85,456,350,371
1189989791,3088055802,4,492,63,433,488,370
1245666753,3792053459,0,499,62,436,499,374
1276306184,4012720800,7,489,103,395,482,292
1269501604,3959369731,0,499,124,499,499,375
1280447620,4044821974,0,499,0,499,499,499
912734231,154374062,180,318,150,349,138,199
467631430,50552842,150,349,107,391,199,284
1132259332,2220342573,94,405,27,471,311,444
1053585859,1035104544,79,420,0,499,341,499
1254086355,3860121985,38,465,76,421,427,345
1305091706,4164664295,106,388,51,463,282,412
467756930,50555937,150,349,114,384,199,270
834991763,68442101,83,416,0,499,333,499
1105824605,1857050126,158,341,125,386,183,261
1026617504,567679293,35,474,32,481,439,449
1184082973,3008479294,112,380,80,450,268,370
1278204980,4030619647,27,473,36,461,446,425
1191035810,3101178445,0,499,0,499,499,499
1141839649,2442752461,108,392,150,398,284,248
1256882878,3874925031,0,499,0,499,499,499
1277178117,4020512891,0,499,62,436,499,374
1202500412,3255495378,36,452,159,281,416,122
927602636,180669849,36,468,94,405,432,311
1008065844,434961195,0,499,62,436,499,374
1290612938,4095199018,105,478,21,353,373,332
1273269696,3992600598,38,463,114,382,425,268
1158121234,2695198115,67,431,93,452,364,359
1272481447,3982240119,109,389,0,499,280,499
877292935,122729685,98,400,0,499,302,499
1084172389,1494371508,33,466,133,466,433,333
1008106132,435927080,126,373,85,413,247,328
1277904642,4023216686,0,499,0,499,499,499
1268390206,3950247904,0,499,62,436,499,374
1253148644,3855160733,30,499,40,467,469,427
908847607,153430344,166,340,119,379,174,260
1305039305,4164658381,106,388,51,463,282,412
1211756231,3409963394,75,439,77,466,364,389
1116698196,1963982966,18,481,21,477,463,456
1269912824,3963647362,31,468,62,436,437,374
1250915708,3836609843,0,499,107,391,499,284
1262542353,3908909482,0,499,53,445,499,392
1226159985,3596128322,82,418,113,455,336,342
1264887888,3928048555,0,499,0,499,499,499
1190251033,2041885660,134,366,158,332,232,174
1002444601,379876473,0,499,63,436,499,373
1310368556,4181900698,0,499,0,499,499,499
1041184898,824466161,50,449,94,401,399,307
1270251538,3970326419,26,474,25,474,448,449
1174589168,2940639437,8,491,85,400,483,315
751638871,60989695,62,436,0,499,374,499
1323570843,4234390682,34,484,34,466,450,432
1186356741,3028006615,80,427,187,365,347,178
923697129,174484682,0,499,62,436,499,374
1136544122,2332095807,49,454,117,395,405,278
1279804357,4041645578,53,455,55,439,402,384
1318496575,3106517100,34,474,101,480,440,379
1278014560,4029033620,32,468,3,492,436,489
1257376240,3881211587,0,499,0,499,499,499
1292554721,4108951026,20,427,110,405,407,295
1260079608,3889374119,0,499,0,499,499,499
1316219779,4200878296,0,451,0,455,451,455
1277194877,1434264,133,330,27,476,197,449
1120109800,2007909422,72,427,0,499,355,499
875905908,99725829,64,449,105,393,385,288
1279242258,4037105679,0,499,0,499,499,499
1269334760,3958055931,112,390,59,452,278,393
1276770309,4016008332,0,499,0,499,499,499
1265233507,3929958790,99,479,16,463,380,447
1243659938,3775275615,0,499,148,436,499,288
1303091099,4157459710,78,427,220,383,349,163
1265223131,3929899416,146,358,27,433,212,406
1165806908,2798100456,112,386,0,499,274,499
1212377484,3423702989,62,436,0,499,374,499
1099707252,1706100283,132,364,68,422,232,354
1240274161,3745864657,62,436,0,499,374,499
1123330361,2051563974,181,319,157,344,138,187
1064302334,1135482125,18,481,88,415,463,327
1086774646,1509203197,62,436,0,499,374,499
1170893951,2901464387,68,431,0,499,363,499
1099703568,1706099797,130,292,176,349,162,173
1227154976,3607248956,141,360,193,479,219,286
1138964082,2377561346,44,457,147,349,413,202
1255060581,3867034223,43,394,141,431,351,290
1321707889,4223024737,5,494,145,330,489,185
1112556957,1923652449,139,343,190,307,204,117
1253151976,3855161618,13,488,118,403,475,285
1192858626,3136108594,147,352,3,499,205,496
1032850583,2441210609,13,483,166,334,470,168
1301783853,4147327320,0,499,62,436,499,374
1009269260,440569339,100,399,58,440,299,382
1306286706,4168120502,140,352,139,388,212,249
1306374651,180541498,93,406,0,499,313,499
1007623209,435067951,105,393,50,449,288,399
1309553599,4180148134,31,482,104,399,451,295
1243400310,3773717269,19,480,75,420,461,345
1170644604,2897568612,27,472,195,303,445,108
1248425006,3814905368,110,404,109,376,294,267
978010364,276591595,62,436,0,465,374,465
1273444119,3992726885,64,452,76,446,388,370
849724635,81188967,0,499,86,412,499,326
1174592873,2940640395,35,435,46,472,400,426
985748131,91221118,50,449,100,399,399,299
1279055756,4037879868,0,499,0,499,499,499
1265217761,3929900666,25,462,70,465,437,395
1309185686,4179965854,122,383,77,427,261,350
1041762504,832974623,121,378,174,325,257,151
1087328525,1522273507,90,412,39,486,322,447
1213602886,3450924488,160,339,131,367,179,236
1297907411,4137692454,100,399,66,432,299,366
1254339368,3861224006,145,313,295,426,168,131
1027299283,570660241,107,391,50,449,284,399
896058768,127004982,157,341,116,383,184,267
1324148123,4236042830,63,441,154,336,378,182
1323336252,4231815150,42,458,57,463,416,406
1188462939,3065096162,0,499,62,436,499,374
1315221115,4187657946,20,477,85,422,457,337
1174668444,2941358769,58,442,10,493,384,483
1190867135,3098368297,0,499,65,433,499,368
1215754216,3470554205,94,413,117,412,319,295
1273001167,3992350351,75,425,0,499,350,499
1225972951,3594105894,23,457,87,463,434,376
835103066,68662330,79,420,0,499,341,499
1192318902,3125992316,86,409,34,476,323,442
1169904092,2887191798,20,481,18,475,461,457
1263755765,3921124824,109,389,0,499,280,499
1306822809,4168956512,0,499,0,499,499,499
1204259603,3287304085,0,499,0,499,499,499
1318159265,778924971,18,473,117,386,455,269
1083396418,1480786124,84,417,89,418,333,329
1261298134,3898724939,31,472,49,449,441,400
1026962879,569899000,114,385,50,449,271,399
1231027575,3643836639,62,436,0,499,374,499
1251229442,3838168411,45,475,125,323,430,198
1309661962,4179728486,31,475,49,465,444,416
1265219012,3929900704,0,499,0,499,499,499
1270219832,3969948781,24,481,156,382,457,226
1128000673,2134457975,69,429,0,499,360,499
1250911642,3836732482,54,446,61,429,392,368
893566091,141513893,0,499,62,436,499,374
1037179288,722145442,122,382,128,380,260,252
1127169743,2113357269,50,452,87,417,402,330
1280629916,4045998396,85,414,156,343,329,187
1276333267,4012725771,0,499,0,499,499,499
965256326,250085681,0,499,62,436,499,374
1298940143,4139510603,19,482,132,366,463,234
1317939847,4215698503,10,491,85,203,481,118
1176505027,2958501216,3,86,222,276,83,54
1277611835,4022994137,0,499,0,499,499,499
1239446294,2953771607,41,458,113,361,417,248
1285054191,4063743234,0,499,0,499,499,499
1008014127,435872745,100,399,48,451,299,403
1261233484,3898713748,25,480,85,432,455,347
1014678086,473941999,114,384,50,449,270,399
1026886353,569740111,106,392,50,449,286,399
1313240189,4197660487,56,418,78,448,362,370
1099550915,1702739610,68,431,0,499,363,499
1323996916,4235886752,126,374,26,498,248,472
1222132621,3568987462,34,462,111,227,428,116
1262436741,3908157497,0,499,4,482,499,478
1312262042,4193883013,0,499,0,499,499,499
1281993037,4050748137,0,429,10,499,429,489
1243217374,3771789652,0,499,0,499,499,499
1193616819,3073274953,42,460,33,477,418,444
833396761,48084440,205,299,207,292,94,85
1323264145,4231367615,51,448,92,379,397,287
898830851,144827852,74,419,6,484,345,478
1283798370,4061614657,0,499,0,499,499,499
1298479042,4139845012,125,382,8,488,257,480
471203230,50593633,150,349,120,379,199,259
1287941932,4079553381,43,457,32,459,414,427
1225887506,1666184596,154,366,155,366,212,211
941678807,207258061,101,397,163,326,296,163
1102102771,778735822,112,385,123,383,273,260
1252627915,3850328761,0,499,62,436,499,374
1265607221,3931891827,24,473,123,352,449,229
1313610325,4183603075,43,447,65,404,404,339
1026373102,562802109,62,436,0,499,374,499
946687617,143446374,43,445,40,450,402,410
1136970398,2336094899,74,407,108,454,333,346
1203147067,3269556818,68,430,0,499,362,499
1091242142,1567527198,0,499,62,436,499,374
1232206829,1690642642,154,344,100,399,190,299
1255757206,3871285625,91,482,58,449,391,391
975679106,273928110,75,423,1,499,348,498
908754389,101741947,206,295,192,292,89,100
1156626695,2675011111,110,389,54,445,279,391
1239154945,3733900908,62,436,0,499,374,499
1239284683,3736079789,128,370,0,499,242,499
1273426177,3992640544,20,459,60,466,439,406
1314511600,4202303885,45,495,0,478,450,478
1061149123,1101106072,130,403,19,192,273,173
836121354,70581662,0,499,81,417,499,336
938174003,187689802,184,314,150,349,130,199
1289730122,4086156871,131,373,41,368,242,327
935045015,193841740,258,272,249,266,14,17
1309106929,4179597619,76,427,173,368,351,195
1140322583,2407244017,47,445,1,499,398,498
1163731050,524421088,162,336,111,388,174,277
971424965,262162135,22,474,94,412,452,318
1304658559,4144682705,57,442,163,337,385,174
941678626,207196162,140,359,140,359,219,219
1282755897,4058940296,18,499,8,499,481,491
1273107774,3992401149,81,415,100,431,334,331
1164138437,2777558402,8,470,91,421,462,330
973518174,18650391,68,430,12,486,362,474
1240567617,3748044758,115,374,97,419,259,322
1057894711,1082841564,55,444,103,396,389,293
1159509661,2715479705,18,479,115,383,461,268
1186390213,2767761496,148,389,93,405,241,312
1276068409,4010225556,70,441,102,427,371,325
1307369341,4171235995,82,450,168,333,368,165
896415145,64573442,104,394,0,499,290,499
1244540511,3785187483,0,499,128,436,499,308
1270962490,3974665882,0,499,0,499,499,499
1053577382,1035052579,78,420,0,499,342,499
1171836259,2903130700,62,436,0,499,374,499
908598355,153020879,0,499,62,436,499,374
1189217281,3079977192,22,399,39,442,377,403
1099366183,1701632854,124,374,68,431,250,363
1051472227,979156513,139,333,66,452,194,386
1036553572,119425065,155,343,116,382,188,266
1285422388,4068970315,49,450,38,461,401,423
1053590920,1035126346,79,419,0,499,340,499
1260615212,3894585002,76,428,39,459,352,420
1231527105,3645702766,75,324,81,434,249,353
1061173640,857552105,86,411,0,499,325,499
1158121379,2695198564,2,492,71,421,490,350
1117874671,278512487,152,296,100,394,144,294
1115204639,1940778568,70,430,137,360,360,223
908164553,1175454,104,394,12,487,290,475
1313993193,4200637288,51,455,107,452,404,345
1295858456,282081377,80,418,0,499,338,499
940668830,204766121,62,436,0,499,374,499
1276002805,4010221980,8,499,0,499,491,499
1311296865,4186174231,62,436,0,499,374,499
1100077199,1711735351,110,389,54,445,279,391
969113914,255435857,98,392,142,334,294,192
1190862752,3098339331,94,404,0,499,310,499
1208085239,3344176229,156,343,100,399,187,299
1147558931,2532546722,75,423,0,499,348,499
1247153484,3805769841,97,401,0,499,304,499
1282544311,4057661613,0,499,0,492,499,492
1252627523,3850328456,0,499,62,436,499,374
1233086043,3674057600,62,436,0,499,374,499
941678016,207196196,96,404,152,343,308,191
1280089347,4042479939,12,495,180,322,483,142
1234614670,3687369388,109,389,0,499,280,499
1007986133,435851910,137,361,100,399,224,299
1161858871,2744029189,0,499,62,436,499,374
1076353539,1361968968,127,371,153,346,244,193
1323311694,4231805634,0,499,0,499,499,499
1254917821,3866823330,28,463,49,441,435,392
1227151500,3598698750,0,499,109,389,499,280
1242949642,3767948280,0,499,29,470,499,441
874728149,1112025,71,427,0,499,356,499
1005847483,418202427,16,489,198,301,473,103
1197640057,3202268085,62,436,0,499,374,499
1262172096,3905724026,0,499,0,494,499,494
1008098042,435929523,100,399,51,447,299,396
1201850872,3249437322,92,406,33,476,314,443
1033154511,637560010,62,436,0,499,374,499
1316190529,4200876890,103,404,27,470,301,443
1007888949,249798011,38,472,64,468,434,404
1243659322,3775275210,0,499,62,436,499,374
1282574206,4057551111,28,417,16,459,389,443
1316467493,4209065790,62,428,12,492,366,480
1308373346,4175958864,111,420,76,450,309,374
1080807586,1447279634,62,436,0,499,374,499
1250572738,3827666968,74,422,16,486,348,470
1307483403,4170895042,0,499,0,499,499,499
960809491,185070141,73,426,0,499,353,499
886994700,133083316,130,369,77,421,239,344
1303626660,4159071145,106,388,51,463,282,412
1191773282,3115398092,71,428,11,499,357,488
1066787778,1164718813,62,436,0,499,374,499
1258086154,3883963977,35,499,0,488,464,488
1120946768,2021560159,0,499,62,436,499,374
862374834,82906256,77,422,0,499,345,499
1093345435,1600333078,0,427,78,420,427,342
1243407813,3773720042,31,469,30,468,438,438
1067170724,1177796209,135,364,0,499,229,499
1273320035,3992612935,22,452,63,464,430,401
1165804280,2800380462,153,346,120,378,193,258
1319279914,4214121857,66,426,126,436,360,310
1276008142,4010222391,21,487,21,490,466,469
1161335089,2687014610,0,499,62,436,499,374
1299278341,4141675662,38,466,115,363,428,248
990555143,297601430,5,496,76,424,491,348
1232817359,3776166075,0,499,0,499,499,499
1307173369,4170893635,0,499,0,499,499,499
1273114511,3977728179,62,436,0,499,374,499
1167384875,2834047263,15,477,186,315,462,129
874177061,119997532,171,350,134,369,179,235
1177176222,2970578101,160,338,137,361,178,224
898560791,144769851,94,405,27,471,311,444
1295238876,4125352914,71,428,0,499,357,499
1010944308,449046669,0,499,63,436,499,373
987599691,294452012,173,373,46,460,200,414
1193636788,3148097330,83,421,114,387,338,273
1202880812,3265357136,10,493,127,370,483,243
1189164198,3067072104,0,499,40,459,499,419
1225895356,3593885950,100,402,43,468,302,425
1068541247,1194588828,44,442,23,472,398,449
1233295642,209464236,55,442,0,498,387,498
1243846347,3776707811,24,475,94,387,451,293
982246913,286002528,177,322,150,349,145,199
1314482909,4202303403,2,487,2,461,485,459
1316945771,4210960964,6,494,5,493,488,488
1242874258,3219627024,100,399,9,490,299,481
1162773924,2751175959,24,475,0,499,451,499
687080236,57318176,101,386,58,441,285,383
1246398492,3798828545,98,397,10,490,299,480
933251846,190103679,6,494,33,467,488,434
1225410277,3589914267,14,485,56,456,471,400
1098783776,1689413762,120,378,20,479,258,459
1242776076,3765557215,0,499,62,436,499,374
1304045370,4160929059,106,388,51,463,282,412
1257331945,3879907637,0,499,0,499,499,499
1296019454,4128967013,45,455,138,309,410,171
967151547,254399173,82,421,117,377,339,260
1215226549,3469580000,0,499,81,418,499,337
977565762,1743459,0,499,76,422,499,346
1007629203,435068969,106,393,51,449,287,398
1128755653,2154258871,0,499,0,499,499,499
862632079,102705000,70,436,90,408,366,318
1037236316,725144801,0,499,62,436,499,374
1013409457,466432078,62,436,0,499,374,499
959152021,231193635,62,436,0,499,374,499
1167250688,2830007799,62,436,0,499,374,499
941760727,207114514,69,429,0,499,360,499
1260610818,3894558936,126,327,101,438,201,337
1203217532,3271657904,42,455,136,376,413,240
1125079010,119541635,0,499,62,436,499,374
1105828199,1853474170,53,446,0,499,393,499
1318418257,1806824705,126,375,186,311,249,125
1240227176,3745008030,70,429,14,493,359,479
1027727142,222624584,0,499,0,499,499,499
1270647402,3972430431,22,464,85,432,442,347
1027367134,570684184,100,399,61,438,299,377
1119405871,1998118346,82,364,117,318,282,201
1027131293,569889436,103,395,50,449,292,399
1107532148,1868485446,75,424,0,499,349,499
1294208249,4122559355,0,499,0,499,499,499
1276744907,4015997382,0,499,0,485,499,485
1283720734,4061606463,187,326,276,479,139,203
1300065797,4144869524,151,344,184,306,193,122
1100512889,1725833300,32,468,36,469,436,433
975852989,274641884,63,436,134,358,373,224
875867220,2083930,63,436,0,499,373,499
1237495105,3719383475,0,499,43,455,499,412
1287044655,4074713204,33,467,81,428,434,347
1156078375,2664722054,235,264,6,332,29,326
1075600501,1350380023,152,347,100,399,195,299
1198881138,3219397064,156,343,100,399,187,299
1261411617,3898722953,0,499,0,499,499,499
1250248711,3831234156,0,499,0,499,499,499
1273905695,3995598826,0,492,25,499,492,474
1283471523,4061476545,72,447,27,480,375,453
1083038322,1475404767,62,436,0,499,374,499
1279667496,4040192916,43,467,80,484,424,404
1302113530,4153241773,0,499,3,499,499,496
949552611,212529962,156,336,159,341,180,182
1258840991,3887559552,33,474,56,422,441,366
884905129,130395037,0,499,69,430,499,361
1268053281,3944545653,0,499,0,499,499,499
1169768343,2883118134,147,351,37,452,204,415
1054857805,1050472265,73,426,0,499,353,499
1058082899,1084952215,224,277,173,278,53,105
1271834976,3982193144,0,499,62,436,499,374
1267964324,1834476,66,432,0,499,366,499
1176503859,2958499721,119,374,66,430,255,364
928185960,181506063,51,499,116,493,448,377
1316122743,4200871707,8,480,11,489,472,478
1287534854,4078727607,110,387,40,479,277,439
1311494074,4182395339,0,499,0,499,499,499
1075760893,1352145846,65,435,63,435,370,372
1158121424,2695198607,46,462,57,475,416,418
1249441880,3817246969,75,423,0,499,348,499
983303834,285542066,88,400,103,385,312,282
1261980782,3902246662,12,488,76,417,476,341
1253158503,3855208068,33,471,40,474,438,434
1201496656,3247245901,91,499,0,499,408,499
1314324372,4202209671,26,463,51,458,437,407
1196819401,3198849558,0,499,80,418,499,338
922725085,98701686,52,447,0,499,395,499
1209594431,1888340731,94,424,178,471,330,293
1137851116,1912319790,0,499,0,499,499,499
1128286954,2140485856,90,409,42,457,319,415
1273966702,3995365519,0,499,6,499,499,493
1072895175,1310298166,62,436,0,499,374,499
1260152787,3891275892,0,499,8,490,499,482
1290594732,4095093313,0,499,0,486,499,486
868961318,112710084,0,499,62,436,499,374
1324190705,4236297435,51,452,82,414,401,332
1322126712,4228957069,0,499,0,499,499,499
1290769145,4096333961,31,497,0,492,466,492
1304020216,4160807594,0,499,33,491,499,458
1258718825,3886585659,12,492,51,445,480,394
1070541198,1269499821,88,410,0,499,322,499
1169148209,2871608739,0,499,82,416,499,334
1317487693,4213276914,0,499,0,499,499,499
1310486343,4182246511,0,499,0,469,499,469
1007762150,435140739,100,399,50,449,299,399
337562157,47977483,202,303,197,300,101,103
1223068531,3567284313,62,436,0,499,374,499
1279752881,4041455698,56,447,185,299,391,114
1316286737,4200882381,0,499,62,436,499,374
1289792350,4089924380,86,421,81,399,335,318
1140310144,2406558169,0,499,62,436,499,374
1117564531,1473216525,152,346,100,399,194,299
717301461,59194462,47,451,0,499,404,499
552067,930000,85,413,88,411,328,323
1222138887,3569042929,32,452,106,396,420,290
1002972242,388574245,172,343,174,307,171,133
1178358982,2985039474,34,449,114,374,415,260
1039548024,293754840,65,432,129,388,367,259
1127702777,2129703434,80,427,137,377,347,240
598641560,54687420,59,390,79,444,331,365
1316999809,4211506097,27,480,73,422,453,349
894742465,87635741,72,427,12,486,355,474
1246418149,3798934079,121,373,192,423,252,231
1240298675,3746463557,29,460,46,456,431,410
1158121351,2695198414,21,472,81,408,451,327
1270337651,3967575683,61,438,0,499,377,499
1301542254,4150997982,4,499,0,499,495,499
1168039600,2850101037,0,499,62,436,499,374
858967310,93797837,70,430,0,499,360,499
1190252246,2781594579,99,407,111,381,308,270
1243389042,3773728721,19,480,20,479,461,459
1027072452,569684180,108,390,50,449,282,399
1292171213,4107605135,9,489,154,382,480,228
1220175555,2767065043,152,346,100,399,194,299
1136989557,2336111114,55,479,29,464,424,435
1274856461,673186,99,343,59,380,244,321
1324093165,4236042049,0,499,0,499,499,499
1034996043,682320696,105,429,167,424,324,257
1263162908,3915119215,113,383,66,401,270,335
1260431502,3387488725,10,487,71,426,477,355
862084696,101404028,63,436,0,499,373,499
907063780,152013772,82,438,27,485,356,458
1236308710,3703300995,18,471,96,396,453,300
1105981432,1859462766,92,408,4,407,316,403
1028869004,18229508,60,438,0,499,378,499
1087674889,278518665,159,340,119,399,181,280
864128052,105445652,0,499,56,442,499,386
1260620646,3894593678,0,499,74,425,499,351
1157036186,2170959871,0,499,62,436,499,374
1267522708,3943296096,55,471,29,485,416,456
1304034021,4160809728,14,470,164,324,456,160
1143236814,2462947678,161,339,163,329,178,166
1081446825,1457967617,72,428,0,499,356,499
1046534516,876035298,75,427,27,474,352,447
1206168565,3320653752,87,420,94,441,333,347
1276308935,4012721120,0,499,0,499,499,499
1243996897,3777589899,0,499,102,396,499,294
1253499597,3857027231,140,344,67,431,204,364
1158342897,2692693581,132,316,20,441,184,421
1249535516,3819982788,141,359,142,365,218,223
1136378298,2329194384,62,436,0,499,374,499
1061559729,1103163955,178,310,174,463,132,289
858643450,93287118,0,499,133,365,499,232
995607329,303884061,102,398,12,480,296,468
1136109443,1868922527,49,449,0,499,400,499
1116847321,433090168,146,352,0,499,206,499
1196212753,3182722373,48,455,118,423,407,305
1214048724,3458118582,83,424,14,459,341,445
1039909646,803948823,156,342,115,383,186,268
1310652712,4184528398,79,450,124,387,371,263
942085827,207489274,22,472,141,383,450,242
1143206364,2462064997,62,436,0,499,374,499
1314495567,4144462283,16,478,10,488,462,478
1213026171,3439087566,118,388,156,374,270,218
1296817241,4109994737,55,454,49,454,399,405
873701807,119385456,76,422,0,499,346,499
1048490035,942426602,81,418,0,499,337,499
1302474489,4155417116,48,458,161,340,410,179
983139481,287128117,0,499,82,416,499,334
1314007673,4200638014,6,496,13,498,490,485
1002978387,388578641,252,334,176,309,82,133
1273852460,3995337067,32,474,145,369,442,224
1002648006,383419440,0,499,32,467,499,435
1322778045,4231405887,18,490,17,494,472,477
983721553,287893430,0,499,62,436,499,374
1260304325,3893329043,59,444,27,460,385,433
1266099675,2423006846,100,399,4,494,299,490
1033980647,667527095,109,389,0,499,280,499
1144474023,2482256301,9,489,54,400,480,346
1249535600,3819982823,143,358,161,316,215,155
1307400495,4171238283,0,499,0,499,499,499
939711106,202760414,95,404,0,499,309,499
1283554395,4061481189,0,499,0,499,499,499
1198682759,1100405671,154,344,100,396,190,296
1100581274,1731822387,0,499,0,499,499,499
1272652858,3989834769,0,499,0,499,499,499
1301450174,4151259744,4,498,30,499,494,469
1316898957,4211075724,148,345,241,403,197,162
1298487457,4139336728,88,499,83,415,411,332
924802419,82118159,0,499,62,436,499,374
1275005537,4003705896,0,499,0,499,499,499
1265928940,3935696744,0,499,0,499,499,499
1027355881,570726422,112,386,50,449,274,399
1317916634,4215693854,126,386,58,409,260,351
960362762,235626997,0,473,155,415,473,260
1252627871,3850328635,0,499,62,436,499,374
993209871,300983632,75,423,2,499,348,497
1319996066,4215324809,20,481,106,411,461,305
1230065517,3630914349,0,499,62,436,499,374
1252627286,3850328357,0,499,169,436,499,267
1306091966,4167130832,40,444,73,461,404,388
1138907661,536076485,147,354,194,302,207,108
854179787,85755526,70,429,0,499,359,499
1166554084,2777249607,9,473,88,415,464,327
1254745050,3864929047,0,499,0,499,499,499
1278119225,4029712600,87,361,22,474,274,452
1295220426,4125633469,63,446,98,400,383,302
986044052,286685048,20,476,97,388,456,291
1316102745,4200869208,19,479,29,453,460,424
1285877562,4017685825,0,499,0,499,499,499
1068762146,1199752710,72,427,0,499,355,499
1292359257,4108695073,9,490,28,418,481,390
923441995,172932986,94,405,27,471,311,444
901915337,135944996,71,427,14,498,356,484
1246084720,3797080810,39,462,234,272,423,38
1198843218,291370990,172,183,122,379,11,257
1277567939,4023546410,0,449,2,499,449,497
1261173406,3898707814,18,482,144,353,464,209
1263816349,3921699086,0,499,62,436,499,374
1313372605,4197668897,42,465,152,357,423,205
1203565193,3279197712,12,489,57,499,477,442
1084656193,1500097652,91,408,0,499,317,499
1311914152,4188980672,0,499,0,499,499,499
1007089382,432454582,0,499,62,436,499,374
1285990968,4071438328,0,499,0,499,499,499
1151308661,2572488014,103,396,28,472,293,444
1008026966,435856098,150,349,119,380,199,261
1067581375,1182225966,154,345,100,399,191,299
1312444167,4194971094,81,428,140,330,347,190
1310576347,4184382729,85,426,119,441,341,322
862355771,102051012,71,499,62,436,428,374
1068089184,1188923630,62,436,0,499,374,499
869255785,113134502,57,442,0,499,385,499
1181001400,2991069214,0,499,62,436,499,374
925095774,176533487,69,430,129,369,361,240
1262360327,3047885189,0,499,35,452,499,417
1323301308,4231695968,0,499,0,499,499,499
1021633419,508186827,106,391,23,474,285,451
1143101050,2292397697,158,341,121,377,183,256
1247810254,3813467124,0,498,0,499,498,499
1265030250,3929339154,16,494,62,449,478,387
934053824,191870772,184,314,165,334,130,169
1293330594,4104740892,32,463,140,345,431,205
1313611748,4183618799,22,477,155,344,455,189
1255749469,3871040331,28,476,120,378,448,258
1237107116,2800120137,40,460,131,376,420,245
941693697,207287190,167,352,199,311,185,112
1248866301,3817907620,57,422,78,401,365,323
1192165515,3122724282,68,432,22,488,364,466
898210836,144563445,0,499,62,436,499,374
1153336332,2514522196,134,437,79,419,303,340
1047512240,914184968,80,418,0,499,338,499
1293337769,4104725979,27,484,224,276,457,52
970475062,259499153,0,499,62,436,499,374
1181576192,3003645339,98,401,118,383,303,265
1295674800,4127495965,40,484,100,457,444,357
1069190167,1228311272,80,419,0,499,339,499
1288286812,4080743459,48,397,14,499,349,485
821756394,62543895,50,449,0,499,399,499
1287466047,4076877261,78,430,136,441,352,305
1257698247,3881725123,0,451,44,469,451,425
1283423272,4061577729,22,453,104,411,431,307
320138215,5283930,81,408,8,478,327,470
1246430898,3799021927,44,460,33,477,416,444
1276332040,4012838176,113,375,83,403,262,320
1100073183,1711736001,110,389,51,447,279,396
1310688377,4184543477,0,499,50,449,499,399
1265208754,3929890106,14,499,142,499,485,357
527545,855406,2,499,75,424,497,349
1267459483,3943103866,110,388,66,441,278,375
1043882116,854111012,95,407,100,402,312,302
1319209310,4219553530,74,411,15,484,337,469
1110790921,1904327747,72,426,0,499,354,499
1269759980,3962430158,77,429,95,430,352,335
1244540453,3785187466,0,499,113,436,499,323
1184367559,2886053878,94,392,149,429,298,280
987407276,294291864,100,392,55,470,292,415
1311740748,4189029478,0,499,0,499,499,499
1302754872,4156216589,51,426,99,386,375,287
1117501056,1974800191,68,431,0,499,363,499
970759601,260185895,66,432,0,499,366,499
1324021702,4235888327,39,477,120,384,438,264
1316173929,4200876217,0,499,0,499,499,499
1007765406,435258587,150,349,100,398,199,298
1274188242,3998083094,68,430,33,499,362,466
884065650,129246343,0,499,77,421,499,344
1258724994,3886632942,20,487,53,482,467,429
1243770350,3775266969,0,499,99,410,499,311
1144457872,2482251618,138,360,0,499,222,499
1026006602,558486448,20,478,21,477,458,456
1009254913,440563367,150,349,107,392,199,285
1301452983,4151062985,68,399,123,382,331,259
1211799276,3410059004,51,482,20,477,431,457
1323309481,4231696213,0,499,0,499,499,499
1053343128,1030231005,9,456,167,339,447,172
1313341323,4183090114,32,445,69,360,413,291
1257599897,3881986150,21,458,61,465,437,404
1218103026,3487460738,157,342,100,399,185,299
1218148130,3505233340,97,402,0,499,305,499
983150638,287240248,73,426,0,499,353,499
925881553,177587160,62,436,0,499,374,499
874538769,107645097,71,427,0,499,356,499
890490482,315520,72,425,0,489,353,489
1216442884,2927729448,44,455,0,499,411,499
1100399153,1721119055,158,341,100,399,183,299
1026366863,562802005,0,499,52,447,499,395
1316109966,4200870152,27,463,34,453,436,419
879404171,90869707,86,413,0,499,327,499
1255184026,3868365926,114,385,30,490,271,460
987088284,126134846,62,436,0,499,374,499
1313669373,4199768452,91,457,83,499,366,416
957674163,224932600,6,445,102,384,439,282
1263597046,3804725264,183,315,150,349,132,199
1241681180,3759513822,23,485,120,388,462,268
1195807852,3177051686,48,469,148,351,421,203
1312260260,4193922517,19,476,51,451,457,400
1298840753,4139507864,7,488,8,491,481,483
1064976991,1138978622,0,499,83,415,499,332
1170190153,2892543923,135,334,28,478,199,450
1288921654,4085924349,0,499,0,499,499,499
1314715710,4186598627,155,376,75,479,221,404
1283970032,4061637946,80,426,131,337,346,206
1046675004,875641994,62,436,0,499,374,499
1220254004,3541039199,0,499,0,499,499,499
1310921425,4145123750,20,479,77,421,459,344
834767437,68086655,0,499,83,416,499,333
1066928350,1173352090,202,292,69,320,90,251
1066929930,1173352099,94,462,146,383,368,237
1174853258,2944181956,79,421,13,485,342,472
1156662082,2675198432,109,394,26,411,285,385
1104304259,1825600202,0,499,104,394,499,290
1275999179,4010221413,51,499,0,499,448,499
1204236112,3287275652,11,487,4,489,476,485
1252627254,3850328351,0,499,169,436,499,267
1141800030,2429710293,35,473,63,445,438,382
919627591,165272026,6,491,59,443,485,384
987430602,294323544,127,397,79,448,270,369
1078354663,1398699995,79,448,74,484,369,410
1245237041,3789610180,0,499,19,499,499,480
1075758287,1352145847,4,490,124,407,486,283
1282031061,4053884002,52,449,66,456,397,390
1175702416,2950063649,0,499,62,436,499,374
442404130,50200377,124,375,88,411,251,323
1275161758,4003928444,54,477,31,463,423,432
1299546068,4141703210,22,475,152,401,453,249
899877208,145573205,130,369,77,421,239,344
1157056988,2681035914,24,477,69,447,453,378
1308849777,4177839750,100,406,185,398,306,213
941678738,207257913,213,270,175,325,57,150
1278201948,4030618875,100,399,10,487,299,477
1285854657,4017676067,0,499,0,499,499,499
1089710624,1554087204,69,429,9,489,360,480
1276097890,4010541460,0,498,0,498,498,498
1283560744,4061481472,28,458,113,462,430,349
1277902324,4023214394,50,448,72,418,398,346
848002731,69780726,75,423,0,499,348,499
977957535,278568655,178,321,153,330,143,177
1281773016,4050842334,12,481,25,478,469,453
857204629,90870443,61,438,0,499,377,499
1101538902,1774897894,140,343,135,363,203,228
1283591057,4061482602,0,499,0,499,499,499
1294198734,4122557592,0,499,0,499,499,499
1250881600,3836341762,0,499,0,499,499,499
1273759310,3992793261,68,446,76,432,378,356
1256943037,3875034313,158,374,108,485,216,377
990335638,297267750,148,350,115,384,202,269
1325141505,4240470952,105,415,55,469,310,414
1310408507,4181902174,0,499,0,499,499,499
1157348096,2667740718,65,434,0,499,369,499
1275223618,4004110402,84,400,94,405,316,311
1240720252,3748202035,40,499,129,368,459,239
471968730,50603421,150,349,114,384,199,270
1093096839,1597148340,63,417,135,345,354,210
1066930662,1173353151,93,404,22,476,311,454
1264894551,3928052523,140,308,128,402,168,274
1240526425,3748206962,44,459,12,476,415,464
1283898447,4061625593,0,499,0,499,499,499
1192185437,3123026611,55,460,11,353,405,342
1160747066,2725729278,114,417,21,481,303,460
1282021601,4050757787,0,499,48,478,499,430
1094218234,1616360313,17,482,49,451,465,402
941622094,207151287,109,382,140,349,273,209
1204197268,3287123302,58,438,84,392,380,308
920085753,165911660,0,499,0,499,499,499
1306839412,4168956926,120,371,30,464,251,434
1316317272,4209030564,0,499,0,499,499,499
1299030017,4121012999,57,441,0,499,384,499
1110808322,1904420382,0,499,126,388,499,262
879744575,59218364,140,359,72,427,219,355
1258673868,3885545754,76,429,83,434,353,351
1265075065,3929342409,32,463,89,322,431,233
1126265212,2101830943,12,477,70,390,465,320
850244167,56417477,72,426,0,498,354,498
1175649301,2941142887,47,452,0,499,405,499
1266834949,3940016948,13,478,19,489,465,470
1291145177,4092247459,6,197,342,413,191,71
260164613,3214889,0,499,54,445,499,391
1077736568,1381353980,0,499,109,389,499,280
987424670,294312823,69,429,0,499,360,499
1278118744,4029704908,213,282,17,486,69,469
1239003512,3731582752,23,478,7,482,455,475
1276326238,4012704055,57,460,63,436,403,373
1301330309,4151250553,0,454,64,499,454,435
1167118055,2829926361,15,488,105,405,473,300
1266490722,3938616297,38,468,137,349,430,212
1319946893,4215265801,97,410,120,336,313,216
931786360,185866004,72,427,0,499,355,499
1323388689,4231415069,65,435,88,427,370,339
1124369828,2076183128,44,464,80,433,420,353
1298798665,4139506603,28,471,0,499,443,499
1287032812,4074712463,33,465,71,382,432,311
719771837,54173030,0,499,50,449,499,399
1152422572,2606072998,223,277,1,498,54,497
1213603177,3450930269,108,390,50,449,282,399
1027030159,569686327,108,390,50,449,282,399
917500781,116271310,0,499,133,366,499,233
1265209836,3929890138,0,499,0,499,499,499
1254434797,3861753693,0,499,0,499,499,499
1289563824,4088657838,0,499,0,499,499,499
1066930590,1173353208,75,425,15,483,350,468
1308796435,4177860246,9,487,69,425,478,356
1126248963,2101678240,116,182,146,338,66,192
1313130806,4197490426,70,424,141,383,354,242
1299901192,3869899232,57,442,0,499,385,499
1324224707,4233625137,25,473,137,362,448,225
1318317334,122458834,0,499,40,499,499,459
1041663157,831840872,111,380,33,362,269,329
1199454257,3223848789,109,389,0,499,280,499
1241426846,3756675622,185,314,159,339,129,180
1090418141,1555289958,138,352,3,492,214,489
977462703,277999723,0,499,62,436,499,374
1310038353,4181950858,173,335,142,408,162,266
1143605458,2469121745,38,413,211,352,375,141
1273902717,3995356014,118,387,108,420,269,312
1321864469,4229380971,0,388,0,409,388,409
1011257952,450791463,9,491,25,467,482,442
1096544678,1655761562,0,499,62,436,499,374
1231306110,3647170002,0,499,0,499,499,499
834616194,64367230,89,409,0,499,320,499
1271234551,3976409898,0,499,0,499,499,499
1062935492,1121181840,88,426,64,453,338,389
1275717909,4006540381,50,447,8,457,397,449
1292016549,4105747173,25,423,31,405,398,374
1316389700,4209451519,110,389,54,445,279,391
1027213131,570604903,124,375,50,449,251,399
1295075680,4125278438,55,455,143,374,400,231
1272596761,3989827964,75,470,106,358,395,252
1242867941,1100402350,100,399,20,479,299,459
1151787784,2590128980,7,499,142,362,492,220
1053329039,1029950022,73,426,0,499,353,499
1267982875,3944992969,51,454,72,413,403,341
1310381927,4182239155,64,452,67,487,388,420
1199211215,3225004381,146,400,114,382,254,268
1030371640,531690017,74,425,0,499,351,499
1027016246,569791689,124,375,50,449,251,399
1185806256,2724076422,90,414,150,357,324,207
883264756,128191221,200,299,180,319,99,139
1278745810,4036991912,34,477,35,469,443,434
1055764640,1066486908,129,369,0,499,240,499
932241252,187969254,159,344,117,376,185,259
1273592517,3992766417,87,438,74,419,351,345
1096625716,1657288261,0,499,62,436,499,374
1100062551,1711730570,70,429,145,354,359,209
1237160862,3716566999,183,434,202,339,251,137
927451427,109510765,112,404,50,476,292,426
1250887524,3836343726,80,460,81,466,380,385
870792072,115376859,1,496,66,432,495,366
1301430963,4060919284,0,499,0,499,499,499
1283551850,4061584240,50,442,123,411,392,288
885726398,131502143,94,410,81,413,316,332
1250268206,3831364148,0,499,167,436,499,269
1174585743,2940638539,5,494,162,354,489,192
1243659721,3775275598,0,499,62,436,499,374
1282583974,4057555180,63,434,32,482,371,450
1105211905,288862404,80,418,0,499,338,499
1047886356,933869683,88,410,0,497,322,497
1243393091,3773730384,19,480,55,436,461,381
1196906870,3173947355,0,499,46,452,499,406
1311561111,4187542055,164,317,142,342,153,200
1266804836,3940039889,138,341,142,371,203,229
1307458356,4168852261,50,443,78,455,393,377
1217962487,3501781663,150,355,235,310,205,75
1007509708,435013512,100,399,42,456,299,414
1193628133,3147821352,153,341,53,457,188,404
1177148254,2970574142,168,337,9,495,169,486
1123926123,1118849565,7,493,48,446,486,398
1319412368,4214354250,62,161,127,359,99,232
1158881247,2704295531,62,436,0,499,374,499
1283628256,4061593873,0,499,0,499,499,499
1014834137,105708523,62,436,0,499,374,499
976872344,276932204,3,488,99,457,485,358
1196236144,3183426616,176,326,176,322,150,146
1100702065,1738371969,93,406,50,449,313,399
1142708403,2455221002,157,343,150,344,186,194
1310528822,4182503343,22,474,97,404,452,307
1226935405,3600296970,0,499,0,499,499,499
1225874203,3591479859,118,381,159,339,263,180
1088176879,1531938470,0,499,109,390,499,281
1182194029,2961491382,70,427,148,477,357,329
861022401,99065593,84,399,22,486,315,464
1143342312,2464619386,136,350,219,342,214,123
1283726970,4061606966,149,355,113,402,206,289
1316120794,4200871510,0,499,0,499,499,499
1278208735,4030643293,100,390,166,439,290,273
1283606640,4061483278,23,471,31,433,448,402
1121008314,278576256,144,354,134,379,210,245
1134438761,2283186726,56,444,51,442,388,391
1306898673,4167095663,106,388,51,463,282,412
1033301002,648269022,0,499,62,436,499,374
1272520112,3980269493,62,436,0,499,374,499
1158121319,2695198352,100,389,15,476,289,461
285572962,16476592,62,436,0,499,374,499
1243171946,3770836219,123,389,103,397,266,294
985096982,290257412,205,298,171,291,93,120
1315396822,4204342230,96,404,181,489,308,308
1101535243,1772834329,62,436,0,499,374,499
1065997646,1158987673,110,389,145,354,279,209
1192044924,3120530918,10,494,80,416,484,336
1261174089,3898707892,0,499,183,319,499,136
1324238696,4235884502,42,461,162,403,419,241
1282771539,4058944165,3,496,8,497,493,489
1190251058,2041885666,202,303,74,431,101,357
1314822350,4186725936,130,369,18,481,239,463
995607102,303882674,185,316,143,358,131,215
1302888032,4156933971,0,496,2,481,496,479
1308470243,4176349226,41,458,0,499,417,499
1062117464,1111054004,73,406,70,469,333,399
1125809505,278682092,100,399,100,399,299,299
1308843347,3494137764,111,388,120,393,277,273
1089117951,1548268237,0,499,62,436,499,374
464582530,50524801,89,410,0,499,321,499
1219141191,3524103590,172,330,137,364,158,227
1275632807,4006508415,25,481,55,451,456,396
1271690503,3979560522,0,499,0,499,499,499
1308850449,760617598,100,399,64,488,299,424
1218895085,3520937661,83,416,0,499,333,499
1050686036,969179882,36,475,13,458,439,445
1191513329,3109562180,155,367,13,352,212,339
1064956798,1144274113,228,268,227,307,40,80
854978064,87886098,0,499,0,499,499,499
1035262984,684292602,0,459,89,410,459,321
1220590409,3549432433,21,481,175,315,460,140
1136209026,2323069950,22,476,31,479,454,448
1270950297,3974786566,22,484,9,495,462,486
1271039441,3974952557,103,401,92,381,298,289
1287291780,4077181554,63,438,1,499,375,498
1096810770,1660178584,0,499,62,436,499,374
1300937979,4149983154,62,436,0,499,374,499
1324051878,4236041371,8,499,0,480,491,480
1279006271,4037572976,0,499,0,499,499,499
1302106387,4153241421,0,499,49,450,499,401
1123926104,1118849554,24,474,80,455,450,375
1208625110,3352347311,62,436,0,499,374,499
1235988207,3702775803,61,406,45,464,345,419
894733900,124155976,170,325,130,367,155,237
1252628088,3850328861,0,499,62,436,499,374
926874004,179297086,57,442,0,495,385,495
1301420975,4060905717,31,462,117,400,431,283
1261211338,3898003966,26,472,0,499,446,499
1085706559,1505364953,124,373,7,460,249,453
1215479239,3470031247,26,490,105,395,464,290
1304156349,4160954012,106,388,51,463,282,412
932051873,187356407,120,375,124,377,255,253
1190310407,3091181370,189,309,202,311,120,109
1209728072,3382342092,73,426,68,499,353,431
1298553010,4139988199,149,368,167,365,219,198
350665538,48509462,0,499,62,436,499,374
1189890225,3086917544,48,484,6,491,436,485
1068256605,1184310194,0,499,62,436,499,374
1237565597,3721437102,0,499,82,436,499,354
1244599094,3785386315,48,451,98,401,403,303
1282364298,4056397138,0,499,84,415,499,331
1204247751,3287288003,37,461,19,486,424,467
912695096,156746632,0,499,1,497,499,496
1312048651,4189099580,153,332,40,482,179,442
1158204620,835527756,46,425,124,393,379,269
1270977318,3974746165,69,430,27,480,361,453
1174593938,2940640660,141,367,136,352,226,216
1317715800,4214702910,135,359,7,429,224,422
1169754902,2882744475,110,389,52,446,279,394
956362015,221487005,0,499,3,495,499,492
1310052837,4181954088,17,476,88,443,459,355
1253215714,3854772638,32,451,142,364,419,222
1180988028,2999320270,1,255,219,279,254,60
1313456595,4197678331,118,383,110,394,265,284
1273870888,3995345243,66,431,80,413,365,333
977961107,278565580,103,395,0,499,292,499
1318428010,4111551410,117,352,11,481,235,470
1019154715,512161237,117,381,65,434,264,369
1261361381,3898715210,0,499,0,499,499,499
846620227,75970075,77,422,0,499,345,499
933256547,190109536,86,418,43,478,332,435
1159253189,2711385191,76,423,0,499,347,499
1227203968,86551891,181,317,178,349,136,171
1269950540,3964907278,0,499,0,499,499,499
1174590219,2940639635,176,320,214,294,144,80
1176026384,2946077177,84,414,5,496,330,491
1311773855,4188951427,0,499,57,438,499,381
1023886912,284583744,131,366,7,493,235,486
1271548830,1818578618,100,399,30,468,299,438
863829774,10748516,97,404,24,475,307,451
1289740101,4089717704,0,499,0,499,499,499
1007369455,416587332,61,438,0,499,377,499
1204249245,3287289663,19,475,65,407,456,342
847790569,77388202,8,494,191,315,486,124
1178591613,2987945084,0,499,0,499,499,499
1281139008,4046992774,0,499,0,499,499,499
1313914367,4200630036,20,499,8,499,479,491
932248355,187361532,134,364,92,409,230,317
1102072251,1788649052,0,499,83,415,499,332
1204207958,3287147264,31,475,109,411,444,302
1217604315,3493971751,62,436,0,499,374,499
1260375858,3893204642,135,380,126,319,245,193
1298723431,4139500510,0,499,0,499,499,499
1292439485,4108913919,8,485,109,408,477,299
1317996391,1951685737,0,499,40,499,499,459
1190253311,2832752248,0,499,67,432,499,365
1142049979,65096915,63,436,0,498,373,498
920479020,166643593,0,499,62,436,499,374
971430447,262169616,127,380,214,315,253,101
1056250647,1069707002,0,499,62,436,499,374
1134502577,2286238165,105,381,191,425,276,234
1172461990,642243977,107,394,11,483,287,472
1293057667,3717134141,100,399,14,484,299,470
1277578238,4023547860,98,403,37,459,305,422
1310417405,4182242443,167,328,106,459,161,353
996536549,312364984,109,389,0,499,280,499
933238801,190095238,71,428,0,499,357,499
1142044405,2446294051,33,464,50,446,431,396
1305027515,4164612074,106,388,51,463,282,412
1261314879,3898728100,17,484,47,457,467,410
1323323754,4231757253,11,482,19,487,471,468
1308772763,4177815048,0,464,19,484,464,465
1323687613,4234147378,0,499,0,499,499,499
1242893809,3766474083,100,399,6,493,299,487
1117041862,1967323835,0,499,109,389,499,280
835654933,643882,56,442,0,499,386,499
1096173388,1647678853,48,487,21,480,439,459
1301485691,4151261643,0,499,0,499,499,499
1102977839,1807682514,0,499,129,370,499,241
1318283034,1494342727,0,499,57,442,499,385
1271987039,3986431770,46,434,77,455,388,378
1302528140,4155420871,16,484,20,478,468,458
1300539220,4147140423,0,499,11,499,499,488
1257231882,3879890437,122,332,76,414,210,338
1273230790,3992591256,0,499,0,499,499,499
505796911,52242831,90,409,130,369,319,239
1298459954,4111926098,0,499,0,499,499,499
933769959,191000742,71,427,0,499,356,499
1277407292,4023706035,109,422,22,477,313,455
1201830308,3249403254,48,480,68,434,432,366
1268714350,3951838394,40,473,0,454,433,454
1235518802,3689639096,29,470,0,499,441,499
1287749037,4079113726,0,499,0,499,499,499
1273036992,3992539767,0,499,0,499,499,499
904550248,149276653,0,499,62,436,499,374
1250929067,3836940076,13,486,125,392,473,267
1116128273,1953733617,97,379,33,459,282,426
1249534614,3819979532,1,495,44,468,494,424
1161879147,2743896046,9,490,0,499,481,499
1283507206,4061479309,0,499,117,499,499,382
1303080293,4157458775,89,404,126,387,315,261
1265377911,3930103765,24,496,25,495,472,470
966514159,253099445,0,499,109,389,499,280
1323080069,4232650868,7,482,156,334,475,178
1283933593,4063335448,0,499,0,499,499,499
1268715259,3951838423,0,499,0,499,499,499
1249536635,3819984730,141,363,152,345,222,193
1267346029,3942400769,0,499,0,499,499,499
940373231,203720816,68,430,0,499,362,499
1221769877,3566352983,89,376,128,412,287,284
996515425,311543986,73,427,0,499,354,499
1020003296,518763751,162,350,78,433,188,355
1306852137,4167092178,0,499,0,499,499,499
1256972181,3876239809,253,488,124,371,235,247
1026809641,569575751,108,391,50,449,283,399
1100082326,1711729517,70,429,145,354,359,209
862163807,101643159,70,430,0,499,360,499
1097548570,1672814171,163,376,98,399,213,301
1121419838,2035478853,9,487,82,410,478,328
1323255728,4231686926,40,461,9,485,421,476
1265207378,3929890071,0,499,66,433,499,367
1239103773,3730965062,70,428,0,499,358,499
1282024156,4050758574,64,444,67,444,380,377
1064702192,1132473914,94,402,139,359,308,220
1250190932,3823494545,0,499,62,436,499,374
863218430,103552328,0,499,62,436,499,374
112187630,1343869,2,492,0,493,490,493
1190949685,3099134748,0,499,1,498,499,497
1322051177,4229645312,132,424,105,424,292,319
1235511109,3694452698,34,472,60,460,438,400
1167984389,2847370160,0,499,62,436,499,374
1144237140,2477488965,31,464,38,459,433,421
1140391842,1149742875,83,416,0,499,333,499
1264888737,3928048639,8,490,87,432,482,345
982087274,285627208,168,330,111,390,162,279
1283646272,4061595918,193,316,62,433,123,371
835699351,49182521,0,499,6,492,499,486
1282559496,4057547147,44,399,175,365,355,190
1267983646,3944993030,128,366,158,361,238,203
864044673,105370718,234,263,244,284,29,40
955880349,220518987,130,406,40,485,276,445
1265590654,3931859498,10,462,46,490,452,444
1250268138,3831364114,0,499,62,436,499,374
1158121428,2695198609,46,462,57,475,416,418
986931268,293298921,55,446,80,419,391,339
1047849754,933418637,78,421,0,499,343,499
1027074054,569877831,129,369,50,449,240,399
1007372975,416633341,64,434,0,499,370,499
1301266977,4151248240,52,383,150,495,331,345
1276572459,4014157072,25,482,37,488,457,451
1287295596,4074469749,76,499,59,466,423,407
1121526847,2036063827,0,499,71,428,499,357
1252632276,3850351991,40,464,145,454,424,309
1088173533,1534178469,162,353,151,321,191,170
1309661463,4179728474,132,461,124,342,329,218
933252848,190106504,76,422,4,496,346,492
1190254255,2832752563,109,383,127,398,274,271
1313618055,4197536286,0,498,0,499,498,499
1056050248,1061993960,0,499,62,436,499,374
1140310569,2406558378,0,499,129,370,499,241
1155972822,2662726143,13,485,106,393,472,287
1092497165,1584176597,33,432,74,306,399,232
1140309613,2406557870,0,499,62,436,499,374
988318439,295317729,172,331,70,446,159,376
1311935369,4188992465,40,499,0,479,459,479
1033623111,1131059,62,436,0,499,374,499
1279096262,4037092184,0,499,0,499,499,499
1282518340,4057540178,0,499,0,499,499,499
1174589421,2940639479,9,491,92,481,482,389
946714532,208715295,162,328,195,320,166,125
1223794258,3583600093,17,439,5,489,422,484
1152773551,2611562096,146,327,80,364,181,284
992924572,300485592,143,358,92,407,215,315
1310100726,4182218235,0,499,0,499,499,499
1266295399,3937912175,114,405,117,424,291,307
1127123475,2100700419,116,244,216,318,128,102
1230547614,3632230073,62,436,0,499,374,499
1239773921,3740314221,35,464,0,499,429,499
1258244200,3883967565,94,386,96,448,292,352
1174589906,2940639549,54,421,8,494,367,486
1270628328,3971761705,0,499,0,499,499,499
1279050830,4037879216,0,499,0,499,499,499
1038046798,648293666,0,499,62,436,499,374
847491132,76926498,93,406,135,363,313,228
1011975161,455951498,62,436,0,499,374,499
1294195912,4122557088,15,483,44,425,468,381
1316190998,4200876917,58,438,151,330,380,179
1249177019,3818885450,225,271,182,262,46,80
966296578,252420441,0,499,4,494,499,490
1323348080,4231822068,28,482,30,470,454,440
1281552766,4050352484,23,485,86,367,462,281
1148157168,2535878606,62,436,0,499,374,499
1249535801,3819983629,130,369,130,369,239,239
1311379657,4187114223,0,499,103,396,499,293
1311836899,4189051905,0,499,0,499,499,499
940526365,204356405,107,398,33,476,291,443
1239402368,3737631494,0,499,0,499,499,499
1108737999,1878218181,110,389,36,463,279,427
1273777865,3992809189,0,499,0,499,499,499
1005826311,418195225,167,319,186,349,152,163
1284041690,4063352199,31,477,125,391,446,266
1295960515,4128438392,211,281,182,188,70,6
965048676,47112241,0,499,62,436,499,374
1265214472,3929900514,33,464,93,396,431,303
958601749,228684412,111,403,186,326,292,140
1275705037,4006536222,55,424,64,440,369,376
1303682473,4159315876,106,388,51,463,282,412
1222697837,3573586941,1,499,52,447,498,395
1316137577,4200873110,0,486,0,481,486,481
1323295084,4231695563,168,319,122,479,151,357
1243658954,3775275025,0,499,169,436,499,267
1265570242,3931852759,0,499,0,499,499,499
1311534477,4188090296,16,485,42,421,469,379
889369399,135566730,82,428,23,463,346,440
1161734769,2742740790,71,407,91,365,336,274
1311930324,4188991087,0,499,250,499,499,249
1130727503,118489078,0,499,62,436,499,374
1157516276,2680223746,58,444,113,389,386,276
1192245138,3124765811,14,481,16,468,467,452
1254997488,3866991881,74,425,74,428,351,354
1270623911,3972428045,213,293,175,388,80,213
1187250754,3046514727,191,317,172,298,126,126
1027135207,569882209,100,399,61,438,299,377
1061958236,1109479555,0,499,83,416,499,333
1027273132,570628253,100,399,69,430,299,361
1095806768,1641813087,73,426,0,499,353,499
1262279703,3906573115,21,471,31,476,450,445
1283331171,4060590799,0,499,83,416,499,333
1192477556,3125985529,121,413,29,475,292,446
1237143302,3716557601,0,499,0,499,499,499
1270323285,3971188093,77,421,9,491,344,482
1295135914,4125159586,84,414,0,499,330,499
1255065851,3867156823,0,499,0,499,499,499
328759719,47518458,62,436,0,499,374,499
1250651574,3834847260,74,424,0,499,350,499
1146392584,525109883,70,419,160,362,349,202
1258225783,3884335705,202,296,180,319,94,139
1225887496,1666184595,154,366,155,366,212,211
1242868395,1100406687,100,399,22,476,299,454
1077606979,1376218260,71,428,0,499,357,499
1255350180,1876684339,93,409,175,335,316,160
1294436038,4123234365,0,499,0,466,499,466
1215354958,3470026599,114,385,50,449,271,399
1087007254,1518741303,139,351,35,458,212,423
1311153688,4182061332,53,469,3,485,416,482
1154689647,2642612194,169,486,104,371,317,267
1293548100,4118854183,0,499,0,498,499,498
1094363527,1611570788,0,499,25,474,499,449
1257243263,3879893901,143,367,64,452,224,388
1187426493,3049412015,120,392,86,401,272,315
933258193,190108792,73,425,0,499,352,499
1273160035,3993174980,40,461,164,376,421,212
1275483738,4002278048,77,421,13,496,344,483
1026868565,569599012,0,499,62,436,499,374
1251325952,3840726623,151,447,73,312,296,239
987442858,294321377,127,373,64,435,246,371
1174586302,2940638671,175,325,178,325,150,147
978732329,280162082,238,261,252,272,23,20
1299697438,4143428924,228,296,220,289,68,69
1032182308,619647261,8,487,96,402,479,306
1174590347,2940639667,22,477,72,453,455,381
956207633,212673929,58,440,0,499,382,499
1085620950,1500547364,86,414,13,489,328,476
452143830,50308057,100,399,54,445,299,391
1251480671,3842784784,221,289,178,313,68,135
1216751641,3484891015,0,499,0,499,499,499
1076705975,1367915857,75,424,104,427,349,323
1261192161,3898711172,69,491,113,385,422,272
1100062753,1711735185,110,389,56,443,279,387
1284807712,4066220700,26,424,36,470,398,434
1236028679,3698520739,0,499,62,436,499,374
1261395815,3898719807,0,499,0,499,499,499
1204597508,3286823283,42,460,38,473,418,435
1263721421,3782771668,0,499,62,436,499,374
1286987103,4074705166,0,499,0,499,499,499
1298747196,4139502226,0,499,0,499,499,499
1203547442,3274446654,60,437,33,464,377,431
1257231518,3879890354,38,470,71,456,432,385
1309677336,4181533763,85,424,101,429,339,328
1041187690,824466259,31,457,49,450,426,401
1275655020,4006517477,0,499,0,499,499,499
1307346859,4171370507,104,395,152,347,291,195
1158193924,2682853031,73,426,0,499,353,499
1015189267,461230870,109,351,127,383,242,256
932670906,188976204,0,499,62,436,499,374
495597714,51676230,145,354,109,390,209,281
1284910002,4066225789,0,499,52,499,499,447
1157669706,2688143421,78,489,12,493,411,481
1287909706,4079552543,31,499,136,499,468,363
1088058910,1531934340,71,426,1,499,355,498
1313430615,4197675438,0,499,0,476,499,476
1042990685,846366972,98,400,97,396,302,299
1129100567,2161854804,0,499,0,499,499,499
1301050385,4105663821,101,348,11,477,247,466
1311056887,4182118094,54,408,48,499,354,451
1189480950,3080286669,59,439,0,499,380,499
965230832,249288310,62,436,0,499,374,499
1243400962,3773717443,19,480,75,420,461,345
1033980697,666923005,37,462,0,499,425,499
1093459631,1603746566,150,351,10,489,201,479
1240109677,3743370323,48,432,40,471,384,431
1196327363,3185574460,67,417,89,441,350,352
1323266684,4231688202,9,498,2,488,489,486
987656036,294486005,155,361,14,480,206,466
1288811051,3881817141,62,436,0,499,374,499
1209391663,3376253022,62,436,0,499,374,499
1249535564,3819982811,164,346,138,367,182,229
1304006661,4160804833,6,493,26,493,487,467
1311413310,4187118386,173,332,74,480,159,406
1313337361,4197512607,0,499,0,499,499,499
244095830,6984759,111,387,0,499,276,499
1262733517,3910821660,20,478,107,394,458,287
1254037693,3859856804,305,307,188,221,2,33
1038857458,767592993,0,499,0,499,499,499
1164982929,2797117935,49,340,164,342,291,178
1316098656,4200868916,10,447,6,466,437,460
1168733867,2864339286,144,381,91,427,237,336
1213026048,3439087507,144,352,166,348,208,182
1285853092,4017675812,15,499,0,454,484,454
1295328156,4125942219,75,424,0,499,349,499
869253251,109428282,62,436,0,499,374,499
978985462,280839047,0,499,84,414,499,330
1196212496,3182722309,39,467,147,438,428,291
1256767944,3874723398,30,469,0,499,439,499
1187291613,3034486693,63,436,0,499,373,499
1033189023,620203658,92,457,55,454,365,399
977876201,278549242,94,405,0,499,311,499
1260087509,3889378793,0,499,3,499,499,496
1026763572,569375574,102,396,50,449,294,399
1281721821,4052932517,0,499,0,485,499,485
1158627523,1279962970,0,499,62,436,499,374
1242127435,3762644766,23,451,107,367,428,260
1312734137,4195563827,0,499,0,499,499,499
1253949965,3859352219,29,472,58,471,443,413
1235587762,280843143,100,399,4,495,299,491
1317466482,4213275842,26,451,100,437,425,337
1298535798,4139913403,0,499,62,436,499,374
1251592677,3844081421,72,426,131,379,354,248
1310383131,4182239224,97,440,78,424,343,346
1285823584,4070689741,0,499,0,499,499,499
1196389618,3186662426,111,384,180,485,273,305
906892321,151780176,32,466,0,499,434,499
1124837051,2076115619,109,389,0,499,280,499
1245135470,3777866927,144,354,175,326,210,151
1319225188,4218318048,90,418,48,483,328,435
1037158671,721093126,149,350,0,499,201,499
1133577398,2256784521,83,437,62,422,354,360
1178591875,2987945342,0,499,0,499,499,499
1265140380,3929774251,0,499,0,499,499,499
931975082,187231610,147,322,176,292,175,116
1296611049,4109723536,44,478,24,439,434,415
1260244327,3892716176,15,484,13,487,469,474
1298540229,4139339686,40,491,56,499,451,443
1240555572,3748042248,55,393,44,465,338,421
1265217440,3929900654,43,461,100,394,418,294
1264158167,3923547869,0,499,0,499,499,499
1293379330,4117634199,18,497,144,352,479,208
1100064602,1711733316,0,499,109,389,499,280
1135789358,2313282362,137,361,100,399,224,299
1133293568,2078499600,189,309,73,422,120,349
1128649555,2152081871,0,499,0,499,499,499
941678382,207196239,221,292,151,345,71,194
1275197009,4004099605,55,449,63,442,394,379
1121162100,2032214451,0,499,131,365,499,234
1007702336,435134278,106,392,50,449,286,399
1254854665,3866814968,22,476,58,443,454,385
1064302046,1135482277,111,386,24,435,275,411
1290626736,4095302864,118,413,112,392,295,280
1259359064,3887631427,0,499,0,499,499,499
1137039795,2049117483,83,415,0,499,332,499
1129463651,2160808228,0,499,63,436,499,373
891734983,138464443,111,399,116,382,288,266
933258171,190109547,72,426,0,499,354,499
1174588082,2940639027,177,319,164,332,142,168
1205776794,3301124189,0,499,67,432,499,365
1193178195,3138621813,83,417,108,418,334,310
1043841054,853455926,58,488,126,410,430,284
1274390932,3999376126,0,499,99,400,499,301
1077838197,1384718820,143,370,104,361,227,257
1071586530,176127616,47,476,16,483,429,467
1260111314,3890028541,0,499,92,406,499,314
1218894321,3512837576,109,389,0,499,280,499
1310414005,4182165824,230,265,39,101,35,62
1023891709,538770311,131,427,160,355,296,195
1026828208,569635319,109,389,50,449,280,399
1026876202,569703667,111,387,50,449,276,399
1225168418,3587997701,62,436,0,499,374,499
1256790171,3875046546,35,461,125,379,426,254
1246372077,3798818049,164,353,113,383,189,270
906491028,150826984,90,409,0,499,319,499
941482834,206702196,130,368,130,368,238,238
1055254314,1056227975,178,317,118,379,139,261
977580,1239134,88,411,17,482,323,465
1296370942,4130471001,19,461,85,499,442,414
1311776052,4188951725,34,478,16,378,444,362
1318288184,478835168,42,428,142,386,386,244
905285839,149878722,200,310,191,300,110,109
993358101,301239590,172,330,136,365,158,229
1318410308,92626021,33,432,72,428,399,356
1249536646,3819984735,214,301,173,337,87,164
1174593885,2940640547,138,359,147,345,221,198
1270414380,3971708477,0,499,0,499,499,499
1270656623,3971768781,11,489,113,372,478,259
1253646392,3856428784,128,370,0,499,242,499
1249613600,3660925403,6,490,188,320,484,132
1116572130,1962262546,107,392,19,499,285,480
1269453865,3958936168,145,347,158,436,202,278
1100083257,1711734675,180,319,153,346,139,193
1264774348,3927132653,64,399,87,449,335,362
1026815213,569556142,100,399,60,438,299,378
959549577,232952228,164,341,155,344,177,189
979352727,281146347,72,427,0,499,355,499
1167371724,2833658343,16,464,7,385,448,378
1182180659,3005786961,0,499,0,499,499,499
1174592704,2940640371,103,431,93,416,328,323
1100356189,544531991,72,426,0,499,354,499
1318414866,4218926092,116,371,12,485,255,473
1094078086,1949371409,22,482,106,419,460,313
927725771,180881787,170,329,190,309,159,119
1232853852,3451938024,278,462,96,352,184,256
1274401896,1893475865,12,486,51,448,474,397
1121301699,2028422790,193,306,178,320,113,142
1306860682,4167092787,0,499,0,499,499,499
1292747785,4113481707,0,422,0,459,422,459
1257840555,3883162927,0,499,0,499,499,499
1223414080,3580769711,42,473,94,387,431,293
1247715355,3812897696,0,448,0,467,448,467
1310673164,4184774238,128,444,144,339,316,195
1306820449,4167088438,106,388,51,463,282,412
1312789325,4196122758,0,499,109,389,499,280
1282777041,4057520790,0,499,0,499,499,499
1258934900,3887924428,131,368,178,326,237,148
863541951,104327754,77,421,0,499,344,499
1123445521,2055525241,155,343,100,399,188,299
1308901311,278384364,123,377,37,463,254,426
1255278279,3868623981,43,471,80,448,428,368
1157588342,2686899771,0,499,62,436,499,374
1291773782,3147986242,37,461,0,499,424,499
1119405834,1998118330,130,349,206,403,219,197
986942967,293306608,42,462,89,412,420,323
1053588342,1035122525,79,419,0,499,340,499
1176505354,2958504263,126,372,65,430,246,365
1126204993,2101167740,177,321,141,358,144,217
1316099134,4200868923,17,492,21,492,475,471
871215619,115969790,68,431,0,499,363,499
1135465792,2309144235,117,409,186,366,292,180
1235825587,3700322199,0,499,62,436,499,374
1265205331,3929890003,0,499,0,499,499,499
1285849621,4017672405,54,466,132,408,412,276
967152629,254399939,0,499,243,256,499,13
1270181572,2071232012,83,415,0,499,332,499
1213098931,3441174619,58,329,75,429,271,354
1265348613,3930252185,35,447,49,456,412,407
1309989614,4181946362,0,499,0,499,499,499
1168290752,2855967878,77,422,0,499,345,499
1304051863,4160929612,106,388,51,463,282,412
853995709,85263548,197,303,175,324,106,149
1302216987,4153249564,19,480,144,340,461,196
1323346501,4231758135,0,499,0,499,499,499
1280458600,4045067808,124,489,70,461,365,391
1282539302,4057543704,0,499,0,499,499,499
978620756,277571103,123,375,0,499,252,499
1036574190,710208990,71,428,0,499,357,499
1051065274,973247213,0,499,88,410,499,322
1296389654,4130472304,69,429,80,353,360,273
1323195561,4229443142,50,457,76,429,407,353
1306012548,4167104743,46,455,12,445,409,433
1124254601,2074400469,0,499,63,436,499,373
978956230,280752331,81,417,0,499,336,499
1309814220,4182064249,27,467,120,375,440,255
1282769006,4058943752,36,372,28,355,336,327
1278205708,4030655799,180,319,22,475,139,453
1145872744,2507092502,151,347,100,399,196,299
1267795896,1949598479,30,436,133,321,406,188
1225677054,3588330015,83,415,0,499,332,499
1041337450,826133120,143,356,100,399,213,299
1049705371,954573475,0,499,237,261,499,24
1128649545,2152081866,0,499,0,499,499,499
1304042060,4160812005,153,499,58,435,346,377
1244540375,3785187323,0,499,62,436,499,374
1126944231,2112968950,62,436,0,499,374,499
1033658982,657687983,39,445,66,459,406,393
1191788883,3115507635,62,436,0,499,374,499
1296356378,4130468349,149,358,110,392,209,282
1100078930,1711733580,110,389,54,445,279,391
1233912892,3682718744,0,499,62,436,499,374
1174588280,2940639100,182,341,159,332,159,173
1255898126,3872340932,0,499,0,499,499,499
1198903127,396969321,153,345,112,399,192,287
973607136,269653647,158,346,200,311,188,111
1288351177,4081253597,103,376,33,465,273,432
1314590361,4202305506,0,499,0,499,499,499
1053673152,1036000396,0,499,62,436,499,374
1307774165,4172823903,24,446,18,470,422,452
1296950651,4132846697,51,457,138,360,406,222
1177616726,2977275690,49,449,0,499,400,499
1304148753,4160953477,106,388,51,463,282,412
1323295483,4231695583,0,499,89,499,499,410
874731389,87642438,71,427,10,499,356,489
1121419857,2035478860,13,480,84,404,467,320
1218672208,3515718683,0,499,100,398,499,298
1008652899,439026573,73,425,0,499,352,499
1068415138,1193559968,0,499,62,436,499,374
1050382030,949559884,62,436,0,499,374,499
1263381984,3917087335,10,487,82,499,477,417
227835630,4195271,72,426,0,499,354,499
1190867017,3098368293,28,473,77,442,445,365
1201831443,3249405415,14,490,30,464,476,434
1137732345,2352562904,62,436,0,499,374,499
1276953887,4017736529,0,470,0,499,470,499
1241431052,3756680155,195,303,177,322,108,145
1262970353,3910715746,0,499,62,436,499,374
1240595083,3748051550,0,499,0,499,499,499
1255289922,3868624285,0,499,9,490,499,481
1111976772,1918056079,0,499,62,436,499,374
1074732106,1337168027,0,499,0,499,499,499
935091609,193967634,0,499,62,436,499,374
1241396969,3756587302,196,307,193,310,111,117
1202899364,3255584437,62,436,0,499,374,499
1241872326,3761054239,107,391,74,425,284,351
999536214,343309101,0,499,62,436,499,374
1276347588,4012748595,17,487,14,484,470,470
1007525711,435022676,100,399,49,450,299,401
1078565906,1399170774,152,346,100,399,194,299
1274185649,3997818797,146,322,67,468,176,401
1258504025,3885403110,30,452,99,472,422,373
1312644563,4195544471,132,490,26,467,358,441
1087741797,1414248425,131,368,18,482,237,464
1190250908,2349852310,91,406,156,346,315,190
833061650,63434446,100,399,0,499,299,499
982530237,14783014,0,499,63,436,499,373
1007567184,435038397,78,420,0,499,342,499
1265208147,3929890092,7,492,184,318,485,134
1163062716,2755406012,169,335,37,442,166,405
923600979,174232878,0,499,64,435,499,371
1213832883,3453964777,7,477,126,361,470,235
1266775722,3939943431,0,462,142,376,462,234
1032005838,615674946,149,351,104,396,202,292
1307779331,4172824393,224,394,180,318,170,138
1100060582,1711735628,110,389,51,447,279,396
1102059731,1788965645,154,344,116,399,190,283
1120742576,1923231184,0,499,62,436,499,374
1123671706,2060633562,0,499,0,499,499,499
1038044733,742406993,0,499,62,436,499,374
1114389907,1933145758,100,399,40,459,299,419
1158796669,2703667371,33,466,105,394,433,289
1271692965,3979561941,67,434,11,491,367,480
865078208,6005819,67,431,0,499,364,499
1285835417,4017665301,23,476,25,474,453,449
1171836261,2903130708,62,436,0,499,374,499
1255715404,3799294752,28,477,100,409,449,309
1177328099,2973271723,129,370,177,320,241,143
1328690781,4250700601,0,499,0,499,499,499
1276765862,4016006144,0,499,0,499,499,499
1196663109,2977981912,70,428,0,499,358,499
1112621468,1924163194,10,490,148,426,480,278
1262082668,3904026961,83,420,135,430,337,295
893174085,141002063,76,423,0,499,347,499
977950337,278568849,56,443,0,499,387,499
1261171487,3898707180,9,496,184,312,487,128
1004005276,401114272,68,431,0,499,363,499
1032419738,541874290,182,313,115,380,131,265
1247480063,3810740208,33,446,148,348,413,200
1119474272,1999330395,90,409,0,499,319,499
617470633,48585093,62,436,0,499,374,499
1078634010,1402832119,77,421,0,499,344,499
1121314496,2033945759,179,342,58,321,163,263
1079042359,1410344510,62,436,0,499,374,499
986997454,293572664,0,499,62,436,499,374
1249821542,3823561501,28,465,8,491,437,483
1050777862,320750,62,436,0,499,374,499
1287892708,4079552383,78,430,13,485,352,472
1237540721,3721180800,0,499,0,499,499,499
1124524964,278574591,169,329,114,385,160,271
1029867981,595385468,109,390,0,497,281,497
1154645627,2515142184,24,474,59,436,450,377
1236452830,3707072370,0,499,0,499,499,499
1257956276,3878759527,84,414,0,499,330,499
1064786860,1141660376,3,499,125,373,496,248
1257719229,3881729034,0,443,0,499,443,499
864927168,106874639,212,291,192,308,79,116
1305114590,4164668352,106,388,51,463,282,412
1277772638,4026087361,25,473,60,434,448,374
1003845054,380320022,164,351,163,341,187,178
1091991144,1575703806,83,446,48,474,363,426
1301260024,4151292300,103,387,56,452,284,396
1307478997,4171427032,0,499,0,499,499,499
1321509640,4223012226,59,451,53,436,392,383
1248832528,3817888957,57,442,4,498,385,494
1273186152,3992527706,54,450,63,446,396,383
1241864489,2504938396,135,364,89,410,229,321
1272510155,3980232462,109,390,0,499,281,499
1154767726,2643902118,7,492,73,494,485,421
931939035,187095832,0,499,169,330,499,161
1274321188,177473346,62,437,0,499,375,499
1223038873,3563764077,77,445,30,475,368,445
1072007005,1299500835,150,349,107,391,199,284
1258898889,3887572475,29,465,52,461,436,409
1205742674,2970191267,70,429,145,354,359,209
1043790508,850501343,67,431,0,499,364,499
1271675625,3979571327,0,499,0,499,499,499
1282185942,4054324754,139,387,96,452,248,356
1313328299,4197664994,12,487,53,425,475,372
1316262357,4200881258,59,445,21,489,386,468
847869772,77558787,140,396,228,270,256,42
1016585131,500153738,0,499,62,436,499,374
1244541279,3785187996,0,499,62,436,499,374
1313217406,4197496385,0,499,0,499,499,499
1231239488,3646741227,0,499,62,436,499,374
1268912872,3954530764,145,421,39,486,276,447
1228202076,3615157963,111,387,0,499,276,499
1260373444,3893471854,146,351,179,313,205,134
1305523061,4165982859,125,392,197,323,267,126
1269359566,3503875915,100,399,15,483,299,468
1253489807,3856527611,0,499,0,499,499,499
962097829,239627631,67,431,0,499,364,499
935818322,195596751,32,474,144,365,442,221
1266821947,3940016691,27,467,31,465,440,434
302896930,19699118,168,331,165,334,163,169
1225886809,3209403102,125,374,125,374,249,249
1220223130,3541021710,8,478,52,470,470,418
1017429132,506113252,0,499,0,499,499,499
975604158,274025926,40,476,14,487,436,473
1247888686,3813374797,0,499,0,499,499,499
1220606674,3547556156,3,496,0,499,493,499
1324030178,4235889367,92,408,167,333,316,166
1190254258,2832752564,0,499,67,432,499,365
1027082413,569922762,105,393,50,449,288,399
1254352952,3861293292,74,459,101,465,385,364
1273348333,3992619834,0,499,0,499,499,499
1250148358,3830390708,10,487,23,465,477,442
1007379752,416645449,59,439,0,499,380,499
772091939,61712956,0,499,62,436,499,374
1139617211,2375038949,106,363,95,407,257,312
1243400082,3773717152,19,480,33,466,461,433
1088243639,1535190440,86,413,0,499,327,499
1174590129,2940639604,206,300,183,302,94,119
1312157522,4193612166,148,356,120,375,208,255
1279994296,4042587377,0,499,0,499,499,499
1089456759,1553195448,30,351,139,370,321,231
1284048914,4063352999,74,408,106,456,334,350
1045937480,872918690,63,436,0,499,373,499
1321657432,4228588170,13,432,106,431,419,325
1311299676,4182068171,27,469,38,463,442,425
1127576032,2126272459,135,365,79,427,230,348
882006628,126443632,152,349,126,380,197,254
1061149216,1101106069,130,403,19,192,273,173
1224747797,3513758052,86,424,198,305,338,107
1277593733,4023548580,36,499,0,455,463,455
1176910356,2963712521,68,431,0,499,363,499
1085643702,1502538518,1,498,0,499,497,499
1033691330,656079019,61,438,0,499,377,499
1190258092,1876686945,0,465,62,436,465,374
1278792779,4037083559,0,499,0,499,499,499
1254039960,3859856836,55,441,73,441,386,368
1189216673,3079976693,33,474,35,490,441,455
979170074,281508927,137,361,175,324,224,149
1128105726,2137510633,8,491,59,432,483,373
1101975582,1785684444,0,499,62,436,499,374
1251621937,3844282705,10,487,56,488,477,432
1111166277,1909063575,72,426,0,499,354,499
870842122,115439405,156,343,130,368,187,238
908164384,150083789,92,407,12,486,315,474
1320187756,3759392605,74,426,5,494,352,489
1319530694,4214461538,77,433,108,397,356,289
1146403719,2211943154,148,350,23,477,202,454
1192043538,3120575849,71,431,237,486,360,249
1299253443,4141569764,30,475,35,466,445,431
893311013,141190637,201,298,217,285,97,68
1279438771,4039351331,0,499,62,436,499,374
1270197098,3969470391,94,410,22,466,316,444
987514402,294316497,0,497,60,438,497,378
1054102558,1035567935,62,436,0,499,374,499
1126170200,278556948,153,346,114,386,193,272
1301544207,4150998165,0,499,0,499,499,499
1321012808,4221662680,247,285,419,458,38,39
1257710791,3882520568,42,483,23,492,441,469
1316306399,4200883250,34,466,148,349,432,201
959175609,231246719,215,282,213,283,67,70
1309999936,4181947982,26,434,35,470,408,435
1261429682,3898729591,0,499,0,499,499,499
938725352,122539706,62,437,0,499,375,499
1157669307,2688146484,131,364,182,327,233,145
1288118127,4079556921,151,355,39,484,204,445
1310065147,4181959757,27,476,0,462,449,462
933259336,190110437,7,492,3,492,485,489
1275604665,4006500054,58,397,92,457,339,365
1094980361,1409600073,158,321,118,384,163,266
1315119225,4187258894,39,426,43,360,387,317
1276441682,4013274915,0,499,0,499,499,499
1128290560,2140520684,57,450,26,478,393,452
1201835289,3249409268,37,464,19,475,427,456
1324017457,4235888083,41,458,131,409,417,278
1188546952,3067344833,76,414,69,438,338,369
1142010956,2444742795,0,499,62,436,499,374
1327454175,4248023458,72,383,129,407,311,278
1311553208,4187540939,26,479,18,499,453,481
1311275722,562059494,100,399,79,419,299,340
1279138305,4037095098,77,433,78,439,356,361
896892158,132204980,71,427,43,455,356,412
1277377218,4022733679,0,499,0,499,499,499
1282979559,4057771409,0,499,0,499,499,499
1230014946,3584303327,54,459,78,444,405,366
1220064988,3111332878,183,316,150,349,133,199
1128533892,2149500682,110,389,54,445,279,391
1254518344,3861764482,19,497,79,499,478,420
1265248842,3929961186,28,476,165,374,448,209
1248845137,3817901794,29,466,43,479,437,436
284244713,6716373,45,453,0,499,408,499
1148986671,2551928532,0,499,62,436,499,374
868861599,112595460,62,436,0,499,374,499
1301172751,4150962113,43,457,87,394,414,307
1308443204,4176405413,0,499,0,499,499,499
1295511908,228637591,84,414,0,499,330,499
1245745623,3613212025,100,399,1,497,299,496
1276014648,4010222876,31,499,79,439,468,360
1289801485,4089926080,85,430,92,471,345,379
1073165300,1317368918,144,354,100,399,210,299
1261637112,3900591149,0,499,0,499,499,499
1238711372,3729321344,58,460,14,459,402,445
1261412354,3898723032,59,433,85,432,374,347
941621997,207151456,99,399,140,359,300,219
1244548408,3785102808,87,432,52,449,345,397
1254789329,3865716517,175,324,134,367,149,233
1325153327,4240471771,49,468,145,393,419,248
1026947263,569669851,109,389,50,449,280,399
1024939818,531085816,118,378,206,304,260,98
1246071434,3797074220,104,394,98,414,290,316
1278281915,4031666925,0,499,62,436,499,374
1027082411,569931955,100,399,59,439,299,380
1264379015,3925262632,20,471,108,398,451,290
1131264389,2199371132,0,499,62,436,499,374
1262428020,3908155815,98,401,141,425,303,284
1241418806,3756669190,59,439,28,475,380,447
1310358358,4183662377,92,406,0,499,314,499
1269455611,3958959529,71,413,105,376,342,271
1264511882,229921,80,419,0,499,339,499
1066931097,1173353247,26,469,21,476,443,455
915100614,159605764,197,203,232,274,6,42
1305764897,4166642795,106,388,51,463,282,412
1228163814,3610783225,0,499,0,499,499,499
1323251597,4231686576,22,451,110,443,429,333
1169982156,2889348066,128,363,101,398,235,297
1296419964,4130473684,35,467,41,486,432,445
988317379,295317722,33,457,110,385,424,275
1313378964,4197515597,92,395,25,469,303,444
1273048949,3992390434,39,472,38,457,433,419
895718848,142360594,166,333,105,394,167,289
1249534534,3819979218,126,373,126,373,247,247
1313328602,4197665011,59,441,51,448,382,397
1292427064,4108912240,12,485,109,408,473,299
1013461231,466925881,0,499,83,415,499,332
1191236790,3101210103,122,365,115,381,243,266
1283920926,4063204633,26,465,112,418,439,306
940549553,138705992,203,294,178,320,91,142
1295960464,4128438387,170,328,170,329,158,159
1029802547,204531630,94,405,8,499,311,491
1026606077,567706771,242,308,221,266,66,45
1087343543,1522348819,79,419,1,499,340,498
1275402883,4003972627,55,450,62,446,395,384
1233846103,3682507416,0,499,0,499,499,499
989022823,296200081,238,263,245,261,25,16
1265593983,3931887905,6,492,6,492,486,486
1316233952,4200879714,27,417,24,491,390,467
1181454165,3002992930,86,429,25,484,343,459
1134489594,2043907687,41,432,87,361,391,274
1248221821,3814580816,165,331,126,308,166,182
293717488,3059822,79,420,0,499,341,499
1304212816,4161106219,19,480,4,496,461,492
1077770019,1382341922,29,467,50,462,438,412
1310041467,4181951175,5,495,9,497,490,488
1267341856,3942400297,44,455,9,487,411,478
1282856538,4057529390,0,499,0,499,499,499
1287831212,4079436289,227,294,177,313,67,136
1016542555,499618865,0,499,62,436,499,374
995559293,303349272,0,499,62,436,499,374
1103753247,1818578624,167,327,123,367,160,244
1196812972,3198837824,0,499,80,418,499,338
1317274948,4210988867,17,495,48,434,478,386
1044186298,858017091,159,342,118,379,183,261
1261971043,3902123794,41,473,153,356,432,203
1243754558,3429889544,32,314,135,314,282,179
1251065086,3837504414,0,499,152,339,499,187
971423254,262159223,203,296,99,398,93,299
1033185632,646796985,20,472,36,470,452,434
1252799519,3851807915,21,467,127,402,446,275
1251165430,278541471,100,399,20,479,299,459
1249533230,3819977552,0,499,269,269,499,500
1027376850,570738161,111,388,50,449,277,399
1316240462,4200879993,102,499,65,449,397,384
1243444789,3773724652,28,472,70,418,444,348
925360060,176660746,0,499,34,465,499,431
338856878,48061866,63,441,0,497,378,497
914498023,158814432,0,499,62,436,499,374
1243400882,3773717407,19,480,75,420,461,345
1283711296,4061600205,0,499,0,499,499,499
1308948131,4177869164,0,499,0,499,499,499
1277772548,4026131747,0,499,160,340,499,180
981949261,284904779,0,499,24,457,499,433
1025670417,554016063,70,440,14,482,370,468
1152095182,2598366247,193,305,15,485,112,470
1319127779,4214004976,45,463,43,457,418,414
1308947071,4178505325,211,284,184,308,73,124
707143199,58698404,0,499,62,436,499,374
1026011984,558486759,23,474,88,407,451,319
1238686752,3729320461,0,499,0,499,499,499
1252628004,3850328792,0,499,62,436,499,374
1262353989,3906639699,0,499,0,499,499,499
1268743580,3936358404,133,368,25,476,235,451
1303707049,4159374339,106,388,51,463,282,412
1047978144,278815580,168,367,88,400,199,312
1190251497,2793834090,127,324,167,325,197,158
1273352073,3992566945,0,499,0,499,499,499
1282570322,4057733305,0,499,0,499,499,499
1262517616,3908845413,27,465,35,474,438,439
1323883899,4234091240,20,481,102,423,461,321
1220417942,3544827752,110,389,52,447,279,395
1156239955,2654012857,0,499,62,436,499,374
1309264807,4179977548,100,399,66,433,299,367
1282565019,4057547931,9,493,56,462,484,406
1322126316,4228956929,0,499,0,499,499,499
1302553532,4155424430,18,459,134,499,441,365
1220253136,3541038040,14,485,0,499,471,499
1321679546,4227460152,0,499,0,499,499,499
1324195881,4236297711,191,307,20,486,116,466
891726385,138457705,180,322,100,360,142,260
1260354639,3893244171,143,459,141,301,316,160
1006293801,422236938,97,401,50,449,304,399
1266169647,3935902387,158,383,156,309,225,153
1284851368,4066223092,0,499,26,499,499,473
1153235508,2622468582,103,394,185,320,291,135
1151869663,2591901093,0,499,0,499,499,499
1125138234,2088797383,38,461,150,389,423,239
1257231857,3879890428,47,448,163,339,401,176
1253492267,3856682551,0,499,1,449,499,448
1317759129,4213758464,88,413,90,499,325,409
1231004590,3643783863,11,481,116,390,470,274
1289726899,4086156296,22,474,149,362,452,213
1251981312,2065763750,83,415,0,499,332,499
1307778382,4172824298,18,490,30,481,472,451
1100082877,1711733333,0,499,93,405,499,312
1320462736,4224617238,79,425,31,475,346,444
1314404658,4202302175,118,393,136,411,275,275
1157041442,1641673052,6,494,46,492,488,446
1225793556,3592322614,134,357,32,432,223,400
1254912407,3867010882,0,499,0,499,499,499
1261174354,3898707911,13,497,71,432,484,361
1245886873,3795260746,31,469,92,407,438,315
1257151924,3879365418,0,499,0,499,499,499
1323334613,4231757756,58,476,97,426,418,329
1123307494,2050978325,136,362,100,399,226,299
1282283560,4055995895,21,472,102,391,451,289
1075610051,1349236821,62,436,0,499,374,499
1002934706,383495380,62,436,0,499,374,499
1317904271,4215692937,72,427,0,499,355,499
1170815301,2900665705,19,488,29,479,469,450
1260369507,3893204308,94,407,99,380,313,281
1261173532,3898707825,16,455,155,352,439,197
1167670798,2843197751,33,468,137,357,435,220
987523367,294356515,0,499,84,415,499,331
859095202,94066433,77,413,0,499,336,499
1271811366,3981622222,0,499,0,499,499,499
972168618,264511268,70,416,138,369,346,231
300920102,2424036,61,438,0,499,377,499
1100068141,1711728997,110,389,54,444,279,390
349207711,48419126,67,431,0,499,364,499
1279305876,4037123913,0,499,0,388,499,388
1234871380,46905204,83,416,12,486,333,474
1308854345,278392909,100,399,7,492,299,485
883143678,127939513,62,436,0,499,374,499
1155892794,2659767224,0,499,0,499,499,499
1106989571,1866671885,182,314,40,476,132,436
1242929578,3767924357,0,499,109,389,499,280
1275120789,4003848337,36,472,26,477,436,451
1324185206,4236296985,33,465,88,414,432,326
1301280547,4150972212,28,462,50,441,434,391
980301280,283323322,16,493,5,491,477,486
1192175598,3119850703,52,484,149,435,432,286
1133262503,2241872966,102,396,0,499,294,499
1066466081,1167462211,73,426,0,499,353,499
1263868408,3921315465,125,378,10,499,253,489
1275627908,4006507853,29,468,44,499,439,455
1287879216,4079551076,0,499,20,499,499,479
1205730914,201144053,0,499,0,499,499,499
1185796357,3022761848,2,416,122,341,414,219
1317704741,4213432057,0,499,0,499,499,499
1166742295,2820013256,0,499,0,499,499,499
1242038344,3761706957,62,436,0,499,374,499
1236031833,3703564327,100,399,19,479,299,460
1293301944,4116742177,128,373,13,488,245,475
1310065069,4182749052,80,425,25,480,345,455
1156652815,2675086409,72,412,132,385,340,253
1276961255,4018143696,24,471,147,356,447,209
986039521,222624403,108,388,230,292,280,62
1188953644,3075343335,128,378,112,375,250,263
1073535008,1322792043,180,318,10,487,138,477
1103862956,1818729771,0,499,0,498,499,498
1318621799,4215228431,0,499,0,499,499,499
941657086,207008677,148,356,108,397,208,289
1088517213,1495670377,20,484,112,371,464,259
1100065226,1711730386,180,319,153,346,139,193
1185681856,3021616572,101,367,6,496,266,490
1273021732,3992471706,0,499,0,499,499,499
1113106413,1832990588,10,488,95,493,478,398
1174589387,2940639476,9,491,92,481,482,389
1133113847,2243369918,29,468,12,487,439,475
1131293951,2196273140,62,436,0,499,374,499
913109625,157237782,27,459,78,419,432,341
1282604103,4057911319,45,450,17,488,405,471
1301090236,4150481118,0,499,0,499,499,499
1320423884,4224457259,12,480,18,474,468,456
1082476721,159603827,0,499,0,499,499,499
1168014952,2849849896,0,445,122,427,445,305
908164028,76644527,97,402,12,486,305,474
1005775031,413875613,62,436,0,499,374,499
1077530512,1374056350,74,425,0,499,351,499
1257490463,3881469950,0,499,10,489,499,479
1157067557,2680628909,0,499,62,436,499,374
1204200601,3287127269,30,451,30,464,421,434
1254426751,3861647376,0,499,0,499,499,499
1294213656,4122560737,98,403,103,458,305,355
1008778173,439100349,73,425,0,499,352,499
1090796357,532968844,60,421,109,393,361,284
1289681165,4087663906,109,460,42,389,351,347
1283760805,4058940479,85,388,48,458,303,410
1086093480,1508416164,22,468,78,426,446,348
1248865477,3817907362,30,465,66,441,435,375
1188467030,3065374757,8,493,93,404,485,311
1231659453,3561887432,150,349,100,399,199,299
1243524407,3765119387,213,279,234,319,66,85
1260356613,3893199455,0,499,13,499,499,486
1237015246,3711555764,111,407,226,280,296,54
1280215788,4044234703,147,367,163,382,220,219
1313431819,4197675617,0,499,0,480,499,480
1249534365,3819979190,14,492,167,353,478,186
987515338,294338485,6,494,100,404,488,304
1257506098,3881470539,12,486,71,418,474,347
1294106105,4122227606,0,499,0,476,499,476
1261173185,3898707796,10,481,164,335,471,171
1112678723,1924580537,36,452,110,367,416,257
957906542,225943517,123,360,194,335,237,141
1093506073,1605976511,18,483,94,446,465,352
1283495620,4061479011,11,486,112,381,475,269
1307172460,4170893620,0,499,0,499,499,499
1201822688,3249397003,58,451,104,425,393,321
1069061503,1219783007,0,499,62,436,499,374
1019990486,518674777,174,326,136,363,152,227
1198093940,278412308,161,344,113,385,183,272
1262619620,3908525506,10,499,26,495,489,469
1099078527,1923135072,0,499,0,499,499,499
1051438176,978995323,37,471,70,449,434,379
1310045264,4182215130,82,383,95,420,301,325
1223583760,3582304488,2,496,150,381,494,231
1231223889,3646672275,0,499,109,389,499,280
1270028263,3966589499,19,492,70,442,473,372
1094645027,1625634886,403,481,215,276,78,61
1027118463,569663682,100,399,58,440,299,382
1190252898,2832752221,184,317,204,318,133,114
1292531640,4108943053,99,413,48,430,314,382
1254879473,3866912063,0,499,0,499,499,499
1295759792,4125586395,77,422,0,499,345,499
1250874277,3836309255,54,477,123,422,423,299
1294201244,4122557974,40,392,83,414,352,331
1035734173,87809477,239,313,195,348,74,153
1282752197,4058572083,0,499,0,499,499,499
1262432007,3907804358,35,470,94,371,435,277
1129161768,2157810994,57,442,0,499,385,499
1234716321,3689155297,7,480,16,487,473,471
949998822,213166063,117,381,65,434,264,369
770993409,60889550,0,499,62,436,499,374
1165133494,2792894056,0,499,83,415,499,332
1310878065,4184608851,11,479,53,490,468,437
1318587152,4217949065,0,499,0,499,499,499
1020059260,519124387,251,382,140,255,131,115
834723551,68040659,0,499,83,415,499,332
1235368514,3693294074,31,468,117,379,437,262
1239579500,1977490145,183,315,150,349,132,199
971993053,263934720,206,288,170,197,82,27
1283873100,4061620904,0,499,0,499,499,499
1266776486,3939946488,0,480,0,463,480,463
1284001809,4063343464,61,438,68,441,377,373
834192561,66629855,128,371,50,449,243,399
1269744654,3962423977,32,480,34,469,448,435
1174593475,2940640484,144,357,141,345,213,204
1275721037,4006540855,117,466,63,447,349,384
248614586,7249083,173,326,140,354,153,214
1285148307,4066272585,17,483,110,418,466,308
1235820906,3700253523,0,499,62,436,499,374
164489130,526439,68,431,0,499,363,499
1196085158,2767761491,115,400,68,394,285,326
1074735530,1338066298,24,486,48,416,462,368
1093182422,1593409891,0,499,62,436,499,374
1127733343,2130249091,190,264,132,324,74,192
1317565948,4213729521,117,401,133,350,284,217
1274142040,93615199,89,409,0,499,320,499
1307875606,4173008562,0,499,0,499,499,499
1110135000,1899408105,152,346,100,399,194,299
1211276074,3072198067,69,436,119,407,367,288
1314557288,4202304730,39,479,28,447,440,419
889275048,135472243,10,481,69,426,471,357
1257579587,3881712565,47,446,71,424,399,353
908692669,153281358,0,499,62,436,499,374
1072779964,47372132,96,388,24,483,292,459
973477686,269097823,217,285,199,339,68,140
1095468096,1636873694,72,427,0,499,355,499
1286035701,4071964612,150,391,37,351,241,314
1291958645,4103567853,55,444,0,499,389,499
844675096,18928577,63,436,0,499,373,499
1250268212,3831364151,0,499,167,436,499,269
1137793502,571307800,154,345,100,399,191,299
1075633776,1351248678,62,436,0,499,374,499
1174579141,2940636393,4,472,0,495,468,495
1282286758,4055998094,21,478,22,479,457,457
1158243579,2678209920,0,499,62,436,499,374
1137665981,2350371797,0,499,0,499,499,499
987486661,294315976,18,492,42,457,474,415
1206420305,3324634983,48,450,21,478,402,457
1318889782,4220215403,0,499,0,499,499,499
1310398523,4181901955,0,499,0,499,499,499
1268779836,3953644058,0,499,0,499,499,499
1221452303,3563521328,0,499,0,499,499,499
1216294476,3479866267,86,412,22,473,326,451
1317707301,4211189818,30,469,35,459,439,424
1276301322,4012661384,21,474,19,447,453,428
1279462864,4039246458,39,470,46,425,431,379
937164559,187396867,6,493,0,499,487,499
1133771004,2265173868,176,322,85,393,146,308
1264310956,3925252543,0,440,48,499,440,451
1318949214,4220451886,40,432,26,399,392,373
1231409373,3577118791,0,499,62,436,499,374
1305757400,4166642603,106,388,51,463,282,412
1216317527,3480141673,0,499,83,415,499,332
1276328605,4012725483,0,499,0,499,499,499
846546235,1707192,89,410,2,496,321,494
1162138821,278413318,159,339,100,399,180,299
1292550218,4108945924,28,451,141,360,423,219
1211403991,3397499485,41,457,79,423,416,344
1027158930,569896270,107,391,50,449,284,399
875687149,118921405,92,407,0,499,315,499
1150765180,2579567257,0,499,109,389,499,280
919493203,49614558,68,431,0,499,363,499
987444287,294323864,122,407,26,472,285,446
1225887092,1154697599,125,374,125,363,249,238
1054683264,1046460719,145,353,100,399,208,299
1263257698,3915194719,62,436,0,499,374,499
1276026754,4010224451,0,351,55,499,351,444
1253395607,3856588877,0,499,0,499,499,499
1233139085,3675028810,109,390,0,499,281,499
1064390387,278517467,145,354,100,399,209,299
1250256237,3831236031,37,476,33,438,439,405
1264835623,3926216696,30,465,183,318,435,135
1255695226,3870850424,97,408,44,485,311,441
869765312,113864008,75,424,0,499,349,499
1302482090,4155417670,73,439,136,397,366,261
860269125,97952800,0,499,61,437,499,376
1314636015,4203225335,0,490,0,488,490,488
1084330813,1494571319,10,489,115,384,479,269
1111758447,1914804803,93,491,84,427,398,343
1215211168,3469564517,88,371,16,488,283,472
856163076,89261046,89,409,0,499,320,499
1230498917,3638923951,96,386,53,441,290,388
1318092970,1490495744,123,370,18,484,247,466
1052060002,978486164,37,449,41,460,412,419
1244326301,3782771585,0,499,126,436,499,310
1276962277,4017739250,0,499,0,499,499,499
1308422458,4152150833,28,481,7,482,453,475
1177652769,2977764879,0,499,0,499,499,499
815800436,62322545,156,343,122,378,187,256
1301714387,4151270881,10,467,74,348,457,274
1273158824,3993174400,7,489,129,364,482,235
965955557,251186910,115,408,130,376,293,246
1100956683,1745754312,0,499,68,449,499,381
1027347188,570671817,105,394,50,449,289,399
911149470,155385679,132,366,100,399,234,299
1313215804,4197496277,191,269,40,130,78,90
1151913885,2592669707,0,499,68,430,499,362
1276724018,4015985401,0,499,0,486,499,486
1304110070,4160950284,106,388,51,463,282,412
1323983540,4232365606,18,482,81,409,464,328
1308846238,2763371548,100,399,15,483,299,468
1008068203,435901060,103,396,50,449,293,399
848771606,18443633,43,456,0,499,413,499
1228491296,3617520286,146,352,80,419,206,339
1204205355,3287145324,96,400,16,497,304,481
1305076052,4164661963,106,388,51,463,282,412
1066930656,1173353150,93,404,22,476,311,454
1028425625,457192256,32,456,40,472,424,432
872714458,63517072,145,354,102,397,209,295
1271570447,3978107002,26,477,159,319,451,160
1068654301,287206111,150,349,119,350,199,231
972303006,264796899,0,499,62,436,499,374
893888424,141715888,0,499,62,436,499,374
1240720582,3748202607,104,441,77,453,337,376
1254204858,3860766157,202,299,397,456,97,59
1146391248,963744086,32,471,80,421,439,341
1168039488,2850584095,57,439,108,398,382,290
895123604,67469592,89,410,0,499,321,499
1319429724,4214364232,0,499,0,499,499,499
1217974613,1856285364,76,422,19,499,346,480
1220961797,3558977603,0,499,63,435,499,372
921249319,168344606,117,378,132,406,261,274
1217336784,3493699659,82,480,150,344,398,194
1281816252,4050972964,0,499,0,499,499,499
1301543124,4150998062,102,389,121,344,287,223
980301189,283323311,130,369,0,498,239,498
1123726763,2061925913,155,343,100,399,188,299
1283867813,4061620619,17,481,41,458,464,417
1267484479,3943148486,89,493,141,354,404,213
1261430034,3898729635,74,499,135,499,425,364
1026815753,569606596,117,381,50,449,264,399
1269455591,3958959516,6,490,115,371,484,256
1304034770,4160809849,68,415,40,242,347,202
1324187933,4236297150,155,334,113,356,179,243
893310339,141191260,222,276,189,302,54,113
1204213399,3287153913,66,394,8,451,328,443
701116293,58400841,62,436,0,499,374,499
1321335543,4227064002,31,471,73,429,440,356
1299303850,4141676587,15,481,46,437,466,391
1273063405,3992552004,28,473,51,471,445,420
1043840784,853456152,5,483,149,355,478,206
1308747959,4177785432,0,499,0,499,499,499
978977839,280843216,100,399,137,361,299,224
1289908911,4089004498,0,499,62,436,499,374
1185797742,3022762284,2,416,122,341,414,219
1267306381,3942511949,135,365,190,322,230,132
1324055489,4236041466,9,490,1,498,481,497
1109479627,1889794206,109,375,190,472,266,282
1239356121,3737245100,0,499,0,499,499,499
922623818,171705529,75,424,37,461,349,424
1212997296,3438575681,210,294,92,399,84,307
1312399131,4194750683,65,430,121,425,365,304
1202959551,2758973646,157,341,100,399,184,299
1151791498,2590163786,190,313,163,372,123,209
1010274606,444094520,80,419,0,499,339,499
1204214488,3287154444,110,383,52,443,273,391
1104618415,1835162940,98,444,107,442,346,335
933243692,190097879,62,436,21,485,374,464
1324043664,4235890098,75,437,42,474,362,432
1288050613,4079554730,88,449,186,470,361,284
193804430,5868042,81,417,21,496,336,475
1295083633,4122278516,0,499,62,436,499,374
1276034301,4010224860,0,475,19,499,475,480
1176009829,2952469506,61,443,57,455,382,398
1026783674,569545545,106,392,50,449,286,399
1174907916,2944533550,62,437,0,499,375,499
1262732941,3910821641,11,493,70,407,482,337
1127110137,2116357102,175,356,147,349,181,202
1255374764,3868422521,42,497,29,489,455,460
1316261750,4200881226,0,499,0,487,499,487
934331803,49900045,68,424,7,488,356,481
972827445,266701086,152,337,174,308,185,134
1072451252,1304255270,73,425,0,499,352,499
1238120747,3726387483,59,432,74,363,373,289
1027072752,569684419,108,390,50,449,282,399
1191987821,3120006514,221,279,220,274,58,54
1257509491,2873883168,80,418,0,499,338,499
1280690917,4046437515,65,454,76,477,389,401
104303630,3196537,0,499,29,460,499,431
1258117534,3883964571,25,474,40,477,449,437
1270254915,1100406637,100,399,12,487,299,475
1133967233,2270049961,0,499,63,436,499,373
938404580,200349835,85,414,4,495,329,491
1137879882,2355671989,133,372,134,373,239,239
1298544821,4139984982,9,494,152,360,485,208
1188586195,3068937839,64,447,95,467,383,372
1235525772,3689628657,109,389,0,499,280,499
1231110305,3644415732,62,436,0,499,374,499
1104740977,1842319091,52,458,126,387,406,261
1003540552,2607274472,5,471,0,479,466,479
912925450,156830317,197,282,175,496,85,321
1282953976,4057770097,0,499,0,499,499,499
1002947674,385893012,43,456,0,499,413,499
910966620,155255557,60,439,0,499,379,499
1285918045,4071511987,0,499,124,369,499,245
1243660193,3775276376,0,499,148,436,499,288
1100080805,1711728935,180,319,153,346,139,193
1000814238,359717666,70,400,14,492,330,478
1260331664,3893242643,52,459,52,440,407,388
1057954403,1044694815,25,474,83,415,449,332
1254368221,3861294719,0,499,0,499,499,499
1275416637,4004199829,88,430,87,422,342,335
1007690271,435048157,68,431,0,499,363,499
1295220643,4125633511,147,322,20,473,175,453
1308912530,4177867646,70,499,85,499,429,414
1275632314,4006508386,74,411,127,367,337,240
1273168821,3992525794,63,439,68,440,376,372
1245669083,3793734826,19,480,20,479,461,459
982015311,285478036,19,475,2,499,456,497
1030668188,599472854,97,401,50,436,304,386
1260264897,3893191823,106,422,175,372,316,197
1007394122,416656150,100,399,45,454,299,409
1250268214,3831364212,0,499,98,436,499,338
1287880349,4079551102,41,444,29,479,403,450
977982532,278572178,88,410,49,499,322,450
931382473,185960293,0,499,67,431,499,364
1187029552,3038903980,73,426,0,499,353,499
1281917432,4053656874,45,480,28,485,435,457
1169558225,1540685877,16,471,131,382,455,251
1158121397,2695198576,2,492,71,421,490,350
1267244172,3942383309,0,499,0,499,499,499
972253140,264537884,0,499,59,439,499,380
997562648,67739219,190,309,159,339,119,180
1265204953,3929889993,63,436,80,499,373,419
977803476,278535420,178,321,153,330,143,177
1166848395,2777249659,8,441,107,397,433,290
1254192012,3860640522,98,499,132,416,401,284
1317106190,4211505293,100,407,20,435,307,415
1199280469,3226379859,83,418,37,465,335,428
847238043,76650915,176,322,198,291,146,93
1313991521,4200637224,57,453,22,484,396,462
1323323813,4231757257,108,402,33,471,294,438
1254948762,3866915871,0,499,4,499,499,495
1305534361,4165989107,118,379,147,353,261,206
1310405943,274371710,89,421,4,486,332,482
1213758375,3453091913,178,326,159,343,148,184
1286997062,4074710286,0,499,0,499,499,499
1260335936,3893242981,72,375,143,285,303,142
1258322393,3881733251,168,283,51,143,115,92
1242339820,1071006027,91,407,0,499,316,499
1261383745,3898717490,62,436,0,499,374,499
1240834429,3744193454,240,256,277,286,16,9
1284704319,4065770448,0,499,0,499,499,499
1324007227,4235887464,0,499,0,499,499,499
1204237122,3287261426,0,499,12,487,499,475
1214075599,3458330649,36,463,43,451,427,408
1229143487,3623336359,0,499,83,415,499,332
984248001,288821993,0,499,62,436,499,374
1225666883,3493235811,134,337,165,336,203,171
939161118,201804451,116,371,173,338,255,165
1024976949,548762939,85,471,123,380,386,257
1282377518,4056051659,19,495,173,410,476,237
941677140,207257921,96,402,143,303,306,160
1122010140,1037372480,118,369,110,389,251,279
1316291609,4200882717,0,499,0,499,499,499
1246379543,3798822384,92,403,8,491,311,483
1310423039,4182243036,49,427,69,418,378,349
1308876692,4177866383,76,435,0,480,359,480
1180994201,2990932141,62,436,0,499,374,499
1156245969,2667255268,228,267,18,472,39,454
1010828253,446995444,114,385,0,499,271,499
1236227794,3706173679,0,499,74,425,499,351
1047849944,933418601,78,421,0,499,343,499
1306635690,4168967825,48,499,19,494,451,475
1246309193,3952116879,28,463,14,331,435,317
1233818412,3682501044,94,407,30,492,313,462
1293117969,4116065905,142,356,115,384,214,269
1322008004,4229798157,13,476,54,408,463,354
1097204577,1668488565,113,385,50,449,272,399
1172791710,2920940631,24,474,84,414,450,330
1285177736,4066273939,0,499,0,499,499,499
1311152925,4186160987,66,414,9,495,348,486
1282841294,4058579960,0,499,0,499,499,499
1215379892,3470111496,8,484,160,331,476,171
1088233266,1485793803,185,303,178,353,118,175
1112303617,1922845601,99,403,54,389,304,335
216648530,5333475,94,405,27,471,311,444
915913687,119302080,64,435,0,497,371,497
1193624211,3147679388,65,451,190,321,386,131
875748527,78257545,92,406,0,499,314,499
1281996033,4050749924,0,499,0,499,499,499
1283501332,4061479218,99,381,89,460,282,371
1029768880,594950795,0,499,40,499,499,459
329955171,47588205,0,499,62,436,499,374
1317423976,4212987040,0,499,0,499,499,499
1281929328,4044227181,21,477,129,364,456,235
1312418180,4194033556,116,387,93,407,271,314
986739696,211011784,79,411,125,406,332,281
1038668048,757552994,122,369,110,385,247,275
1322018654,4230052327,21,480,131,398,459,267
1221450312,3563520695,0,499,0,499,499,499
1158121375,2695198431,26,493,71,434,467,363
1135305466,1887688152,124,362,118,381,238,263
1243659043,3775275157,0,499,177,436,499,259
1323265759,4231688169,133,362,135,362,229,227
1241206354,3753871281,56,448,130,382,392,252
1273125604,3992518099,0,499,0,499,499,499
1323238497,4231784024,19,484,46,478,465,432
1271622837,3978570047,33,499,33,466,466,433
1316154593,4200874887,24,499,15,484,475,469
1152117128,2599287930,64,434,0,499,370,499
1159904842,2720749971,89,201,120,395,112,275
1271704842,3979567231,0,499,0,499,499,499
1293661418,340303695,182,338,89,460,156,371
1285428889,4064639183,71,427,0,499,356,499
949740138,76206149,165,334,128,370,169,242
1265205194,3929889998,4,499,70,411,495,341
938341018,200232546,176,305,178,322,129,144
835781090,70048047,150,349,121,377,199,256
1270331684,1100913808,100,399,27,471,299,444
1219658618,3528372639,0,499,0,499,499,499
1165775556,2801350594,9,496,25,493,487,468
1193168997,3138442279,28,495,132,338,467,206
890484022,116458087,50,449,94,404,399,310
1242027976,3761620042,50,449,5,493,399,488
1241664098,3759256672,133,379,122,369,246,247
1190251444,2713620180,164,338,119,419,174,300
1092257247,1580086884,33,467,32,468,434,436
1312331121,4194023922,0,499,5,499,499,494
1323342191,4231816258,0,499,0,499,499,499
853658381,84773978,62,436,0,499,374,499
1273164820,3992406927,58,438,68,446,380,378
1268433815,3951007094,10,480,63,479,470,416
1325155105,4240471813,39,464,112,406,425,294
1221463100,3563524734,12,492,8,494,480,486
1170481891,2897231465,53,442,51,445,389,394
1019351156,516414452,102,397,13,480,295,467
834940071,68373226,82,418,0,499,336,499
1253340145,3856415562,24,491,106,411,467,305
1177449666,2973959944,133,365,116,383,232,267
1146443938,2518658984,182,315,119,379,133,260
1284079132,4063218229,0,499,0,499,499,499
1323323198,4231808850,0,499,0,499,499,499
1121420131,2035478921,0,495,139,384,495,245
1102110283,1790218877,0,499,61,438,499,377
1176095911,2954026288,16,453,1,398,437,397
1268438068,3951007468,72,438,9,476,366,467
1193019929,3136569818,66,430,2,495,364,493
1233065603,3673189702,118,380,0,499,262,499
1064303016,1135482205,139,362,45,433,223,388
1271418574,3977438052,117,347,111,399,230,288
1118916103,1989301916,49,438,75,400,389,325
1257460625,3881645032,74,425,62,447,351,385
1215334737,3470007626,63,420,58,422,357,364
1320958896,4221634293,174,326,42,455,152,413
858600184,93038729,137,362,100,399,225,299
1008057489,435890215,103,396,50,449,293,399
1252628084,3850328859,0,499,62,436,499,374
1207829758,3346755179,13,480,31,493,467,462
1302511186,4155420297,228,270,117,223,42,106
1077366794,1371919835,78,499,211,288,421,77
1285840280,4017666099,52,476,19,467,424,448
146116430,4485311,67,430,0,496,363,496
1215409588,3470137795,77,421,0,499,344,499
1054422842,1043371422,144,355,112,392,211,280
1303218644,4157241584,8,492,0,499,484,499
989986208,86975191,190,309,170,329,119,159
1272143463,3986441859,0,499,0,499,499,499
1221458938,3563523450,135,389,81,415,254,334
728557568,59883112,78,422,2,498,344,496
1061149182,1101106163,0,499,174,323,499,149
1317096621,4211700894,43,456,0,497,413,497
1285021012,1796428426,68,431,0,499,363,499
922355684,163927992,71,426,0,494,355,494
1265214143,3929900496,10,489,308,488,479,180
1069060339,1220001038,125,362,64,471,237,407
1156078383,2664722058,36,462,7,499,426,492
1104486937,1834933204,21,458,34,477,437,443
1075760453,1352145722,19,481,146,378,462,232
927603360,180669788,80,422,69,415,342,346
1324190322,4236297418,70,412,25,495,342,470
986745636,292966063,69,430,0,499,361,499
1224470785,3586192296,0,499,100,399,499,299
1209717780,3382587339,100,431,65,429,331,364
963479601,243413889,0,499,63,436,499,373
928132805,145695557,75,423,0,499,348,499
1273329090,3992616317,0,499,0,499,499,499
1188462905,3065095727,0,499,62,436,499,374
1263758799,3921311754,125,378,10,499,253,489
1170481502,2897228480,131,375,177,384,244,207
1299254540,4141570006,106,420,105,405,314,300
1258042857,3883414875,11,329,86,451,318,365
1317102810,4211701366,0,499,0,499,499,499
753584153,60953445,113,386,0,499,273,499
1157129402,435502199,100,399,25,474,299,449
977608922,278515778,184,333,173,499,149,326
1320909865,4221616012,242,261,0,499,19,499
1319688894,4214664760,28,481,140,388,453,248
1115683793,1286146351,163,336,100,399,173,299
1230498404,3140290361,58,327,215,297,269,82
1280411672,4044746914,137,400,88,383,263,295
1313293141,4182963448,87,408,73,370,321,297
1089488716,1553421805,84,416,12,491,332,479
1267358636,3942387179,0,499,0,499,499,499
1245669177,3793734848,19,480,20,479,461,459
1154939821,2646149911,103,399,40,480,296,440
1298056783,4137784065,32,469,16,467,437,451
1266914978,3940023010,0,499,0,499,499,499
1314190754,4186181285,46,475,120,415,429,295
1283580259,4061585869,97,363,111,350,266,239
1089779049,1554314974,157,342,100,399,185,299
1292481843,4108930596,25,484,70,429,459,359
1096818536,1660309191,113,386,14,481,273,467
1091784947,1568764327,58,441,0,499,383,499
1013206337,464650496,47,469,30,493,422,463
1249758735,3821565952,0,499,62,436,499,374
1047355653,902675008,20,443,20,454,423,434
1268550650,3951726566,43,480,8,497,437,489
1138561670,2360404556,178,314,193,330,136,137
1255816560,3871169134,0,499,116,499,499,383
848754299,76156985,222,276,211,288,54,77
1252248226,3848335759,43,454,46,458,411,412
1040527084,814927241,64,435,0,499,371,499
1198912917,2313282441,137,361,100,399,224,299
848811843,69859431,145,354,100,399,209,299
1143136331,2460700810,133,355,82,445,222,363
1295986756,4127729169,0,499,0,499,499,499
1031198246,288658697,62,436,0,499,374,499
1222207965,3569300969,0,499,0,499,499,499
1296720071,4109870205,105,393,26,428,288,402
1283414458,4061577424,88,411,122,368,323,246
1323151862,4232954381,45,456,110,374,411,264
1321686865,4227460778,45,480,92,414,435,322
1306864697,4167093585,0,499,0,499,499,499
955836288,220456767,73,425,8,499,352,491
1130345341,2130150509,55,470,48,495,415,447
1266506932,3938617842,34,454,143,323,420,180
989136437,294362656,154,350,27,415,196,388
964052076,245318793,0,499,68,430,499,362
1316268884,4200881527,55,486,15,493,431,478
864695006,106088379,73,425,0,499,352,499
1248846173,3817902887,53,479,108,374,426,266
1301469949,4151260704,0,499,0,499,499,499
1224475834,3586317398,45,490,123,426,445,303
1116562558,1962221831,17,469,227,441,452,214
1215229000,3469588685,83,415,0,499,332,499
1243409514,3773720321,31,469,30,468,438,438
1097527879,1672631869,0,499,109,389,499,280
937342168,197575113,138,360,95,404,222,309
1324191129,4236297463,93,410,22,474,317,452
1130379296,2183594386,59,439,6,494,380,488
1300311320,4143943318,0,499,62,436,499,374
1019324935,516401326,86,383,36,433,297,397
1192033488,3120541505,71,431,256,486,360,230
1161389266,1806700771,156,342,127,399,186,272
1199321449,3223292215,62,436,0,499,374,499
1276436871,4013273976,30,472,143,390,442,247
1043841083,853456125,13,485,8,491,472,483
1273193485,3992530132,80,412,90,436,332,346
975631697,274114353,0,499,47,452,499,405
1323323962,4231757263,61,399,54,456,338,402
1275542804,4006494177,55,431,73,439,376,366
1221344798,3561795814,23,481,36,427,458,391
971083304,222449886,32,465,0,499,433,499
1127683226,2128130539,137,361,100,399,224,299
922344692,131704055,35,464,0,499,429,499
1105103282,845432693,56,446,78,421,390,343
1267983868,3944993059,161,365,198,362,204,164
1164498533,2786150050,115,383,115,382,268,267
1255124693,3868378396,0,499,0,499,499,499
1257459155,3881468554,160,337,183,308,177,125
1251689302,3839612410,62,436,0,499,374,499
1072915428,1936969464,229,294,216,274,65,58
977927371,278562907,62,436,0,499,374,499
1293369917,4104776673,0,499,0,499,499,499
1049581453,953105993,135,374,27,481,239,454
1282572238,4057550813,42,410,123,388,368,265
1255728032,3871020083,0,499,3,496,499,493
874730992,87642443,79,420,95,403,341,308
1039333108,790226735,80,418,0,499,338,499
927133489,179818113,61,419,40,433,358,393
1143328105,2464479031,83,415,0,499,332,499
1072619377,1300980069,0,499,0,499,499,499
1192037483,3120538553,7,488,147,358,481,211
1041651233,829115814,62,436,0,499,374,499
1174518330,2939641378,124,375,14,482,251,468
1188030980,3048924678,62,436,0,499,374,499
891742814,138467168,145,354,119,399,209,280
1267073326,3941597946,50,437,82,450,387,368
1177126023,2970410310,225,273,0,499,48,499
1126955520,2113372770,20,477,42,439,457,397
1235614869,3696316450,23,485,75,416,462,341
1088668185,1541723155,155,344,100,399,189,299
1292888198,4113731444,83,387,158,361,304,203
1289729449,4089681771,31,475,106,383,444,277
1297062634,4132694574,0,499,109,389,499,280
1276353568,4012749713,70,424,126,429,354,303
1248841592,3817899830,7,491,0,499,484,499
835251063,69236492,88,411,146,358,323,212
1310071141,4181960979,0,499,0,499,499,499
449167930,50273692,127,371,81,417,244,336
1256089251,3873109147,157,333,83,472,176,389
1218586254,3511529005,223,275,213,289,52,76
1225737193,3591456943,0,499,62,436,499,374
1073543921,65934413,0,499,62,436,499,374
1283929955,4063334760,0,499,0,499,499,499
1259160065,3887608901,35,477,36,469,442,433
1302527933,4155420866,0,422,141,414,422,273
1201826509,3249398071,56,445,42,489,389,447
1063329297,278544329,158,341,100,399,183,299
1026776832,569539933,100,399,51,448,299,397
1305534357,4165989106,31,474,103,410,443,307
971481937,262246428,75,424,5,493,349,488
975884549,272111024,0,499,62,436,499,374
691672830,72222129,83,415,28,471,332,443
1309609664,4180206780,0,499,0,499,499,499
1297788508,4111167547,64,456,149,395,392,246
1242893567,3766473660,100,398,0,499,298,499
963060203,242479101,103,396,10,489,293,479
1285918782,4071502740,79,419,0,499,340,499
868449757,111908860,62,436,0,499,374,499
890799671,136957354,59,439,0,499,380,499
1063581052,1129077215,137,361,100,399,224,299
1141762586,1987771239,32,460,80,425,428,345
1204246601,3287287042,74,425,0,499,351,499
1275170739,4004091944,37,473,28,474,436,446
1264039114,3923102043,0,499,0,499,499,499
1161154386,2733395463,170,329,179,323,159,144
1275313794,4004140555,78,410,92,438,332,346
1310799936,4182277604,314,394,88,152,80,64
853540233,83499562,63,436,0,499,373,499
1310070048,4181960701,6,474,15,489,468,474
1250250112,3831234425,87,499,68,355,412,287
1321847183,4226619203,66,432,14,494,366,480
1304050493,4160929564,106,388,51,463,282,412
1162801291,2753005861,62,436,0,499,374,499
987655091,294465481,144,346,44,445,202,401
1249949800,3827868606,0,463,0,473,463,473
1008166862,436095015,160,339,140,359,179,219
1026775491,569540476,101,397,50,449,296,399
1270266166,1082179298,130,369,52,445,239,393
1273383516,3992573443,30,448,64,464,418,400
1290278837,4092680682,70,428,0,499,358,499
875799053,82286170,103,395,0,499,292,499
1316204993,4200877607,13,466,24,458,453,434
1305087593,4164663560,106,388,51,463,282,412
1156971819,2679537647,200,303,122,439,103,317
1278242687,4031032482,0,499,0,499,499,499
861338603,99548673,53,445,103,395,392,292
1136336999,2327709758,134,352,48,470,218,422
669302,184334,175,324,175,324,149,149
1208661151,3360979995,24,469,221,271,445,50
1256945964,3875035879,86,413,133,406,327,273
1137798217,2346558693,0,499,62,436,499,374
937365003,197620484,138,360,95,404,222,309
1094462633,1621374040,127,374,53,466,247,413
1123579175,2058032517,131,368,181,318,237,137
1248415649,3814872506,2,493,18,486,491,468
1252627706,3850328556,0,499,154,436,499,282
1193022190,3128756887,93,421,91,407,328,316
1188995243,3075537585,73,426,0,499,353,499
1127197811,2118771255,62,437,0,499,375,499
1165428796,1046460619,164,332,127,321,168,194
1146260908,2512705335,84,415,0,499,331,499
1241824155,3758817156,0,499,62,436,499,374
1308314204,4151822483,90,385,24,455,295,431
1015084676,477316502,0,499,17,481,499,464
1100060005,1711735685,110,389,54,445,279,391
1321735773,4223029303,154,454,114,387,300,273
1163895106,2731159438,115,421,72,431,306,359
1322032543,4229641451,0,499,106,420,499,314
1289394939,4087644227,0,499,0,499,499,499
1100066842,1711728920,180,319,153,346,139,193
1002574711,261976953,179,319,150,349,140,199
856613865,1297122,215,333,114,369,118,255
1201885745,3244900476,62,394,0,499,332,499
1126727031,2106393044,140,365,67,429,225,362
1318295163,2534480244,15,478,100,386,463,286
1306818576,4167088326,106,388,51,463,282,412
1279347926,4037444836,107,389,22,481,282,459
1107660389,1869200805,68,435,118,389,367,271
1244640994,3782200049,27,457,14,434,430,420
1204612143,3293716282,141,412,6,240,271,234
1138256854,2362607917,149,349,119,379,200,260
1282581900,4057554869,165,389,97,383,224,286
1300062798,4144868962,66,499,51,473,433,422
1273066511,3992504805,42,475,145,389,433,244
1176504010,2958500071,33,473,104,391,440,287
1248846026,3817902731,53,479,108,374,426,266
855838549,88715925,196,303,175,324,107,149
1279070702,4037090679,0,499,0,499,499,499
1292399779,4108909871,0,387,145,369,387,224
1130649810,2186165067,140,359,100,399,219,299
1253272991,3855935115,75,420,84,421,345,337
1041682276,831980345,0,499,35,499,499,464
1065224730,1143731166,62,436,0,499,374,499
1026893330,569773522,121,378,50,449,257,399
1273692634,3994625836,0,499,0,499,499,499
1055627514,758279037,26,472,156,345,446,189
1228200898,3615136164,45,477,122,391,432,269
892698999,139914458,0,499,106,392,499,286
1131443718,2202977540,91,459,107,375,368,268
1124838336,2085018125,110,389,52,446,279,394
1036581549,710753354,63,454,232,272,391,40
1102138812,1791232986,59,440,0,499,381,499
1243380857,3773712843,55,446,20,479,391,459
1220250895,3541035089,62,436,0,499,374,499
987642785,294483559,66,432,0,499,366,499
1066929551,1173352107,157,337,56,442,180,386
1309097448,4179604991,55,440,55,353,385,298
1047038107,886099193,97,423,117,393,326,276
1265208789,3929890107,0,499,0,499,499,499
1255917819,3871554676,139,365,72,472,226,400
1302863336,4156926886,0,499,0,499,499,499
1244540373,3785187322,0,499,62,436,499,374
1100071162,1711736036,110,389,52,446,279,394
1048112519,937519644,61,189,233,266,128,33
1026008258,558485401,0,499,0,499,499,499
922683973,171655733,93,406,26,473,313,447
1166263557,2766138454,4,497,87,411,493,324
1287490238,4078699489,18,496,32,496,478,464
1252546355,3850070468,84,442,82,451,358,369
1255672291,3870817342,3,495,4,496,492,492
1071300194,1286584589,107,427,31,455,320,424
1283944015,4061634039,197,269,87,419,72,332
1114671652,1935687098,73,424,30,468,351,438
988752002,295529364,63,436,0,499,373,499
1260959775,3896440814,0,499,0,499,499,499
1103562442,1816409169,119,387,120,384,268,264
1266343287,3938140290,0,499,0,499,499,499
1159314980,2712287743,0,499,83,415,499,332
922355713,163592691,79,427,87,412,348,325
1301523689,4150996318,16,485,21,473,469,452
1311445491,4187125474,0,499,23,499,499,476
1246302191,3798145302,0,499,62,436,499,374
1309674275,4181533490,19,481,88,414,462,326
967055301,253895124,139,369,153,358,230,205
1075760286,1352146053,50,450,122,374,400,252
980301294,283323319,17,490,13,486,473,473
1188462937,3065096160,0,499,62,436,499,374
997184297,328788150,0,499,93,406,499,313
987669962,294488234,118,416,140,343,298,203
1316316785,4200883939,39,466,120,395,427,275
1249535595,3819982821,6,493,12,473,487,461
1300215977,4145197049,39,448,34,473,409,439
1249534911,3819979845,130,369,130,369,239,239
1307834671,4172828774,31,469,156,386,438,230
309119950,17707981,8,491,0,499,483,499
901462025,146747966,62,436,0,499,374,499
1240721404,3748203468,51,357,76,397,306,321
1305117698,4164668695,106,388,51,463,282,412
127262530,3716088,159,339,118,372,180,254
1096515918,1655376360,228,262,233,258,34,25
1226405743,3591581811,0,499,142,436,499,294
1279577358,4037131508,45,450,61,458,405,397
1288303618,3893754182,150,357,61,430,207,369
1305021847,4164611327,106,388,51,463,282,412
1262575319,3908517967,174,314,134,369,140,235
1276352377,4012928271,171,420,140,380,249,240
1124958999,1778134398,150,349,100,399,199,299
1174590233,2940639641,148,356,160,348,208,188
872135252,117238857,0,499,68,431,499,363
1231150496,3645562684,105,399,2,485,294,483
1313611466,4197535758,125,369,123,363,244,240
1283760970,4061611252,0,499,0,499,499,499
1266344762,3938140430,11,489,13,484,478,471
1135637114,2311696780,92,415,30,468,323,438
1174589756,2940639524,7,491,7,481,484,474
862633380,102708853,218,283,406,439,65,33
1275077521,4003842737,32,480,32,470,448,438
1005827176,418186078,83,416,1,496,333,495
1032297913,620496382,150,348,150,349,198,199
1277771885,4026075481,7,483,126,374,476,248
1131229352,2192798490,110,408,176,321,298,145
1167476306,2836862426,139,474,117,379,335,262
1016883448,503952142,110,388,52,449,278,397
1068688845,1189417893,55,443,0,499,388,499
941621119,207149695,71,428,0,499,357,499
1193221492,3139415316,94,394,135,354,300,219
1317473140,4213297876,0,499,49,450,499,401
1164320128,2755888529,54,445,116,368,391,252
1223019714,3578004959,132,360,139,358,228,219
1253341242,3856415772,14,489,75,415,475,340
977671764,278517618,79,420,46,499,341,453
1130471027,2184849212,0,499,109,416,499,307
1313615204,4197536021,0,498,0,499,498,499
1100067358,1711728972,180,319,153,346,139,193
1320171531,4215438756,29,465,26,463,436,437
1088725683,1542652004,0,499,62,436,499,374
1319429753,4214364233,102,447,61,409,345,348
1244540560,3785187496,0,499,128,436,499,308
696332630,57693538,150,349,107,391,199,284
870092331,114432893,44,454,0,499,410,499
994321461,302023257,0,499,62,436,499,374
1263301982,3915380426,81,418,26,479,337,453
1275149412,4004865631,5,493,87,413,488,326
1237445640,3719949290,79,420,0,499,341,499
1192166456,3122735122,68,432,22,488,364,466
1265237868,3929959771,8,491,84,419,483,335
1303594900,15590604,71,427,0,499,356,499
1095873394,1643250836,0,499,62,436,499,374
1172460871,2742989106,0,499,94,499,499,405
1014036912,471530725,190,309,165,333,119,168
946299004,71670136,170,328,114,384,158,270
1160778588,2518669694,0,499,109,389,499,280
1158121247,2695198124,29,456,90,434,427,344
1066930285,1173353264,17,485,18,486,468,468
1145353439,2494070068,57,445,59,453,388,394
1137042715,2328436537,62,436,0,499,374,499
1277061260,4014220603,25,468,137,368,443,231
1260369995,3893204351,182,282,229,322,100,93
1321438328,4227529034,30,472,151,343,442,192
1323695708,4234147765,0,483,0,478,483,478
1293361494,4104750029,31,443,94,431,412,337
1243768112,3775845464,62,436,0,499,374,499
1013210601,8677093,62,436,0,499,374,499
1239769191,3740091366,81,351,9,490,270,481
1284071330,4063357598,54,443,58,447,389,389
1092313564,1548294469,119,392,184,320,273,136
1217614080,3492100864,0,499,62,436,499,374
1043841064,853456119,4,495,76,414,491,338
898071374,144456833,126,374,10,494,248,484
712672923,48207337,62,436,22,476,374,454
1257886062,3883402594,174,347,176,226,173,50
1287436430,4076848574,32,481,32,470,449,438
1249535668,3819983354,187,310,57,369,123,312
1262347021,3906639447,52,443,51,441,391,390
1162394267,2748154673,62,436,0,499,374,499
1250684461,3834851464,0,499,0,499,499,499
559419189,53743666,0,499,62,436,499,374
861935482,100810268,100,399,137,361,299,224
1115673046,1949014081,228,266,30,210,38,180
926827457,178384953,23,465,84,408,442,324
1010176799,444868795,92,408,29,458,316,429
1303630393,4159071321,106,389,51,463,283,412
1027072946,569682625,105,394,50,449,289,399
1285920241,4071503366,79,419,0,499,340,499
1116348004,1090782237,109,389,0,499,280,499
1323264143,4231793994,46,444,46,445,398,399
1124411464,2077319788,181,317,163,349,136,186
1195642284,3173584587,0,498,0,499,498,499
1044016492,855767690,121,499,96,499,378,403
1323730211,3813572031,0,499,129,436,499,307
1321355446,4222984709,90,408,30,472,318,442
1155781597,2660100413,15,484,108,391,469,283
1280465413,4045068929,90,405,111,420,315,309
1084654294,1500092603,81,418,0,499,337,499
1288351180,4081253598,96,401,46,461,305,415
987088683,293697450,15,476,128,371,461,243
1182115309,3005607771,0,499,62,436,499,374
940970798,205420726,89,408,104,376,319,272
1299567923,4141746306,38,474,79,435,436,356
1275268658,4003952919,28,474,36,464,446,428
1251075001,3837507497,0,497,15,438,497,423
1274791740,112568440,58,440,0,499,382,499
1216070054,3477170056,164,324,62,466,160,404
1215512822,3470056172,24,482,113,432,458,319
1188910938,3074471851,62,436,0,499,374,499
1250946269,3836737834,0,499,0,499,499,499
1323679165,4234147030,1,470,12,499,469,487
1283324585,4061153016,169,325,51,407,156,356
1278776499,4037081320,79,411,91,436,332,345
1277911047,4023217390,0,499,0,499,499,499
1193213201,3133519921,109,389,0,499,280,499
839499030,58712422,0,499,24,473,499,449
1234855218,47617235,105,394,21,462,289,441
1047169488,292161584,38,464,89,491,426,402
1313865711,4200413871,0,499,83,415,499,332
1318330197,2357605004,8,482,43,441,474,398
1173147266,1472856115,96,403,22,486,307,464
1174593137,2940640425,8,470,9,490,462,481
1038004313,197231641,212,342,57,299,130,242
1004093415,283696702,60,440,32,487,380,455
1045987251,869978885,166,331,13,440,165,427
1251585963,3843986343,116,407,4,486,291,482
1265205822,3929890020,0,499,30,469,499,439
1198169971,1935961625,137,361,100,399,224,299
1223584976,3582305054,7,489,105,386,482,281
1221921428,3567856272,126,373,100,399,247,299
1273776407,3994954237,9,491,27,465,482,438
1168639236,2862279103,0,450,45,467,450,422
878572442,123871354,117,381,65,434,264,369
1193173208,3138603453,0,499,109,389,499,280
1304056063,4160929982,106,388,51,463,282,412
1262296435,3906636442,45,416,87,406,371,319
1283550683,420705298,64,434,0,499,370,499
1241115431,1856340967,0,499,109,390,499,281
1163061474,2763460498,110,389,145,354,279,209
1323085528,4232686464,0,499,0,499,499,499
1111012931,1903566179,62,436,0,499,374,499
1251053278,3837113253,0,499,0,499,499,499
1240862129,3750179298,116,338,193,280,222,87
1126778664,2105737449,190,309,164,372,119,208
1027288776,570692773,101,398,50,449,297,399
1156753948,2677199619,134,367,42,448,233,406
1317482452,4213276706,59,459,40,439,400,399
970166455,258554070,150,348,0,499,198,499
1078043693,1389197444,0,499,109,389,499,280
1314056865,4186137815,219,267,0,499,48,499
1244540893,3785187780,0,499,62,436,499,374
867677503,110874003,70,430,0,499,360,499
1278795469,4037083818,70,430,73,430,360,357
997497701,18648935,190,309,172,327,119,155
834921686,68331518,197,301,180,319,104,139
844747233,73089538,62,436,0,499,374,499
1062913949,1074731459,53,439,10,494,386,484
1283015497,3045353254,83,415,0,499,332,499
1216627358,3482009736,0,499,0,499,499,499
1244540580,3785187502,0,499,122,436,499,314
1249536292,3819984307,126,373,126,373,247,247
1109252832,1886337951,92,407,3,498,315,495
1265873619,3935347481,15,432,131,400,417,269
1301850198,4151009771,54,459,55,465,405,410
1316271522,4200881634,84,422,7,490,338,483
308464605,46403109,200,299,185,313,99,128
1027193186,569996409,112,387,50,449,275,399
1228713346,3619402845,0,499,62,436,499,374
1314945690,4204283465,27,482,45,487,455,442
987619712,294475383,95,406,0,499,311,499
1319175231,4218277279,0,499,0,499,499,499
1267279696,3942384490,134,362,4,460,228,456
1235368503,3693294070,62,418,170,306,356,136
977884126,278554556,178,321,153,330,143,177
874538519,109422179,145,356,107,399,211,292
854178787,85756189,70,429,0,499,359,499
1187560733,2806785261,129,368,153,343,239,190
1095773348,1637675486,0,499,68,431,499,363
1222043007,824469562,142,441,52,293,299,241
1258328167,3883969366,21,487,164,341,466,177
1297620032,4110919628,38,463,136,342,425,206
1199385716,3228905498,5,486,99,401,481,302
1300198149,4145253883,87,411,0,499,324,499
1204247360,3287287808,53,427,91,454,374,363
1283464840,4061578725,1,499,114,499,498,385
1055491547,1061024009,63,442,171,325,379,154
1158121303,2695198225,100,399,12,488,299,476
1285867698,4071255640,69,343,171,366,274,195
1224827381,3521204617,8,438,84,358,430,274
1244541317,3785188006,0,499,62,436,499,374
1024035154,540139257,62,436,0,499,374,499
1271792093,3981208196,63,431,114,477,368,363
1138338501,2365056504,145,352,172,329,207,157
947620276,209826796,65,434,0,499,369,499
1293177945,4116840209,20,455,52,461,435,409
1324278760,4235890124,50,415,124,408,365,284
1048440694,938068057,62,436,0,499,374,499
1275709797,4006536925,0,499,0,499,499,499
1206091626,3319859255,0,499,77,422,499,345
1323629988,4231864961,49,443,44,456,394,412
1100063963,1711731837,110,389,64,446,279,382
1178133369,2981152347,24,468,0,499,444,499
1144740775,2487580472,100,399,21,477,299,456
1275975393,4010220182,0,494,58,482,494,424
1065997650,1158987674,110,389,145,354,279,209
1231533966,3647938105,21,477,0,499,456,499
1244540421,3785187458,0,499,113,436,499,323
1048611571,943532543,62,436,0,499,374,499
1276028960,4010224546,0,486,0,499,486,499
933888929,191487273,68,431,0,499,363,499
1295220851,4125633558,107,392,22,484,285,462
1316162901,4200875648,62,436,0,499,374,499
1035231581,682231166,63,436,0,499,373,499
1081674309,1459817732,83,415,0,499,332,499
1265216957,3929900635,12,487,137,364,475,227
1243234004,3770340854,0,499,109,389,499,280
1007642792,435105980,65,434,0,499,369,499
1305447268,1995660438,71,427,0,499,356,499
1196612538,3195069394,110,389,54,445,279,391
1306585872,4167083553,106,388,51,463,282,412
1313311395,4197507375,121,462,90,347,341,257
969930231,258075979,147,351,86,419,204,333
1041740828,830015437,62,436,0,499,374,499
1250268106,3831364098,0,499,62,436,499,374
1009269066,440572111,104,394,50,449,290,399
1176505212,2958501902,62,437,62,436,375,374
1243391693,3773729887,19,480,20,479,461,459
1204247448,3287287854,90,407,2,497,317,495
927294923,180082917,0,499,36,463,499,427
1062862334,1119742630,150,349,162,317,199,155
1318109999,274356121,55,401,25,480,346,455
1009647259,260395559,169,330,150,349,161,199
1280266702,4044464151,59,446,150,348,387,198
1112667142,1920200546,13,499,83,493,486,410
1269073336,3955092281,0,499,0,499,499,499
1310706320,4182270756,45,367,154,363,322,209
1137555941,1548292570,122,392,89,415,270,326
1053585745,1035104511,79,420,0,499,341,499
743998074,60488942,74,423,0,499,349,499
1312817853,4195571224,0,499,0,388,499,388
978539619,279821349,92,406,50,448,314,398
1323341987,4231758026,86,413,28,466,327,438
1260334895,3893242835,74,443,54,445,369,391
1078720858,1405265150,56,442,143,355,386,212
1187129614,3044121399,107,386,91,484,279,393
1195767214,3176219344,50,492,15,493,442,478
1295895138,4127717337,24,478,30,467,454,437
524072130,52830748,201,297,180,319,96,139
1055303226,1057480545,139,371,17,479,232,462
1113952374,559221114,149,349,115,383,200,268
1314031627,4200639993,0,499,0,499,499,499
1273751118,3992785381,0,499,0,499,499,499
1034641368,679541012,78,420,0,499,342,499
1089813209,74702120,62,436,0,499,374,499
890651977,136879028,74,425,0,499,351,499
1261412040,3898722997,66,469,121,386,403,265
1274315224,18220935,137,409,30,452,272,422
1325247104,4234390630,107,390,117,395,283,278
1282005181,4050752949,0,499,0,481,499,481
1004009072,401111375,70,427,0,499,357,499
1156653919,2675087093,53,412,204,336,359,132
1209404852,3376805398,97,413,197,293,316,96
1300316718,4145641909,39,434,3,407,395,404
1305145046,4164672373,106,388,51,463,282,412
1273881084,3995551860,0,499,0,499,499,499
915098025,159603682,12,488,196,300,476,104
1093617535,1609128783,145,353,100,399,208,299
1275410021,4005906037,224,418,199,308,194,109
1181015396,2990158428,0,499,83,415,499,332
1267257384,3940029033,60,442,37,491,382,454
1044960468,862569278,62,436,0,499,374,499
987670270,294488932,157,344,23,471,187,448
989035459,296205994,89,410,0,499,321,499
874334448,120093787,69,429,0,499,360,499
985745460,48690392,113,385,44,469,272,425
1324030521,4235889377,0,499,0,499,499,499
1167373712,2833659481,16,453,1,398,437,397
1237123519,3716553011,0,499,0,499,499,499
1276362031,4012870357,46,489,43,469,443,426
1278364561,4033726531,100,399,0,499,299,499
845707483,74764761,62,436,0,499,374,499
450215630,50285276,128,371,86,412,243,326
1077261691,1370219244,0,499,62,436,499,374
1273224071,3992590649,11,475,111,412,464,301
972443954,265430161,109,389,0,499,280,499
972113408,263861909,47,451,0,499,404,499
1279001536,4037572692,0,499,0,499,499,499
1257509613,3881707020,26,487,42,411,461,369
1282288200,4055998997,148,351,13,492,203,479
911381542,17846393,24,475,0,499,451,499
1314017006,4201306801,32,471,133,368,439,235
1306016023,4167105104,121,381,68,432,260,364
1243658941,3775275020,0,499,169,436,499,267
1198729105,3219108537,142,356,100,399,214,299
1202912389,3266036802,19,468,127,378,449,251
922170129,170808095,218,259,383,390,41,7
1328684005,4250700228,0,498,50,499,498,449
1265612227,3931892935,51,449,11,488,398,477
1261415203,3898723991,0,499,0,499,499,499
1275296490,4003956892,56,449,64,444,393,380
1231530440,3646224165,62,436,0,499,374,499
1211683956,3399483751,62,436,0,499,374,499
1209717451,3382587266,13,493,17,470,480,453
925671370,177291214,69,430,0,499,361,499
1066930659,1173353287,18,481,25,473,463,448
1279184193,4037099906,56,447,66,446,391,380
1123520439,2050054240,144,354,100,399,210,299
1255529801,3868447399,12,428,107,451,416,344
1257521143,3881701319,196,299,30,462,103,432
583657,982314,85,413,0,499,328,499
1323282474,4232535108,20,483,61,424,463,363
1273509255,3992742511,0,499,0,499,499,499
1005663432,416243075,70,428,0,499,358,499
1322039218,4229642814,0,499,0,499,499,499
1275307609,4003958413,58,454,79,471,396,392
1306017312,4167105252,24,472,9,451,448,442
1289139275,4085980333,1,498,1,498,497,497
1304109973,4160950282,106,388,51,463,282,412
1316673610,4200953009,0,468,53,467,468,414
1243295778,3772606974,0,499,109,389,499,280
1118850691,1987432920,63,436,0,499,373,499
1134420332,2283180327,41,466,73,445,425,372
981406432,284484157,57,425,108,425,368,317
1271567157,3978105812,115,388,101,385,273,284
1198904964,3219736190,152,346,100,399,194,299
1016814438,86100056,190,309,155,344,119,189
1227390534,811868600,73,420,8,494,347,486
1317474171,4213298850,31,480,30,475,449,445
1027296471,570636227,100,399,56,443,299,387
958568153,228489659,160,344,185,336,184,151
1277440408,3672942942,104,395,0,499,291,499
862681338,102705454,65,418,180,317,353,137
949751394,212732223,117,381,65,434,264,369
1278461850,4030879699,132,359,103,401,227,298
1084719545,1500310920,94,405,27,471,311,444
937369601,197621127,135,365,90,407,230,317
1191043915,3101179209,4,494,110,410,490,300
1002977947,388575331,166,337,141,366,171,225
1075760275,1352145837,275,280,0,499,5,499
1282812110,4059315913,93,405,117,375,312,258
1288132295,4079557418,103,423,14,492,320,478
1258925746,3887580770,25,476,52,471,451,419
1137487408,2288640409,60,452,47,436,392,389
1277408005,4023535024,0,499,118,395,499,277
1104586253,1838820160,148,373,155,373,225,218
1289850639,4090172045,0,458,0,499,458,499
1152935487,2615112992,54,444,0,499,390,499
1055553834,1061996362,71,428,117,372,357,255
1265222633,3929899374,14,485,146,351,471,205
1177641311,2977627448,28,460,68,427,432,359
1259356862,3887630924,33,459,105,400,426,295
1247848521,3813570729,73,499,74,436,426,362
1243658992,3775275038,0,499,169,436,499,267
1099706747,1706100284,132,362,73,420,230,347
1292329562,4108690496,7,491,99,402,484,303
1144458449,2482251976,0,499,70,429,499,359
1195385733,3169083587,109,389,0,499,280,499
1061049918,143677881,97,395,24,478,298,454
1219694702,3529141860,144,354,110,388,210,278
1007649326,435126759,100,399,40,459,299,419
1045460599,867102852,75,426,16,451,351,435
1253346927,3856416192,158,355,48,485,197,437
1321015998,4221663397,136,362,142,366,226,224
1289806744,4087679796,0,472,0,425,472,425
1088702854,1542332847,13,499,83,493,486,410
1005660306,412837650,70,428,0,499,358,499
1249535819,3819983687,85,392,162,336,307,174
1121063199,2028923247,74,424,0,499,350,499
1257538336,3881234367,67,432,153,374,365,221
1240830512,2725116986,142,362,185,231,220,46
1008018599,435875847,100,399,30,468,299,438
1289180227,4086071950,168,328,372,470,160,98
1031132006,607987565,0,499,62,436,499,374
981794846,285097017,75,424,0,499,349,499
1061145502,1100945086,0,499,83,415,499,332
1301226127,4150967776,0,499,15,483,499,468
871356774,69520916,0,499,0,499,499,499
1295220402,4125633453,65,437,168,395,372,227
1248847113,3817903141,46,481,116,380,435,264
1196634247,3195332107,0,499,0,499,499,499
1244574608,3785257525,154,345,110,389,191,279
917628219,91481362,100,399,50,449,299,399
1157262425,2683292649,10,490,109,382,480,273
1320548649,4221447781,66,407,32,444,341,412
1256936565,3874798103,99,369,2,498,270,496
1321335789,3470118137,27,477,176,318,450,142
1254942776,3866827144,28,462,51,441,434,390
1020667675,524964290,156,469,215,286,313,71
1076417137,1363261368,117,381,65,434,264,369
1276661593,3994362522,60,438,53,443,378,390
915466608,160133711,0,499,83,419,499,336
987333887,294175574,123,375,151,348,252,197
1311060359,4182118257,9,482,5,495,473,490
1027179978,569822710,109,389,50,449,280,399
1267582183,3766853931,104,395,0,499,291,499
1145965287,2498902337,62,436,0,499,374,499
1316315195,4200883867,18,487,33,450,469,417
1026795100,569548950,100,399,74,424,299,350
1248371157,3814854536,106,393,0,499,287,499
1236113248,3705300903,93,406,0,499,313,499
1074913393,1339719926,0,499,77,421,499,344
1252627938,3850328770,0,499,62,436,499,374
1264223315,3924750759,108,385,67,427,277,360
1105270280,1568239315,145,353,100,376,208,276
969676141,257091108,31,473,177,335,442,158
1055481518,1046850001,0,495,109,389,495,280
862579396,102705744,81,372,97,388,291,291
941622252,207151530,246,263,244,263,17,19
1257259189,3879922952,0,499,0,499,499,499
1008033559,435858524,100,399,59,439,299,380
1105967675,1859377763,121,409,121,397,288,276
1157835712,2690207864,0,499,109,389,499,280
1264901165,3928054178,0,499,0,499,499,499
1276225172,4012179105,11,484,118,366,473,248
1229771946,3622348463,0,499,109,389,499,280
1244326128,3782771550,0,499,126,436,499,310
1253519550,3857173106,11,478,197,357,467,160
1313761458,4184043277,54,434,110,374,380,264
941693603,207287191,167,352,199,311,185,112
1066902878,1168173304,11,494,118,378,483,260
1111006501,1902698058,0,499,62,436,499,374
1105851631,1857578864,98,374,126,366,276,240
1275665841,4006518759,9,481,9,499,472,490
1077860446,1385300340,146,356,152,345,210,193
1044024094,855395435,62,436,0,499,374,499
1291980538,4105522140,0,499,63,499,499,436
1260282418,3894930089,24,452,62,464,428,402
1277516907,4019805278,0,138,198,396,138,198
1267321675,3942397893,14,439,101,395,425,294
1258891389,3887571455,30,455,52,455,425,403
1261408380,3898721446,136,359,28,478,223,450
1064210594,1134872312,8,492,149,353,484,204
1282293867,4056001875,1,494,69,426,493,357
913333908,157644129,0,499,13,486,499,473
183731630,5653972,5,488,0,497,483,497
1268994868,3955086217,0,499,1,449,499,448
652453297,55573389,140,359,151,348,219,197
1215451589,3470158209,87,413,13,491,326,478
915072777,82422314,0,499,83,415,499,332
1276348811,4012248868,70,408,65,432,338,367
1283531472,4061479642,101,403,26,482,302,456
1294188893,4122554312,0,499,10,499,499,489
1243237962,3770106449,46,452,0,499,406,499
1192043140,3120529255,36,475,33,481,439,448
1139690967,2390168277,62,436,0,499,374,499
1075759864,1352145677,165,335,63,433,170,370
1262336894,3906638862,0,499,0,499,499,499
1202971522,2703086165,148,351,100,399,203,299
1323511206,4231856056,44,439,130,351,395,221
1289793652,4089924642,98,410,117,402,312,285
1141872154,2443186119,17,469,43,414,452,371
1192371164,1952783230,132,362,77,420,230,343
857195671,90864206,165,334,135,364,169,229
988318498,295317723,20,479,130,376,459,246
1194215769,3155042215,62,436,0,499,374,499
1316211258,4200877816,13,486,58,394,473,336
1323296268,4231695618,118,370,127,376,252,249
1282697501,4058564069,301,408,212,443,107,231
1281072838,4049045182,0,499,122,377,499,255
987582298,294364937,157,377,155,340,220,185
1132152912,2219808045,0,499,0,499,499,499
833943736,4663899,99,396,25,487,297,462
1246304620,3418190936,100,399,33,497,299,464
1275716423,4008123008,102,396,4,496,294,492
1189502674,3082611717,68,472,134,356,404,222
1264105281,3923709343,110,389,53,445,279,392
1026955353,569601881,117,382,50,449,265,399
1040957665,820785155,128,362,15,489,234,474
1083754727,1483661972,82,423,0,499,341,499
1284581384,4065758572,155,344,117,376,189,259
977707138,278473075,71,428,0,499,357,499
1126317841,2102728373,66,456,31,454,390,423
908480231,152763301,68,430,0,499,362,499
1317915833,4215693785,0,499,0,499,499,499
1273024401,3992385724,12,492,3,489,480,486
1287051699,4077444226,154,345,72,415,191,343
1258685962,3886306017,0,499,0,499,499,499
1192183618,3123018997,68,432,22,488,364,466
1323078550,4232650674,6,490,144,369,484,225
890403099,136647753,64,435,0,499,371,499
1206435973,3325654460,0,499,30,469,499,439
1301535953,4150997368,107,460,54,499,353,445
884702147,130146877,130,369,77,421,239,344
914564867,158726575,187,311,156,342,124,186
1088621084,1540829449,109,389,0,499,280,499
1199424894,570945011,179,319,150,328,140,178
1321853291,4229380176,24,481,13,474,457,461
922317,1186775,0,499,13,486,499,473
927077600,179685379,0,499,62,436,499,374
1309981759,4182640621,222,254,275,278,32,3
1294399036,4122741458,25,476,82,379,451,297
987449348,294326084,86,381,20,496,295,476
1318614196,4217949844,0,499,0,499,499,499
1285841932,4017669532,50,467,78,430,417,352
1282285422,4055997289,11,487,11,488,476,477
1258639087,3883455954,73,429,52,460,356,408
1029511591,591830005,128,476,96,419,348,323
865078913,107165835,62,436,0,499,374,499
1076223819,1360215749,0,499,81,419,499,338
858016336,85719915,193,305,160,339,112,179
1068160984,1190180232,50,446,13,486,396,473
1282009539,4050754901,0,499,0,499,499,499
1267098615,610654129,100,399,10,488,299,478
1138768405,278543290,163,336,100,399,173,299
1260706673,3895301092,57,459,35,482,402,447
1215756306,3472408745,0,499,0,499,499,499
1271048057,3974953291,0,260,157,499,260,342
1281245732,4050591449,0,499,0,499,499,499
998373974,334571319,123,374,83,421,251,338
1260317836,3893242360,113,385,165,345,272,180
1186446340,3028679715,90,415,35,400,325,365
1148154615,2536863992,0,499,0,499,499,499
1254449944,3861760268,0,499,0,499,499,499
1202191044,3249072913,37,496,35,499,459,464
869992971,114230493,64,440,0,499,376,499
1239564479,2262475261,180,319,150,349,139,199
861427483,99577899,0,499,62,436,499,374
1273840644,3995335788,27,475,102,367,448,265
1079241205,610654256,156,342,100,399,186,299
1204239835,3287278863,59,423,11,485,364,474
1316966475,4211319376,0,499,0,499,499,499
1321489513,4227440345,0,499,0,499,499,499
116535430,1232688,67,423,42,452,356,410
1301193868,4150964051,0,331,72,430,331,358
1243930270,3775514534,0,499,62,436,499,374
1316276609,4200881921,0,499,105,460,499,355
1243660203,3775276388,0,499,148,436,499,288
1283912098,4063203991,36,462,110,398,426,288
1276696213,4015617864,0,499,0,499,499,499
1127347926,2121747388,147,359,149,349,212,200
1290413217,4093215845,0,499,0,499,499,499
1192029105,3120529785,68,432,22,488,364,466
1118441067,1984419377,31,467,59,439,436,380
1258669271,3883456837,98,424,33,450,326,417
1255283276,3869236947,35,479,38,459,444,421
1147950569,2534797895,197,301,180,319,104,139
1241961520,3761292110,55,443,0,499,388,499
1071587257,1288115262,109,390,0,499,281,499
1262298083,3906636530,26,473,31,454,447,423
1289428754,4086098705,0,499,0,499,499,499
1287929199,4079553296,0,499,0,499,499,499
1269535808,3281680524,186,313,0,499,127,499
858643441,93287090,0,499,131,368,499,237
1145335341,2494770607,137,361,100,399,224,299
1254746055,3864929285,138,348,90,467,210,377
1109662961,1892729481,29,465,56,460,436,404
1244541066,3785187840,0,499,129,436,499,307
1302568662,4155424928,88,404,68,405,316,337
1323988279,4235885999,139,406,76,428,267,352
1292835803,4114172712,9,489,13,491,480,478
941693688,207287173,167,352,199,311,185,112
1314768071,4186645558,61,401,85,451,340,366
1099545159,1702731577,90,401,136,359,311,223
1000095646,344209267,0,499,62,436,499,374
1059017561,1087607254,75,424,0,499,349,499
1233838085,3682505476,0,499,0,499,499,499
1318634613,4216148579,0,499,0,499,499,499
1119127331,1962543723,150,349,100,399,199,299
1125050228,2088430642,150,349,121,388,199,267
1204258272,3287301592,0,499,30,468,499,438
1181662793,3003920401,3,495,89,402,492,313
1310127074,4183030882,0,499,0,499,499,499
1237279365,3716308048,0,499,11,499,499,488
927056629,543824497,125,369,211,374,244,163
862582694,102704479,125,372,66,441,247,375
954361136,218392088,159,335,111,387,176,276
869766887,113880902,6,495,10,488,489,478
1242853657,3766588556,57,439,59,448,382,389
1111643069,1609889793,18,479,65,418,461,353
904258979,148659366,73,426,0,499,353,499
977145312,277513860,95,413,78,403,318,325
1252185784,3847768306,29,499,0,378,470,378
1192188689,3123055897,71,431,251,486,360,235
985063400,289737943,0,499,62,436,499,374
1188349224,767593035,123,378,82,417,255,335
1065426070,1151141927,0,499,62,436,499,374
871777224,72424034,50,449,0,499,399,499
1221829676,3566703108,110,389,54,445,279,391
1165074002,576613340,201,201,189,370,500,181
1174586434,2940638716,174,307,216,307,133,91
956024044,219952074,0,499,62,436,499,374
1261415602,3898724328,0,499,0,499,499,499
884068672,129212874,62,436,0,499,374,499
1313630882,4197538298,0,499,0,499,499,499
1309575636,3275858235,100,399,25,474,299,449
1217265301,3492545059,45,453,0,499,408,499
1008179220,436091125,140,359,99,399,219,300
1309090053,4179593284,53,451,59,430,398,371
849300368,80648525,196,302,175,324,106,149
1198707214,3219947611,138,363,58,475,225,417
1281707597,4052932253,0,499,0,454,499,454
1306891452,4168961105,60,445,147,369,385,222
940532169,138765937,167,331,165,330,164,165
888678351,133752561,0,499,62,436,499,374
932584079,188846534,197,294,200,298,97,98
1187626377,3053141466,0,499,13,486,499,473
1260366021,3893244632,42,329,160,282,287,122
1302529794,4155420916,0,499,0,499,499,499
1301619878,4151001038,29,464,197,343,435,146
1201830861,3155074902,174,325,102,396,151,294
1243410418,3773720616,31,469,30,468,438,438
1241407913,3756593520,48,456,89,422,408,333
1126226935,2101248579,22,477,125,374,455,249
987634106,294463512,0,499,83,415,499,332
1007600977,435179366,101,397,50,449,296,399
933271169,190138382,0,499,162,336,499,174
1314555129,4202304685,70,432,112,356,362,244
1304171384,4160986845,106,388,51,463,282,412
910264874,154501999,0,499,62,436,499,374
1143342108,2464619080,133,362,212,322,229,110
1252819534,3852100004,214,284,172,329,70,157
1313465945,4197680264,0,499,0,499,499,499
1316183059,4200876418,19,482,131,393,463,262
1313270726,4197501786,174,295,24,471,121,447
1301498889,4150989626,35,467,94,434,432,340
1240730665,3748207639,42,456,10,493,414,483
1313696253,3793870475,34,460,15,484,426,469
1317996374,1951970350,0,499,40,499,499,459
1123671044,2060613034,150,349,125,387,199,262
853996059,85262411,143,356,100,399,213,299
1236283520,3706950154,212,289,273,426,77,153
1257582189,3881982827,0,499,0,499,499,499
946714026,208715303,147,373,175,332,226,157
1275582248,4006497504,182,328,155,356,146,201
1262368400,3906641559,0,499,0,499,499,499
1319055868,4220470188,128,380,35,466,252,431
956367144,138734469,95,406,128,391,311,263
987540417,294396949,25,474,114,373,449,259
971423476,262158597,131,365,87,415,234,328
1220459570,3545848861,150,349,100,383,199,283
1005960953,419452256,67,432,6,492,365,486
1295685320,1940493406,57,461,42,493,404,451
1019262935,516348586,140,328,173,350,188,177
1269332118,3958047999,126,370,18,485,244,467
1279037468,4037877232,100,399,43,462,299,419
1119405848,1998118337,178,321,278,368,143,90
1247878074,3813580143,0,499,0,499,499,499
1038351141,749152055,38,462,143,358,424,215
1312017543,4189091456,51,446,162,372,395,210
909952854,154200429,150,348,100,399,198,299
1307078022,3550311796,10,489,5,490,479,485
1190251986,2647272655,0,499,62,436,499,374
1188462941,3065096164,0,499,62,436,499,374
1321673450,4223015938,24,465,30,479,441,449
886431043,132421979,109,389,0,499,280,499
1088710947,1542255134,52,447,0,499,395,499
1313036758,4197486555,108,356,39,481,248,442
1284028859,4063214451,98,443,54,487,345,433
1318369096,4218723011,0,499,21,473,499,452
1276149359,4011344872,0,499,44,454,499,410
1280531509,4045214027,16,474,33,475,458,442
1278557045,4035889384,0,499,0,499,499,499
981386621,284331289,71,427,0,499,356,499
1293360743,4104750010,73,434,95,417,361,322
1277915030,4023217823,0,499,0,499,499,499
1188765318,3072102759,69,405,122,391,336,269
353120791,48659654,168,333,101,410,165,309
1062229417,1112181269,0,499,62,436,499,374
1027321891,570657211,101,397,50,449,296,399
1209717118,3382587062,126,374,66,482,248,416
1243659053,3775275160,0,499,62,436,499,374
1297876947,4137064880,52,447,64,447,395,383
1285868820,4017682331,94,474,149,326,380,177
978862049,113379052,5,491,126,366,486,240
1224475742,3586315353,222,274,19,491,52,472
1277594510,4023548613,0,499,72,499,499,427
1261387228,3898718580,0,499,241,259,499,18
1292383122,4108907253,1,480,104,435,479,331
927603574,180669986,64,433,90,395,369,305
1239034226,3726865075,100,399,27,471,299,444
1309675063,4179728972,103,409,63,349,306,286
1300144319,4145102391,124,478,165,362,354,197
1136741122,2334359432,17,481,144,354,464,210
1215442924,3470246369,0,499,45,499,499,454
1039839537,798567883,156,343,187,314,187,127
1068530908,1193341199,34,459,84,438,425,354
1323007714,4231409848,0,499,0,499,499,499
1245967181,3795862115,0,499,79,436,499,357
1077861114,1385297311,125,374,62,436,249,374
984674264,288826446,0,499,128,371,499,243
1289910668,4089015814,15,484,54,445,469,391
986679234,292824226,71,428,0,499,357,499
996801667,319269174,79,419,0,499,340,499
1115167387,1940491436,88,422,48,473,334,425
1164633150,2788588776,0,499,139,359,499,220
1286976634,4074704350,42,436,166,412,394,246
1280277015,4044244022,0,499,0,499,499,499
1267489252,3943203860,0,499,97,436,499,339
1315020968,4187040248,45,446,142,441,401,299
1303779860,4159407703,0,499,0,499,499,499
1220132328,3538520459,0,499,62,436,499,374
1273377171,3992627851,45,461,48,455,416,407
1275751311,4008294247,83,406,8,489,323,481
1301028044,4105632926,167,347,88,407,180,319
1244527127,3785133662,62,436,0,499,374,499
1218696719,3515895625,0,499,62,436,499,374
1014656412,473695419,54,445,0,499,391,499
1025104158,548996447,70,429,0,499,359,499
1251223745,3838166863,199,299,6,489,100,483
1257731220,3881729798,154,326,57,479,172,422
1260626799,3894613510,0,466,0,482,466,482
1049831844,955629107,109,389,0,499,280,499
1104325471,1830613905,124,373,50,432,249,382
1120853530,2024736402,184,348,168,328,164,160
1151985406,2596036461,62,436,0,499,374,499
1278871298,4035723150,37,461,0,499,424,499
1260368784,3893204254,37,463,144,364,426,220
982470484,286321708,75,423,53,446,348,393
905285514,149878769,189,297,189,308,108,119
1115677136,1949190925,158,351,140,381,193,241
1301364174,4151252307,134,336,100,478,202,378
631076472,55215350,59,440,3,499,381,496
1109441250,1884984728,0,499,62,436,499,374
1269512976,3959384342,49,382,188,397,333,209
977910607,278560453,168,331,0,479,163,479
589571148,54388404,73,426,0,499,353,499
1156651446,2675085395,120,365,133,365,245,232
1040712597,818011769,90,404,93,407,314,314
1068592063,1189506225,155,344,141,376,189,235
1297742015,4137059428,29,471,129,363,442,234
933683059,190994350,21,499,25,474,478,449
1275716586,4006540286,37,391,145,353,354,208
1328550740,4250644836,34,458,115,373,424,258
1067527071,1148196213,68,430,0,499,362,499
1324242076,4233633666,64,420,23,465,356,442
975261028,273333595,10,489,10,489,479,479
870799673,49343159,76,423,1,499,347,498
1027082951,569937154,100,399,50,449,299,399
1311151196,2038910703,83,415,0,499,332,499
1323871552,4234090603,47,452,54,445,405,391
1268743609,3913593217,75,431,108,371,356,263
922367445,171106340,63,435,10,489,372,479
1191697072,3113066570,82,417,64,433,335,369
1289774174,4086161443,0,499,0,499,499,499
841969430,65302811,0,499,39,460,499,421
1007172293,432884608,62,436,0,499,374,499
1252799363,3851807883,90,411,174,326,321,152
979512628,282053755,172,326,114,383,154,269
1306006363,4163612168,62,436,0,499,374,499
1244206564,3780719919,0,499,62,436,499,374
1284065904,4063356617,30,459,26,481,429,455
981120359,284195958,0,499,80,419,499,339
1092313572,1548294461,85,410,131,365,325,234
1042534566,841665004,137,361,100,399,224,299
986919095,293306427,92,410,18,483,318,465
1316095176,4200868734,108,396,45,459,288,414
860269032,97943504,62,436,0,499,374,499
1285109757,4063764774,0,499,70,499,499,429
1298332116,4137212737,12,482,1,499,470,498
933266338,190122025,72,426,0,499,354,499
1303628924,4159071253,106,388,51,463,282,412
1223585674,3582305274,6,489,105,386,483,281
1247849594,3813571338,0,499,123,436,499,313
1141129684,278517060,150,348,100,399,198,299
1009311258,440699678,100,399,38,460,299,422
1249534179,3819978734,140,364,151,327,224,176
1321664062,4227456396,0,499,1,449,499,448
1088837542,1544133182,0,499,62,436,499,374
1212149413,3417561331,91,387,117,388,296,271
985909372,291541681,68,431,0,499,363,499
1160434095,2724411725,71,434,74,440,363,366
1316134461,4200872733,43,465,19,462,422,443
1304156063,4160953997,106,388,51,463,282,412
1254047705,456618617,83,415,0,499,332,499
1238728885,3729468613,24,484,60,462,460,402
914971931,159466836,62,436,0,499,374,499
1215462691,3470166734,0,499,28,471,499,443
1176503850,2958499715,0,499,159,342,499,183
1276531436,4014022968,119,383,10,481,264,471
1253151856,3855161611,114,439,216,302,325,86
1026012957,558485457,26,467,92,410,441,318
897252886,64575071,92,406,0,463,314,463
1198893718,547393822,237,261,183,254,24,71
871672159,116536396,0,499,59,440,499,381
1026809927,569574452,106,392,50,449,286,399
906394919,150739584,163,434,23,490,271,467
1265174549,3929867259,43,466,96,398,423,302
863990872,83949917,62,436,0,499,374,499
1247488298,3810824228,0,499,83,415,499,332
1174590437,2940639692,19,482,65,455,463,390
1059129381,1087226229,61,437,0,499,376,499
1249535098,3819981954,176,326,192,301,150,109
1242868304,3219625307,100,399,17,481,299,464
1235878489,3701261902,32,473,60,460,441,400
885729008,131502088,50,444,62,434,394,372
1194558717,3160902346,21,481,140,389,460,249
1314537117,4202304416,53,432,206,499,379,293
1006619574,426810773,0,499,68,431,499,363
1275639673,4006509662,65,427,152,499,362,347
1181704751,3004050648,58,298,100,429,240,329
1066804063,1172130877,56,438,178,295,382,117
1248832731,3817889078,0,499,0,499,499,499
1310032485,4181950067,35,408,69,469,373,400
984037254,288133599,69,430,0,499,361,499
876126858,64358086,68,430,0,499,362,499
1136968031,2336089485,69,430,76,440,361,364
963207248,242813301,38,460,26,474,422,448
1243439753,3773723786,19,480,95,403,461,308
1310616155,4184531269,121,377,198,305,256,107
1321087240,4221739316,9,491,115,384,482,269
889297112,135490072,168,337,125,374,169,249
1212971586,3437825000,62,436,0,499,374,499
1245645800,3793574173,35,471,69,439,436,370
1103890,1314416,86,412,13,485,326,472
1282768585,4058943691,90,466,46,450,376,404
1257202258,3879786165,0,499,0,499,499,499
1100073084,1711729528,70,429,145,354,359,209
1296373562,4130468892,0,499,0,499,499,499
1262893116,3910524568,0,499,29,469,499,440
976825688,276752760,124,375,0,499,251,499
1127347941,2121747397,0,499,19,479,499,460
1275341883,4003961456,30,448,64,464,418,400
1289360798,4087642883,93,381,142,452,288,310
1258610556,3885887811,33,480,76,429,447,353
1245668274,3793737110,19,480,47,454,461,407
1262280978,3906573168,22,492,40,482,470,442
1196277482,3184758806,29,471,116,422,442,306
237846830,5378665,68,430,0,499,362,499
1198444551,1910864295,157,328,113,399,171,286
1245929508,3795573171,194,269,135,241,75,106
1235493532,3694332476,32,473,58,460,441,402
992924621,300366487,72,426,0,499,354,499
1238740112,3729478956,0,499,0,499,499,499
1174587127,2940638839,51,462,39,458,411,419
412270030,1383349,75,423,12,486,348,474
1261426599,3898728613,23,463,55,475,440,420
1031799640,613731279,54,446,95,405,392,310
1150289024,2572664448,101,400,5,493,299,488
1264889906,3928049999,89,423,121,380,334,259
985492658,290912636,23,477,160,340,454,180
1292897078,4113733186,126,370,116,431,244,315
979584890,282214879,127,371,131,392,244,261
1321806369,4223041916,64,433,50,467,369,417
1158120619,2695197171,0,447,136,334,447,198
1223396972,3580768704,19,487,57,465,468,408
987549661,294381023,44,455,131,375,411,244
1168557644,2861584703,28,465,25,403,437,378
1274746013,1010057,93,406,0,499,313,499
1281156806,4050261338,0,499,0,499,499,499
870367527,114782598,90,409,112,386,319,274
1248835983,3817895163,0,499,48,488,499,440
1094420718,1619178282,62,436,0,499,374,499
1269770783,3962600077,0,499,62,436,499,374
1313103168,4197489730,61,428,35,449,367,414
1225675905,3584673502,83,415,0,499,332,499
1257151166,3879365325,0,499,0,499,499,499
1271572926,3976968442,61,423,141,398,362,257
1301340303,4150978933,0,499,0,499,499,499
1232568510,3665973987,62,436,0,499,374,499
1261406411,3898721263,51,435,85,425,384,340
1181407381,3002753849,62,438,4,495,376,491
1109029084,1881278465,39,491,188,360,452,172
1126927736,1929848633,0,499,83,415,499,332
1271697301,3979577549,0,499,0,499,499,499
1266906928,3940234158,17,476,88,443,459,355
1069814716,472661356,153,346,100,399,193,299
1323278405,4233426414,135,362,165,364,227,199
941678550,207258063,96,402,143,303,306,160
1277058070,4011510608,62,436,0,499,374,499
921948384,170165689,168,321,142,348,153,206
1288893358,4086129163,0,499,0,498,499,498
1192044070,3120575996,68,432,22,488,364,466
1031548337,612506497,51,449,51,448,398,397
1007204395,433287104,132,364,21,476,232,455
1017624673,506883672,123,375,77,422,252,345
1288958984,4086457567,62,436,0,499,374,499
1250268450,3831364271,0,499,62,436,499,374
1039925469,804884878,73,426,0,499,353,499
1301892607,4149370554,148,357,92,342,209,250
946228894,3507566,0,499,4,494,499,490
1229654729,3626223398,0,499,62,436,499,374
924556251,175720201,0,499,98,401,499,303
1108738226,1878218170,180,319,149,350,139,201
1242845308,1100681489,100,399,15,484,299,469
1045072260,866688870,0,499,109,389,499,280
1082264947,1462152169,137,299,100,399,162,299
1295997057,4127731735,33,479,34,469,446,435
1174594691,2940640985,18,482,48,417,464,369
956732269,223026529,75,423,0,499,348,499
1233588610,3680917508,73,425,0,499,352,499
1192186346,3123034880,68,432,22,488,364,466
975267724,273333634,10,482,10,489,472,479
1225887070,1154697592,125,374,125,363,249,238
1279472578,4038206596,59,414,131,379,355,248
1248842667,3817900191,11,488,0,499,477,499
1060686491,409256852,90,409,50,449,319,399
1275983662,4010220658,56,448,65,444,392,379
1282865311,1470379,88,411,0,499,323,499
1105725321,1855496868,53,446,0,499,393,499
1206167582,3320653328,103,435,143,457,332,314
1012502354,459831433,68,431,0,499,363,499
1313275302,4197662255,84,479,21,394,395,373
1192033136,3120540985,71,431,256,486,360,230
1287364254,4077195804,54,460,32,446,406,414
854585124,87353467,0,499,62,436,499,374
908240774,137357839,180,319,150,349,139,199
1015106974,293977754,43,465,80,411,422,331
987354051,294184478,156,303,57,464,147,407
1192352334,3126718003,90,418,2,497,328,495
1008035411,435856112,150,349,105,394,199,289
858382986,92634332,62,436,0,499,374,499
940359235,203671422,62,436,0,499,374,499
876652896,121986318,62,436,0,499,374,499
1307455998,4168852092,50,445,78,457,395,379
1253519698,3857173181,55,448,24,499,393,475
1027097349,569937207,106,392,50,449,286,399
1040204130,809426889,101,397,10,489,296,479
849993532,81531060,173,326,115,413,153,298
1267273151,3942458951,79,468,80,417,389,337
1068127194,1189472333,67,487,12,455,420,443
1273188551,3992409289,0,499,0,499,499,499
1131291712,2195859599,146,356,132,363,210,231
1133961250,48361992,0,499,57,442,499,385
1310554552,4182255152,0,499,0,499,499,499
968833990,255203146,10,489,10,489,479,479
857765378,91933549,192,307,176,339,115,163
1295931546,4127722348,30,474,21,466,444,445
1288887989,4086012861,32,470,67,478,438,411
885207906,122681239,146,361,50,444,215,394
1324190910,4236297444,55,448,132,366,393,234
875597212,64383433,93,406,0,499,313,499
1229572077,3625788922,221,277,215,286,56,71
1318059788,1924590471,12,478,149,350,466,201
1291932890,4105271976,56,448,87,467,392,380
904274578,870827,91,407,0,499,316,499
1086093454,1508416177,22,468,78,426,446,348
1105509853,1849808821,73,426,0,499,353,499
1101451694,1770387491,0,499,0,499,499,499
1304133103,4132872258,10,478,145,371,468,226
1304052559,4160929643,106,388,51,463,282,412
1317310806,4212749272,84,412,85,410,328,325
1304046730,4160812671,88,422,136,458,334,322
1187453727,3049576711,21,476,53,437,455,384
1035894225,693718405,96,413,92,406,317,314
1008687855,439062900,73,425,0,499,352,499
1307824376,4172827515,61,492,41,346,431,305
1088422995,1539182795,18,480,151,351,462,200
1105824843,1857052714,153,345,100,399,192,299
1316108927,4200870057,0,499,0,499,499,499
1276028102,4010224521,0,342,155,406,342,251
1288991079,4086033497,22,482,128,387,460,259
1266672610,3939550859,7,490,12,486,483,474
1302469697,4155416984,0,499,0,499,499,499
1279062984,4037090329,39,454,62,463,415,401
1282287234,4055998417,15,483,10,489,468,479
878869069,124247988,0,499,62,436,499,374
1256031486,3873074265,146,379,133,366,233,233
1086506805,1512716258,83,416,0,499,333,499
867856694,111013665,49,449,0,499,400,499
1262542479,3908181868,73,447,98,403,374,305
1308336234,4152046804,52,428,78,433,376,355
1216853022,3486053576,64,413,25,492,349,467
1242846258,1100661701,100,399,3,495,299,492
1277786143,4024170294,151,348,100,399,197,299
1077932460,278600859,150,348,100,399,198,299
850070414,77856762,67,431,0,499,364,499
1317252059,4211715627,108,438,90,473,330,383
1228676959,3619524956,62,436,0,499,374,499
1100041705,1706354051,62,436,0,499,374,499
1256971231,3876189515,0,499,0,499,499,499
1135264869,2305137084,110,389,70,428,279,358
946307097,208384576,155,344,56,476,189,420
1112028054,1919119627,20,479,141,359,459,218
1088750394,1543063637,96,417,96,409,321,313
1287007833,4074711020,27,476,72,429,449,357
1258987158,3887596707,0,499,41,499,499,458
1089840767,1551495263,83,415,0,425,332,425
1253219328,3854773190,0,499,0,499,499,499
1304020049,4160807574,0,499,0,499,499,499
834219072,66654718,66,433,0,499,367,499
1007762893,435160698,100,399,139,359,299,220
1237295849,3716332303,0,499,0,499,499,499
1102999569,1807889758,109,389,0,499,280,499
1283605083,4061483261,0,499,0,499,499,499
1267245273,3938855683,82,416,0,499,334,499
1194114576,3155014841,62,430,86,416,368,330
876135143,64363504,58,441,0,499,383,499
1318955854,4220452277,54,447,42,471,393,429
1266178845,3935904325,0,499,0,499,499,499
1127347932,2121747391,0,499,19,479,499,460
946590676,208427217,95,402,8,487,307,479
1272715334,3990160053,0,499,60,438,499,378
922812102,172417797,120,379,122,376,259,254
967178905,254396810,185,313,93,416,128,323
1185806262,2724076426,91,402,149,347,311,198
1280131306,4019916462,71,459,40,455,388,415
883578993,128548718,130,369,77,421,239,344
1184998603,3017653224,82,416,77,422,334,345
1308866063,444896262,100,399,38,460,299,422
1086028632,1507197387,0,499,259,260,499,1
986779836,293167652,100,399,0,499,299,499
1090925403,1495018330,193,305,92,396,112,304
1306856105,4167092477,0,499,0,499,499,499
1223797611,3580846352,0,499,83,415,499,332
870164333,114483434,178,320,151,348,142,197
1082276924,1022985032,0,499,62,427,499,365
1007505211,435019813,71,428,0,499,357,499
1250681832,3834851248,82,416,0,499,334,499
1239341623,3737196496,62,436,0,499,374,499
1174585755,2940638544,140,364,151,327,224,176
958568201,228489669,147,353,168,346,206,178
1282005431,4050752998,0,499,0,499,499,499
1308840954,3503875920,100,399,37,461,299,424
1057454822,1076262210,63,435,0,499,372,499
1155015503,2646730871,146,465,205,294,319,89
1314668607,4203298331,50,447,204,304,397,100
1104342693,966366719,94,405,12,486,311,474
1146297634,2375057716,65,431,0,499,366,499
1146391268,2033934796,18,485,74,459,467,385
1190258275,1876687567,0,499,62,436,499,374
1265241464,3929960198,55,449,66,411,394,345
959988560,234577302,0,499,73,426,499,353
1099240320,1697270203,157,341,100,384,184,284
1301907466,4153230040,0,477,73,427,477,354
1257599647,3881714726,0,499,0,499,499,499
1247167490,3806187024,88,410,0,499,322,499
1320102471,4215360942,43,268,23,411,225,388
1313882922,4184119015,17,478,143,356,461,213
884700527,130139846,75,424,0,499,349,499
1055327,927426,122,377,102,396,255,294
1237186032,3716584175,0,499,0,499,499,499
862578730,102816077,128,358,66,433,230,367
922170819,170808073,227,251,0,499,24,499
1257152350,3879365535,103,415,136,408,312,272
1235826073,3700329965,62,436,0,499,374,499
1139534949,2383121480,0,499,109,389,499,280
1104832425,1841194731,0,499,72,426,499,354
1228841359,3620886083,0,499,97,401,499,304
1057763238,1081506673,7,491,104,409,484,305
1266650482,3939516214,33,478,173,351,445,178
1043066829,846849177,70,429,0,499,359,499
1127970088,278583656,191,306,115,347,115,232
1275609233,4007107762,0,499,0,499,499,499
1209425843,3377272839,66,476,232,266,410,34
1304018201,4160807385,0,499,0,499,499,499
1089467825,1553192711,0,499,194,255,499,61
1256093932,3873228419,0,499,0,499,499,499
1282816786,4057525715,173,354,180,344,181,164
1282720099,4057513385,0,499,0,499,499,499
1238003642,3270199630,119,384,69,411,265,342
1006292457,422237461,97,402,50,449,305,399
1257231446,3879890328,62,437,46,445,375,399
1098197775,1661505924,0,499,62,436,499,374
1243213783,3771471795,0,499,62,436,499,374
1161485913,2739440792,48,456,109,390,408,281
1132640198,2230298878,129,385,23,483,256,460
1053590492,1035127244,80,419,0,499,339,499
1191333438,3104923585,70,428,0,499,358,499
1308761879,4177785675,0,499,0,499,499,499
1102348656,1794331142,0,499,62,436,499,374
933239989,190095382,78,420,0,499,342,499
1269570958,3960252321,0,499,62,436,499,374
920820039,167349191,55,444,0,499,389,499
1278235177,4031021168,0,499,0,499,499,499
1211738074,3409393956,62,453,26,488,391,462
1267987189,3944993449,0,498,0,499,498,499
1137661681,2350070329,0,499,148,351,499,203
1275453787,4006484503,12,482,22,476,470,454
1100071525,1711735626,110,389,52,446,279,394
1035351839,684989145,78,421,0,499,343,499
1117987273,1978503527,106,461,171,368,355,197
1261429672,3898729590,0,499,0,499,499,499
1113101934,1832988638,96,400,3,494,304,491
1188458838,3064958513,1,498,108,394,497,286
1324207319,4236298117,70,412,136,357,342,221
962261571,240064184,77,429,0,499,352,499
1186357826,3028018728,79,404,64,449,325,385
1292510444,4108938940,99,413,48,430,314,382
996070729,304788012,128,379,51,444,251,393
1261430149,3898729640,0,499,0,499,499,499
1241415839,3756662141,220,281,191,313,61,122
234234,184251,15,484,10,489,469,479
1006530808,424579825,133,358,187,312,225,125
961550396,237885426,100,399,121,377,299,256
1241643359,278540219,100,399,14,484,299,470
1237173107,3716576505,0,499,0,499,499,499
1030320951,596642049,0,499,62,436,499,374
987430173,294322542,101,398,60,460,297,400
1007373633,416629192,91,407,0,499,316,499
1022832513,2041119681,0,499,0,499,499,499
1283632419,4061594116,38,458,107,499,420,392
1235499239,3694376479,34,473,61,460,439,399
1264075094,3923183085,45,472,107,361,427,254
1017776311,507746791,62,436,0,499,374,499
1209710473,3382580759,22,461,87,420,439,333
1269455570,3958959502,54,442,94,415,388,321
1260352496,3893244078,27,467,33,434,440,401
1259385323,3887636411,180,415,105,414,235,309
1124363854,2076050646,111,387,100,399,276,299
933234158,190091433,72,426,0,499,354,499
1118410825,1984088919,21,474,37,474,453,437
1226405797,3591581823,0,499,142,436,499,294
1158120570,2695196895,238,268,195,272,30,77
1158277042,2075097533,111,395,73,397,284,324
1009259444,440558994,100,399,52,447,299,395
1169449835,2875392159,0,499,62,436,499,374
1250020259,3822347922,94,400,80,393,306,313
1002455045,379999459,98,400,0,499,302,499
1080114662,1441862344,57,442,0,499,385,499
898715183,144894523,0,499,62,436,499,374
1127011812,2114546045,0,499,0,499,499,499
1311937592,4188993149,0,499,0,499,499,499
1148846516,2548660181,57,426,129,373,369,244
927145263,179685758,71,428,0,499,357,499
1311216914,4186473660,0,499,0,499,499,499
441073530,50165088,100,399,68,430,299,362
1258328697,3881733544,18,478,132,338,460,206
1262172986,3905724619,0,499,14,499,499,485
1148862419,2548673469,60,449,81,379,389,298
947189381,209026716,0,499,62,436,499,374
1295960299,4128438362,29,435,75,426,406,351
1129888809,2173827499,27,475,182,317,448,135
1101084229,1749983554,69,432,13,478,363,465
1055626029,1063257616,76,423,0,499,347,499
1155138611,2649520227,6,488,107,421,482,314
1000748619,359729720,78,412,15,480,334,465
1092898749,1548293950,60,417,80,410,357,330
1248090124,3814325178,94,404,95,404,310,309
1027088000,569762643,111,388,50,449,277,399
1069221847,876472547,100,366,0,499,266,499
1190863202,3098249680,109,389,0,499,280,499
977665859,278589444,108,378,8,489,270,481
1307336960,4171232877,0,499,0,499,499,499
1074638624,1336943473,138,360,67,442,222,375
1222146462,3569012044,172,334,116,376,162,260
1190854933,3098218006,146,342,154,328,196,174
1188462904,3065095726,0,499,62,436,499,374
1244326101,3782771537,0,499,126,436,499,310
1212046584,3415934194,85,406,5,494,321,489
1252511128,3849612424,32,410,67,356,378,289
1314558318,4202304758,69,450,173,386,381,213
1272527284,3989893774,49,393,44,469,344,425
1323286669,4231691408,34,476,32,444,442,412
1303225955,4157765119,73,426,0,499,353,499
1276939910,4017733983,0,499,0,499,499,499
1152181940,2601322258,62,436,0,499,374,499
1277534534,4019813746,73,438,152,285,365,133
922920229,172712013,62,436,0,499,374,499
1138613754,2361171438,113,387,27,453,274,426
1141129622,278511334,153,346,100,399,193,299
1258619237,3885529346,14,471,59,468,457,409
1255170263,3868400262,0,499,55,456,499,401
948580138,211299777,70,428,0,499,358,499
1196215577,3182800561,62,436,0,499,374,499
1258227876,3884337130,202,295,180,319,93,139
1242846885,1100408241,100,399,9,490,299,481
1266608252,2547266064,100,399,31,467,299,436
1081744601,1461741512,0,499,62,436,499,374
1276327927,4012665279,52,419,161,357,367,196
1250523054,3832880707,101,398,62,436,297,374
1192147999,3122618227,68,432,22,488,364,466
1236061651,3704281722,0,499,0,499,499,499
870114472,114434628,345,470,89,405,125,316
1163099243,2763826713,110,391,34,481,281,447
1250613242,3834191661,151,340,74,487,189,413
921110744,167831082,100,399,51,447,299,396
1195077787,3158207178,4,480,111,354,476,243
1300455773,4146731893,87,410,15,479,323,464
1324094810,4236042071,0,499,0,499,499,499
1287280698,4077180222,125,383,87,456,258,369
1225564790,3590410252,154,345,100,399,191,299
937372467,197624742,135,365,90,407,230,317
1295220661,4125633516,123,373,16,491,250,475
1154949189,2635455885,0,499,109,389,499,280
1123330393,2051563980,70,429,145,354,359,209
1169904088,2887191737,10,476,72,425,466,353
1211445048,3399883545,128,345,74,396,217,322
1256446555,3873668739,0,499,0,499,499,499
1232608517,3667132492,130,378,82,416,248,334
1171561582,2909804837,0,499,0,499,499,499
1092812416,1548293985,81,420,152,330,339,178
1314499642,4202303721,47,428,78,432,381,354
1283932262,4063335044,30,478,38,469,448,431
985492088,290912490,55,443,30,475,388,445
1304158372,4160984586,106,388,51,463,282,412
1295959561,4128274474,63,428,110,394,365,284
1244540614,3785187512,0,499,122,436,499,314
1157672497,2688189899,81,379,22,485,298,463
1075813919,1353447172,62,436,0,499,374,499
1026837407,569664220,50,449,105,393,399,288
1048489913,942426599,81,418,0,499,337,499
1105220423,1846205030,0,499,159,436,499,277
1283571326,4061584918,64,434,149,377,370,228
1236944534,3716248409,180,319,153,346,139,193
1318624364,4216147702,0,499,0,499,499,499
1300456217,4146732122,19,480,0,492,461,492
1024423908,543191988,0,499,83,416,499,333
1250959203,3836820863,88,464,135,387,376,252
1134447496,2283832482,0,499,109,389,499,280
1148367535,1859465387,84,415,0,499,331,499
1124252085,2074172103,89,407,24,481,318,457
1112984312,1926161790,88,410,0,499,322,499
1215529665,3470071455,36,422,108,481,386,373
1168021298,2849979022,46,453,94,405,407,311
1064672364,1130977589,0,499,62,436,499,374
529328,929822,148,351,150,349,203,199
1273350287,3992620171,0,499,0,499,499,499
1044441681,860234645,150,349,100,399,199,299
1316283492,4200882191,96,381,26,472,285,446
1299215209,4139571679,35,442,149,375,407,226
303251949,1316569,195,306,181,319,111,138
1308823048,1415136954,112,388,53,436,276,383
1004007977,401106147,66,433,0,499,367,499
914956981,159350020,0,499,18,480,499,462
1254967193,3866926208,0,499,0,499,499,499
1255255392,3868623516,0,499,0,499,499,499
1194061302,3147256543,62,436,0,499,374,499
1309061322,4179410284,0,499,0,499,499,499
1178140115,2759560556,99,399,0,490,300,490
1137861703,2288640625,27,469,64,436,442,372
1033946750,670622079,72,429,4,494,357,490
947712263,210110708,32,475,30,471,443,441
1131203865,2190839315,69,429,0,499,360,499
1166709326,2820201889,33,471,20,499,438,479
1304042730,4160927319,106,388,51,463,282,412
1323716016,4234266820,26,497,4,451,471,447
885214976,123968495,112,402,153,434,290,281
1008042475,435880695,100,399,60,439,299,379
1255745816,3871039307,21,459,61,465,438,404
1318810269,4217856596,204,286,36,485,82,449
1264901444,3928054209,0,499,0,499,499,499
1167982254,2847720109,62,436,0,499,374,499
274956763,5588795,62,436,0,499,374,499
1249533238,3819977556,141,258,151,266,117,115
1249764702,3821773110,9,476,87,413,467,326
1267239663,3942383014,0,499,0,499,499,499
133908330,3792275,75,424,0,499,349,499
1297469606,76691879,84,415,0,499,331,499
891742996,138467219,144,354,100,399,210,299
1250259272,3831236799,98,401,177,412,303,235
1328409662,4250685334,85,460,32,456,375,424
853541986,84400240,118,332,24,424,214,400
1079981260,1439316994,64,434,0,499,370,499
1141332655,2429207423,74,449,85,436,375,351
1268911311,3945844156,62,436,0,499,374,499
1150025525,2562274705,130,368,0,499,238,499
1226405795,3591581822,0,499,142,436,499,294
1298545112,4139985512,62,408,9,435,346,426
1309326112,4180124016,62,436,0,499,374,499
1262727146,3910821114,105,384,23,413,279,390
1319428799,4214364202,53,449,127,344,396,217
1243392097,3773729985,22,475,23,476,453,453
1172460641,1609797326,13,488,22,473,475,451
1166552796,2819652465,110,389,54,445,279,391
1147519885,2532700888,158,339,120,376,181,256
1113100353,1832988030,18,484,54,441,466,387
1119653184,2001503810,81,418,5,494,337,489
1304042728,4160812231,2,499,56,499,497,443
1032408502,621447970,4,495,0,499,491,499
1098063028,277342500,157,401,86,417,244,331
1325252312,4240794638,0,499,0,499,499,499
1090452889,1557073840,147,351,100,399,204,299
1258317515,3881732731,96,398,37,454,302,417
1204210504,3287277507,58,453,90,412,395,322
1217322245,3120179441,0,499,0,499,499,499
1261423804,3898727670,0,499,2,498,499,496
1251079990,3837065844,0,499,62,436,499,374
1096382110,1651188930,100,399,0,499,299,499
1273242795,3992542581,76,428,118,448,352,330
1257257747,3879901597,10,484,22,497,474,475
1301264359,4151248122,97,455,67,437,358,370
934549498,193013252,0,499,62,436,499,374
920333888,166269513,189,320,222,276,131,54
1269332161,3958048006,120,380,37,459,260,422
1264932479,3927792903,0,499,0,499,499,499
1323681435,4234147161,0,486,0,492,486,492
1302905853,4156934496,28,480,157,329,452,172
1223595698,3582312169,11,489,165,383,478,218
958568196,228489675,117,379,161,343,262,182
891328957,137785287,200,298,181,318,98,137
110230130,3397647,63,436,0,475,373,475
1241414331,3756658409,185,314,163,335,129,172
986638312,126695761,62,436,0,499,374,499
858241661,48929196,53,446,0,499,393,499
1313703993,4197553452,45,479,11,466,434,455
1240731009,3748207824,59,455,22,458,396,436
1244541044,3785187835,0,499,129,436,499,307
1045520652,869767975,91,407,29,471,316,442
1304036734,4160884493,106,388,51,463,282,412
1289816770,4089928082,43,458,129,366,415,237
1310071649,4181961014,28,460,55,467,432,412
854731028,87784287,196,303,175,324,107,149
1309539930,4152833155,86,412,22,473,326,451
871008920,115728894,0,498,55,444,498,389
1115667842,1948872206,100,459,69,401,359,332
976143772,275283719,75,424,130,368,349,238
1006292648,422237445,98,400,50,449,302,399
973237249,268112566,181,330,78,471,149,393
904816059,147375795,26,467,105,397,441,292
1307792012,4172825301,106,350,103,405,244,302
1263005073,3913252396,0,499,0,499,499,499
1224392763,3585628236,0,499,124,374,499,250
860133216,97458477,105,426,25,499,321,474
1265217333,3929900650,0,499,0,499,499,499
1047100680,889286957,1,498,74,424,497,350
1283913928,4063330837,20,485,48,470,465,422
989487937,296705525,13,459,233,267,446,34
1243785480,3775998177,94,388,181,338,294,157
1264383497,3925262987,0,499,0,499,499,499
1248621281,3816501948,0,499,0,499,499,499
1192033364,3120541292,71,431,256,486,360,230
927418367,180372140,234,281,149,339,47,190
1254467886,1884318464,64,435,0,499,371,499
1168537265,2849954973,0,499,83,415,499,332
1245608358,3793426676,0,499,198,436,499,238
1232782090,3669116541,31,468,70,429,437,359
1217173681,3490667979,316,429,178,297,113,119
1283753798,4061610892,0,499,0,499,499,499
287686036,4983688,120,379,50,449,259,399
1026892687,569768087,100,399,58,441,299,383
878022740,72982486,79,419,0,495,340,495
779867798,62030716,135,364,135,364,229,229
1323517615,4231857839,71,429,73,428,358,355
1260342574,3893243210,72,435,72,455,363,383
1011019134,449731959,96,403,50,448,307,398
1007588313,435088804,100,399,50,449,299,399
1255763541,3871050581,0,499,0,499,499,499
1280432190,4044748159,0,499,0,499,499,499
1283773898,4061611964,0,499,0,499,499,499
915097325,159603823,0,499,0,499,499,499
1194423951,3158674764,58,440,58,441,382,383
862263769,101808571,62,436,0,499,374,499
1040820884,819652287,0,499,62,436,499,374
1255683913,3870849542,85,430,104,382,345,278
1248840509,3817898981,13,485,86,415,472,329
947336840,147373859,0,499,109,389,499,280
1254425587,3861759172,0,499,0,499,499,499
1282700959,4058564303,0,499,0,499,499,499
1243658948,3775275022,0,499,169,436,499,267
1130061266,2175312564,75,424,10,489,349,479
912529758,156654108,0,499,62,436,499,374
940547551,138746170,85,394,144,351,309,207
1259124387,3887606619,0,499,0,499,499,499
1145796858,2504450678,62,436,0,499,374,499
1106540342,1861384296,0,499,62,436,499,374
1265350884,3930494814,134,363,166,336,229,170
998176650,332311987,62,436,0,499,374,499
322317830,1647473,185,314,159,340,129,181
718605198,59331902,196,304,172,322,108,150
915097411,159603832,0,499,0,499,499,499
1056541728,677402408,87,411,0,499,324,499
1008228360,436164425,95,403,34,464,308,430
1123705256,2061398671,152,346,100,399,194,299
1027275330,570689348,104,394,50,449,290,399
1260313096,3893329358,221,263,88,405,42,317
1269127245,2032183751,100,399,80,418,299,338
1269982827,3965652422,0,499,62,436,499,374
1289111677,4085969325,0,499,0,499,499,499
1088564911,1531938491,0,499,62,436,499,374
1238292530,3727585111,21,493,3,494,472,491
1284988067,4066000835,0,499,0,499,499,499
1308780558,4177815495,170,318,108,342,148,234
1093218693,1592733645,160,339,173,325,179,152
1188438069,3064471687,16,486,46,481,470,435
1144459670,2482252643,0,499,39,459,499,420
1289148171,4086220077,0,499,0,499,499,499
1249535218,3819982038,208,284,0,499,76,499
893019481,140392886,50,449,124,375,399,251
1043841381,853455932,58,488,126,410,430,284
1116378566,1960323693,133,366,95,406,233,311
1188525564,3067040280,60,446,119,364,386,245
1266672370,3939550841,25,478,39,468,453,429
1260610976,3894559149,0,499,3,496,499,493
1122909995,2046694731,76,423,0,499,347,499
1269263884,1173250339,100,399,15,484,299,469
1110301299,1894664597,224,261,221,265,37,44
1103837071,1820097609,0,499,123,499,499,376
1261417135,3898724679,146,366,71,431,220,360
1244795843,1974917166,21,455,92,410,434,318
1266064207,180456986,0,499,62,436,499,374
1105892754,1857895948,0,499,62,436,499,374
1169449843,2875392161,0,499,62,436,499,374
151050030,4801148,145,354,100,399,209,299
984031766,288461263,48,460,41,457,412,416
879250440,124678220,64,435,5,474,371,469
1252627823,3850328607,0,499,154,436,499,282
1204300661,3288154146,62,468,122,355,406,233
1274502867,62600098,12,486,9,489,474,480
1124998162,2087489856,0,499,108,390,499,282
1123926070,1118849532,0,499,73,499,499,426
1301373655,4150983681,0,499,0,499,499,499
1153461852,2628619380,151,357,101,399,206,298
995102513,303051128,42,445,51,440,403,389
1112134207,1920865333,17,479,124,403,462,279
1215341956,3470013045,5,480,58,422,475,364
1262561317,3908517400,108,402,27,474,294,447
1275396618,4003969703,53,442,68,444,389,376
928649624,182147863,85,415,16,487,330,471
949386746,212343047,135,361,134,364,226,230
939834360,202971345,0,499,62,436,499,374
916302338,161128181,209,248,52,446,39,394
1254891856,3866912231,0,499,0,499,499,499
1193278213,3140729508,56,445,160,338,389,178
1139942575,2398487200,64,432,28,483,368,455
1176729289,2961252493,206,288,11,493,82,482
1273450737,3992731411,44,456,47,459,412,412
1263868124,3921315460,125,378,10,499,253,489
1153379180,2616225458,104,395,50,449,291,399
1041652056,831707905,0,499,62,436,499,374
1206018672,3317258349,0,499,0,499,499,499
876261633,91644226,69,430,0,498,361,498
1305105096,4164666786,106,388,51,463,282,412
1292414926,4108910677,90,397,150,362,307,212
985555990,65915080,80,419,4,480,339,476
1130173726,2175711747,64,434,0,499,370,499
1243415191,3773721361,79,418,118,393,339,275
924122218,175256677,100,398,34,465,298,431
1094098033,1612360118,0,499,62,436,499,374
1209667250,2956603854,184,315,150,349,131,199
1158449208,2699883976,51,485,130,364,434,234
1275668444,4007789510,31,468,104,395,437,291
1271275942,3976900372,80,429,65,409,349,344
854981875,87912905,196,303,175,324,107,149
1251229957,3838168901,35,458,15,314,423,299
1090561929,1558369569,0,499,16,484,499,468
1324220233,4235883759,28,460,58,423,432,365
1274286609,3997829708,0,499,3,499,499,496
1311703963,4188909726,0,499,0,499,499,499
1323221318,4231850176,89,420,85,403,331,318
1280178831,4043913554,172,338,178,336,166,158
291810750,11530383,150,349,107,391,199,284
1265206257,3929890036,5,498,61,422,493,361
1257304910,3879898863,0,499,0,499,499,499
1306528253,4167074288,106,388,51,463,282,412
1261978459,3902216350,214,287,109,392,73,283
1283643401,4061595795,0,499,0,499,499,499
1015079159,476856115,68,431,0,499,363,499
1098783775,1688779097,0,499,84,415,499,331
1278033195,4029127976,49,455,117,416,406,299
1008441105,289006955,0,499,63,436,499,373
1282772161,4058573862,0,499,0,499,499,499
1188522067,3067034468,69,407,123,398,338,275
1306854093,4168957347,0,499,0,499,499,499
1244991985,3787994844,45,494,17,484,449,467
1267355523,3942401473,18,458,91,421,440,330
1117496857,1971900134,0,499,83,415,499,332
1319412508,4214354256,24,480,69,407,456,338
1237523088,3721019950,70,429,145,354,359,209
1032827480,62387156,62,436,0,499,374,499
1192212281,3123810154,154,345,120,404,191,284
1309556959,4180148780,32,484,75,438,452,363
1308454826,4176406479,0,499,0,499,499,499
1313501002,4197528024,80,407,80,422,327,342
1174587271,2940638867,165,330,155,344,165,189
1216233977,3461162997,154,345,140,389,191,249
1273690382,3992775475,73,436,73,426,363,353
1303213269,4157444476,6,499,0,499,493,499
1276327092,4012665083,0,499,0,499,499,499
1215526184,3470062560,10,492,121,374,482,253
1243659885,3775275606,0,499,62,436,499,374
1226156958,3596128183,9,488,107,383,479,276
1094593687,1624346844,74,399,126,346,325,220
1257227318,3879889423,0,499,39,499,499,460
1225666812,3493235802,125,374,140,358,249,218
1107660239,1869201159,94,408,13,484,314,471
1105639186,1850992946,109,389,0,499,280,499
1314519414,4186296554,48,470,62,414,422,352
959985364,234610363,62,436,0,499,374,499
973386012,268540946,62,436,0,499,374,499
1301530998,4150996829,31,457,10,457,426,447
1318949879,4220451928,42,466,24,470,424,446
1275655437,4006517500,0,499,0,499,499,499
1042016368,837125401,24,481,56,444,457,388
1257016796,3876885085,167,331,137,361,164,224
995236709,303207545,125,374,62,436,249,374
1289497185,4088735349,115,168,203,297,53,94
1248593931,3816446190,0,499,0,499,499,499
1257627336,3881237714,28,465,197,270,437,73
1030658855,197846966,109,389,0,499,280,499
1257235067,3879891360,57,473,143,482,416,339
1132983593,2240360472,110,389,54,445,279,391
1301538207,4151264549,0,499,0,499,499,499
1241423968,3756672501,204,294,190,311,90,121
1228099206,3614431927,17,493,24,464,476,440
1278802793,4037084424,63,432,78,433,369,355
1317586222,4213256955,102,420,0,122,318,122
1261409038,3898721914,0,499,0,499,499,499
1115476204,278681119,150,349,100,353,199,253
1009248162,440575289,100,399,55,444,299,389
1287785977,4079242651,101,398,0,494,297,494
1061567835,511836276,39,463,53,498,424,445
1135288609,2305498214,0,499,109,389,499,280
914072564,158527603,45,454,0,499,409,499
1191363761,2605651236,109,390,92,406,281,314
1306668045,4163959986,62,436,0,499,374,499
1273880521,3995597185,0,499,0,310,499,310
1299838010,4143423304,3,479,35,477,476,442
1207454388,3340273193,62,436,0,499,374,499
1304066120,4160931049,106,389,51,463,283,412
859876648,95569781,62,436,0,499,374,499
1025689861,554119548,0,499,62,436,499,374
1265214659,3929900525,0,499,0,499,499,499
948471305,211079757,0,499,89,409,499,320
1027673635,574785260,0,499,62,436,499,374
1174593774,2940640521,18,476,102,476,458,374
1276717961,4015982342,38,459,97,399,421,302
1234510156,3685220473,196,304,75,427,108,352
1276070911,4010225619,93,432,83,437,339,354
1127347833,2121747366,0,499,0,499,499,499
1268741090,3936362845,32,469,140,397,437,257
1004988933,407383883,156,342,100,399,186,299
1308544758,4176729534,75,437,21,478,362,457
1143058184,2452318072,0,499,13,486,499,473
1039791349,802854309,8,491,21,479,483,458
1192478840,3128688621,62,464,75,428,402,353
1090491708,1557174144,94,474,41,425,380,384
1079675755,1431313679,4,494,138,366,490,228
1142016206,2444158821,133,365,125,365,232,240
1311385418,4187377747,12,486,106,382,474,276
1326004978,4237034391,62,436,0,499,374,499
874727664,87283063,71,427,10,499,356,489
1215651385,3471354507,70,429,145,354,359,209
1095903986,1643723630,149,495,75,422,346,347
1201789567,3249298327,24,484,122,335,460,213
1089837369,1548294990,7,495,21,465,488,444
1209629625,3382218939,88,422,160,378,334,218
1246424086,3796729505,36,452,166,363,416,197
1303987240,4014009683,145,355,1,496,210,495
1043864401,853926647,112,186,231,264,74,33
701283327,54760310,204,295,185,314,91,129
1286467293,4074892166,90,399,34,432,309,398
1249535587,3819982820,137,359,159,339,222,180
1192022810,3120507288,158,499,0,484,341,484
1100072857,1711728688,180,319,153,346,139,193
1261415526,3898724277,86,499,72,499,413,427
1205782992,3311043181,83,415,0,499,332,499
1283919738,4061631749,205,288,40,482,83,442
1234768191,3690228618,113,362,145,356,249,211
1251528466,3751006874,100,399,45,483,299,438
1310997858,4184402131,0,499,0,499,499,499
1178358847,2985039466,40,464,107,340,424,233
1258840466,3887559462,74,428,95,434,354,339
1316277928,4200881973,0,499,0,463,499,463
1261344346,3899456224,0,499,62,436,499,374
1229730328,3626462841,0,499,63,436,499,373
1303906726,4160340754,66,432,0,499,366,499
1067905332,1185501288,89,410,0,499,321,499
1244994978,3787995013,0,499,7,499,499,492
1212046612,3415934221,22,482,159,332,460,173
889900290,136010025,0,499,62,436,499,374
1271998053,3986433447,0,499,0,499,499,499
8839330,1395334,117,381,142,357,264,215
1101832318,1783667354,0,499,62,436,499,374
1244483264,3784694203,0,499,62,436,499,374
1256877045,3874572086,155,406,203,382,251,179
1260390800,3893245940,25,451,6,493,426,487
1190252208,2746553085,65,446,194,351,381,157
883965920,368181,75,423,0,499,348,499
1323692540,4234147595,71,440,139,314,369,175
1075760536,1352145778,68,432,84,427,364,343
941621890,207151284,109,382,140,349,273,209
453355830,50322819,128,371,91,407,243,316
894096673,141853151,0,499,84,415,499,331
1264204452,3924745866,165,339,19,480,174,461
1313566478,4197532119,31,405,37,446,374,409
1302572927,4155425136,15,455,113,412,440,299
1307778901,4172824346,31,499,84,499,468,415
1111682197,1913513968,54,441,62,447,387,385
1282865193,4057530148,0,499,0,499,499,499
1282576681,4057554062,0,499,0,499,499,499
1266042302,3930992959,0,499,0,499,499,499
1068095299,1189061877,0,499,0,499,499,499
1276306306,4012661745,77,423,76,378,346,302
1156656719,2675088217,119,373,166,370,254,204
1240179750,3707712256,78,405,44,459,327,415
1261424090,3898727687,0,447,0,499,447,499
1249536287,3819984285,126,373,126,373,247,247
893903348,120496879,145,354,100,399,209,299
1322050104,4229645231,83,427,81,427,344,346
1322675111,4230268152,148,354,167,317,206,150
992933677,300712975,161,344,202,349,183,147
1307472848,4170894728,216,276,55,209,60,154
1292455778,4108919087,5,488,154,391,483,237
1057822227,1082347899,0,499,238,260,499,22
1171368306,2907481704,0,499,128,371,499,243
1302784461,4156529858,65,443,0,483,378,483
1196881489,3194942374,17,480,200,339,463,139
1007587542,435121937,100,399,37,462,299,425
1190251229,1876686725,0,499,62,436,499,374
1318624360,4215228503,159,321,91,331,162,240
1265224703,3929899942,8,492,129,383,484,254
1131804904,2168077276,18,489,43,460,471,417
1079769462,1433340196,125,374,62,436,249,374
1063146872,1117894677,0,499,62,436,499,374
1174593295,2940640448,7,495,63,481,488,418
1200721540,2112533142,137,361,100,399,224,299
1322305568,4228968409,65,481,67,400,416,333
933253095,190107024,73,425,11,499,352,488
1283727737,4061606995,0,499,0,499,499,499
1208919185,3365786042,21,499,0,489,478,489
1262294650,3906636342,0,499,96,379,499,283
1068974578,1212839360,0,499,63,435,499,372
1324091710,4236042030,53,455,55,439,402,384
1273064810,3992552581,0,499,0,499,499,499
1202965582,2714262427,162,336,100,399,174,299
1261200843,3897484148,0,499,62,436,499,374
1231984919,3656726923,63,428,33,414,365,381
1294104344,4122227135,56,430,108,388,374,280
1241834728,3755268561,127,371,79,420,244,341
1246305848,3798250395,74,374,194,422,300,228
1191066863,3101227644,24,469,32,468,445,436
1261904416,3901476912,16,489,72,425,473,353
1313646851,4199656518,78,406,89,421,328,332
894752658,142135144,127,370,162,355,243,193
1275349494,4003962260,80,434,71,442,354,371
1073516706,1322434319,178,321,150,349,143,199
1283535027,142088376,70,429,25,454,359,429
1123814380,2062701151,155,343,100,399,188,299
1027069070,569633125,104,395,57,449,291,392
1268229551,3946997892,6,492,76,422,486,346
1002981265,388572590,125,374,125,374,249,249
1267257371,3939867676,0,499,109,389,499,280
1230550698,3632873634,0,499,62,436,499,374
1282877564,4057530536,0,499,0,499,499,499
1270160132,3969435625,32,441,9,488,409,479
1281977928,4050745067,18,433,160,397,415,237
877027538,122425048,0,499,62,436,499,374
1289003382,4085959060,116,385,71,447,269,376
1303183920,4157520706,0,499,0,499,499,499
1042990714,846366960,156,370,9,460,214,451
1090531712,866793059,59,440,29,471,381,442
1272572827,3989896498,0,499,0,499,499,499
941678688,207257889,158,242,175,267,84,92
1048522910,942607934,73,426,0,499,353,499
1053583640,1035094990,80,419,0,499,339,499
1140985974,168645191,42,470,35,484,428,449
1325918866,4239126071,62,436,0,499,374,499
1211983058,3414348130,21,475,54,457,454,403
1279149614,4037095917,30,448,64,464,418,400
941464285,206376687,0,499,62,436,499,374
1282812114,4057524996,0,499,0,499,499,499
1082888000,1472148254,68,430,0,499,362,499
1153447560,2628202715,226,266,377,431,40,54
973175564,268089822,137,368,139,358,231,219
1137626749,2349445567,11,493,164,429,482,265
1282024515,4053880700,187,321,57,412,134,355
1292743414,4113478909,0,499,0,499,499,499
1002137561,374197943,19,476,96,390,457,294
1279276013,4037118955,66,429,86,453,363,367
1169577195,2876806348,126,394,137,435,268,298
1257420038,3881320015,0,499,0,499,499,499
1292189506,2707512233,155,378,67,441,223,374
1294210259,4122559680,21,493,3,494,472,491
1100065275,1711736404,110,389,55,444,279,389
1250278165,3831627550,95,438,126,375,343,249
1263880871,3921317176,125,378,10,499,253,489
1318638230,4217950670,0,499,0,499,499,499
977846849,278814118,146,356,178,336,210,158
1276325877,4012704042,34,445,66,463,411,397
1291744800,4093285520,63,499,109,428,436,319
915097341,159603481,193,305,17,487,112,470
1312712920,4189757833,0,499,62,436,499,374
941634929,207159776,124,154,211,260,30,49
1088816927,1320068567,100,399,40,459,299,419
1168803377,2860943325,62,436,0,499,374,499
1257866326,3883202887,0,499,0,499,499,499
1174590241,2940639646,148,356,160,348,208,188
869834052,113122206,203,296,180,315,93,135
1303146630,4157513066,35,447,49,456,412,407
1257682699,3881724669,0,472,39,499,472,460
1274705579,56824506,96,403,0,499,307,499
1275091163,4003845194,0,499,0,499,499,499
1275638804,4007156323,98,375,192,428,277,236
1192038115,3120558261,71,431,256,486,360,230
1076919660,1370368761,0,488,137,361,488,224
1177679471,2971711279,0,499,0,499,499,499
1102611200,1803613697,217,282,205,335,65,130
1250268158,3831364124,0,499,167,436,499,269
1261710192,3900895667,0,499,0,499,499,499
873420195,118654206,0,499,62,436,499,374
932093166,187430895,0,499,82,416,499,334
850261972,81838568,79,417,123,376,338,253
1181441622,3002932581,0,499,3,496,499,493
1308772672,4177954387,0,499,63,436,499,373
987678255,294490545,108,427,10,467,319,457
1313283015,4197662433,0,499,0,499,499,499
1044652820,861831907,195,313,20,476,118,456
1146383688,579029199,0,499,63,436,499,373
1276431544,4013272784,114,399,10,419,285,409
1323344940,4231758112,38,457,57,446,419,389
1301716645,4151270934,51,449,94,410,398,316
1168306337,2856636233,0,499,62,436,499,374
1294210366,4122559701,0,499,80,355,499,275
1256970021,3876189016,0,499,0,499,499,499
1235999568,3703045344,32,474,57,460,442,403
1251166037,278557910,100,399,20,479,299,459
644926485,3140317,0,499,62,437,499,375
844746368,73183770,23,475,0,499,452,499
1307403829,4171238551,0,499,0,499,499,499
1266535334,3938261815,0,499,0,499,499,499
1255734649,3871035725,0,499,0,499,499,499
1283924550,4061632693,57,281,143,372,224,229
750112813,60856791,17,471,91,403,454,312
1067328323,1180182560,10,486,70,444,476,374
1258535801,3885717701,11,466,126,414,455,288
1242821784,3764199911,57,432,15,482,375,467
1279867387,4039367507,62,436,0,499,374,499
1158121410,2695198594,8,488,89,406,480,317
1226390239,3593138711,65,433,0,499,368,499
1279606438,3237476946,0,499,62,436,499,374
1180922226,2952868930,0,499,62,436,499,374
1269968715,3965335553,133,340,26,472,207,446
1316128999,4200872275,0,494,27,499,494,472
100384230,3158888,73,426,0,499,353,499
1164384952,2773949143,65,434,0,499,369,499
1313337115,4197665233,0,499,0,450,499,450
1260304298,3893329040,107,417,79,428,310,349
1192166480,3122735200,68,432,22,488,364,466
1316133110,4200872652,55,446,48,463,391,415
936543224,196189214,127,377,174,329,250,155
1188538869,3067204206,130,369,130,369,239,239
1132937993,2238357356,80,418,0,499,338,499
1153443704,942776599,75,466,11,478,391,467
1097096209,1666315078,133,373,84,478,240,394
1289555343,4088654170,0,492,0,499,492,499
1007750846,435254668,101,397,50,449,296,399
446491630,50252806,120,379,66,441,259,375
1313450504,4197677777,94,474,149,326,380,177
1241903197,3761139389,68,431,0,499,363,499
1319185942,4219551598,46,460,146,419,414,273
1087838440,1530253962,155,343,100,399,188,299
946448511,208539341,68,431,0,499,363,499
1068534254,1188850798,0,499,5,494,499,489
1269496899,3959362477,0,499,0,499,499,499
835052489,68530814,29,469,0,499,440,499
1216099431,3477454606,125,387,61,415,262,354
1275307922,4003958443,59,446,65,446,387,381
1275537960,4006493985,70,437,78,441,367,363
140592230,4253125,164,340,127,377,176,250
1211878783,3412267993,163,344,17,421,181,404
1272306443,3988919805,15,484,126,371,469,245
1263668648,3920517257,63,470,137,383,407,246
933252545,190106381,83,417,83,416,334,333
1313205791,4197493853,84,433,72,417,349,345
1261399033,3899875970,135,372,55,420,237,365
1274881185,4001430135,65,435,4,496,370,492
1317519602,4213489144,1,496,61,499,495,438
1290307627,4092909706,90,450,144,359,360,215
744506294,60510902,144,353,114,386,209,272
1119893297,460325719,146,352,100,399,206,299
1204201915,3287130054,193,311,151,349,118,198
1284193114,4063439994,50,446,53,445,396,392
1054075842,1035110453,47,452,0,499,405,499
1263991136,3923198171,0,499,45,454,499,409
862632864,102349420,72,416,68,435,344,367
1257152366,3879365539,196,312,39,456,116,417
1273272837,3992550589,55,449,63,446,394,383
1147632806,2533301088,104,393,132,403,289,271
1292873504,4114275609,29,457,6,498,428,492
1276008746,4010222430,12,491,27,499,479,472
286586131,16822850,0,499,62,436,499,374
1243659987,3775275634,0,499,134,436,499,302
1263893975,3921318498,125,378,10,499,253,489
1261375431,3898716683,0,499,0,499,499,499
1191663584,3112333767,35,464,114,388,429,274
874730340,3845766,71,427,0,499,356,499
1259389716,3887637572,94,426,94,426,332,332
1292477311,4108929452,46,448,35,440,402,405
1260354696,3893198998,133,415,120,371,282,251
1292122819,4106615904,104,395,133,366,291,233
1260347142,3893243612,44,451,143,443,407,300
1153322093,2613604291,75,424,4,496,349,492
1310047012,4181952780,112,393,168,334,281,166
1299293397,4141676061,96,386,31,475,290,444
1265222410,3929899355,40,470,19,453,430,434
1232369745,3660534505,0,499,193,436,499,243
1252604182,3850029245,45,431,25,422,386,397
1095198267,1629923707,0,499,1,498,499,497
1113878044,1929088649,153,341,119,396,188,277
1295481870,4126957438,97,470,63,437,373,374
598737036,54692547,62,436,0,499,374,499
1323332036,4231757593,0,499,0,499,499,499
1066361712,1164931012,73,426,0,499,353,499
1192068516,3120623593,62,436,0,499,374,499
1256080601,3873128739,83,431,95,434,348,339
1307347458,4171370974,104,395,156,343,291,187
1144289888,2478931081,29,473,82,421,444,339
1296397108,4130472617,40,478,20,474,438,454
1319255962,4214102749,35,460,18,471,425,453
1252627416,3850328410,0,499,62,436,499,374
1264350273,3925416165,37,462,62,437,425,375
973606814,269654056,13,484,125,380,471,255
1270258681,3970402338,110,393,48,451,283,403
1316143125,4200873760,40,479,34,461,439,427
1013129289,462280208,152,347,112,387,195,275
1289809121,4089927406,0,499,0,499,499,499
1316157106,4200875217,109,389,0,499,280,499
1267338448,3942398561,86,421,5,364,335,359
1248853447,3817904640,69,429,94,405,360,311
1223038096,3575983421,100,394,180,387,294,207
1023580122,537296393,90,409,130,369,319,239
927602649,180669880,31,465,156,367,434,211
1092144344,1578005185,0,496,72,424,496,352
1248834597,3817892548,55,444,1,499,389,498
873842111,119670915,150,349,150,349,199,199
1010552655,447636687,100,399,100,399,299,299
1217176159,3490669738,15,279,12,271,264,259
1277405141,4023681259,11,491,85,415,480,330
1146393951,2033310290,26,472,30,480,446,450
1265172945,3929867178,19,34,224,278,15,54
1128682061,213343687,74,425,146,352,351,206
465502530,50039542,83,415,28,471,332,443
1275667070,4007788661,140,378,131,396,238,265
1225608460,3591018852,52,479,65,433,427,368
1054499877,1040442538,63,436,0,499,373,499
1120599720,2014579672,109,389,0,499,280,499
1224827788,3521204577,77,421,62,470,344,408
1316326764,4209055078,8,492,107,423,484,316
1321314750,4222977829,10,488,41,442,478,401
1282943282,4057853099,0,499,0,499,499,499
1004661641,284552254,121,377,69,428,256,359
1247727050,3749642865,125,388,125,387,263,262
961264716,237220382,161,361,124,374,200,250
1301524776,4150996423,0,499,0,499,499,499
1010240148,445344561,0,499,109,389,499,280
1256823963,3875155521,24,477,148,352,453,204
1032723725,128617692,30,499,132,409,469,277
1133294262,258073728,100,401,100,403,301,303
979171966,281508523,16,470,22,455,454,433
1264897142,3928053787,21,475,158,377,454,219
1257343173,3879909976,0,499,0,499,499,499
868959417,103081028,236,262,0,499,26,499
1308805187,4177860340,2,499,0,499,497,499
1002976740,388571512,145,344,196,295,199,99
1002971482,388567592,146,352,125,374,206,249
1237400663,2649439259,100,399,22,476,299,454
1196321863,3180074131,62,436,0,499,374,499
1265215141,3929895316,22,461,8,464,439,456
963081304,91769491,78,420,0,499,342,499
1236943357,3715829391,0,499,55,443,499,388
696858623,57725914,62,436,0,499,374,499
1241395050,3756586555,185,314,167,332,129,165
1109940529,1896707835,1,499,74,426,498,352
1316966460,4210961654,0,499,0,499,499,499
1269260715,3951553017,0,499,32,466,499,434
872308730,117013514,71,427,1,497,356,496
1311618006,4188738704,1,498,0,499,497,499
1002985807,388576430,157,346,157,337,189,180
1260389629,3893245908,103,357,29,475,254,446
1271817439,3981943001,98,397,140,417,299,277
1159546083,2716086198,47,451,0,499,404,499
1140698335,870017722,151,348,107,395,197,288
1208138290,3351248970,45,364,147,423,319,276
1309033472,278556496,100,399,8,491,299,483
947132660,209253181,136,363,165,334,227,169
1001456117,367178221,15,489,111,405,474,294
1294805375,4124264113,90,408,0,499,318,499
1308891473,278508362,100,399,17,481,299,464
1240179757,3719440565,96,401,0,499,305,499
1023454482,536648325,145,347,199,370,202,171
1205644861,3308228375,8,476,15,482,468,467
973607432,269653892,0,499,82,416,499,334
1246418268,3798934030,51,463,75,400,412,325
1254792109,3865961770,65,438,31,491,373,460
1301012039,4150114280,125,374,125,353,249,228
1166444027,2816598436,70,429,0,499,359,499
1306591619,4168599845,83,418,3,497,335,494
858056207,92045501,0,499,62,436,499,374
1266064205,3931910255,109,389,0,499,280,499
1322984066,4231798351,88,415,112,445,327,333
1121083898,2030845922,212,295,144,377,83,233
978671642,279915289,58,440,0,499,382,499
1027720214,290708014,147,352,84,417,205,333
987416554,294294172,141,380,46,486,239,440
1310862883,4184607704,60,440,66,433,380,367
1211053903,175430666,0,499,62,437,499,375
1186357982,3028018871,52,436,12,428,384,416
1100066892,1711729991,110,389,52,447,279,395
1194420434,3158519034,33,444,80,426,411,346
1100062590,1711736819,110,389,52,446,279,394
1024753698,547027670,122,378,117,386,256,269
1049150804,949481056,17,485,53,452,468,399
891734766,138463944,111,399,116,383,288,267
365218549,49474009,193,306,190,336,113,146
1122088888,2046137689,15,487,150,385,472,235
1133629211,2254603168,68,431,0,499,363,499
1143247143,2463415164,137,361,100,399,224,299
1237105706,3710007904,40,461,114,376,421,262
1285878165,4017685901,0,499,0,499,499,499
1306838952,4168956915,0,499,85,499,499,414
1255993279,2064935082,83,415,0,499,332,499
1108739293,1878218190,110,389,42,463,279,421
1275563687,4006495167,61,486,18,455,425,437
1304022521,4160808145,0,499,16,499,499,483
1305087628,4164663561,106,388,51,463,282,412
1316471090,4209066033,0,499,0,499,499,499
1192779641,3133384895,0,499,62,436,499,374
1242121833,3762618716,46,434,42,475,388,433
1265203939,3929889955,181,319,19,492,138,473
1294208850,4122559426,1,494,15,497,493,482
870013998,114252386,0,499,62,436,499,374
1292018470,4105747719,28,457,141,426,429,285
1104887496,1844886300,0,499,109,389,499,280
1286712190,4071959576,138,374,128,360,236,232
971203657,260978007,0,499,45,454,499,409
431376947,49844955,73,425,0,499,352,499
1140311268,2406558596,66,498,65,428,432,363
1305561680,4133287356,82,417,4,499,335,495
1275265144,4003952096,61,438,64,460,377,396
1237276325,3716305309,44,480,70,432,436,362
1177148410,2970574226,159,340,28,499,181,471
1261174037,3898707882,0,499,165,338,499,173
1172800239,2920721810,107,386,32,452,279,420
1022196733,526762244,1,497,1,498,496,497
1320141985,4215435252,47,449,75,349,402,274
1251003512,3837108749,0,499,0,499,499,499
1265814168,3934538660,109,389,0,499,280,499
857970515,92068297,108,386,99,438,278,339
1074516865,1335978201,62,436,0,499,374,499
1009253683,440550580,150,349,109,390,199,281
1251239433,3802607320,179,318,222,298,139,76
1291738008,4095802167,24,453,29,490,429,461
1235876916,3701256640,35,472,61,460,437,399
1009496635,441641091,13,477,91,403,464,312
1008107428,435918493,150,349,105,393,199,288
1274415614,88696413,59,440,0,499,381,499
935883504,195751551,75,424,0,499,349,499
1128423594,2136979025,137,361,100,399,224,299
1061586662,404375439,19,476,26,455,457,429
1119407618,1998122009,122,397,71,411,275,340
1234731770,3689605455,95,396,8,489,301,481
938379878,200313862,0,499,62,436,499,374
1317973518,4215702102,13,479,145,490,466,345
1276338530,4012860680,0,499,0,499,499,499
1045675763,870564077,0,499,62,436,499,374
1144007909,2473844464,4,485,138,361,481,223
779867806,62030726,135,364,135,364,229,229
1294106734,4122227713,0,499,19,499,499,480
1262366821,3906641363,0,499,204,259,499,55
1107660571,1869200839,152,353,12,487,201,475
1325139845,4240466179,0,499,0,499,499,499
1166551834,2819762058,10,487,117,383,477,266
1310380800,4182239080,78,402,147,328,324,181
1092007770,591839782,154,344,100,399,190,299
1296815908,4109994698,33,477,157,355,444,198
1127645706,2127030512,72,417,28,470,345,442
1238680556,3729320247,31,463,43,480,432,437
1234404796,3682279688,62,436,0,499,374,499
1220137216,3451938425,17,485,18,492,468,474
1248839207,3817898100,77,440,11,477,363,466
1273200830,3992532387,78,410,90,437,332,347
1289115484,4087058822,11,471,19,483,460,464
1118228877,1980264235,79,418,21,478,339,457
1221447470,3563520194,98,413,95,360,315,265
1103088585,1810757008,62,436,0,499,374,499
1321236310,1892621802,0,499,45,499,499,454
1196639182,3195336520,31,471,70,343,440,273
1301301236,4150974968,0,499,1,499,499,498
1240638555,3608436687,100,399,0,499,299,499
1273539122,3992748825,38,458,61,457,420,396
1243224124,3771702689,100,392,120,190,292,70
1248865272,3817907223,30,465,66,441,435,375
1209049713,3366287627,0,499,63,436,499,373
1167054246,2820225928,139,352,21,489,213,468
1175361654,2947788501,119,411,76,420,292,344
1142781011,2454836492,89,411,124,340,322,216
1255518178,3703705352,30,463,164,353,433,189
984415031,288135981,0,499,62,436,499,374
1290638141,4095304706,33,459,73,443,426,370
1156191369,2666371748,178,321,119,380,143,261
1280136729,4042487444,6,486,43,485,480,442
908116106,149241458,71,427,0,499,356,499
549963416,50888240,70,428,0,499,358,499
1248861689,3817906295,57,441,0,498,384,498
1304034084,4160884287,106,388,51,463,282,412
1237335120,3718588184,55,449,172,316,394,144
1113763817,1928285224,59,428,120,388,369,268
694469330,55956116,58,440,0,499,382,499
1321667592,4223013608,99,362,40,435,263,395
1257245731,3879884126,73,422,50,458,349,408
1189488791,3082548716,24,499,95,420,475,325
1203463685,3277809513,122,331,49,468,209,419
973297835,268106783,0,499,62,436,499,374
1198728097,1099447712,154,344,100,399,190,299
1213595807,3450814336,72,427,0,499,355,499
1268664688,3951636022,62,436,0,499,374,499
955939679,220656823,115,384,149,350,269,201
1243659101,3775275174,0,499,62,436,499,374
1127740313,1618231886,62,436,0,499,374,499
1304035173,4160810016,0,470,15,494,470,479
1256616167,3873706165,0,499,0,499,499,499
1323100371,4231816672,20,471,60,471,451,411
998481634,334573703,282,479,113,391,197,278
976685301,276429290,20,478,82,412,458,330
1248831405,3817887800,32,436,12,499,404,487
1159136756,2708912066,0,499,62,436,499,374
1177229200,2971175163,71,120,174,329,49,155
1123822901,2062707197,160,322,131,387,162,256
1240108845,3743369000,0,499,83,416,499,333
1316299601,4209052198,32,464,43,443,432,400
1228429442,586019058,86,450,126,361,364,235
899222725,144894017,0,499,62,436,499,374
1127818414,2131536517,153,346,100,399,193,299
962336939,240326066,56,457,100,405,401,305
1203193243,3227192982,70,433,93,400,363,307
1146390920,2378703961,16,483,50,445,467,395
1141129733,291145057,153,346,100,399,193,299
855420417,81728759,62,436,0,499,374,499
1275549911,4006494485,110,394,68,420,284,352
1316890405,4201919103,100,399,143,355,299,212
1242033124,3761662505,31,468,103,395,437,292
1283474549,4061580054,0,406,6,499,406,493
884157161,129504525,163,336,141,357,173,216
1306534339,4167075159,106,388,51,463,282,412
1239767664,3740036518,117,376,123,422,259,299
1303684824,4157456381,0,499,0,499,499,499
1275373176,4003965103,0,499,0,499,499,499
1222818410,3567113368,154,344,118,399,190,281
1305560451,4144946218,92,409,77,395,317,318
955341353,1639475,64,435,0,499,371,499
1026904859,569638576,106,392,50,449,286,399
1283473260,440146270,45,454,0,499,409,499
1084428702,1493308496,74,425,0,498,351,498
1253519643,3857173156,0,499,116,354,499,238
1130003665,2174333391,0,499,63,436,499,373
1008201930,436076540,123,376,78,421,253,343
1297902246,4137625943,101,397,0,495,296,495
1008037479,435906196,110,388,50,449,278,399
1119364281,1997344468,81,371,67,462,290,395
977797464,278534585,178,321,153,330,143,177
1213042735,3439354222,20,473,23,390,453,367
1128193724,2138419847,113,389,95,462,276,367
980292856,283316949,9,475,68,432,466,364
1273146968,3993166543,212,337,152,295,125,143
1247606044,3811729065,42,477,17,467,435,450
1296398333,4130472645,0,499,0,499,499,499
1275134017,4003850313,29,474,20,468,445,448
1260616318,3894589407,87,414,30,466,327,436
862633597,102356748,80,441,90,409,361,319
1177148120,2970574058,4,493,75,424,489,349
1317898804,4215692430,93,416,32,478,323,446
1289277849,4086086412,71,427,0,499,356,499
1043424177,847727775,188,310,160,339,122,179
1237108248,1684141436,41,441,146,346,400,200
1190880725,3095752261,62,436,0,499,374,499
1176665187,2959795823,88,412,239,360,324,121
1283521447,4061582529,0,499,0,499,499,499
1216127055,3474115325,0,499,62,436,499,374
1092842380,1590926964,0,499,84,415,499,331
1323336832,4231757808,164,332,29,476,168,447
1318639662,4215326517,17,440,16,488,423,472
1281998681,4050750361,57,499,14,499,442,485
1127261465,2116524259,0,499,62,436,499,374
938157330,199450457,71,427,43,456,356,413
1109152048,1883538168,72,426,1,498,354,497
1119065354,1946585252,153,346,100,399,193,299
1295899331,4127717953,23,478,30,468,455,438
1178265006,2983282884,10,491,11,492,481,481
1308316081,4151847047,62,415,88,441,353,353
982246304,286003368,165,333,157,344,168,187
1233583796,3680917034,74,424,0,499,350,499
1132971611,2236359374,62,436,0,499,374,499
1275259071,4003951317,46,454,51,445,408,394
845886540,74965226,0,499,128,371,499,243
1176504955,2958500985,35,493,113,417,458,304
1226234855,3596378969,110,389,54,445,279,391
1303780594,4159408040,41,450,55,454,409,399
1283570173,4061584898,0,499,0,499,499,499
1260252489,3894928252,30,477,30,470,447,440
1324204887,4236298030,31,478,70,457,447,387
1199298990,3226568120,21,468,20,460,447,440
1313341177,4197512985,0,499,0,499,499,499
345655117,18063547,96,402,50,448,306,398
1304174999,4160987554,106,388,51,463,282,412
1147191580,2529688353,84,413,33,465,329,432
1038001027,298426472,109,389,0,499,280,499
1262453881,3908514586,119,446,119,338,327,219
1305131064,4164670768,106,388,51,463,282,412
989863700,145591212,200,299,185,313,99,128
1209372785,3374352963,187,311,150,349,124,199
1275322046,4003959851,26,475,49,472,449,423
1136544129,2332095810,0,499,108,392,499,284
1242119148,3762614500,92,406,0,499,314,499
1026833388,569562826,106,393,50,449,287,399
1270213120,3969772786,0,499,0,499,499,499
1248716357,3816716796,0,499,0,499,499,499
1250964364,3836819898,0,499,0,499,499,499
1174749314,2942695461,29,468,91,396,439,305
969532147,256865766,0,499,62,436,499,374
1313675704,4198487181,31,453,16,491,422,475
1320005613,4215328116,65,458,75,430,393,355
1167719676,2823853901,56,444,188,398,388,210
1221459220,3563523505,17,311,139,368,294,229
1242128607,3762645169,48,460,116,372,412,256
1272469251,3989617325,71,459,16,483,388,467
1188462885,3065095708,0,499,62,436,499,374
1282360255,4056359073,110,389,51,447,279,396
1311094994,4181903261,0,499,0,499,499,499
1241651996,3758983790,72,439,121,425,367,304
940879909,203067431,148,356,174,317,208,143
975387800,273290531,54,447,17,487,393,470
1313139660,4197490654,52,255,251,443,203,192
1132086344,120725574,94,405,27,471,311,444
1255731643,3871035417,32,452,47,479,420,432
1262082265,3904025129,18,484,24,499,466,475
1313219618,4197496438,0,499,0,499,499,499
1297653042,4131357318,70,428,13,499,358,486
1008132963,436063293,160,339,128,371,179,243
1273200204,3992410697,47,439,71,427,392,356
1133771014,2265174119,83,425,63,460,342,397
1262174290,3905724948,105,389,129,347,284,218
1093446710,1602981424,0,499,62,436,499,374
1267261318,3813572012,0,499,141,436,499,295
1261416226,3898724517,0,499,0,499,499,499
1261891469,3900713813,41,474,39,453,433,414
834246061,66627181,83,415,73,449,332,376
1314017172,4201307816,68,465,42,464,397,422
1313499327,4198465632,23,499,53,499,476,446
1008066368,435865645,140,359,107,392,219,285
1288071460,4079555299,0,499,0,499,499,499
1212733869,3432933672,156,343,81,418,187,337
982002774,172622602,269,488,142,344,219,202
967048758,254168883,62,436,0,499,374,499
1255753657,3871041437,0,499,0,499,499,499
874069038,119883234,0,499,62,436,499,374
1027197089,569998213,100,399,51,447,299,396
1317940305,1951685690,0,499,40,499,499,459
1317271155,4210988697,45,472,80,404,427,324
933249118,190102297,73,425,0,499,352,499
1004695129,408800732,0,499,62,436,499,374
1143606039,2468590346,76,413,0,499,337,499
731580390,60055093,53,446,0,499,393,499
1174409568,2937419537,0,499,83,415,499,332
1079222835,1415177016,74,425,0,499,351,499
1039570258,798567809,59,440,0,499,381,499
1252627990,3850328787,0,499,62,436,499,374
1170274316,2894211097,163,338,83,415,175,332
935073984,193985806,37,462,10,489,425,479
1065756710,1153831719,178,321,150,349,143,199
1121155773,2032142605,49,413,118,384,364,266
1108942361,1879839546,127,366,6,488,239,482
1291662856,4102987798,22,472,106,362,450,256
1255757643,3871285722,13,485,151,408,472,257
1049062511,948381303,13,490,79,398,477,319
1190258207,1876686765,87,422,87,413,335,326
1001640495,371945398,125,374,75,423,249,348
1032419657,541874293,0,499,0,499,499,499
166843130,3430320,62,436,0,499,374,499
1316100100,4200868938,29,487,2,471,458,469
1138904072,2377337993,60,446,171,289,386,118
1175632152,2949540964,122,404,145,358,282,213
1002975961,388567009,252,334,176,309,82,133
1189203852,3079426933,152,348,125,373,196,248
1308388707,4176107564,80,429,114,387,349,273
890063125,93406101,61,438,0,499,377,499
1188538509,3063690124,141,376,184,316,235,132
1253708519,3858562900,235,262,470,490,27,20
1321658871,4223010571,15,484,19,489,469,470
1301172218,4151012102,136,363,93,405,227,312
1319996029,4215324807,147,343,74,438,196,364
1207480450,3334627856,16,491,20,491,475,471
1243393417,3773730487,33,466,35,467,433,432
1280136980,4042487556,77,499,108,385,422,277
859844641,95776050,71,427,1,497,356,496
871996228,117146082,135,365,90,407,230,317
971431027,262167544,69,430,9,487,361,478
1311764517,4189045431,50,453,46,459,403,413
1105041390,1846458171,196,294,112,431,98,319
1243650575,3774852997,90,405,5,490,315,485
1168308861,2856422944,0,499,109,389,499,280
977649285,278588085,81,417,0,499,336,499
1201831800,3249405466,21,486,31,461,465,430
996931037,323186313,50,462,0,499,412,499
987420115,294309445,71,439,119,413,368,294
978008745,278581700,77,421,0,499,344,499
1017566695,446633943,190,309,160,339,119,179
1296408179,4130452845,0,499,0,499,499,499
1133844391,2266973585,73,425,4,498,352,494
1198735577,278552001,193,306,112,385,113,273
1281304416,4050817984,0,499,0,499,499,499
1266765696,3940009345,164,367,161,343,203,182
1216264110,3477948198,75,424,0,499,349,499
1289816171,4087680888,16,483,13,480,467,467
1066930446,1173353258,17,485,18,486,468,468
1307778132,4172824270,0,439,55,493,439,438
987298250,293960145,68,431,0,493,363,493
1273982503,3995366294,110,404,158,372,294,214
1174592274,2940640291,34,470,20,490,436,470
1026793284,569547370,100,399,56,442,299,386
1257410092,3881222191,0,499,0,499,499,499
1275627961,4006901723,4,497,3,496,493,493
1147806040,2534150646,117,381,0,493,264,493
892739491,139554945,150,349,107,391,199,284
1248848740,3817903438,30,484,104,384,454,280
1307262421,4169252194,18,478,86,412,460,326
1261192957,3898711231,22,457,92,323,435,231
1261412481,3898723043,109,410,58,457,301,399
1265195022,3929867801,19,479,57,458,460,401
1051759063,981229851,317,466,341,482,149,141
1260369274,3893204286,0,499,0,499,499,499
1033604902,652857431,59,439,0,499,380,499
1272746736,3990163204,0,499,7,499,499,492
1305126998,4164670171,106,388,51,463,282,412
1027035692,569631424,100,398,50,449,298,399
1255493291,3868440672,0,499,0,499,499,499
848189149,77890460,70,429,127,372,359,245
1247848496,3813570725,49,499,85,436,450,351
1292257128,4108380799,16,487,60,448,471,388
1306801803,4167087153,106,388,51,463,282,412
865540761,107923337,224,262,222,299,38,77
1309220990,4180043275,59,407,116,359,348,243
1038475817,751540049,30,470,24,454,440,430
1133552461,2255407147,138,360,94,404,222,310
1012155893,458039051,61,405,44,433,344,389
1215747220,3472115046,0,499,9,490,499,481
1058228322,1087674552,176,322,200,295,146,95
1205020877,3301199993,142,347,150,359,205,209
1046085887,874063295,10,491,146,347,481,201
1045350980,869283690,112,386,91,377,274,286
1267010205,295788290,100,399,21,477,299,456
899221442,145132367,0,499,62,436,499,374
1104368321,278602333,149,349,100,399,200,299
1213815074,3448323033,0,499,0,499,499,499
818904601,62480102,0,499,104,395,499,291
1283062626,1858818939,73,425,0,499,352,499
1026873444,569666955,103,396,50,449,293,399
1219067236,3505315706,33,471,150,326,438,176
1169778885,2877858201,0,499,74,424,499,350
1174589642,2940639508,4,491,85,481,487,396
1268743167,3937041840,59,440,42,407,381,365
1064703169,1132505046,66,431,68,433,365,365
941451435,206613007,69,430,0,499,361,499
973462094,269040603,0,499,37,462,499,425
1157336262,2672226450,47,451,3,499,404,496
1156191963,2666372597,145,375,237,264,230,27
1092225884,1574795110,62,436,0,499,374,499
1314024830,4186126448,33,467,92,394,434,302
1291290417,4101492365,158,343,201,306,185,105
1209286110,3369608371,45,454,101,398,409,297
1079272186,1414804906,81,418,0,499,337,499
1134654656,1889924680,62,436,0,499,374,499
1273156094,3992406391,29,473,34,469,444,435
1269262919,3580816448,100,399,11,487,299,476
1192418035,3128279158,61,434,58,434,373,376
1309739838,4181486638,0,499,0,499,499,499
1265602052,3931890041,52,442,10,461,390,451
1295959695,4128274479,190,317,114,368,127,254
1250248717,3831234157,110,400,80,459,290,379
1102757589,1805032934,91,390,115,384,299,269
1066485675,1167973212,62,436,0,499,374,499
1236161629,3702345942,70,429,0,499,359,499
1249535074,3819980444,206,308,210,311,102,101
1214790010,3462820051,19,34,122,385,15,263
1002224219,375370266,62,436,0,499,374,499
1316187454,4200876760,12,480,31,398,468,367
1191058696,2780674630,0,499,62,436,499,374
882041898,125287832,71,427,14,499,356,485
949385314,212343045,123,358,142,355,235,213
1056223404,1071191364,106,386,46,431,280,385
1255783123,3871116729,49,447,112,404,398,292
1267231696,3942382106,141,362,8,254,221,246
1283713007,4061600460,120,381,109,376,261,267
1027662801,574678841,12,486,70,424,474,354
927441917,180440179,107,391,9,499,284,490
1224486248,3521201488,99,388,115,402,289,287
1252627755,3850328571,0,499,154,436,499,282
1062162237,1108944397,0,499,62,436,499,374
1256967347,3876188040,0,499,0,499,499,499
1248865578,3817907402,30,465,66,441,435,375
903678543,148280349,76,422,12,486,346,474
703212231,3034334,68,430,0,499,362,499
1209553646,3374323403,183,315,150,349,132,199
1076408182,1363084685,151,348,111,387,197,276
1057289406,1077561775,133,358,6,491,225,485
1038509510,733742698,0,499,0,499,499,499
1196814117,3199158161,169,329,213,290,160,77
854664532,87584664,62,436,0,499,374,499
1308850654,745449174,100,399,15,484,299,469
1275711784,4006539317,0,499,0,499,499,499
941710868,207304902,129,369,80,416,240,336
846299659,75535028,66,432,0,499,366,499
968882388,255450113,129,371,80,396,242,316
1193271731,3140529561,115,366,28,462,251,434
1039066013,775574952,0,499,62,436,499,374
987477099,294391078,118,370,9,493,252,484
1190254225,2833039404,16,491,201,409,475,208
1056330996,1071914010,101,397,0,499,296,499
1009306575,440683235,136,363,87,412,227,325
1255016053,3867148893,0,499,0,499,499,499
1192167209,3122749497,71,431,294,486,360,192
1287835901,4079436550,77,433,24,471,356,447
997130335,320422886,72,426,0,499,354,499
922825188,172459972,196,303,165,334,107,169
1148827287,2541831713,109,389,0,499,280,499
1249535834,3819983734,130,369,170,329,239,159
1061083491,71605455,132,366,100,399,234,299
1251221951,3838166133,102,376,2,496,274,494
974190483,270886417,69,429,0,499,360,499
1313370054,4197668660,13,497,36,419,484,383
865408488,92481228,76,423,0,499,347,499
1276001161,4010308683,0,489,74,425,489,351
1103855877,1701261069,151,348,100,399,197,299
987473870,294334863,36,463,50,439,427,389
1216077958,3477292008,0,499,0,499,499,499
1111840281,1915836983,121,400,11,421,279,410
1323871447,4234090600,45,454,52,448,409,396
937459139,197916450,63,436,0,499,373,499
1306900054,4167095707,106,388,51,463,282,412
1277369082,4022249360,0,499,0,499,499,499
1149820234,2556834089,0,499,0,499,499,499
1241415830,3756662138,219,284,197,308,65,111
1316134429,4200872731,24,499,15,484,475,469
1276365604,4012754467,82,425,82,440,343,358
1267293494,3942384825,53,461,94,338,408,244
1105544237,1852896468,184,316,164,336,132,172
1121419994,2035478882,86,332,11,488,246,477
1254341152,3861224064,17,490,14,472,473,458
1131590901,2116667908,164,333,72,428,169,356
1254464627,3861755074,0,499,0,499,499,499
1041187848,824466908,33,472,55,444,439,389
1265207270,3929890067,0,499,0,499,499,499
981406635,284484154,134,367,36,489,233,453
1321177322,4221757875,60,439,23,488,379,465
1323253384,4231686629,101,401,55,448,300,393
985270230,290257261,67,431,13,487,364,474
1313602558,4183600719,12,493,134,358,481,224
1027227382,570638286,100,399,53,445,299,392
1240239520,3745173794,106,411,81,427,305,346
1009289592,440642447,150,349,182,316,199,134
1219795613,3527939065,0,499,70,428,499,358
1244540436,3785187462,0,499,114,436,499,322
1015521774,484961778,55,464,94,406,409,312
1260381091,3893245006,42,451,26,474,409,448
1278209316,4030652147,0,499,83,415,499,332
1309096124,4179604881,0,499,0,448,499,448
1027341154,570729226,104,394,50,449,290,399
294838898,18144056,157,342,120,378,185,258
1146409786,1987261433,34,461,112,382,427,270
1275632971,4006508426,21,475,66,287,454,221
1323696489,4234147787,0,499,0,499,499,499
1257237334,3879897868,0,499,74,499,499,425
332707050,47738351,0,499,112,387,499,275
869157604,109783861,62,436,0,499,374,499
1285953313,4066785485,93,407,38,468,314,430
204940530,3691631,191,308,163,330,117,167
1311058308,4182118121,136,352,21,499,216,478
1244541286,3785187999,0,499,62,436,499,374
1257234837,3879891304,15,464,111,387,449,276
1005548636,412929908,5,493,6,492,488,486
1007641529,435064915,100,399,30,469,299,439
1308351277,4175953077,15,484,14,485,469,471
1273284819,3992553267,0,499,0,499,499,499
1098780116,1687280963,113,431,0,466,318,466
1066985127,468549679,161,344,113,386,183,273
1028659494,586771407,37,457,139,354,420,215
285572967,16476596,62,436,0,499,374,499
914941363,159418834,78,427,11,488,349,477
1318154190,2182950621,32,472,89,408,440,319
1265109920,3929345541,2,497,0,499,495,499
1273498387,3992741127,0,499,0,499,499,499
1188396833,3064238320,14,488,138,400,474,262
1121210862,2033308698,62,408,41,446,346,405
1082428732,1467680400,65,434,2,493,369,491
1308397666,4152138108,49,453,20,489,404,469
1141635400,2423738310,16,492,104,392,476,288
1148598954,2544361432,96,396,26,466,300,440
1276336540,4012704739,26,487,28,470,461,442
1215064970,3465838031,106,392,12,486,286,474
998825889,86424972,190,309,156,343,119,187
1079155807,1414869635,166,319,67,429,153,362
1244192125,3780649692,224,275,227,271,51,44
1289627394,4086146652,0,499,0,499,499,499
1136863039,2327568447,0,499,109,389,499,280
1275700796,4006535733,0,499,0,499,499,499
1299354191,4112603802,22,478,110,402,456,292
1152215404,309193730,31,476,58,428,445,370
1252575297,3847851187,206,288,201,282,82,81
1277512779,4019800390,45,451,99,405,406,306
1094394290,1618085086,42,454,12,474,412,462
1313713496,4183950206,18,466,57,420,448,363
1155772188,2659812184,63,437,16,499,374,483
1087431379,1522342499,0,499,62,436,499,374
1275677627,4006528658,44,456,74,439,412,365
1104529316,1923137806,0,499,0,499,499,499
1174126616,2935174860,0,499,62,436,499,374
1308865289,4177840466,102,417,172,397,315,225
947749671,209896724,21,478,0,499,457,499
1281971339,4050743791,0,499,0,499,499,499
1275698753,4006535516,88,423,87,378,335,291
875696334,64347370,81,417,0,499,336,499
1033291167,647166990,62,436,0,499,374,499
1305870464,1940496889,154,339,8,496,185,488
1135053940,2292543291,63,436,0,499,373,499
1086113420,1508856443,144,354,100,399,210,299
1215384799,3470116734,100,399,60,367,299,307
1209150475,3369711767,115,384,148,350,269,202
1323342832,4231816312,0,499,69,499,499,430
1152267997,2603096772,15,483,15,483,468,468
911826421,149018051,169,331,214,288,162,74
1282023356,4050758280,38,390,82,435,352,353
1193935127,3151989219,172,407,16,402,235,386
980581951,283770600,42,490,212,286,448,74
1226405818,3591581829,0,499,142,436,499,294
1190246392,2562240986,126,380,91,409,254,318
1124269297,2074891722,75,413,24,337,338,313
850844514,82420391,196,302,175,324,106,149
1141918692,2444259408,70,429,0,499,359,499
1261199887,3898711878,111,382,106,326,271,220
1301454844,4151063171,0,499,0,499,499,499
1024219964,542298962,104,408,165,383,304,218
1176503844,2958499710,10,488,143,324,478,181
1077901705,1384444592,83,415,12,499,332,487
1090426025,1556988349,67,431,0,499,364,499
933251197,190102903,153,349,90,416,196,326
864756840,106416456,62,436,0,499,374,499
1121420168,2035478933,24,483,23,472,459,449
1153440558,2628049355,0,499,109,389,499,280
1249535253,3819982115,147,349,137,360,202,223
1225887606,1846533533,125,374,163,374,249,211
1275678245,4006528698,0,499,0,499,499,499
1316094291,4200868704,12,464,38,449,452,411
1307317937,4169850079,193,322,66,448,129,382
1292403770,4108946612,0,499,59,499,499,440
1105777673,1856387434,0,499,62,436,499,374
1324254943,4233637820,60,459,30,395,399,365
1321537538,4223022893,0,499,26,472,499,446
1157056994,2681035916,21,477,122,431,456,309
1065320132,1150106073,56,442,0,499,386,499
1038407546,749651438,149,363,195,301,214,106
1257152755,3879365638,20,499,14,477,479,463
1135272080,2296615433,62,436,0,499,374,499
1312034794,4189094870,0,499,0,499,499,499
1247176688,3806467296,62,436,0,499,374,499
1154987305,2646579415,14,471,87,422,457,335
1276048149,4010225168,0,438,40,432,438,392
1129572246,2168077852,327,337,210,264,10,54
1261193235,3898711243,46,457,64,410,411,346
1251718691,3839232144,0,499,83,415,499,332
1181139968,3000464548,67,424,7,475,357,468
1177173117,2961589913,71,427,13,499,356,486
1100220538,1713449204,0,499,0,498,499,498
1100099489,1712229378,85,414,0,499,329,499
1123822057,2062706877,155,344,100,399,189,299
1282951961,4057769954,0,499,0,499,499,499
1316197403,4200877278,11,488,95,489,477,394
1248842635,3817900182,7,491,0,499,484,499
1156971827,2679537663,105,413,83,431,308,348
1317967393,4215701689,0,499,0,499,499,499
1096309992,1651129913,11,484,129,370,473,241
1047856777,462218403,79,419,0,499,340,499
1317564521,4213833543,110,389,54,445,279,391
1186744359,3037152895,0,499,19,499,499,480
1267305827,3942511931,147,367,193,305,220,112
1276283959,4012659629,25,499,0,499,474,499
1309804419,4182051616,50,450,18,485,400,467
1178352557,2984836440,45,476,124,428,431,304
982631330,276359695,104,374,95,416,270,321
1186971882,3040165377,72,427,45,454,355,409
978615138,279911709,0,499,62,436,499,374
1301453981,4151063035,0,499,0,499,499,499
1197042975,3204815661,129,360,172,341,231,169
1037420533,729934966,0,499,62,436,499,374
1045814034,872340351,0,499,62,436,499,374
1176503934,2958499971,208,319,151,342,111,191
1174590681,2940639767,231,278,0,499,47,499
1256071709,3873126602,182,328,74,416,146,342
1319269469,4218752930,35,437,30,484,402,454
1247849807,3813571461,0,499,62,436,499,374
1025671248,554016147,20,482,24,470,462,446
1305093589,4164664589,106,388,51,463,282,412
1263009495,3913253938,27,394,38,458,367,420
1248836117,3817895227,96,403,96,403,307,307
1116663871,1963807245,103,418,44,429,315,385
1254943601,3867220977,0,499,140,359,499,219
1258228385,3884337431,202,296,180,319,94,139
1311415219,4187118679,0,499,17,499,499,482
1278242379,4031031888,0,499,0,499,499,499
1283881950,4061621348,24,453,146,355,429,209
1306556441,4167079062,106,388,51,463,282,412
1311714123,4188912268,90,369,26,470,279,444
989968690,227313778,64,435,0,499,371,499
1101787928,1783738982,0,499,71,427,499,356
1167693056,2844000875,46,452,0,499,406,499
1317960923,4215701240,0,499,0,499,499,499
200341330,5994538,61,434,0,499,373,499
1195027605,3163786046,174,330,244,302,156,58
1026006174,558485894,54,442,93,477,388,384
1092726878,1585748585,112,387,23,470,275,447
986770441,293146955,183,316,165,334,133,169
1146793918,2515635680,0,499,0,499,499,499
1280901919,4047629275,0,499,62,436,499,374
1282286379,4055997943,47,454,36,464,407,428
1275357923,4004149094,31,460,54,455,429,401
1324059204,4236041560,10,499,16,497,489,481
1154938493,2633261001,62,436,0,499,374,499
922170803,170808067,226,251,380,388,25,8
1125001084,282155639,154,344,116,399,190,283
1323560067,4231860373,23,479,29,468,456,439
1299733567,4143441973,4,469,39,486,465,447
1283429118,1193681184,60,438,0,499,378,499
1273360323,3992622247,30,487,25,464,457,439
1279094393,4037092126,0,499,0,499,499,499
863781735,104970768,196,302,175,324,106,149
1318674082,4215327272,0,499,0,499,499,499
1275410846,4004187724,44,481,40,467,437,427
1290989853,4098724523,100,399,18,480,299,462
1161765124,2742933111,85,416,1,494,331,493
1065236247,1149520266,48,391,113,383,343,270
1292387329,4103567020,197,303,249,389,106,140
1143222711,2462663783,93,426,95,395,333,300
1310732526,4182273803,0,499,0,499,499,499
1026979180,569599067,104,395,50,449,291,399
1313355018,4197666838,53,483,89,445,430,356
987332522,294174742,74,417,26,491,343,465
1118445682,1984440924,79,430,64,422,351,358
1273633709,3992770557,38,449,58,448,411,390
1239396612,3737629862,62,436,0,499,374,499
1043079936,845439032,145,399,204,400,254,196
834569732,64613658,57,442,0,499,385,499
1269141079,3956039209,68,499,101,414,431,313
883578432,128548437,130,369,77,421,239,344
1322482026,4229979934,0,499,0,492,499,492
1283825012,4061617299,78,429,21,480,351,459
1324034963,4235889638,42,456,83,417,414,334
1245077157,3788587102,166,329,202,432,163,230
1178459550,2848425098,30,490,17,483,460,466
1169982164,2889348068,82,415,132,374,333,242
1324160976,4233775306,0,499,0,499,499,499
1265048241,3929322933,12,426,72,405,414,333
868445981,111804359,62,436,0,499,374,499
864643282,105872811,58,441,0,499,383,499
1177148446,2970574245,138,356,7,488,218,481
1269121150,3953978327,0,499,0,499,499,499
845158311,73870407,62,436,0,499,374,499
982643291,286591259,0,499,62,436,499,374
1225886899,532978732,187,311,144,370,124,226
1314017160,4201307507,1,497,166,328,496,162
1267483300,3943148339,64,432,82,434,368,352
1283903293,4061626138,71,499,6,410,428,404
1256076045,3873126858,104,323,21,486,219,465
905285501,149878690,188,305,193,310,117,117
1269024561,3955095061,0,499,136,499,499,363
1283563836,4061481504,0,499,0,499,499,499
1009213173,49936759,62,437,0,499,375,499
1248863929,3817906858,30,465,66,441,435,375
1273215213,3992536118,28,457,33,473,429,440
1278864590,4029610754,0,499,62,436,499,374
1294102986,4122105600,40,468,162,335,428,173
961973954,239251192,101,393,173,317,292,144
1307196119,4170951117,35,467,70,429,432,359
1284792494,4066220137,20,430,129,427,410,298
1174591151,2940639882,35,445,4,489,410,485
1307183261,4170893974,103,391,69,443,288,374
1254859505,3866918755,0,499,66,432,499,366
1282024564,4050758667,0,499,0,499,499,499
931223333,185596501,155,337,111,414,182,303
1195002214,3163438083,0,499,0,484,499,484
1099818060,286323380,153,346,108,391,193,283
1226995686,3604826894,0,499,0,460,499,460
1196916180,3197800519,63,436,0,499,373,499
1027319970,570722192,112,387,50,449,275,399
1261411505,3898722542,0,499,0,499,499,499
1261389268,3898719227,38,439,75,458,401,383
1321545136,4223025798,50,447,22,485,397,463
896519729,53635262,102,397,23,486,295,463
851436227,83447943,150,349,107,391,199,284
1083215478,1475376251,72,426,0,499,354,499
1294214199,4122561586,14,499,0,499,485,499
1239729434,3739415586,213,288,169,326,75,157
972671188,142146596,0,499,83,416,499,333
1225665433,3485420331,125,341,125,342,216,217
1190251214,2071994840,85,391,62,420,306,358
1237504239,3020933660,238,258,141,368,20,227
362103383,49061732,62,436,0,499,374,499
1070868783,464146498,128,363,144,321,235,177
1274302875,3999084232,230,272,120,379,42,259
1312647324,4195544665,0,499,13,499,499,486
1297825866,4111192620,32,485,105,424,453,319
1100076699,1711735723,114,385,54,444,271,390
987409610,294265240,0,499,62,436,499,374
1324017619,4235888096,16,485,168,378,469,210
1280353099,4044581844,126,368,40,461,242,421
1142375993,3561979317,0,499,202,284,499,82
1321577533,4223043344,0,499,26,472,499,446
1245608345,3793426146,71,419,199,361,348,162
1306948794,4169797613,0,499,109,389,499,280
901920647,147181614,130,369,77,421,239,344
1083647542,1176604,82,416,12,486,334,474
1127123478,2115143346,127,366,3,476,239,473
1268515759,3951725186,76,368,54,447,292,393
1049842856,956149677,79,419,0,499,340,499
1317965250,4211226962,55,461,46,455,406,409
1308667457,4177585898,45,499,0,419,454,419
1290045748,4091042757,62,436,0,499,374,499
1261596222,3900670534,200,290,172,358,90,186
1305045449,4164658749,106,388,51,463,282,412
1269501833,3959370689,96,410,33,484,314,451
1204621902,3293681541,62,436,0,499,374,499
1279078602,4037091171,32,454,46,462,422,416
1273314704,3992560046,30,471,116,397,441,281
1198695824,1100660523,154,344,100,399,190,299
1110782695,1904068994,2,499,53,446,497,393
1162156295,2748666462,80,418,0,499,338,499
1323408597,4231838650,51,476,59,471,425,412
1243379906,3773711952,23,476,41,459,453,418
1243659718,3775275597,0,499,62,436,499,374
1211830337,3404365132,63,436,0,499,373,499
912046235,156139455,188,307,195,302,119,107
1292295113,4105985391,0,499,62,436,499,374
1308947215,4178401803,33,466,93,391,433,298
1262173214,3905724726,92,405,38,463,313,425
1113107352,1832991296,76,431,82,431,355,349
1267339508,3942398778,9,492,64,433,483,369
1254864660,3866926221,31,432,109,350,401,241
1260363600,3893244553,48,379,176,309,331,133
1282297389,4056020012,79,408,154,457,329,303
1240223267,3212193666,100,399,35,463,299,428
1198713546,3219098406,153,346,100,399,193,299
1283474221,4061476681,27,486,56,420,459,364
1194114584,3155014842,62,431,82,417,369,335
1275774942,4008564528,0,499,4,499,499,495
922678465,171926692,143,345,172,362,202,190
1027692926,572999281,178,320,155,344,142,189
1100074709,1711735775,110,389,48,440,279,392
1230351368,3119042872,188,313,159,349,125,190
1225671939,3584277590,124,379,68,423,255,355
875666205,99046977,71,428,0,499,357,499
976984395,277074146,20,476,98,395,456,297
1026812658,569552746,100,399,53,446,299,393
1288960759,3868395635,36,459,7,454,423,447
933247882,190100605,74,425,0,499,351,499
1175636561,2949573849,0,499,10,489,499,479
1077736090,1381344018,152,334,143,407,182,264
987434490,294323386,104,407,25,493,303,468
1283744812,4061608488,0,499,0,499,499,499
1186394475,3028261976,92,369,148,334,277,186
981985796,285427711,54,461,12,489,407,477
1157562732,2686285739,0,499,62,436,499,374
1310862498,4184607692,52,447,58,441,395,383
1008038221,435861976,100,399,30,468,299,438
1260693309,3895234669,0,499,27,499,499,472
1072000073,1299636211,88,410,0,499,322,499
1279178676,4037099138,80,424,94,423,344,329
1283614206,4061592781,24,472,95,355,448,260
1076619175,1366210154,109,389,0,499,280,499
1040283064,810493436,9,490,109,383,481,274
977082761,197621348,70,429,0,499,359,499
1097603554,1612299443,66,435,15,486,369,471
878472572,123745775,100,399,175,362,299,187
847083246,76393114,0,499,62,436,499,374
612010882,7448914,151,346,107,389,195,282
1280579939,4044249910,29,483,14,472,454,458
978341545,279575973,0,499,62,436,499,374
1233179717,3623792923,199,299,152,347,100,195
1244219636,3780979989,62,436,0,499,374,499
1304170366,4160986780,106,388,51,463,282,412
1311089641,4181903119,37,468,144,383,431,239
1064651780,1140019753,131,387,30,476,256,446
1221766958,3566351653,29,460,162,360,431,198
946376404,207892663,71,427,0,499,356,499
1166201755,2811028455,0,499,63,436,499,373
1026921935,569715937,100,399,59,440,299,381
1155209708,2650072896,15,485,137,370,470,233
1281407304,4050854982,36,486,184,373,450,189
1318302969,4186890347,42,460,100,438,418,338
1172190984,2916740865,73,426,0,499,353,499
906615770,6026161,62,436,0,499,374,499
1246589398,3798822220,0,499,62,436,499,374
1248078726,3813796424,0,499,0,499,499,499
1210293995,3387207013,151,347,100,399,196,299
969930919,258078170,140,357,103,390,217,287
1300400656,419891654,98,400,0,499,302,499
1258535807,3885717702,11,466,126,414,455,288
1154984336,2646545470,101,466,205,293,365,88
1053580645,1035082447,81,417,0,499,336,499
927821526,48859339,65,433,0,499,368,499
1046365653,874992288,136,363,137,435,227,298
854629172,87504059,0,499,62,436,499,374
1239002338,3731581758,40,458,8,473,418,465
958721700,229117991,88,410,0,499,322,499
1264366053,3925463666,10,493,226,279,483,53
1152267994,2603096769,15,483,15,483,468,468
1260283826,3893195185,30,472,143,390,442,247
1243659669,3775275578,0,499,62,436,499,374
1276438196,4013274288,192,409,156,442,217,286
1260344271,3893243324,89,406,76,322,317,246
1203081831,3261863232,62,436,0,499,374,499
1289363301,4088104944,122,388,185,342,266,157
1283706906,4061599326,97,410,75,384,313,309
1188546376,3067343692,36,487,59,480,451,421
893310458,141191693,0,499,0,499,499,499
1211878709,3412267973,121,438,30,477,317,447
1198395440,3214294212,78,427,159,344,349,185
1077533171,1374119537,72,427,0,499,355,499
931364982,185683435,72,427,0,499,355,499
1142532168,2451084575,0,499,107,392,499,285
1274169715,3997814917,0,499,68,412,499,344
1289518768,4088652058,0,499,0,499,499,499
1064086302,1133864947,0,499,62,436,499,374
1308869416,2765648916,100,399,14,484,299,470
1213783709,3453389929,17,486,48,452,469,404
892720777,94000411,24,475,0,499,451,499
1074309328,1333958271,0,499,62,436,499,374
865545271,2920347,188,313,186,313,125,127
906529702,150944019,169,329,142,363,160,221
1234714068,3689305065,70,361,154,419,291,265
968728053,254779985,115,384,70,428,269,358
1223075234,3571585504,0,499,62,436,499,374
1086094309,1508416295,21,478,73,427,457,354
1273138103,3992520975,82,415,100,430,333,330
1288031120,4079554387,98,399,62,485,301,423
850242851,81799978,178,321,151,349,143,198
1239916631,3709890779,100,398,0,499,298,499
1209680144,3382445438,71,428,68,430,357,362
916578724,111863962,73,426,0,499,353,499
1323321854,4231696984,39,448,43,468,409,425
1242194396,3763064391,0,499,62,436,499,374
1301863844,4153222888,0,499,0,499,499,499
1184427390,3015749071,138,445,76,402,307,326
1282877366,4057766851,0,499,0,499,499,499
935485900,194995618,173,324,131,364,151,233
1088836105,1544129986,177,322,189,310,145,121
1228225654,3615084282,159,332,187,323,173,136
1211372529,3393793485,179,316,124,403,137,279
1313399613,4197670842,28,476,22,493,448,471
1100070999,1711732089,70,429,145,354,359,209
999863354,349647227,131,378,157,351,247,194
941255942,206230494,70,429,10,489,359,479
1279327095,4037441989,0,499,0,499,499,499
1258604353,3885887612,117,420,82,448,303,366
1013124645,464258558,85,386,174,365,301,191
1230498863,3638923921,15,485,29,476,470,447
1328310542,4250631868,129,377,135,356,248,221
1273118863,3992564697,0,499,0,499,499,499
1275473752,4006429855,1,499,10,435,498,425
1323315579,4231806908,17,460,61,467,443,406
1117780156,1470724151,151,348,100,399,197,299
874732723,87283083,82,410,105,394,328,289
1271703221,3979566346,0,499,0,499,499,499
846070635,75186596,0,499,62,436,499,374
1032330287,621220927,0,499,62,436,499,374
1250279473,3831652877,31,468,109,390,437,281
1026781965,569542403,101,398,50,449,297,399
1266505492,3938617219,16,469,152,484,453,332
1117500535,1974800084,68,431,0,499,363,499
1188469983,3065458686,181,319,132,353,138,221
1319946851,4215265793,53,414,59,458,361,399
1323326327,4231757326,64,460,135,390,396,255
1006293890,422239058,202,297,189,310,95,121
1244126021,3779307186,130,369,90,409,239,319
1172791560,2920940574,65,437,11,458,372,447
1322964578,4231795371,0,499,0,499,499,499
927764780,180953822,8,491,0,499,483,499
1199818000,1787985944,0,499,62,436,499,374
1303205609,4157523530,122,432,108,399,310,291
1117041872,1967431560,0,499,109,389,499,280
1261173642,3898707836,28,476,158,370,448,212
1055303238,1057480542,138,365,15,484,227,469
1007361449,416652383,100,399,62,436,299,374
1084347476,1495516442,38,464,99,406,426,307
1136962939,2336228515,100,398,166,333,298,167
1185745206,3021869965,93,405,6,499,312,493
1301618839,4151266783,0,491,29,499,491,470
1090774996,1548293532,5,498,94,409,493,315
890778865,136804672,0,499,62,436,499,374
1218918362,3513593905,62,436,0,499,374,499
1151792044,2590164850,79,466,62,436,387,374
1226806994,3604411775,62,436,0,499,374,499
1058871900,1089445244,37,438,56,333,401,277
1232783860,3669117493,31,468,86,414,437,328
940889238,205319032,191,325,162,345,134,183
1287018390,4074711592,0,499,0,499,499,499
1276288315,4012660082,261,453,147,434,192,287
1274593659,669026,91,407,0,482,316,482
1284213028,4058898097,0,499,0,499,499,499
1257642780,3881990407,35,477,36,469,442,433
962632831,240893362,68,430,0,499,362,499
1011388142,451809023,46,399,51,357,353,306
992281620,299788928,85,417,138,361,332,223
1240902460,3750740501,0,499,227,436,499,209
1168125620,2852954663,80,421,2,496,341,494
1254367003,3861448470,6,475,16,484,469,468
868994208,112658897,87,415,14,495,328,481
864391649,75380322,0,499,65,434,499,369
1246134109,3797213259,134,368,145,358,234,213
1192151715,3122669587,68,432,22,488,364,466
1301416746,4060893181,40,472,23,477,432,454
987088642,293697534,25,481,132,369,456,237
1146088243,2033310372,67,499,62,436,432,374
958729994,229202347,65,434,0,499,369,499
1314547163,4202304579,27,488,13,472,461,459
1313354646,4197514283,141,357,111,400,216,289
964584748,247522120,88,411,10,489,323,479
1211300388,3373852301,153,346,100,399,193,299
1194173490,3155382909,164,326,77,443,162,366
248025963,1095270,0,499,33,465,499,432
1148154575,2536863974,0,499,241,257,499,16
1203465011,3277811961,169,312,67,454,143,387
1027313933,570695971,112,387,50,449,275,399
1289199379,4086228061,215,354,184,306,139,122
1318805838,4217855757,23,476,27,471,453,444
1301245555,4150969060,4,495,68,431,491,363
1157439394,2686065478,23,461,0,452,438,452
1101057886,1739549441,93,401,5,496,308,491
1178304395,2984240087,34,470,54,435,436,381
1196212588,3182722336,48,455,140,410,407,270
1256886935,3874574762,0,499,0,499,499,499
1275243386,4003947471,22,483,44,475,461,431
1192147962,3122618201,68,432,22,488,364,466
1313552998,4183490337,25,464,145,382,439,237
864060210,105374348,222,273,216,288,51,72
1313181556,4197493283,19,429,136,400,410,264
1117511198,1974895111,0,499,62,436,499,374
1090754318,1562597729,116,378,161,325,262,164
1295960780,4128438423,63,428,110,394,365,284
1248860599,3817906055,35,486,105,393,451,288
1261412392,3898723035,75,450,58,440,375,382
1317112990,4211704176,90,406,78,381,316,303
1322683063,4230963361,14,489,63,432,475,369
1146956073,1312188791,194,304,12,485,110,473
1053449355,49608580,62,436,0,499,374,499
1276730229,4015990566,43,456,0,499,413,499
1235879898,3701265985,32,473,60,460,441,400
1031002498,606075054,76,405,29,477,329,448
1267481820,3943148178,0,499,63,436,499,373
1312151899,4193611844,100,392,100,399,292,299
1295450344,4126738253,0,407,50,480,407,430
1295364012,4126433582,252,426,25,499,174,474
1268898697,3953952897,0,499,0,499,499,499
1174585452,2940638491,140,361,151,325,221,174
1247849647,3813571359,0,499,123,436,499,313
901534051,46638757,112,387,3,459,275,456
686923332,55980904,172,327,140,359,155,219
1274718895,602510973,91,407,29,499,316,470
1102351578,1792275215,0,499,13,499,499,486
1261192609,3898711213,105,388,81,432,283,351
936461285,195897867,89,410,0,499,321,499
1007358382,416611287,0,499,82,417,499,335
1158121148,2695197983,82,436,37,447,354,410
1257746715,3881732376,48,499,0,499,451,499
959553247,228100656,71,427,43,456,356,413
1301771283,4153218263,0,499,0,499,499,499
1264971795,3928497982,51,447,0,499,396,499
1253152397,3855161642,243,272,255,483,29,228
1101301090,1759565559,62,436,0,499,374,499
987520415,294316120,177,324,63,435,147,372
1245672354,3793735602,31,468,31,468,437,437
1269489868,3959399239,0,499,0,499,499,499
1165399321,2803479277,0,499,79,420,499,341
1312773825,4195808736,8,488,18,468,480,450
1239119138,3733173654,100,399,15,483,299,468
926877135,122539585,62,436,0,499,374,499
1325140031,4240466190,0,499,0,499,499,499
1214046563,3458079319,0,499,0,499,499,499
1305768309,4166642909,106,388,51,463,282,412
977830628,138712028,190,329,162,322,139,160
1088397348,1534178240,62,436,0,499,374,499
1320686832,4225392759,0,499,0,499,499,499
1313153136,4197490994,30,436,62,430,406,368
1143869975,2462989578,0,499,0,499,499,499
1120666059,2016635491,0,499,0,499,499,499
1178353594,2984866153,18,471,84,409,453,325
1323343963,4231816600,79,427,97,428,348,331
1077606228,1376218047,71,428,0,499,357,499
1162813322,2718947926,175,330,117,360,155,243
1251958772,3651504900,102,395,0,499,293,499
1136853692,2327608011,137,361,155,343,224,188
1311445737,4187584176,43,394,184,440,351,256
1208116613,3350467932,0,499,62,436,499,374
1250260546,3831237071,0,499,14,499,499,485
1015503135,468981253,0,499,62,436,499,374
1263817733,3921681421,0,499,21,478,499,457
1176505118,2958501556,157,343,156,342,186,186
1220122966,3538252746,37,484,96,416,447,320
1131053145,2192160502,55,456,43,383,401,340
1310060181,4181956230,0,499,10,499,499,489
1267176507,3941811239,58,460,14,459,402,445
1168817218,2865284199,0,499,64,435,499,371
1138519488,2361164290,42,467,90,438,425,348
1309702590,4179733135,114,417,33,479,303,446
1160432629,2724410956,72,437,78,431,365,353
973477679,269097821,217,285,199,339,68,140
1292275682,4108382018,204,307,72,431,103,359
1274895256,3969948875,11,499,10,395,488,385
1254345282,3861279238,15,490,152,340,475,188
1141932452,2439241337,175,324,12,419,149,407
1027318556,570707934,104,395,50,449,291,399
1295960021,4128274497,125,409,121,380,284,259
1296175301,4128244632,24,499,36,471,475,435
296850916,2629467,62,436,0,499,374,499
1204200976,3287127628,130,398,30,431,268,401
1316292718,4200882808,21,477,141,400,456,259
1240744230,3748080245,0,499,0,499,499,499
973571331,269569717,54,441,122,382,387,260
1248852181,3817904308,140,356,112,383,216,271
1232022386,3656921665,109,390,0,499,281,499
1107915806,1869938471,110,389,54,445,279,391
1283510638,4061479367,0,499,0,489,499,489
1269362566,3957946254,0,499,0,499,499,499
997858830,332155013,166,334,4,492,168,488
1265223295,3929899428,42,489,66,418,447,352
1306008124,4167104302,5,495,111,434,490,323
1280023008,4042755987,0,499,0,499,499,499
1072745182,1301737639,62,436,0,499,374,499
1260228143,3894915351,39,451,58,449,412,391
1266342861,3938140261,42,468,29,483,426,454
1007748044,435136336,100,399,50,449,299,399
1041414848,656738861,136,362,100,399,226,299
1221913938,2887023659,105,394,105,393,289,288
1101829052,1782200564,41,457,0,499,416,499
1310876825,4184608523,0,499,0,499,499,499
1302525552,4155420592,152,497,40,450,345,410
1285520033,4069453686,24,473,100,398,449,298
1320149005,4215428450,148,344,104,447,196,343
1265205230,3929890000,4,499,70,411,495,341
985612323,290606144,68,431,0,499,363,499
1198093220,3211203068,162,345,115,386,183,271
908165126,105391954,92,407,31,485,315,454
887155782,132973414,0,499,62,436,499,374
1113106128,1832990394,188,278,229,426,90,197
1273168994,3993177989,8,494,147,335,486,188
1249535546,3819982803,137,359,159,339,222,180
1262300752,3906636730,0,499,74,499,499,425
1285871498,4017683236,2,497,0,499,495,499
1027174513,569982290,107,391,50,449,284,399
1316134378,4200872727,27,417,24,491,390,467
1273576740,3992765447,0,499,0,499,499,499
1177004781,2966548987,0,499,62,436,499,374
1305898021,4167018624,0,499,0,499,499,499
1245643314,3793571143,35,471,69,439,436,370
1120471131,2012701604,134,364,100,399,230,299
1025670903,554019768,27,481,52,459,454,407
1025671441,554016123,60,437,11,487,377,476
1077571368,1374210643,67,494,149,351,427,202
996077484,304796676,10,202,207,293,192,86
1056669490,1072625992,222,276,210,289,54,79
1043840968,853456146,104,386,8,487,282,479
1075980275,929566,109,389,0,499,280,499
1199385174,3228903607,154,305,8,496,151,488
1288412993,2667033,22,476,0,499,454,499
1196604025,3194476087,62,436,0,499,374,499
1295960460,4128438386,0,499,32,467,499,435
1301600316,4151000312,0,469,80,499,469,419
1214478065,3347441599,0,499,109,389,499,280
1306518675,4167073503,106,388,51,463,282,412
1198797338,3219252186,150,349,125,387,199,262
1255655300,3870708673,63,381,27,456,318,429
1239939418,3674010937,100,399,1,497,299,496
1316243701,4200880042,60,443,105,387,383,282
985574727,291058615,29,470,122,382,441,260
911022763,155015639,171,290,122,396,119,274
872769198,118181138,15,480,18,495,465,477
1246829249,3802559053,62,436,0,499,374,499
1323277377,4231796440,44,448,45,448,404,403
1088178094,1531792163,83,415,0,499,332,499
1305089316,4164663835,106,388,51,463,282,412
1037003710,51683601,134,364,134,361,230,227
1282905942,4058776520,117,402,115,414,285,299
857514379,91612712,132,366,0,498,234,498
1307883260,4173008792,0,499,0,499,499,499
991513977,298151353,150,361,219,310,211,91
955829602,207636141,160,338,62,436,178,374
1276524214,4014004301,77,420,44,445,343,401
1190870566,3091320783,0,499,175,382,499,207
915098879,159604441,163,181,227,275,18,48
1008006645,435852820,150,349,107,391,199,284
1153206494,2621721363,228,272,2,429,44,427
869726076,113727485,0,499,83,412,499,329
1289679315,4087663646,0,499,0,499,499,499
1267979835,3944992503,18,490,97,431,472,334
849831545,81310214,17,483,111,390,466,279
1309989948,4181946392,61,456,29,473,395,444
1310473178,4183894675,0,499,0,499,499,499
1289652151,4087661034,0,499,0,499,499,499
1066929993,1173353182,43,468,19,476,425,457
990396225,297417282,83,413,5,491,330,486
1295959832,4128274482,62,437,145,353,375,208
1104355633,400117643,156,343,100,399,187,299
1072793028,271645755,217,283,163,336,66,173
1232711689,3668458362,23,469,83,433,446,350
1205825729,3312189757,79,423,29,484,344,455
836370961,2052887,88,411,0,499,323,499
1302572435,4155425104,0,499,0,498,499,498
1316299893,4200883072,0,499,107,391,499,284
1323730219,3813572039,0,499,129,436,499,307
1273164513,3993176836,38,451,130,361,413,231
1185873989,3024611254,29,469,0,499,440,499
1230232012,3634746596,34,465,0,499,431,499
1133614298,2258789392,62,436,0,499,374,499
1284184690,4063235650,47,456,15,479,409,464
1246071121,3797074197,76,434,0,479,358,479
937678857,198624186,0,499,62,436,499,374
1297917269,2016605299,150,349,100,399,199,299
1107659857,1869200555,56,462,99,406,406,307
1174584715,2940638401,42,436,34,456,394,422
1229611454,3625811729,110,389,51,447,279,396
1242086470,3762205459,33,470,72,433,437,361
1321306373,4226974167,0,499,0,499,499,499
235810730,5645855,76,423,0,499,347,499
1125338307,2091277028,184,333,96,422,149,326
1053578509,1035062996,73,424,0,499,351,499
1306815907,4167088186,106,388,51,463,282,412
141661930,4294356,71,427,74,425,356,351
1228847656,3620886102,131,357,179,327,226,148
1253151909,3855161614,51,411,221,459,360,238
1289286053,4087637046,0,499,0,499,499,499
1100077733,1711735968,110,389,50,448,279,398
882346193,126916608,89,396,61,448,307,387
1104455513,1833876645,14,475,111,386,461,275
1306737029,4169366336,101,402,41,464,301,423
1273149708,3992405833,62,412,104,457,350,353
1186463851,2213024891,0,499,5,493,499,488
1244541383,3785188021,0,499,62,436,499,374
1304113703,4144399338,46,459,159,307,413,148
1305085857,4164663387,106,388,51,463,282,412
941855135,207163830,62,436,0,499,374,499
1322923532,4231784405,52,453,68,437,401,369
1239447974,2884677635,49,327,215,361,278,146
1117922684,1976557607,68,431,0,499,363,499
1265222584,3929899370,113,439,216,302,326,86
998692069,52949496,190,309,169,329,119,160
1057995617,1083965786,147,351,100,399,204,299
1314451982,4200678130,0,499,0,499,499,499
1323802489,4234921179,144,350,168,327,206,159
1305277141,4165100017,0,499,62,436,499,374
1063217279,95575446,72,426,1,497,354,496
1091960306,1575150203,136,367,250,408,231,158
1305152275,4164673584,106,388,51,463,282,412
1094846402,1629867495,16,397,225,270,381,45
1027369416,570732218,100,399,60,438,299,378
1282912163,4057532102,52,454,32,471,402,439
987455157,294326420,0,499,147,352,499,205
1227587232,50864206,64,434,0,499,370,499
1225264856,2756810289,76,429,94,406,353,312
1291940162,4105362714,100,389,47,451,289,404
1295267852,4121099661,87,411,0,499,324,499
1313704565,4183939168,36,417,138,405,381,267
1284143574,4063224260,31,472,31,445,441,414
923978211,175058535,62,436,0,499,374,499
1208599964,3359444717,23,440,19,475,417,456
1311288511,4182067096,49,448,111,428,399,317
1308952207,4175362561,62,436,0,499,374,499
1166709494,2823850316,34,442,10,475,408,465
1275721642,4006540882,0,499,0,499,499,499
1298764465,4139503657,120,373,127,433,253,306
859416340,94657397,76,430,0,499,354,499
1270034914,3966594959,0,499,0,499,499,499
1306905202,4169835164,132,406,28,482,274,454
1051762098,981230150,158,448,149,390,290,241
1323261914,4231687889,57,441,54,456,384,402
1224143345,3521204236,66,431,82,498,365,416
1323882466,4234091204,21,478,155,346,457,191
1274522653,1129112439,79,419,0,499,340,499
1310655464,3942105864,32,476,83,458,444,375
1289822245,4089928805,0,499,0,499,499,499
1244540446,3785187463,0,499,113,436,499,323
1263799165,3915193686,62,436,0,499,374,499
1283419141,4061577618,79,453,120,396,374,276
1242902346,3766473562,100,399,72,378,299,306
1007762136,435139376,100,399,50,449,299,399
1309075391,4179415577,65,475,94,446,410,352
1276222033,4012178582,0,499,0,499,499,499
1008062913,435899174,131,368,78,420,237,342
1121531350,2037347635,52,447,2,499,395,497
1274199200,3997821336,0,499,71,421,499,350
1269513765,3959384670,13,483,111,365,470,254
1077979617,1388729679,82,416,0,499,334,499
870855574,115236818,143,356,100,399,213,299
1292718373,4113190321,0,425,0,466,425,466
1151513382,2575257067,114,380,4,480,266,476
1265061352,3929381988,233,290,48,484,57,436
1036761062,719796975,11,487,10,488,476,478
1189499651,3082611133,0,499,0,499,499,499
1285113108,4063767292,67,451,70,459,384,389
1266676086,3939552199,26,468,68,420,442,352
1205178017,3303117251,0,499,0,475,499,475
1309336556,4180380157,162,342,3,495,180,492
1009292873,440642437,100,399,50,448,299,398
356816778,19694750,172,334,174,325,162,151
1152065024,2585590266,0,499,16,483,499,467
1149457862,2559598915,91,424,19,493,333,474
894957247,85375426,60,439,0,499,379,499
1154434353,2637116854,0,499,62,436,499,374
1106981026,1865730501,158,340,100,399,182,299
1253208571,3854771976,0,499,0,499,499,499
1115064783,1892606191,0,499,96,403,499,307
1137825845,2354899360,126,307,124,381,181,257
1107659880,1869200502,141,429,83,425,288,342
1261410540,3898722468,0,499,0,499,499,499
895480015,542309,114,385,12,486,271,474
1225887609,1846533535,125,374,163,374,249,211
1261370851,3898716076,0,499,0,499,499,499
1131563209,2205364332,0,499,65,434,499,369
1113354791,1927546018,124,377,175,341,253,166
1273066628,3992504839,20,490,23,494,470,471
1019349159,516414348,13,478,145,353,465,208
1260611202,3894559328,59,426,166,328,367,162
1255247963,3869222182,20,485,48,470,465,422
1321720574,4228840174,43,444,135,395,401,260
1323974422,4232365398,0,499,0,499,499,499
1261412512,3898723047,63,421,54,461,358,407
1324135245,4236042610,0,499,0,486,499,486
1313291140,4197662859,88,436,130,376,348,246
737851281,60174997,77,421,0,499,344,499
1301535171,4150997293,34,469,27,489,435,462
1159479607,2714981965,31,447,113,391,416,278
1243770764,3775267035,0,499,55,430,499,375
1209717103,3382587059,28,474,80,478,446,398
1107916809,1869938533,110,389,54,445,279,391
1292017514,4105747327,18,460,28,367,442,339
1198894425,2131535882,137,361,100,399,224,299
1278784492,4037082004,55,447,61,436,392,375
1065899557,278536079,155,343,100,399,188,299
1317087969,4183600512,97,408,33,466,311,433
1260706668,3895301091,99,414,16,479,315,463
1265215243,3929900549,36,461,158,343,425,185
1308859302,445321212,116,383,55,442,267,387
900595558,84232482,0,499,62,436,499,374
1161766491,2742933275,27,345,21,463,318,442
1008163722,436104381,127,372,66,433,245,367
1215814189,3474121260,95,403,0,499,308,499
989029994,296203668,56,418,16,485,362,469
1177147946,2970573872,165,334,0,499,169,499
1305378187,1853302630,57,442,0,499,385,499
1287855758,4079437742,138,383,55,471,245,416
1286967748,4073159601,19,483,113,387,464,274
1094912927,1139429210,80,410,15,455,330,440
1007709210,435235855,97,393,120,386,296,266
1109479564,1889794236,82,418,91,406,336,315
1201834869,3249407350,55,441,65,430,386,365
1311884636,4188965296,57,448,67,410,391,343
1282939934,4057853027,65,427,72,435,362,363
1174459954,2937213236,50,448,0,499,398,499
1267257136,3942383785,13,484,86,362,471,276
1255343182,3868420162,163,325,88,465,162,377
1275493217,4006488901,31,460,108,387,429,279
1100211457,1712748757,0,499,62,436,499,374
1265028221,3929320665,9,490,36,447,481,411
1148329061,2534654559,8,491,0,499,483,499
1121368966,2034800317,170,323,29,451,153,422
1264796334,3927349713,35,464,35,464,429,429
1300252298,4141661740,62,436,0,499,374,499
940542213,204387084,114,372,139,360,258,221
1220843191,3556204997,0,499,62,436,499,374
1135351051,2299712172,0,499,0,498,499,498
1275230032,4003941051,66,434,105,476,368,371
1295195751,4125270268,76,423,0,499,347,499
1275453833,4006484509,50,448,69,435,398,366
962045919,239533176,0,499,63,436,499,373
1136544260,2332095821,0,432,153,379,432,226
1309231361,4179863733,27,476,124,386,449,262
1213684233,3451969158,0,499,0,499,499,499
1201834601,3249407098,7,492,20,476,485,456
1005835893,418186088,4,497,122,377,493,255
1257033186,3877334061,171,327,137,361,156,224
1205825899,3312189804,46,452,160,357,406,197
1047849694,933418559,77,422,0,499,345,499
1090819780,1563754641,8,484,96,406,476,310
1034852777,680910339,0,499,62,436,499,374
1265868530,3935339457,0,499,0,499,499,499
1253519679,3857173173,37,465,108,406,428,298
904268944,148889691,0,499,109,389,499,280
1189477339,3075947669,161,335,177,347,174,170
1302455660,4155416464,0,499,0,499,499,499
1269454146,3957824510,0,499,0,499,499,499
1134094839,2271238984,154,348,177,307,194,130
1280444265,4044821610,0,499,0,499,499,499
1010294161,445688658,117,381,65,434,264,369
1243015406,3769676956,181,313,198,301,132,103
1118900822,729933774,62,437,0,499,375,499
1317659985,4213426516,0,499,0,499,499,499
1187769686,3057432560,0,499,62,436,499,374
1241005302,3751867534,0,499,108,390,499,282
891835020,106117926,100,399,117,381,299,264
1255177034,3868402664,0,499,0,499,499,499
1142517962,2450617028,62,436,0,499,374,499
1279204615,4028954368,97,406,140,372,309,232
1289041163,4085962488,0,499,0,499,499,499
862680938,102703983,63,438,104,379,375,275
901570017,146885241,0,499,73,426,499,353
1243392092,3773729984,19,480,78,417,461,339
1147056232,2528488978,0,499,22,477,499,455
326466611,47403615,0,499,33,465,499,432
1119523636,2000192031,110,389,73,425,279,352
1186394459,3028261973,57,433,115,369,376,254
1289719312,4086154854,124,381,28,468,257,440
1270219458,3969948698,13,460,94,441,447,347
1275539111,4006494006,130,440,182,381,310,199
1174586710,2940638761,67,460,36,469,393,433
1316294319,4209051756,0,499,0,499,499,499
1166914459,2628863887,116,386,70,438,270,368
1169115424,2871236830,18,484,90,409,466,319
848911712,80177213,76,423,0,499,347,499
1252081969,3842132212,88,418,133,462,330,329
950994784,51659012,0,499,62,436,499,374
1282128818,4055299043,60,438,0,499,378,499
1323325157,4231757287,0,499,46,499,499,453
1257440476,3881467310,0,468,76,499,468,423
1066931061,1173353303,20,470,19,479,450,460
1100066421,1711730502,110,389,50,448,279,398
1119561490,2000687771,84,415,4,495,331,491
1074674782,1334275158,57,440,98,399,383,301
1305803060,4145039854,87,430,159,328,343,169
1285105101,4063762114,0,499,0,499,499,499
1248849609,3817903727,31,484,105,382,453,277
1074387297,1331479468,69,430,0,499,361,499
1289961460,4090627017,0,499,0,499,499,499
1316111553,4200870268,42,477,48,449,435,401
1282293913,4056001893,23,476,92,407,453,315
1243792841,3775272719,0,499,69,418,499,349
1295419132,4126375227,79,419,0,499,340,499
1000100220,352601770,0,499,62,436,499,374
1273259748,3992598208,0,499,0,499,499,499
1210146305,3378337351,0,499,69,429,499,360
1128462910,2148084480,10,492,224,275,482,51
1276438032,4013274258,47,439,139,342,392,203
1078099089,1387320975,60,438,0,499,378,499
1178241587,2978845933,96,401,113,402,305,289
1211887722,3312222609,126,373,0,499,247,499
1283561604,4061481483,93,407,81,442,314,361
1249536009,3819983843,27,472,131,385,445,254
1263217073,3915185389,0,499,0,499,499,499
1289806311,4089926934,23,499,0,499,476,499
1305039593,4164658398,106,388,51,463,282,412
1328264363,4250678087,36,470,110,401,434,291
1276039177,4010224935,19,412,78,499,393,421
1282020176,4053879733,24,459,0,430,435,430
1072953136,1313126343,71,427,10,499,356,489
965054051,249154537,62,436,0,499,374,499
870541557,64079773,68,431,0,499,363,499
1301451797,4151062890,148,372,152,430,224,278
1260354358,3893244165,57,318,191,403,261,212
1070620933,1270571145,22,483,82,382,461,300
1213594850,3450797864,100,399,37,462,299,425
937475288,197993123,168,332,190,437,164,247
1145372754,2494093953,0,499,0,499,499,499
1307651144,4171069295,70,428,0,499,358,499
1260326898,3894931730,28,452,62,464,424,402
1223146616,3578786814,0,499,62,436,499,374
1306291939,3287154299,16,476,78,412,460,334
853572907,84569211,79,420,0,499,341,499
1204201913,3287130053,103,397,12,488,294,476
1275265765,4004124572,60,452,58,428,392,370
1063654878,1129664811,188,300,15,488,112,473
1068767955,1199873402,0,499,62,436,499,374
1199087582,2514504869,199,298,330,465,99,135
1254108254,3858448332,59,438,1,499,379,498
1255757249,3871285630,22,453,142,378,431,236
927342765,180021312,0,499,62,436,499,374
921846659,169800953,200,298,180,319,98,139
1306845262,4168957099,130,362,39,482,232,443
1264443782,3925815234,0,499,0,499,499,499
1243785510,3775998186,117,382,50,447,265,397
1308167191,4174720849,0,499,0,499,499,499
874748958,118305199,71,427,0,499,356,499
1205027802,3297306216,167,335,210,290,168,80
1309143175,4179775557,65,441,50,462,376,412
1122626592,2046490249,97,395,24,478,298,454
1313655153,4198484961,250,295,464,495,45,31
1323885945,4234091372,0,460,0,478,460,478
1287940874,4079553374,0,499,0,499,499,499
941622150,207151503,156,337,154,353,181,199
1152765332,2610859843,0,499,0,499,499,499
1041386191,1936972046,62,436,0,499,374,499
1261897459,3900714134,65,447,35,485,382,450
1138609011,2361154827,15,491,108,390,476,282
1243387562,3773727794,19,480,95,404,461,309
1270566392,3972161178,73,430,60,440,357,380
1269536237,2533496940,112,387,0,499,275,499
853954899,85223279,196,302,175,324,106,149
1064578431,1139358388,0,499,0,499,499,499
1027309309,570701524,106,393,50,449,287,399
1267057181,3941341740,189,317,83,425,128,342
855070276,87910067,196,302,175,324,106,149
1279170497,4037098360,28,452,62,464,424,402
1254479879,3861779358,82,447,8,473,365,465
1243450151,3772139611,0,499,4,494,499,490
1062608040,1115603742,0,499,0,499,499,499
1209670814,3380690700,183,315,150,349,132,199
1215401351,3470133019,23,470,89,405,447,316
1082760103,1365310959,31,467,138,334,436,196
1250285030,3831727183,196,305,158,339,109,181
867067986,109873704,99,401,53,444,302,391
1200057318,3239877631,0,499,83,415,499,332
1196800865,3198750885,0,499,0,499,499,499
1305117297,4164668671,106,388,51,463,282,412
1181060763,2999852708,46,471,62,435,425,373
1309677259,4181533755,88,436,103,377,348,274
1257222034,3879896830,0,499,0,499,499,499
1283561790,4061481487,0,499,84,499,499,415
1257261670,3879902027,67,418,131,408,351,277
987656243,294487547,148,343,57,478,195,421
1253159977,3855208661,52,452,41,462,400,421
1061149041,1101106071,130,403,19,192,273,173
1279791830,4041644064,0,499,0,499,499,499
1092480808,1583934691,221,271,282,433,50,151
1240775163,3748230893,28,486,102,421,458,319
1192255650,3125188320,138,357,70,401,219,331
1249533258,3819977565,218,280,220,306,62,86
1048660132,874240641,184,315,165,334,131,169
1070460635,1268933756,221,278,250,280,57,30
1265222815,3929899390,52,446,165,336,394,171
1234686142,3689093996,31,435,72,383,404,311
1274281589,3997828813,50,445,79,395,395,316
1285838442,4017665707,137,367,115,394,230,279
1089912939,1554700336,0,499,83,415,499,332
1007648617,435104886,61,437,0,499,376,499
1026011550,558486992,146,350,32,475,204,443
1277558421,4023545752,92,462,37,450,370,413
1023227012,533942088,76,423,6,493,347,487
1287938507,4079553357,30,462,81,450,432,369
1264050282,3923104325,0,499,1,497,499,496
1104322988,1830619541,54,456,126,386,402,260
1161832021,2743708850,110,389,145,354,279,209
1170810698,2899915831,0,499,62,436,499,374
1226493890,3599273421,160,339,100,399,179,299
1255294327,3866051521,62,436,0,499,374,499
1316120162,4200871487,0,499,0,483,499,483
866905643,125896835,126,373,80,418,247,338
1285849918,4017672428,49,426,184,315,377,131
1099361681,87575157,62,436,0,499,374,499
1263898448,3921318853,125,378,10,499,253,489
1124199392,2072977604,88,410,5,499,322,494
1218904201,3516431757,0,499,109,389,499,280
1073516650,1322434283,184,314,150,349,130,199
1007370916,416624860,71,428,0,499,357,499
926039869,177908370,0,499,74,424,499,350
457809330,50447064,121,377,66,432,256,366
1256970061,3876189024,0,499,0,499,499,499
1298484281,4139336658,0,499,0,499,499,499
1027291162,570653862,123,376,50,449,253,399
1213655719,3451570690,100,399,47,452,299,405
1240902430,3750740478,0,499,195,436,499,241
1296209281,4109316232,16,484,46,437,468,391
1192188367,3123055740,71,431,265,486,360,221
1318726222,4215359718,157,475,25,383,318,358
1043227064,849040394,13,483,39,457,470,418
890061860,111004552,190,304,183,333,114,150
1077533031,1374119499,74,425,0,498,351,498
1283438543,1010121,96,403,0,499,307,499
1280483930,4045072786,9,491,79,431,482,352
1280118485,4042483663,17,451,17,491,434,474
1292429054,4108912968,12,485,109,408,473,299
1191823271,3117430061,32,466,98,387,434,289
1281130273,4046991927,63,437,13,484,374,471
1290610282,4092605567,62,436,0,499,374,499
1024279760,500382234,44,483,17,459,439,442
1203116951,3269431056,73,425,0,499,352,499
1192185869,3123034375,71,431,236,486,360,250
901354020,146713302,144,355,100,399,211,299
1100068714,1711736019,110,389,50,449,279,399
1178210385,2982329439,231,266,55,445,35,390
1191793361,3115649982,100,399,37,462,299,425
941620805,207151556,154,346,189,298,192,109
1275111351,4003847311,89,435,74,417,346,343
1243660130,3775275649,0,499,136,436,499,300
1123883755,2064392078,110,389,73,426,279,353
1318665775,4216251936,0,499,0,499,499,499
1275709106,4006536744,152,431,53,473,279,420
443526730,50213866,137,361,104,395,224,291
1273899904,3995598575,44,499,49,371,455,322
933261823,190111236,73,425,0,499,352,499
1073104465,1316114386,62,436,0,499,374,499
885731623,131505430,105,394,50,444,289,394
1308875777,4177866366,156,445,136,402,289,266
1311878511,4188959094,26,483,33,466,457,433
1261173655,3898707838,17,480,182,333,463,151
911657613,155884054,0,499,115,384,499,269
1219107225,3523800592,150,349,100,399,199,299
1261192173,3898711173,110,395,229,383,285,154
977645090,278585893,78,421,0,499,343,499
1167001795,2826341273,68,424,154,350,356,196
1015521904,484961757,94,411,171,348,317,177
1023022527,523883137,55,432,13,499,377,486
972299928,264715005,0,499,60,439,499,379
835515160,69648369,65,433,0,499,368,499
917074413,138712012,156,284,161,321,128,160
1262322050,3906638074,16,484,0,498,468,498
1279175886,4037584505,51,458,120,419,407,299
892665857,139920076,0,499,25,473,499,448
1130397395,2183727193,0,499,71,427,499,356
1328244984,4250626474,63,392,76,401,329,325
1246528336,3799963436,8,492,154,417,484,263
1282282912,4055995593,19,472,40,457,453,417
1323297050,4231695762,19,481,109,387,462,278
941643039,207170092,146,354,181,313,208,132
1295959980,4128274490,188,310,144,375,122,231
1282292691,4056001667,21,478,27,472,457,445
1252306699,3848487104,104,393,120,396,289,276
1301862654,4153657026,1,497,0,499,496,499
1309093485,4179594003,0,499,77,422,499,345
1016839368,501636505,68,430,0,499,362,499
1104261802,1829517081,49,450,0,499,401,499
1083724940,1480767888,76,423,0,499,347,499
1267218001,3942377654,13,486,51,457,473,406
1295960610,4128438414,175,321,178,345,146,167
940888317,205319018,36,442,32,444,406,412
1145854491,2506556478,0,499,83,416,499,333
1323060013,4231410464,241,271,104,359,30,255
1280268784,4044537567,93,390,102,367,297,265
916279160,161097702,22,479,86,409,457,323
1171713631,2912077718,15,481,77,445,466,368
848228123,62719151,83,415,12,471,332,459
901097569,144610449,71,427,4,499,356,495
1227034091,3604831232,75,470,106,358,395,252
1275634362,4006508780,52,437,141,398,385,257
958632568,228897763,125,374,62,436,249,374
1284783363,4065772054,22,483,25,464,461,439
1275976989,4010220325,59,427,86,435,368,349
1257565773,3876502184,57,447,164,355,390,191
1283852692,4061619958,29,470,94,409,441,315
1311921202,4188987000,0,499,0,499,499,499
834905540,68300767,202,309,225,282,107,57
1223624166,2754600469,90,410,110,386,320,276
1240728165,3748206801,0,499,0,499,499,499
1282859568,4057766304,74,447,115,455,373,340
1136402171,2330017681,23,479,122,377,456,255
996061500,304773553,214,285,201,307,71,106
1311498343,4187458896,145,376,57,483,231,426
1111491175,1910569703,75,423,0,499,348,499
1121344425,2034650566,123,376,165,336,253,171
1146010342,2509855477,87,405,36,449,318,413
947812584,210152611,62,436,0,499,374,499
859051689,93904540,32,467,0,499,435,499
1304172321,4160987015,106,388,51,463,282,412
1015751368,487677079,74,425,0,499,351,499
849023555,324563,196,268,170,319,72,149
1196161343,3179746486,44,455,0,499,411,499
1304037980,4160811248,155,346,118,381,191,263
1248862316,3817906390,96,499,170,359,403,189
1309707125,4179733783,0,499,0,499,499,499
1029511320,591829999,33,476,147,436,443,289
1319882373,4215139278,82,415,132,336,333,204
1253450527,3856809637,0,499,0,499,499,499
1188621888,3070011116,95,472,211,292,377,81
1301265979,4151248185,27,481,51,423,454,372
1023884718,535811896,142,356,100,399,214,299
1313743525,4200138371,6,499,2,495,493,493
1308715030,4177589793,0,499,0,499,499,499
1259025200,3887599302,33,454,30,476,421,446
1275976651,4010220295,131,358,54,449,227,395
1097578306,1669270155,68,430,0,484,362,484
921249460,168344965,1,496,97,402,495,305
1260353240,3893244112,54,377,165,405,323,240
1158030452,2678249058,148,350,2,495,202,493
1243844753,3776685792,123,375,71,460,252,389
1166637022,2823144094,12,475,26,472,463,446
1104741192,1842320079,58,455,112,400,397,288
1030740319,600735872,0,499,62,436,499,374
973607664,269653571,124,380,174,334,256,160
1313029331,4197486345,70,453,102,462,383,360
1008155260,436075152,160,339,140,359,179,219
1283434822,4061578135,126,396,136,405,270,269
1246083286,3797080762,0,499,0,499,499,499
1257545936,3876170174,128,370,0,499,242,499
1095803378,1638136050,54,445,0,499,391,499
1267277845,3942401715,216,283,218,315,67,97
1192081754,3121059984,54,443,117,351,389,234
1252627617,3850328490,0,499,62,436,499,374
1141962524,2443805448,32,448,95,424,416,329
1227446185,3609724009,51,464,21,499,413,478
1326004941,4236945807,109,389,0,499,280,499
1168984565,2865849781,62,436,0,499,374,499
1220914314,3558392656,62,436,0,499,374,499
1007608726,435043984,66,433,0,499,367,499
1133119582,2243395492,73,426,2,499,353,497
1163590364,1471419653,158,340,100,399,182,299
1311960998,4188998651,127,402,31,477,275,446
1118259716,1981070255,22,480,77,422,458,345
682750533,56821229,0,499,5,494,499,489
1292365973,4108695891,17,488,14,488,471,474
1236163239,3702416392,0,499,62,436,499,374
981280472,284293262,0,499,62,436,499,374
1292245361,4108379935,28,467,105,397,439,292
1131467401,2205290679,80,419,1,499,339,498
1280706992,4046495379,0,499,1,499,499,498
1163401227,2765074952,125,374,156,343,249,187
1301306937,4151249894,0,499,0,499,499,499
1317237738,4211714177,0,485,0,498,485,498
1024240358,542325440,57,448,131,393,391,262
1027321528,570660851,122,377,50,449,255,399
1053576802,1035053609,82,416,0,499,334,499
1277507850,4019799661,0,490,51,462,490,411
997504094,85429964,203,295,180,319,92,139
1264399961,3925651895,7,488,217,281,481,64
1169935366,2888059472,98,400,108,391,302,283
1275842132,4008826949,0,492,86,412,492,326
1292433423,4108913237,8,485,109,408,477,299
1278852587,4037447643,7,492,7,492,485,485
1237186933,3716584555,0,499,0,499,499,499
1319412852,4214352720,66,450,70,441,384,371
1195468710,3170636431,67,441,113,380,374,267
1093178253,1598108132,155,344,100,399,189,299
1322997642,4231409711,27,479,19,486,452,467
1276002410,4010221962,70,437,35,454,367,419
919752945,165522291,120,365,100,387,245,287
1324065509,4236041658,0,499,0,499,499,499
1311216854,4186473653,38,446,75,441,408,366
1261377100,3898716955,92,412,99,427,320,328
977696861,278526899,83,416,44,479,333,435
1136967742,2336088920,39,446,128,359,407,231
1252627022,3850328131,104,400,84,400,296,316
1285060409,4063748969,20,467,44,466,447,422
1294204954,4122558837,8,499,0,499,491,499
1265214689,3929900527,0,499,0,499,499,499
1226841656,3604508457,0,480,16,456,480,440
1316994993,4211427636,49,418,100,414,369,314
1186258820,2999515288,0,499,62,436,499,374
1319412569,4214354259,202,288,16,480,86,464
1310056158,4182216123,69,421,93,427,352,334
1313840990,4184105079,26,371,132,379,345,247
1279127902,4037580142,0,499,0,499,499,499
1281996193,4050749952,25,495,11,483,470,472
1305328406,4165064597,36,466,85,394,430,309
1312713616,4190057308,62,436,0,499,374,499
897336654,143146551,45,453,0,499,408,499
1246383593,3798822738,8,493,53,445,485,392
1223808003,2743771474,72,447,102,398,375,296
1191324512,3104862895,81,471,28,388,390,360
940535906,138768181,198,299,181,333,101,152
1324185431,4236297002,204,474,177,342,270,165
1276366874,4012754694,76,434,78,441,358,363
1225886830,532978707,143,357,137,351,214,214
1168515928,2861077061,110,389,56,443,279,387
1223044876,3578486898,25,473,74,439,448,365
1199985757,243302402,210,289,188,310,79,122
1288779239,4085313526,82,416,0,499,334,499
1316169758,4200875985,15,490,57,447,475,390
1067505202,278567949,145,353,124,399,208,275
1259269485,3887620112,56,452,56,453,396,397
973607928,269653230,17,481,106,395,464,289
1026616267,567674068,8,494,97,397,486,300
927943429,180443244,0,489,76,415,489,339
1109663050,1892729464,69,431,74,447,362,373
1137198888,2341270183,31,468,43,440,437,397
1273496476,3992740925,12,476,32,482,464,450
1056513628,547073028,88,410,0,499,322,499
1204457669,3290609960,62,436,0,499,374,499
1256822999,3875132138,0,499,62,436,499,374
956069970,220939553,162,335,167,295,173,128
1056278675,1071722161,6,499,72,431,493,359
1253220812,3854773338,0,499,0,499,499,499
1044065654,586018971,72,427,0,499,355,499
1213110676,3441312672,62,436,0,499,374,499
1213026072,3439087516,144,352,166,348,208,182
1288024037,4079810843,49,454,83,446,405,363
1232440876,3662099671,0,499,62,436,499,374
991845632,299524480,76,425,148,345,349,197
1269496689,3959362222,50,499,71,499,449,428
1008059394,435904808,100,399,52,446,299,394
1193221874,3135826689,62,436,0,499,374,499
1262899152,3910533978,0,499,29,469,499,440
1283619173,4061593273,28,466,30,480,438,450
1149366142,2557840326,73,426,0,499,353,499
1266008940,3935852357,109,389,0,497,280,497
915096429,159602644,9,471,146,345,462,199
1020659488,524581829,55,443,0,499,388,499
1255758171,3871285904,132,346,41,467,214,426
1155972826,2662726147,117,370,113,398,253,285
1304136978,4160952598,106,388,51,463,282,412
1248864641,3817907056,30,465,66,441,435,375
1322937923,4231789964,0,499,0,499,499,499
1270994886,3974784404,13,497,21,467,484,446
986887304,293246036,150,340,14,484,190,470
1289317262,4087640026,35,446,38,429,411,391
961882201,223274866,71,427,0,499,356,499
1044092824,856452096,19,480,0,499,461,499
1196212502,3182722310,39,467,147,438,428,291
906608623,111414485,188,311,165,333,123,168
255353380,6501510,77,420,8,491,343,483
1310909870,4182110477,0,499,0,499,499,499
1225663616,532978681,176,323,125,374,147,249
1185913391,3025516776,62,436,0,499,374,499
1017463384,459538511,190,309,160,339,119,179
1171294459,2906423180,110,389,56,443,279,387
1075759759,1352146008,18,470,110,361,452,251
1195807835,3177051524,125,376,23,474,251,451
1192487600,3128714249,0,499,0,499,499,499
1198892203,1913796567,154,344,100,399,190,299
1118043013,1978685855,128,371,149,399,243,250
1079156148,1414869751,94,415,135,400,321,265
1009124565,439735499,73,425,0,499,352,499
948102925,210765311,134,361,181,300,227,119
963432741,243351466,55,444,0,499,389,499
1282760963,4058943296,22,479,164,347,457,183
1269587644,283255776,159,381,171,396,222,225
1190865416,3098367910,0,499,83,415,499,332
891722876,138457578,111,392,129,366,281,237
1059921128,1093531836,0,499,0,499,499,499
1163437644,2765208613,0,499,0,499,499,499
1120794731,570693725,145,353,100,399,208,299
1042390718,839793750,80,468,83,422,388,339
1007981840,435848801,160,339,133,365,179,232
1052555820,988020458,62,436,0,499,374,499
1246335692,3798671310,13,484,174,326,471,152
1209303199,278557521,154,344,100,399,190,299
1317005013,4211511389,14,483,144,442,469,298
1291736973,4099538404,62,436,0,499,374,499
1276348809,4012248866,83,396,45,451,313,406
1006435221,424894381,16,479,21,483,463,462
922623337,171707396,56,442,0,499,386,499
1261398418,3899875072,0,499,0,499,499,499
1275053257,4003837466,35,445,69,463,410,394
947184929,126618853,60,438,0,499,378,499
1305850964,4166954243,106,388,51,463,282,412
1282610614,4057846946,107,499,196,417,392,221
1261817631,3901212437,63,421,29,476,358,447
1195814012,3171395139,45,459,147,361,414,214
1292470962,4108924627,5,488,154,391,483,237
1194690229,3161468916,23,476,99,417,453,318
987568238,294339887,0,499,238,284,499,46
1313567209,4183492681,40,451,74,434,411,360
1247859984,3813609645,125,418,99,385,293,286
1165458532,2802891147,0,499,109,389,499,280
844572958,72713116,0,499,11,488,499,477
874754937,118147409,103,394,0,499,291,499
1102674854,1805032424,26,473,123,372,447,249
1090453138,280027098,151,347,100,399,196,299
987346666,294181062,0,499,74,426,499,352
1257843586,3883191326,0,464,38,499,464,461
1172791722,2920940634,7,485,102,415,478,313
1312714790,4190946852,62,436,0,499,374,499
1257150322,3879365226,80,418,108,415,338,307
1026762742,569379990,111,388,50,449,277,399
1174589856,2940639542,15,484,61,481,469,420
1008148457,436064529,150,349,121,378,199,257
1205766704,3310749974,119,377,53,447,258,394
1237094193,726570629,73,426,0,499,353,499
1066904474,1168561471,0,499,10,488,499,478
1082351510,1466105446,0,499,109,389,499,280
1117991739,1978506032,109,392,141,458,283,317
518552835,52582451,62,436,0,499,374,499
1281780919,4050843357,0,499,10,488,499,478
848055419,77774458,135,364,90,408,229,318
875608335,73293434,50,449,0,499,399,499
1066385561,1164903853,156,343,100,399,187,299
1289332821,4088055734,0,499,0,499,499,499
1324213071,4236298294,20,436,165,385,416,220
1276127301,3957345182,71,386,22,475,315,453
1052833103,985690380,0,499,62,436,499,374
1225887305,3147168858,152,336,162,343,184,181
1073831736,1326449215,145,352,111,352,207,241
1305487571,3155064181,38,453,28,473,415,445
1016402749,61536313,109,389,0,499,280,499
1280687368,4046437217,0,499,0,499,499,499
1265204477,3929867938,147,344,73,430,197,357
1176505018,2958501191,37,317,147,332,280,185
1190247571,2701124086,106,401,76,436,295,360
1307359565,4171235329,156,349,50,473,193,423
1026366342,562802103,0,499,52,447,499,395
1324206427,4236298091,96,407,41,456,311,415
1259388498,3887637304,43,462,112,363,419,251
1276314549,4012662412,49,455,49,395,406,346
1275817310,4009008156,73,425,0,460,352,460
1139427014,1892606193,140,357,184,313,217,129
1251592699,3844081425,127,374,163,351,247,188
862631753,102704133,322,445,236,267,123,31
1079848506,1436015704,100,392,6,489,292,483
939761088,202856121,0,499,49,489,499,440
1118445948,1984442761,8,495,66,435,487,369
893965568,140632799,130,369,77,421,239,344
976143775,275283722,160,339,119,380,179,261
1302571385,4155425046,0,485,7,487,485,480
1301429433,4060918675,24,469,147,355,445,208
1323341914,4231816044,29,453,64,464,424,400
1270431319,3971950741,101,378,91,478,277,387
1240226260,3745005834,0,499,37,463,499,426
1112568150,1923737942,146,354,111,391,208,280
1271946165,3985716422,62,436,0,499,374,499
1310379116,4182238945,0,458,111,459,458,348
1169714855,2724076373,94,405,0,499,311,499
1297704279,4131615095,74,425,0,499,351,499
1307440658,4171079910,34,441,53,452,407,399
921825002,169886613,0,499,0,499,499,499
1083042087,1475404442,62,436,0,499,374,499
993243101,301088823,62,436,0,499,374,499
980317020,283339236,91,386,80,407,295,327
1188760147,3071698595,66,413,83,419,347,336
1286713484,4071959779,0,499,0,499,499,499
1228606644,3618603061,62,436,0,499,374,499
1209410972,3377003234,10,498,202,297,488,95
922371745,171215341,0,499,62,436,499,374
1276371262,4012755314,59,437,67,454,378,387
958568211,228489663,147,353,168,346,206,178
1018045420,508711043,0,499,62,436,499,374
1181379620,3002482090,118,375,44,433,257,389
1007604623,435069207,106,393,50,449,287,399
884145976,129501975,53,446,0,499,393,499
986268322,291878789,169,329,138,361,160,223
1262289373,3901537244,71,427,0,499,356,499
1311441065,4187124385,11,490,24,493,479,469
1257726663,3881729469,3,497,2,496,494,494
1100420696,1722186636,62,457,25,473,395,448
1043227062,849040396,13,483,39,457,470,418
1123705542,2061398697,160,339,100,399,179,299
1174591932,2940640204,192,318,170,335,126,165
1303778026,4159406790,0,499,0,499,499,499
1304167938,4160985434,106,388,51,463,282,412
1249581239,3820198091,135,360,118,482,225,364
1212277059,3420784058,150,356,153,345,206,192
1304178068,4160988016,106,388,51,463,282,412
257493414,7258782,165,333,123,375,168,252
1284970497,4066228642,0,445,73,499,445,426
1232473929,3663667878,0,499,80,418,499,338
1153386793,2618182674,62,436,0,499,374,499
1107916937,1869938485,110,389,54,445,279,391
1226209840,3596394103,143,355,100,399,212,299
995102565,303051697,56,438,93,416,382,323
1323292970,4231695316,42,442,157,382,400,225
1317764089,4213271489,0,499,0,499,499,499
1236934794,3716121191,180,319,153,346,139,193
1138195982,2361222771,7,492,23,481,485,458
1119586759,1997906219,166,333,0,499,167,499
1100444733,1719541225,0,498,0,498,498,498
1265371777,3930103270,104,394,98,414,290,316
1177272894,2971306418,197,278,206,291,81,85
1262331660,3906638552,106,404,75,451,298,376
1209717133,3382587070,16,485,116,456,469,340
1267229286,3942381439,79,411,33,269,332,236
1257404000,3881319239,27,466,132,409,439,277
1230052330,2764331964,128,371,0,499,243,499
1072802562,1310625789,162,330,113,392,168,279
1304084109,4161107936,207,291,122,379,84,257
1320713594,4221596767,0,499,0,473,499,473
1225966977,3593655286,0,499,83,415,499,332
1192149540,3122643151,71,431,303,486,360,183
1014192835,336029547,78,420,0,499,342,499
1188462924,3065095747,0,499,62,436,499,374
1125561380,2093206796,170,329,121,379,159,258
1276074029,4010225735,150,357,46,478,207,432
1113061669,1926714963,11,488,23,487,477,464
1275576174,4006497227,203,292,82,284,89,202
862581510,102338816,91,388,163,355,297,192
1240553552,3748042020,0,499,0,499,499,499
921683959,137218264,77,421,0,499,344,499
1019307436,516394111,125,373,68,428,248,360
948476842,211186162,138,395,106,363,257,257
1254194386,3859949683,56,435,29,469,379,440
1124578093,2073192854,62,436,0,499,374,499
1279596112,4040476826,163,362,164,364,199,200
1282886409,4058771436,0,499,0,499,499,499
460614430,50480929,160,339,138,360,179,222
1310017617,4182672941,83,415,0,499,332,499
1253936884,3859351537,61,438,68,441,377,373
1162394915,2753709099,0,499,0,499,499,499
1213865687,3454896860,62,436,0,499,374,499
1161812002,2743496269,83,416,0,499,333,499
1013098109,463992941,194,305,1,498,111,497
1283859692,4061620281,0,499,0,499,499,499
1312896900,4195574668,0,499,21,437,499,416
1270055626,3967126904,105,440,62,404,335,342
941698026,207289304,0,483,66,432,483,366
1278811844,4034000243,62,435,0,499,373,499
1249881551,3825898469,0,499,62,436,499,374
1258518460,3885604363,50,453,117,397,403,280
935148763,193881869,70,428,0,487,358,487
1275456028,4006485022,13,492,83,426,479,343
1316944364,4201015199,12,487,27,491,475,464
1096609815,1657063011,33,463,61,438,430,377
1269329424,3957938894,0,499,0,499,499,499
849082528,80378164,74,425,0,499,351,499
1009210364,440488822,79,419,0,499,340,499
1052973429,1009604987,0,499,109,389,499,280
1266483338,3938258917,0,498,9,499,498,490
1282025520,4050759294,29,477,99,367,448,268
1041184641,824466251,146,373,146,373,227,227
296011563,18286651,148,351,100,399,203,299
1261410639,3898722479,0,499,0,499,499,499
1318816606,4217989561,123,354,51,476,231,425
964328507,246684133,212,299,225,308,87,83
1204250930,3287291325,122,376,0,499,254,499
1261173905,3898707870,0,499,192,315,499,123
1252628202,3850328885,0,499,62,436,499,374
1136985928,2336107126,33,464,105,367,431,262
1000523845,357696021,115,389,125,386,274,261
1260726350,3895296462,163,363,34,477,200,443
933885913,191475534,69,429,0,499,360,499
1094644141,1625619022,100,496,208,292,396,84
1213618802,3451153865,108,390,50,449,282,399
1168630279,2862235832,89,389,57,407,300,350
848934264,80184865,74,425,0,499,351,499
1134709440,2290873186,143,355,100,399,212,299
1218312611,3508724860,62,436,0,499,374,499
928102804,181373630,102,397,34,465,295,431
1313327011,4183013788,116,365,148,364,249,216
1324092435,4236042040,58,429,28,475,371,447
1032195644,619745446,159,340,8,492,181,484
1284171407,4063231917,16,481,88,479,465,391
1301280360,4150972198,96,401,90,483,305,393
1301533237,4150997022,18,453,13,421,435,408
418497263,5580328,86,413,0,499,327,499
1310392492,4181901839,15,480,128,379,465,251
998514592,86453025,190,309,163,335,119,172
1293796598,4115443171,67,431,0,499,364,499
1032419866,494842300,34,282,186,340,248,154
1065997652,1158987683,110,389,145,354,279,209
1236154288,3701801775,0,499,62,436,499,374
1206461582,3321837887,0,499,109,389,499,280
1217174199,3490668384,32,464,123,243,432,120
1053594052,1035143009,79,419,0,499,340,499
1249534661,3819979629,0,499,0,499,499,499
1041113238,823750165,171,328,161,291,157,130
1156940820,2271401013,60,439,1,499,379,498
1248720024,3816717662,0,499,0,499,499,499
1289792405,4089924392,243,271,197,308,28,111
1166598548,2820882513,73,425,0,499,352,499
864284853,71404685,75,424,0,499,349,499
1273139822,3993160514,44,458,200,376,414,176
1190257712,1876686875,79,362,94,425,283,331
940788081,205122634,228,274,0,499,46,499
857061423,90815848,95,403,157,341,308,184
1249758776,3821565992,0,499,62,436,499,374
1067587624,1082384451,0,498,0,499,498,499
1283977259,4061638706,45,479,11,466,434,455
1181060602,2999852244,99,389,53,447,290,394
1027125901,569884054,118,380,50,449,262,399
1124583211,2075100399,154,321,293,399,167,106
1175682229,2949846722,61,437,0,499,376,499
1290617091,4095237697,106,390,136,363,284,227
1307819203,4172827002,25,440,123,347,415,224
1026980494,569722822,100,399,50,449,299,399
1247479867,3810740178,30,477,102,431,447,329
1267940153,3944874217,30,495,142,368,465,226
1275257106,4003951166,35,451,57,462,416,405
1204254014,3287295631,4,495,10,491,491,481
1190866967,1876684313,0,499,89,410,499,321
1263010756,3913308410,135,374,165,366,239,201
1306911481,4167096217,106,388,51,463,282,412
1280133705,4019917052,72,446,119,383,374,264
1185800892,3022770491,29,394,105,393,365,288
1174732117,2942125467,177,441,39,308,264,269
1233854060,3682519042,0,499,0,499,499,499
1238321444,3724660751,59,441,11,495,382,484
1320676807,4221594443,50,453,49,462,403,413
1324187623,4236297130,159,354,34,458,195,424
1101295427,1758282926,0,499,62,436,499,374
1111798775,1913429696,0,499,14,484,499,470
1236934816,3716121233,180,319,153,346,139,193
1247387396,3809098080,62,436,0,499,374,499
1093530267,1606738039,127,371,93,406,244,313
1166893196,2825943781,69,429,69,429,360,360
1259123949,3887606599,0,499,0,499,499,499
1300263279,4145469470,52,446,151,349,394,198
1068062398,1182578064,71,428,0,499,357,499
1284130612,4063416616,78,436,82,434,358,352
1119407721,1998121854,43,454,96,416,411,320
1313313103,4197507414,0,499,0,499,499,499
1077599975,1376115441,72,426,0,499,354,499
1237149245,3717172136,44,435,47,465,391,418
1306567592,4167080458,106,388,51,463,282,412
1316343638,4209056189,8,491,187,499,483,312
1255661781,3870710649,0,497,16,376,497,360
1276005550,4010222113,112,425,38,460,313,422
961939767,239008958,214,287,163,259,73,96
1026004536,558485769,54,442,92,477,388,385
972533760,265703359,0,499,178,320,499,142
977382737,278061077,0,499,62,436,499,374
1174591026,2940639843,11,490,30,495,479,465
1079733613,1425787674,0,499,63,436,499,373
1304046163,4160812615,72,443,96,405,371,309
931974314,187230927,107,387,140,352,280,212
1324198046,4236297825,96,426,16,481,330,465
1320762376,4225501620,0,499,0,499,499,499
1273145553,3993166141,20,482,165,345,462,180
1281147475,4046993558,12,436,159,414,424,255
1261429128,3898729538,0,499,0,499,499,499
741608247,60383669,152,352,52,452,200,400
1135437169,2308614207,0,499,62,436,499,374
1323422374,4231841374,37,444,72,462,407,390
1281303530,4050851094,0,499,0,499,499,499
1209808411,3930066403,2,495,124,376,493,252
1257269241,3879903243,45,466,65,435,421,370
1155213866,2650091390,73,426,22,499,353,477
1102399681,1799396441,14,376,69,445,362,376
1273954930,3995259302,48,418,14,498,370,484
919662429,179396678,72,395,35,482,323,447
1235492640,3694329803,33,474,60,460,441,400
1274392905,3999382475,7,495,2,493,488,491
894235107,18263805,76,423,0,499,347,499
1100077743,1711731758,110,389,48,450,279,402
1195855068,3177837538,40,449,192,365,409,173
1146818157,2524679920,148,327,13,487,179,474
1188358298,3058449091,0,499,62,436,499,374
1227438075,3609820845,118,381,1,489,263,488
1276007674,4010222249,0,464,0,499,464,499
1290537436,4094501158,16,475,128,342,459,214
1238732393,3729469250,99,415,21,491,316,470
1211983148,3414348311,209,292,227,277,83,50
932664425,188964804,0,499,62,437,499,375
563109971,1548550,162,337,90,408,175,318
1243395180,3773715267,19,480,20,479,461,459
927267267,180033309,83,416,36,466,333,430
1322882946,4230208963,109,389,0,499,280,499
1316199211,4200877294,77,431,139,383,354,244
1313310730,4182988731,127,373,42,475,246,433
1304113520,4147744547,30,467,153,303,437,150
1316195795,4200877137,57,469,124,453,412,329
1088087202,1532211371,188,306,192,243,118,51
957917165,225931558,132,366,0,499,234,499
1261172601,3898707443,33,473,104,391,440,287
875944513,111840983,87,412,0,499,325,499
1250964675,3836820101,23,463,23,304,440,281
1253496023,3856999403,202,297,134,433,95,299
1274131478,3997448478,130,367,187,439,237,252
1282775834,4058945052,20,493,34,498,473,464
1254400085,3861757958,183,376,100,370,193,270
1163170267,2764583871,110,389,145,354,279,209
987609443,294388136,99,417,185,459,318,274
1279857873,4041957385,0,499,0,415,499,415
1307827421,4172827848,0,499,0,489,499,489
1308916520,4177868100,41,449,165,342,408,177
1044759132,862840050,0,499,62,436,499,374
1287834327,4079436465,3,499,0,499,496,499
1279246556,4037106660,50,439,72,444,389,372
1299514882,4141587211,15,484,118,365,469,247
1323349554,4231413848,148,361,58,373,213,315
1187180429,3042619975,0,499,0,499,499,499
947819500,209384409,0,499,62,436,499,374
1311637836,974120305,100,399,13,485,299,472
946273165,208364111,157,349,114,392,192,278
1100062774,1711728612,110,389,57,442,279,385
1220605755,3543686107,19,482,41,467,463,426
930399563,184180787,0,499,122,376,499,254
939784102,202855437,62,436,0,499,374,499
1078863650,148919443,221,277,210,289,56,79
1100073771,1711736382,110,389,53,445,279,392
1264891834,3928050688,16,484,73,486,468,413
1272103674,3986440332,102,417,113,449,315,336
1223776896,3584108567,222,462,119,292,240,173
1196159714,3182251955,0,499,0,453,499,453
1260355189,3893244197,26,345,174,267,319,93
1321351897,4222181821,0,499,62,436,499,374
1311212518,4186471689,0,381,128,391,381,263
1055271584,1054031056,31,464,43,469,433,426
1246418161,3798934085,17,485,87,408,468,321
1229769897,3623446457,62,436,0,499,374,499
1277437960,3673696072,100,399,13,485,299,472
1302254987,4153279008,65,448,93,402,383,309
1318956165,4220452296,0,499,0,499,499,499
995103665,303051145,45,454,58,438,409,380
1067296295,1179979530,81,424,18,482,343,464
1053638707,1035938230,37,461,5,493,424,488
1243188337,3294394917,100,399,47,451,299,404
1271563094,3976960134,0,499,0,499,499,499
1305041081,4164658503,106,388,51,463,282,412
929961706,183840091,0,499,62,436,499,374
938702488,80185063,0,499,63,436,499,373
1272340139,3989076611,84,413,24,473,329,449
1039791329,802854295,10,474,18,479,464,461
1076534762,1364793080,0,499,83,415,499,332
1190251271,2943131295,0,499,62,436,499,374
1243044212,3770240475,53,453,71,402,400,331
932334185,188213993,0,499,62,436,499,374
1026995413,569857770,100,399,56,443,299,387
1234714060,3689305061,11,479,118,386,468,268
1007509626,435033796,83,415,0,499,332,499
1026991075,569725139,112,386,50,449,274,399
909997490,72414404,62,436,0,499,374,499
956733528,223026880,74,425,0,499,351,499
893310632,141190584,210,293,187,292,83,105
1246351033,3798562277,6,493,127,373,487,246
1061549684,243869175,29,475,26,469,446,443
1316129545,4200872295,15,479,91,477,464,386
1255347337,3868420434,109,411,40,379,302,339
572879980,261377,90,409,0,499,319,499
1188522219,3067034542,92,419,150,397,327,247
1261332319,3898733479,42,459,41,446,417,405
1310068928,4182657222,161,333,111,383,172,272
107773130,3328221,203,305,199,354,102,155
915504157,159625132,62,436,0,499,374,499
1269034092,3953970681,0,499,0,499,499,499
1088416670,1539031455,70,429,0,499,359,499
1313551853,4199252792,16,478,44,439,462,395
664491,184739,1,497,0,499,496,499
1262768050,3910480119,0,499,29,469,499,440
1277905774,4027332950,135,363,6,491,228,485
1037856471,741101897,65,444,21,486,379,465
903130637,148059478,62,436,0,499,374,499
987671585,294468903,0,499,103,395,499,292
1031877071,3952096079,130,375,35,442,245,407
1009303951,440651249,100,399,148,351,299,203
1317556994,4213946578,62,436,0,499,374,499
1323110548,4231819470,20,459,61,468,439,407
1267342255,3942386336,57,496,15,486,439,471
957652508,224822211,97,401,101,397,304,296
1205907539,3313848412,9,487,91,450,478,359
1152116028,2599429180,41,461,40,461,420,421
1251234429,3838382434,0,499,0,499,499,499
1282167006,4055661219,134,375,19,487,241,468
1075585175,1350044075,151,348,100,399,197,299
1181059470,2999848863,16,476,125,367,460,242
1165742241,2806785413,154,344,223,291,190,68
1008744925,439148742,73,425,0,499,352,499
1191079646,3101461007,13,485,78,426,472,348
835089072,68594029,155,344,104,394,189,290
1201830267,3249403036,6,492,88,413,486,325
1299555084,4141723667,53,423,99,422,370,323
1306910259,4167096169,106,388,51,463,282,412
1288880089,4086070462,59,480,51,430,421,379
710007300,49103350,62,436,0,499,374,499
859756643,95683090,0,499,62,436,499,374
308978955,46472483,32,467,0,499,435,499
1324091105,4233703849,0,499,0,499,499,499
1235501958,3694582154,0,487,121,397,487,276
1073302267,1315834719,68,431,0,499,363,499
1269621444,3960068960,0,499,0,499,499,499
1313372674,4197668901,0,499,0,499,499,499
1308835596,678841895,100,399,30,468,299,438
1261257230,3898891065,24,465,185,349,441,164
1274153044,3997813729,0,499,0,499,499,499
1273756049,3992789213,75,429,81,428,354,347
1282016031,4050756001,146,345,131,460,199,329
958854252,229919617,73,425,1,498,352,497
1260345046,3893243374,185,470,60,440,285,380
1038159696,746542503,0,499,62,436,499,374
1014036167,471530283,190,309,190,308,119,118
1233845023,3682507216,39,445,113,390,406,277
1307816415,4172826785,0,499,0,499,499,499
1023908441,538882546,47,443,120,415,396,295
1242996644,3769263073,73,426,0,499,353,499
1242122816,3762623489,37,420,11,477,383,466
1095724726,1639846054,62,436,0,499,374,499
1007826492,435297318,104,395,50,449,291,399
1278197437,4030618091,9,488,2,491,479,489
1192112908,3121334284,153,352,157,336,199,179
1157617317,2658346632,143,356,100,399,213,299
1249758733,3821565942,0,499,62,436,499,374
1118545996,1985925890,0,499,62,436,499,374
1241608012,3758056617,0,499,85,413,499,328
1260706635,3895301086,30,478,20,470,448,450
1140322569,2407244010,12,493,93,409,481,316
1324023594,4235889106,48,423,88,399,375,311
1275249252,4005357269,82,415,119,381,333,262
1026841212,569635377,108,390,50,449,282,399
1283829385,4061617651,0,499,0,499,499,499
1206020874,3317300236,0,499,0,479,499,479
1086707166,1514176341,0,499,0,499,499,499
1104185934,1828642301,19,477,26,480,458,454
1275582633,4006497507,46,468,40,462,422,422
922517242,171514000,72,426,0,499,354,499
947549202,209925253,15,484,82,418,469,336
1198037198,3165555830,134,362,6,494,228,488
1047886333,933869670,74,425,0,499,351,499
1091869624,1569751847,62,436,0,499,374,499
1135637134,2311696783,62,432,56,425,370,369
1307782677,4172824678,200,364,124,352,164,228
1215461508,3470166437,56,492,34,471,436,437
1263737556,3921232528,131,339,5,493,208,488
1275132028,4003849479,0,499,0,499,499,499
1243382455,3773714413,55,446,20,479,391,459
1182184673,3005788453,105,387,197,320,282,123
1177151819,2970593801,120,395,54,436,275,382
1302547646,4155424140,0,499,0,499,499,499
1259118392,3887605961,0,446,78,499,446,421
1028747464,588240804,184,314,150,349,130,199
1038461067,751024746,203,348,53,454,145,401
1211833724,3406022712,62,436,0,499,374,499
1056271065,1071642702,44,436,184,435,392,251
1283501974,4061581215,1,497,0,499,496,499
1239972099,3742982056,0,499,76,423,499,347
1279319280,4037124638,60,453,46,470,393,424
1118057483,1978742178,229,267,22,409,38,387
1097603081,1674250443,79,418,18,467,339,449
1077336801,857551731,37,461,0,499,424,499
978551971,279830354,0,499,62,436,499,374
1097602576,1674244102,166,378,31,408,212,377
1323052890,4232582160,179,309,86,427,130,341
1278120075,4029708917,83,431,151,331,348,180
1308956776,4176238753,62,436,0,499,374,499
1007592669,435176360,140,359,107,392,219,285
1312398317,4194030191,0,499,0,499,499,499
1206135129,3320111968,0,499,84,417,499,333
1106030040,1860225375,131,368,100,399,237,299
1246339143,3798467210,0,499,5,493,499,488
1314420258,4202302429,0,441,25,499,441,474
1052107045,979213281,15,476,64,431,461,367
1101831767,1783041196,0,499,0,498,499,498
1027283254,570633113,100,399,58,440,299,382
447187030,50262510,109,389,50,449,280,399
1006624852,175178359,66,433,0,499,367,499
987582960,294386084,18,466,167,364,448,197
1100088321,1701260132,172,334,121,392,162,271
1258489477,3885602053,30,487,32,484,457,452
1225886720,532978824,204,303,138,352,99,214
1266167854,3935901889,0,499,0,499,499,499
1008228645,436164118,187,309,187,309,122,122
1031000969,606038257,108,391,0,499,283,499
1153235981,2622476364,151,348,100,399,197,299
987086629,142110444,68,431,0,499,363,499
1013344322,464892057,0,499,62,436,499,374
1178726715,2987921394,0,499,0,499,499,499
1264209710,3924746453,17,481,65,434,464,369
1132429319,2225903404,112,473,92,395,361,303
1243660218,3775276397,0,499,148,436,499,288
865961413,108366691,0,499,62,436,499,374
1272168523,3986941566,62,436,0,499,374,499
1307352104,4171233645,0,499,0,499,499,499
1174749302,2942695455,0,499,76,409,499,333
973607571,269653600,11,488,102,372,477,270
1316096438,4200868870,22,471,53,488,449,435
1235876844,3701256350,32,473,59,460,441,401
1121630553,2039697229,0,499,109,389,499,280
1186975661,3040215022,0,499,28,499,499,471
1192129210,3122024286,0,499,62,436,499,374
1240902024,3750740451,0,499,176,436,499,260
1007781878,435118231,100,399,41,457,299,416
1261371224,3898716097,0,499,0,499,499,499
1104180114,1827191711,14,486,50,467,472,417
1240141835,3743514725,41,465,90,413,424,323
1295964373,2063670897,73,426,0,499,353,499
1108738417,1878103729,110,389,54,445,279,391
1177731336,2977605125,39,499,0,452,460,452
1318787500,4217955620,0,499,0,499,499,499
1146939563,264546023,167,329,181,347,162,166
1275039106,4003835846,76,434,75,426,358,351
1289506798,4087650826,26,483,32,466,457,434
959152019,16549479,63,435,0,499,372,499
1158009893,2679613379,83,416,0,499,333,499
858596469,93059775,85,413,0,499,328,499
1323153094,4232954624,18,481,24,492,463,468
990135434,181592876,190,309,175,324,119,149
1307758424,4172822668,0,499,0,499,499,499
1280123402,4042484294,44,417,93,408,373,315
1309076485,4179416175,176,327,59,495,151,436
1099854346,1707804555,108,423,126,499,315,373
1304013491,4160806911,32,467,30,479,435,449
1195164481,1967365995,56,448,72,426,392,354
1083453761,1477330067,153,346,120,378,193,258
1174589742,2940639521,7,491,7,481,484,474
1294483752,4122564535,101,425,150,359,324,209
1305324541,4165064046,20,487,109,388,467,279
1181358447,3002350329,58,437,98,399,379,301
906483824,69651223,68,431,0,499,363,499
1308183895,4174759890,128,370,0,499,242,499
1312300732,4194049217,15,475,29,490,460,461
1322664560,4229253807,31,470,89,404,439,315
1065834413,278565653,160,339,107,399,179,292
1205893209,3082982500,41,453,20,435,412,415
1243785551,3775997579,191,317,59,359,126,300
1282750784,4058939368,23,474,91,401,451,310
1316307667,4200883276,76,425,11,470,349,459
964625525,247667638,181,315,183,301,134,118
390113145,49712568,182,310,182,343,128,161
1250254915,3831235752,0,486,166,499,486,333
1277781548,4026082256,112,390,9,489,278,480
1319153526,4214020188,29,478,29,470,449,441
1323980155,4232365564,0,408,135,448,408,313
1026753564,569296654,98,404,32,464,306,432
1275475563,4006429898,137,366,31,480,229,449
1275158381,4004090003,0,499,0,499,499,499
886937023,132784295,62,436,0,499,374,499
1316131610,4200872513,8,492,15,492,484,477
1301698824,4151269643,0,499,0,499,499,499
1281408184,4044084631,79,422,78,421,343,343
1297499464,4134707543,0,499,62,436,499,374
1269377709,3957464028,85,409,39,451,324,412
1317162042,4211520865,32,451,42,449,419,407
625104821,2920487,36,462,7,491,426,484
1279580030,4040183921,17,482,33,478,465,445
1158046027,2497396100,137,362,100,388,225,288
1262444874,1836825325,0,499,14,484,499,470
1308895390,4177866970,54,437,107,443,383,336
888401188,134547009,79,419,0,498,340,498
1266867759,3940020498,170,339,146,358,169,212
1156861831,2678301795,176,323,150,349,147,199
1240902432,3750740480,0,499,195,436,499,241
989023418,296200836,192,306,175,323,114,148
1275549469,4006494465,0,486,0,499,486,499
987541911,294316457,92,407,0,494,315,494
1237244635,3718128165,0,499,119,380,499,261
921380058,168729318,210,284,211,283,74,72
1279536805,4040138083,52,442,5,468,390,463
1266064137,3930062830,57,441,0,498,384,498
1047916749,934108335,143,374,125,355,231,230
1289870403,4089739000,0,499,0,499,499,499
941622154,207151335,146,349,169,324,203,155
1308946772,4176762391,62,436,0,499,374,499
987674388,294489933,143,356,7,499,213,492
1273962938,3995359532,0,499,0,499,499,499
1275037156,4003835587,29,482,28,470,453,442
987356104,294185616,46,453,80,432,407,352
1268417958,3951005592,0,479,31,476,479,445
1299524283,892333337,92,406,0,499,314,499
1155772220,2659812208,199,303,158,345,104,187
1123816784,2062703274,160,339,100,399,179,299
1227120505,3606839294,165,334,186,313,169,127
977887241,278553025,88,410,0,499,322,499
1276692215,3969948894,26,468,68,420,442,352
1301435122,4060921053,0,499,0,499,499,499
1190250904,2349852308,87,399,169,352,312,183
1255073003,3867303602,131,368,115,400,237,285
1045864657,872608559,50,448,0,499,398,499
911067212,81126029,33,465,0,499,432,499
935966871,195769015,113,415,0,499,302,499
872117086,84792731,62,437,0,499,375,499
1121821174,2043569245,0,499,0,416,499,416
1279591561,4040184377,31,453,83,434,422,351
1297590772,4136185174,0,499,109,389,499,280
1078655772,1403420440,0,468,36,482,468,446
1284926319,4066226127,0,499,46,499,499,453
1166653406,2817700870,0,499,62,436,499,374
1088847088,1545224088,0,499,109,390,499,281
849218020,80544332,62,436,0,499,374,499
1250156263,3830391201,171,333,74,303,162,229
1207906302,3340467610,0,499,62,436,499,374
1163872720,2766617895,154,349,90,457,195,367
1132458597,2225914881,0,499,0,499,499,499
1042990706,846366967,4,495,72,419,491,347
1253519591,3857173126,25,462,70,465,437,395
1272879358,3991291625,152,351,176,328,199,152
960333669,107509372,150,349,174,325,199,151
1313030973,4197486437,39,462,109,396,423,287
1306530580,4167074750,106,388,51,463,282,412
1318929523,4213792989,42,458,98,389,416,291
1092722605,1539731404,111,400,163,338,289,175
1066860498,1172710067,0,499,62,436,499,374
996902116,321850161,50,449,0,499,399,499
1192969900,3131423655,106,393,44,454,287,410
1178273591,2983704874,75,438,33,460,363,427
1275572034,4006496970,0,499,89,491,499,402
1283491445,4061478437,0,499,0,499,499,499
1277211644,3937052093,96,415,75,438,319,363
1265377035,3930261921,34,440,22,474,406,452
1074325349,1330568856,0,499,62,436,499,374
1283508528,4061479334,26,474,96,376,448,280
1163883092,2770510671,0,499,62,436,499,374
1032019881,617641694,0,499,62,436,499,374
1178273771,2983704980,0,499,240,259,499,19
868616523,112268869,71,420,75,424,349,349
973998358,270417792,51,354,85,421,303,336
1316094062,4200868697,32,465,140,390,433,250
1272017844,3986436903,16,388,59,388,372,329
1126561285,2105076519,45,431,143,357,386,214
1002984220,388567514,147,351,125,374,204,249
1227578253,3610155664,0,499,59,438,499,379
1287835262,4079436514,0,499,0,499,499,499
1012321549,459874159,21,456,76,413,435,337
1145868814,2498918112,0,499,109,389,499,280
1283416344,4061577512,0,499,0,499,499,499
1170208038,2892480822,119,378,11,465,259,454
1235951899,3702172067,108,397,40,361,289,321
971432776,262168982,56,497,204,300,441,96
861005501,99103459,0,499,62,436,499,374
1089146460,1493309255,0,499,62,436,499,374
1271000214,3974674182,114,386,41,431,272,390
1027369477,570730641,108,390,50,449,282,399
1038932300,767588963,50,449,105,394,399,289
1002981967,388574401,173,307,157,339,134,182
1276696487,4015618237,0,499,0,499,499,499
1174591980,2940640223,167,321,176,318,154,142
1235683343,3697766230,35,473,61,460,438,399
889172050,135362939,111,389,141,340,278,199
1304162833,4160984836,106,388,51,463,282,412
1306489349,4168612575,44,466,9,495,422,486
894360950,142117073,118,384,133,376,266,243
965107677,249381183,156,343,116,383,187,267
1115171194,1892606190,0,499,88,411,499,323
1257734341,3882520576,0,499,109,389,499,280
1168563081,2855206878,29,437,78,419,408,341
1043841227,853456191,43,479,60,466,436,406
1310595127,4182261590,69,393,40,460,324,420
1241831033,3760891175,68,431,0,499,363,499
1100503466,1725833338,69,417,96,397,348,301
1100410448,1721383473,0,499,63,436,499,373
1261196393,3895810092,0,499,96,402,499,306
1240643825,3748056100,0,461,57,499,461,442
1296387469,4130472273,75,306,45,317,231,272
1002977663,388572597,164,334,125,374,170,249
1287239779,4078084561,44,440,11,482,396,471
1319066681,4217965890,9,490,125,485,481,360
1099701604,1706101737,170,357,123,411,187,288
1273871718,3995345284,164,499,0,335,335,335
977871927,278549066,88,410,159,499,322,340
1280304559,4044682422,0,499,0,499,499,499
1257244160,3879893949,64,431,38,467,367,429
1192150391,3122651729,68,432,22,488,364,466
1216072587,3477260091,92,434,143,352,342,209
1253217561,3854773001,24,499,28,499,475,471
1270213143,3969772788,0,499,0,499,499,499
1273386396,3992629386,18,472,60,465,454,405
1190253151,2832752241,53,438,125,385,385,260
1312706686,4186770311,0,499,0,499,499,499
1283250454,437149,91,407,0,499,316,499
1176503600,2958499419,0,499,171,332,499,161
1174589339,2940639467,27,490,123,481,463,358
1190258879,1876687618,160,361,82,405,201,323
1027247751,570621969,101,397,50,449,296,399
1238965626,3731057784,8,491,129,446,483,317
1113104884,1832989761,109,390,88,497,281,409
960138947,234729226,72,427,0,499,355,499
1011307282,449725308,87,412,0,499,325,499
1295075596,4125278412,45,457,96,400,412,304
1028251608,580769017,69,429,0,499,360,499
1248862577,3817906498,19,480,173,325,461,152
1223044779,3578485573,28,476,85,426,448,341
1124589260,2079502233,117,354,10,460,237,450
904556386,149781162,71,415,102,371,344,269
1023563287,524016333,76,423,0,499,347,499
1177682298,2977597146,26,482,135,470,456,335
1285852937,4017675795,31,474,136,368,443,232
1043841404,853456185,26,481,62,434,455,372
1304755971,4162787354,58,440,0,499,382,499
1252231533,3848175456,0,499,0,499,499,499
1264901043,3928054167,92,407,24,473,315,449
1285672256,4069734473,175,323,1,96,148,95
1165284289,2413441914,137,361,100,399,224,299
919163142,52128514,62,436,0,499,374,499
1264007225,3923287867,56,395,60,392,339,332
334850977,47892095,0,499,48,451,499,403
1316339713,4209055925,28,463,49,441,435,392
1295875477,4126967601,0,499,0,499,499,499
1097127098,1662138104,62,436,0,499,374,499
1316613411,4200946916,0,499,0,499,499,499
1244404594,3783508258,164,339,131,434,175,303
1282854177,614766,56,442,0,499,386,499
1257150057,3879365182,117,348,57,424,231,367
1266901686,3940232070,76,454,108,399,378,291
1275682544,4006530361,0,499,0,499,499,499
1027759438,575938334,6,494,6,492,488,486
1318941174,4213829305,59,444,68,499,385,431
1195696883,3167770859,164,337,199,302,173,103
880033682,125230231,0,499,64,434,499,370
1266560241,3938785110,0,499,100,398,499,298
1285106734,4063763043,78,408,109,430,330,321
1309978794,4181945663,0,499,0,499,499,499
1321316713,4222978893,51,451,96,406,400,310
1109432865,1172314576,148,351,115,399,203,284
1270155226,3969250162,0,499,0,499,499,499
907335821,86372002,165,334,115,383,169,268
1305047265,4164658856,106,388,51,463,282,412
1090276946,1555255797,47,451,0,499,404,499
1077530450,1374057088,72,427,0,498,355,498
890491352,136684692,74,424,0,499,350,499
1146395775,831099885,89,410,108,454,321,346
1246302193,3798145303,0,499,62,436,499,374
1244211549,3780738081,0,499,0,499,499,499
1077818489,1384387427,240,263,0,499,23,499
1204219310,3287230662,82,417,5,494,335,489
1290983789,4098761098,0,499,43,455,499,412
717500301,59216047,0,499,62,436,499,374
1174579072,2940636375,0,499,0,499,499,499
1273049701,3992546050,60,442,69,434,382,365
956725566,222825798,72,426,0,499,354,499
1286944621,4076971614,55,445,74,436,390,362
932452669,188391849,0,499,83,415,499,332
1190879199,3096182583,51,448,0,499,397,499
1297749086,4137059841,57,443,59,435,386,376
1316336093,4209055637,0,499,0,499,499,499
868869087,112326963,88,411,0,499,323,499
1216292753,3479856473,79,419,0,499,340,499
1238386835,3728027800,0,499,62,436,499,374
1283886071,4061624486,83,401,143,302,318,159
844217511,71799254,102,396,0,499,294,499
1253923652,3858276180,24,482,182,317,458,135
1178310244,2984373223,13,477,53,450,464,397
1275025698,4003833583,29,484,32,470,455,438
1298445197,4139334333,0,499,0,499,499,499
1284202609,4063442788,67,433,72,439,366,367
1031548084,612506496,51,449,51,448,398,397
1208109717,3350637769,73,425,0,489,352,489
968940141,85373476,58,441,0,499,383,499
1090908246,1565387024,146,352,100,399,206,299
1310451920,4182304863,64,449,96,397,385,301
1262554670,3908517191,45,321,150,351,276,201
1038147209,746830572,87,411,12,486,324,474
1181146397,3000501274,50,471,21,465,421,444
1275417904,4004200730,59,448,64,445,389,381
925741602,177385387,109,423,93,404,314,311
1263799146,3915193705,109,389,0,499,280,499
144791130,4426154,200,299,180,318,99,138
1239509374,258760881,210,289,196,303,79,107
1301450088,4151054301,32,472,86,394,440,308
1019295440,516391022,137,365,70,427,228,357
874293953,120104429,76,425,85,410,349,325
1261946822,3759922431,100,399,51,448,299,397
1236322341,3707218133,52,447,24,476,395,452
1321893473,4227758515,0,499,59,486,499,427
1275719199,4008135348,26,489,39,492,463,453
1018022721,85475391,190,309,190,309,119,119
1308438935,4176404964,50,447,27,473,397,446
1192113655,3121335148,91,367,135,370,276,235
1289215738,4086231313,42,459,40,463,417,423
987632556,294479719,125,382,16,489,257,473
962094078,239237300,74,425,0,499,351,499
1029720887,594503857,109,389,0,499,280,499
1070229395,101254813,72,427,8,499,355,491
973606618,269653438,7,495,90,412,488,322
998304667,334688491,59,461,42,448,402,406
823485764,61058368,63,436,0,499,373,499
1279046599,4037576020,0,499,0,499,499,499
1041750595,832880963,176,322,150,349,146,199
1133950997,2034871712,42,452,74,451,410,377
1138338596,2365056573,145,351,173,329,206,156
1234715568,3689154689,196,337,163,361,141,198
1273023606,3992471902,0,499,0,499,499,499
1289490883,4088731037,93,410,70,427,317,357
987910764,294815649,0,499,232,267,499,35
977833051,278813594,100,389,168,284,289,116
940725088,204498782,0,499,62,436,499,374
1088202628,1534745620,68,431,0,499,363,499
1276323763,4012664508,0,499,0,499,499,499
1252312157,3848407762,134,344,66,465,210,399
1304119125,4148207769,151,358,148,330,207,182
1249535246,3819982112,130,369,170,329,239,159
1234100146,3683146933,62,436,0,499,374,499
1254354737,2361160826,0,499,0,499,499,499
835997376,70406443,0,499,109,389,499,280
1008228191,436165090,187,311,186,311,124,125
1309329502,1869200741,45,441,56,445,396,389
1225887204,2846816582,125,374,125,363,249,238
1168990272,2864294562,62,436,0,499,374,499
1313283379,4197502337,31,443,86,448,412,362
1002972284,388571917,142,357,160,339,215,179
1290594892,4095093329,0,499,0,499,499,499
1270256612,2547266135,111,387,0,499,276,499
1130895349,2189576207,70,429,145,354,359,209
1192052883,3120607095,68,432,22,488,364,466
1028888976,589264446,74,424,0,499,350,499
1306679982,4165106265,62,436,0,499,374,499
1156077027,2664721777,234,265,1,473,31,472
1282865384,4057766465,0,462,10,499,462,489
1264893515,3928052218,0,499,0,499,499,499
1308888695,2678977336,100,399,33,465,299,432
1248861782,3817906307,57,441,0,498,384,498
1190251156,2974260317,160,338,115,376,178,261
921250031,168344511,179,360,16,359,181,343
901441194,146754075,130,369,77,421,239,344
933685513,190800542,110,390,16,479,280,463
1216360531,278542828,159,340,122,399,181,277
1256837563,3875166685,74,424,0,499,350,499
864060191,105384633,235,269,234,288,34,54
1146981048,2527236594,110,389,53,446,279,393
1123656923,2052732997,0,499,62,436,499,374
1070965106,1267178944,62,436,0,499,374,499
1301517262,4151263162,0,499,0,499,499,499
973131309,267917125,152,329,198,302,177,104
1264129968,3923186624,0,485,0,498,485,498
1243769552,3775266783,0,499,74,425,499,351
949386592,212342786,149,262,140,360,113,220
1290594879,4095093326,56,383,29,475,327,446
1031201644,610243266,79,421,19,479,342,460
964895494,248542180,69,430,0,499,361,499
1009262169,440564048,106,393,50,449,287,399
1132582912,2228540272,90,429,122,431,339,309
1282567826,4057550184,0,499,0,499,499,499
856760089,88981729,99,430,0,499,331,499
1153381578,2610793239,0,499,62,436,499,374
1012321396,456969780,70,429,0,499,359,499
1281738733,4052948317,48,499,0,499,451,499
1295894557,4126967972,0,499,0,499,499,499
979509155,282041203,104,395,157,339,291,182
1261174058,3898707886,39,455,131,341,416,210
1269834717,3962792543,20,477,60,441,457,381
1201836185,3249409508,20,480,81,410,460,329
1236944692,3716249209,180,319,153,346,139,193
1252377821,3848751646,50,449,50,449,399,399
1025671459,554019761,13,484,39,466,471,427
1274391943,3999379557,93,397,64,160,304,96
1257317657,3879905107,0,499,0,499,499,499
1115889449,1951951733,108,390,64,435,282,371
1046534501,876035300,75,427,27,474,352,447
1078144958,1392891888,0,499,62,436,499,374
1294221026,4122562414,0,463,198,499,463,301
1278797393,4037083926,89,411,90,411,322,321
1292885892,4114276146,67,440,20,474,373,454
1249535485,3819982772,161,338,143,357,177,214
1312812965,4195607748,0,499,109,389,499,280
1324016592,4235888021,39,451,19,467,412,448
941678850,207257906,172,323,145,351,151,206
1043800746,853182911,0,499,62,436,499,374
1007562072,435036930,58,440,0,499,382,499
1004006676,401112559,72,426,0,499,354,499
1188761773,3071802016,110,389,145,354,279,209
1300050759,4141168939,92,406,0,499,314,499
1276013989,4010222832,28,465,28,464,437,436
1307333648,4171232683,0,499,0,499,499,499
1267979382,3944991729,169,479,87,372,310,285
1093173334,1598071022,193,296,11,490,103,479
957802325,225562764,137,358,169,320,221,151
1252102039,3847027424,0,499,0,499,499,499
1095429644,1636761292,63,437,0,499,374,499
928301589,181600744,0,499,72,427,499,355
989451562,296371165,0,499,63,435,499,372
1278757766,4036994801,72,428,92,430,356,338
1316158292,4200875461,62,436,0,499,374,499
848673554,79657586,213,390,232,268,177,36
1097034286,1665834116,52,447,0,499,395,499
1220202333,3540980980,37,465,172,327,428,155
1269770576,3962600007,0,499,62,436,499,374
1162394921,2753709100,27,479,82,459,452,377
1289721872,4086155015,0,499,1,499,499,498
1201297335,3245636853,71,427,0,499,356,499
1237283867,3716328467,0,498,51,498,498,447
1314756185,4186669553,163,351,40,474,188,434
926059140,177943989,175,312,195,296,137,101
1088410566,1539031944,71,427,0,499,356,499
1301872851,4153639507,25,484,17,477,459,460
1100071465,1711735127,110,389,52,446,279,394
1301542840,4150998037,0,499,0,499,499,499
1257461125,3881468764,0,401,0,488,401,488
1273238097,3992540281,78,429,82,446,351,364
1261860160,3900607133,81,429,66,468,348,402
1317715713,4213751855,0,499,0,499,499,499
1276073278,4010225705,102,438,81,444,336,363
1017931157,93254847,190,309,160,339,119,179
1261398981,3899875916,130,370,54,456,240,402
1228369761,1887688100,19,478,104,427,459,323
921249509,168344826,9,487,109,410,478,301
981050414,284151366,146,356,86,395,210,309
1225663306,3460743967,125,359,125,338,234,213
1078032578,1390158791,168,333,152,466,165,314
1042481586,841283509,8,490,216,280,482,64
1301062381,4150447523,0,499,0,499,499,499
1211887414,2767724487,88,411,0,499,323,499
1304163886,4160985093,106,388,51,463,282,412
1282745836,4058569497,0,499,0,499,499,499
1269260708,3951636551,0,499,62,436,499,374
1187256682,3046568430,0,499,86,413,499,327
1247849820,3813571467,0,499,62,436,499,374
916926061,162121901,0,499,0,499,499,499
1241206142,3753818278,166,335,187,314,169,127
1247742306,3809562958,0,499,62,436,499,374
1307347356,4171370637,104,395,152,347,291,195
1313464040,4197523822,30,474,78,427,444,349
1309024783,4179119521,27,499,83,414,472,331
844465980,72614717,0,409,62,436,409,374
1203618370,3281024423,41,465,57,459,424,402
1166743034,2665315716,0,499,100,398,499,298
106999030,3317465,74,424,0,499,350,499
1074032504,1328733020,87,412,0,499,325,499
1216983583,3488037957,39,460,0,499,421,499
1252558455,3850010598,42,475,126,382,433,256
1269512193,3959938724,14,485,0,499,471,499
1152028219,2597082542,49,436,54,454,387,400
1192165492,3122724273,68,432,22,488,364,466
1261971045,3902123795,41,473,153,356,432,203
1244541260,3785187894,0,499,120,436,499,316
1258604196,3885887611,110,441,76,469,331,393
1019269312,516356106,0,499,0,499,499,499
1268713130,3951838350,19,471,38,491,452,453
1100072429,1711729523,70,429,145,354,359,209
1028008075,578062446,76,423,0,498,347,498
1049265267,945057819,73,426,0,499,353,499
1288916769,4086021331,0,499,0,499,499,499
1162496134,2641968290,50,449,0,499,399,499
921948126,170165521,173,309,120,301,136,181
1195027091,3163785995,31,418,109,443,387,334
1173698703,2928371926,0,499,63,436,499,373
1146255272,1960330202,80,418,33,476,338,443
1140310194,2406558217,14,477,143,355,463,212
1037502811,731518662,74,400,84,429,326,345
1322168764,4228959803,0,499,0,499,499,499
1269735388,3962345186,7,474,203,275,467,72
928185552,181505761,0,499,0,499,499,499
1310532355,4182251326,6,263,150,323,257,173
1143236235,2462946312,160,309,210,349,149,139
1006740921,427835111,143,355,53,445,212,392
975300449,211378301,102,396,56,443,294,387
1007668612,435149814,160,339,132,366,179,234
1208796072,3363202917,16,481,73,424,465,351
1268072025,3944551953,0,499,1,499,499,498
921250252,168345139,20,450,83,402,430,319
1178119135,2980963091,69,430,44,452,361,408
1241655793,3759133405,150,342,110,381,192,271
1301576547,4151265571,6,496,0,497,490,497
1261419270,3898725503,0,499,0,499,499,499
1072862044,1311984566,80,420,1,499,340,498
1158121347,2695198408,21,472,81,408,451,327
1203367182,3274479949,146,350,0,499,204,499
1221338494,3561599638,110,377,102,392,267,290
987677036,294489315,57,443,60,496,386,436
1196912776,3198737540,62,436,0,499,374,499
1128259768,2138486215,0,499,0,499,499,499
924747776,174864896,120,379,76,422,259,346
995643545,303755586,62,436,0,499,374,499
1320461487,4221384887,157,347,157,476,190,319
1018751506,512212174,0,499,62,436,499,374
1306837332,2007432571,92,406,0,469,314,469
1273237109,3992539958,65,426,81,438,361,357
1321437901,4222996219,0,499,0,499,499,499
1245020099,3788253276,54,458,125,407,404,282
1269051057,3955087219,0,499,0,499,499,499
1252627271,3850328354,0,499,169,436,499,267
1273424167,3992583032,37,465,38,466,428,428
1216265571,3479113775,4,495,63,436,491,373
1249534227,3819978863,171,327,178,328,156,150
988318480,295317735,26,474,85,417,448,332
1284024235,4063348037,0,499,0,499,499,499
1260355488,3893244216,46,452,90,448,406,358
1104731227,1785089717,50,445,70,437,395,367
1305167322,4164674241,106,388,51,463,282,412
883036349,127735649,54,444,0,499,390,499
1229784267,3625752067,0,499,62,436,499,374
1241696768,3759235943,29,469,0,499,440,499
1167415301,2804599946,130,367,119,381,237,262
1243659073,3775275166,0,499,62,436,499,374
868497468,110252198,0,499,50,449,499,399
1137556775,1548292571,89,412,86,408,323,322
1176065544,2953356172,193,306,170,341,113,171
834346283,66436486,37,462,0,499,425,499
18445230,1098684,70,429,0,499,359,499
1321828024,4229449570,0,499,0,499,499,499
1211700793,3373331172,97,401,0,499,304,499
1282690939,4058563255,0,499,0,499,499,499
1269974787,1565820894,84,415,0,499,331,499
1145819585,2504897809,62,436,0,499,374,499
1248861456,3817906235,59,440,0,499,381,499
1261386002,3898718415,0,499,241,259,499,18
1269770035,3962599038,0,499,62,436,499,374
1256787802,3875046499,0,499,0,499,499,499
1265206127,3929890030,0,499,0,499,499,499
1226405696,3591581797,0,499,142,436,499,294
912220168,156155648,68,430,0,483,362,483
1312680263,4195559103,75,439,28,485,364,457
1321087314,4221739329,40,443,88,362,403,274
1158121315,2695198246,100,389,15,476,289,461
1282009626,4050754919,38,446,75,441,408,366
1245644370,3793572541,28,474,86,393,446,307
1146394431,1151945677,110,395,47,449,285,402
977698914,278525402,83,416,55,479,333,424
862579826,102350317,93,406,54,448,313,394
1281710147,4052946974,0,499,0,499,499,499
1248853290,3817904605,58,441,54,449,383,395
1256431418,3874305590,0,499,0,499,499,499
1308886880,278530731,100,399,9,489,299,480
1257612761,3881987131,30,449,64,464,419,400
1007732775,435289872,100,399,56,442,299,386
1008145089,436064696,150,349,118,380,199,262
1226414196,3598440407,143,355,115,399,212,284
1133690247,2261659161,191,307,165,334,116,169
1005824389,418195573,0,498,74,415,498,341
1272201006,3988036027,62,436,0,499,374,499
1309062173,4179410319,81,419,52,437,338,385
1174585661,2940638518,180,331,169,340,151,171
982309708,285562102,62,436,0,499,374,499
1297955206,4137776862,0,499,0,499,499,499
1125160381,2089758140,150,349,125,387,199,262
1317940307,1951685693,0,499,40,499,499,459
1244008960,3777686942,50,450,155,374,400,219
1122118104,2045872809,74,425,7,499,351,492
1324141459,4236042708,16,499,19,499,483,480
1216404223,3397499315,179,488,32,332,309,300
1244541333,3785188010,0,499,62,436,499,374
1257108788,3878694632,36,463,86,412,427,326
1291843327,4103838235,129,419,76,164,290,88
1302469119,4153910478,51,447,0,499,396,499
1131064909,2192172079,14,486,168,331,472,163
1310568019,4182255683,41,449,83,433,408,350
940889269,205319107,124,380,127,361,256,234
1301559856,4150999391,0,499,0,499,499,499
1227516195,3611424612,4,497,1,445,493,444
1119406513,1998120978,17,483,74,481,466,407
1308871429,1183158433,100,399,9,490,299,481
309769039,46535539,142,362,88,405,220,317
1113114600,1832995792,156,343,88,462,187,374
1231619197,3652720184,109,389,0,499,280,499
1025104363,548997213,70,429,0,499,359,499
1324188813,4236297284,64,419,13,499,355,486
1242288729,3762795290,0,499,0,499,499,499
1299544858,4140654755,70,428,0,499,358,499
1100062722,1711729209,180,319,153,346,139,193
197402330,5913722,0,499,2,496,499,494
1324073869,4236041786,0,499,0,499,499,499
1038005478,742160820,68,430,0,499,362,499
1301544676,4150998209,60,471,160,351,411,191
977535874,278403349,82,416,0,499,334,499
1239450370,782645240,39,456,150,357,417,207
1315074362,4187103323,33,465,124,377,432,253
1158121245,2695198122,19,482,87,421,463,334
1279501152,4037937942,0,498,0,499,498,499
1051762164,635321027,53,445,0,499,392,499
849443649,80885607,0,499,10,488,499,478
1131804127,2170659821,10,487,128,375,477,247
1176503681,2958499443,17,485,132,373,468,241
1220248557,3541033133,31,468,42,420,437,378
905807267,150339778,62,436,0,499,374,499
930798765,180482450,62,436,0,499,374,499
1303629898,4159071296,106,389,51,463,283,412
1253427131,3856590885,0,499,0,499,499,499
1113107287,1832991287,61,437,99,383,376,284
971431947,262168543,64,428,10,490,364,480
757078471,61197797,87,409,1,496,322,495
1273392789,3992574472,0,499,0,499,499,499
971359611,261780301,138,360,95,404,222,309
1156440019,2670177234,139,362,50,430,223,380
1261044296,3897286388,49,446,17,480,397,463
1242074972,3762071108,70,429,145,354,359,209
286173070,16653099,62,436,0,499,374,499
1273249183,3992544484,67,430,70,438,363,368
878634958,123998131,178,321,150,349,143,199
1277199039,4020963754,109,389,0,499,280,499
1019386264,516574162,145,341,177,314,196,137
967579977,254416760,142,360,118,423,218,305
1269136910,3953982541,13,485,13,491,472,478
1198136585,3211578534,73,426,0,499,353,499
1295220847,4125633557,184,317,26,476,133,450
1192179771,3122963898,39,292,172,327,253,155
963035351,242401398,150,335,178,348,185,170
1302514429,4155420364,8,488,36,414,480,378
1096223584,1648611740,62,436,0,499,374,499
1299532335,4141662154,63,442,29,459,379,430
1109208620,1885307920,93,422,10,476,329,466
1169935383,2888059484,98,400,108,391,302,283
1273028937,3992472379,0,499,29,499,499,470
743083,929396,56,442,0,499,386,499
1298599094,4139954778,92,405,0,499,313,499
1137051244,2339043063,0,499,62,436,499,374
1285988039,4071897421,0,499,0,499,499,499
938054372,198629272,175,324,200,298,149,98
465645961,6925256,0,499,62,436,499,374
1257249772,3879898950,0,499,0,499,499,499
1306300649,4167793808,0,499,62,436,499,374
1027113979,569691714,101,398,50,449,297,399
959862491,233987602,73,425,0,499,352,499
1131441651,2202911980,62,436,0,499,374,499
1304056011,4160929980,106,388,51,463,282,412
1264832926,3919635937,62,436,0,499,374,499
908081722,152675101,65,434,0,499,369,499
1027064082,569684885,109,389,50,449,280,399
1012318743,459833701,51,486,140,365,435,225
1225886812,3233145201,125,311,125,318,186,193
1317619913,4213271176,62,436,0,499,374,499
1310575996,4182256678,47,499,0,418,452,418
1309400277,4180506223,79,420,0,499,341,499
229887730,6338293,150,349,107,391,199,284
866902314,109761732,21,491,10,487,470,477
970795453,260290671,81,417,0,499,336,499
1307837783,4172829225,37,468,63,297,431,234
1243659729,3775275600,0,499,62,436,499,374
1265224776,3929899969,0,495,100,437,495,337
1311432062,4187123422,0,499,0,477,499,477
1290854251,4096910594,0,499,113,385,499,272
1297091690,2026567781,57,442,0,499,385,499
1027323287,570708381,123,375,50,449,252,399
1285873701,4017685049,0,499,83,415,499,332
1113765154,1928266886,0,499,109,389,499,280
1262928892,3912808613,132,367,184,330,235,146
1174593718,2940640515,77,432,66,460,355,394
1027330165,570661639,108,391,50,449,283,399
1314343949,4186266163,37,475,56,454,438,398
1152544303,2608008442,52,437,134,365,385,231
1204201901,3287130042,122,376,31,468,254,437
1279755865,4041456231,103,395,64,451,292,387
1198622658,3218519379,90,411,17,458,321,441
1318324625,4216344081,62,436,0,499,374,499
928813450,182312609,0,499,62,436,499,374
1276350590,4012863777,24,477,45,441,453,396
1220376378,3540995687,5,491,0,492,486,492
1303861345,4159885439,0,499,48,451,499,403
1275545571,4006494261,31,486,160,345,455,185
1191400194,3106050811,0,499,62,436,499,374
971434473,262167532,10,474,45,471,464,426
1307383498,4171490793,58,454,56,444,396,388
1011592859,453741609,0,499,53,445,499,392
1273412529,3992579092,0,499,0,499,499,499
1282025116,4050758814,17,471,156,348,454,192
1080255506,1444109550,78,419,0,499,341,499
1289957438,4090626569,0,499,0,499,499,499
866333916,109073213,125,374,60,439,249,379
1156128119,2665237192,103,394,185,320,291,135
1158120762,2695197411,96,404,145,354,308,209
1174593075,2940640418,8,470,9,490,462,481
1148796353,2454312653,25,470,11,489,445,478
1174591359,2940640054,0,499,0,499,499,499
1123251600,67532785,49,449,0,499,400,499
1116291006,283216139,172,321,143,384,149,241
1124334900,2063606639,159,340,124,399,181,275
1026502381,564281729,0,499,83,415,499,332
1275680031,4006528809,14,454,7,448,440,441
1295426372,4126737659,160,323,111,474,163,363
1070620926,1270571147,60,443,69,438,383,369
1263691720,3920854011,0,499,0,498,499,498
1111835100,1915837280,108,427,18,425,319,407
1242115698,3762611607,16,492,145,365,476,220
1170039411,2890483026,9,455,87,408,446,321
1131844318,2212070504,76,420,156,348,344,192
1265224451,3929899860,43,461,100,394,418,294
1105564467,1853041459,0,499,62,436,499,374
1249617544,3820452215,163,357,79,377,194,298
1002988681,388877570,68,430,0,499,362,499
921733111,168832861,125,356,41,470,231,429
1042677214,843575646,62,436,0,499,374,499
870156259,114389379,0,499,49,450,499,401
1116961494,1966973808,26,470,58,264,444,206
1074715151,1337814904,174,352,25,382,178,357
1266181356,3935904595,0,499,0,499,499,499
1028721032,587697816,61,438,0,499,377,499
696939786,57736843,35,460,57,439,425,382
1317187521,4211528691,27,472,11,499,445,488
1142709061,2455224911,124,374,130,364,250,234
994961446,302800141,17,490,12,486,473,474
1204205737,3287246272,110,389,54,445,279,391
1275460708,4006485512,78,439,109,473,361,364
1120946771,2022519078,0,499,109,389,499,280
1149615481,2562252899,34,452,58,466,418,408
1215529400,3470071324,105,395,42,459,290,417
1127437360,278518166,159,340,100,399,181,299
1248667417,3817192621,95,421,34,418,326,384
1235804073,3699899579,0,499,62,436,499,374
1265216601,3929900623,326,334,144,224,8,80
1075713587,1351997958,83,415,0,499,332,499
1308957014,3271821673,0,499,62,436,499,374
1246071169,3797074202,15,499,33,485,484,452
1206021344,3317300373,129,415,96,406,286,310
1291964163,4104904329,109,389,0,499,280,499
1249535115,3819981962,177,322,188,318,145,130
1263081161,3913488976,0,499,109,389,499,280
874730110,77562997,72,427,0,499,355,499
1079211925,1412866630,62,436,0,499,374,499
923837150,174870903,0,499,62,436,499,374
1131551410,2207241800,0,499,0,499,499,499
1318549070,4219453794,35,466,152,291,431,139
1017394819,67355456,190,309,178,321,119,143
1277342660,4022425000,0,499,0,499,499,499
1033742990,659354616,147,349,94,322,202,228
1128181188,2137647134,73,426,24,499,353,475
1242115114,3762611150,90,410,22,478,320,456
1204052440,3283656591,62,436,0,499,374,499
1026055758,559361847,36,460,37,480,424,443
1076424899,1362032139,85,413,0,499,328,499
1247014159,3803192102,0,499,62,436,499,374
989314339,296442208,77,417,227,271,340,44
1321663714,4227456360,0,499,0,499,499,499
1047512290,914182985,86,412,0,499,326,499
686345815,57281064,89,410,0,499,321,499
1311964659,4188999715,16,490,31,445,474,414
1320972475,4221646505,192,454,106,384,262,278
1231031277,3640414502,0,499,62,436,499,374
1306778612,4167083783,106,388,51,463,282,412
941678715,207196193,187,322,162,344,135,182
1204618215,3287775821,87,444,20,489,357,469
1092519776,1584530708,186,310,162,328,124,166
1188546431,3067343920,17,484,153,362,467,209
1269938144,3945670165,68,430,0,489,362,489
1094975844,1409597633,177,320,113,338,143,225
1264896111,3928053514,9,485,126,367,476,241
737844952,57518470,62,436,0,499,374,499
1204323393,414489692,194,295,166,326,101,160
913318228,157448774,110,388,12,486,278,474
1238312125,3721995362,0,499,109,389,499,280
1267251482,3942392788,24,499,9,423,475,414
1261173921,3898707873,0,499,195,315,499,120
1292446073,4108916505,221,367,203,309,146,106
1275407377,4004181919,64,447,75,433,383,358
1244017595,3777593040,0,499,109,389,499,280
927257631,180042695,141,358,139,359,217,220
1220467382,3546035484,18,484,92,436,466,344
1133293367,208299834,134,361,75,428,227,353
1317472182,4211044030,0,499,104,395,499,291
1062486755,1115319097,75,424,0,499,349,499
1232433543,3384988166,101,416,123,416,315,293
212967830,6295767,136,363,96,403,227,307
1310452884,4183893055,63,446,84,438,383,354
1027100942,569698791,111,387,50,449,276,399
1093069232,1595886429,117,372,110,387,255,277
1292610725,4111961579,93,400,63,436,307,373
1251231652,3838170188,24,474,57,411,450,354
1009330066,440702034,109,390,53,445,281,392
1192191567,3123096707,68,432,22,488,364,466
1196633354,3195330210,0,499,0,499,499,499
1303688962,4159316170,106,388,51,463,282,412
1174990576,2943438177,0,499,62,436,499,374
1002979984,388574400,173,307,157,339,134,182
1256902577,3874927401,5,494,97,402,489,305
1024865423,546395496,0,499,62,436,499,374
1026867141,569739627,107,392,50,449,285,399
869485855,113451247,71,427,0,499,356,499
1319272516,4214120496,32,464,75,446,432,371
1261359791,3898714836,74,428,31,471,354,440
1301077255,4150449617,0,499,0,499,499,499
1276059975,4010225395,31,400,0,499,369,499
1160880140,2727269961,72,427,1,498,355,497
1317331505,4122566062,202,297,183,309,95,126
1134792701,2292391419,95,405,97,472,310,375
881171414,125425937,0,499,63,437,499,374
964712981,246749692,62,436,0,499,374,499
1242846779,1100407140,100,398,0,499,298,499
1276324641,4012664725,16,499,14,499,483,485
1007977391,435841016,100,399,34,464,299,430
1256451441,3873670918,0,499,6,499,499,493
870380765,114778022,71,427,0,499,356,499
854179407,85756838,70,429,0,499,359,499
973607839,269653419,142,348,158,323,206,165
876789573,93574811,170,311,189,329,141,140
1215466690,3470264983,62,436,0,499,374,499
1009234496,440548595,100,399,56,442,299,386
1244188710,3780604317,109,389,0,499,280,499
1296728027,3287264989,0,499,94,405,499,311
1190258347,1876687571,0,499,62,436,499,374
1100064875,1711735531,180,319,151,348,139,197
1154870665,2644385683,88,411,0,499,323,499
1282286259,4055997913,20,479,22,479,459,457
1318949686,4220451914,146,345,131,460,199,329
1026842962,569557662,113,385,50,449,272,399
1181423344,231452175,0,499,10,488,499,478
1311006768,4182114552,0,499,0,499,499,499
1251501937,3843163626,19,482,157,465,463,308
1314017097,4201307292,5,492,104,426,487,322
1193221506,3139415323,187,308,75,448,121,373
1277907225,4023217082,50,449,72,420,399,348
1119406872,1998121457,47,428,57,426,381,369
1181060620,2999852377,0,499,62,436,499,374
1283620706,4061593333,0,499,0,499,499,499
1186580470,3032797049,0,499,63,436,499,373
188054530,5729966,198,300,174,325,102,151
1244541324,3785188008,0,499,62,436,499,374
678928195,56724357,62,436,0,499,374,499
1302929300,4155348863,14,484,76,413,470,337
1310452611,4182244250,3,496,3,496,493,493
1312773100,4195808670,0,499,0,448,499,448
1161110640,2724990501,0,499,62,436,499,374
1027134919,569765364,133,366,50,449,233,399
1052299387,984119823,61,441,164,367,380,203
1273300246,3992609454,68,440,59,426,372,367
919492577,165106626,0,499,62,436,499,374
1062555408,1106997223,77,412,0,499,335,499
1292460241,4108919460,5,488,154,391,483,237
1248179128,3814515125,44,484,131,352,440,221
977745696,278786222,59,439,0,499,380,499
1282545974,4057545350,33,425,136,368,392,232
1211385541,3397011966,0,499,84,415,499,331
1319986759,4144894668,54,481,191,374,427,183
1279277619,4037119718,66,430,73,440,364,367
984017582,287993854,0,499,69,429,499,360
1250005479,3828299567,209,294,210,359,85,149
1288827037,4085873597,58,440,9,492,382,483
1221768533,3566352247,18,492,16,499,474,483
1281731202,4052947964,0,499,0,499,499,499
1202878039,3265356524,154,345,14,476,191,462
1158011643,2681511789,62,436,0,499,374,499
1086072267,1507821988,97,401,9,490,304,481
1237157994,3717176410,69,430,1,498,361,497
934200697,191802890,134,364,92,409,230,317
1215367122,3470034839,96,403,25,474,307,449
1267994264,3945013603,139,388,165,334,249,169
1132277359,2223236459,83,415,0,499,332,499
1281772871,4050842330,37,464,65,411,427,346
1314713448,4186598267,82,441,130,404,359,274
1104428136,1832984066,154,344,100,395,190,295
1062527432,1116160708,102,409,101,407,307,306
1039911122,804182755,0,499,62,436,499,374
857024855,90815288,62,436,0,499,374,499
1272906707,3991546120,26,362,100,363,336,263
1029633820,593513223,0,499,109,389,499,280
1249535483,3819982770,3,496,20,459,493,439
1259565430,3889144499,18,477,79,430,459,351
1025456752,551363202,168,331,137,359,163,222
1285620709,4069370103,0,499,62,436,499,374
1100655420,1737401681,149,351,109,391,202,282
1262726272,3910821065,105,387,26,413,282,387
1084376159,1495930402,144,395,31,448,251,417
1245321419,3791138377,62,436,0,499,374,499
1186697907,3026572084,38,466,127,396,428,269
922170787,170808105,218,241,387,387,23,500
1275187337,4003932423,25,487,106,406,462,300
1316302048,4200883138,139,357,88,430,218,342
1282289861,4056000618,34,476,37,451,442,414
936857562,196837770,0,499,62,436,499,374
887219924,133262390,62,436,0,499,374,499
1316156428,4200875166,86,420,109,406,334,297
1292820987,4113393430,0,499,79,420,499,341
1166808534,2824855153,40,432,59,442,392,383
1241398412,3756587918,192,308,181,315,116,134
603927150,49976194,73,425,0,499,352,499
892146916,138781011,3,491,58,438,488,380
1226651797,3603099443,159,339,164,341,180,177
1077896251,1386466738,79,418,1,499,339,498
1306643326,4168967901,24,432,18,499,408,481
1275149372,4003925732,82,422,82,418,340,336
1174592110,2940640266,6,491,54,459,485,405
1264198378,3924614627,108,349,126,452,241,326
1136892077,2333016865,83,416,53,451,333,398
1030358128,290707819,92,437,59,411,345,352
1007493986,435018487,61,438,0,499,377,499
1290612981,4095199062,76,478,53,344,402,291
1323872529,4231423426,29,447,117,395,418,278
1310205888,4182225817,23,444,134,435,421,301
1242277464,2927646169,176,323,145,345,147,200
1121336454,2010568728,151,347,100,399,196,299
1219161345,3524000838,0,499,63,436,499,373
1208651552,3360513468,0,499,62,436,499,374
1282561540,4057547485,41,481,21,483,440,462
1255980708,3872875891,13,485,108,373,472,265
1123421635,2054181249,0,499,150,349,499,199
1140981132,873076349,151,347,100,399,196,299
1128063069,2136132636,144,354,100,399,210,299
1248367845,3814853583,117,380,29,458,263,429
963966997,77051735,62,436,0,499,374,499
1108085897,1869276333,0,499,109,389,499,280
1270167887,3969252730,0,499,0,499,499,499
1261172740,3898707458,81,409,75,414,328,339
1027358099,570728638,101,397,50,449,296,399
1308775846,4177815245,81,499,198,376,418,178
1088764739,49609286,0,499,62,436,499,374
1272018954,3986436952,0,499,0,499,499,499
1154645179,1182276643,18,466,86,363,448,277
1176505237,2958502066,181,315,76,396,134,320
1131511964,2206142079,0,499,83,415,499,332
1314657212,4203298271,26,472,21,477,446,456
1240234538,3745162452,75,424,79,417,349,338
1249758425,3821565900,0,499,62,436,499,374
1282993749,4057771973,79,406,35,473,327,438
1291843296,4103838358,0,499,19,479,499,460
1265204426,3929889967,233,280,249,493,47,244
1272432353,3988097752,31,463,123,377,432,254
1283772649,4061611820,63,437,90,459,374,369
1282831521,4058579823,70,430,87,444,360,357
1306498941,4165275827,74,425,0,499,351,499
1109398709,1888394577,0,499,62,436,499,374
1265222106,3929898820,33,464,93,396,431,303
1270625761,3972428178,0,499,0,499,499,499
1097136495,1663538578,71,428,0,492,357,492
966010506,251454823,227,275,138,360,48,222
1310293142,4182232032,0,499,0,499,499,499
897524565,143519005,29,471,70,425,442,355
1301523619,4150996310,53,453,77,415,400,338
1324197827,4236297820,24,319,37,465,295,428
1221140751,3552649892,62,436,0,499,374,499
1316338386,4196122800,0,499,109,389,499,280
1089549601,1553617452,148,342,137,356,194,219
1240164631,3743864684,0,499,67,432,499,365
1102878873,845432499,4,485,20,481,481,461
1007566167,435089359,100,399,50,449,299,399
1275222099,4003938239,63,439,68,441,376,373
1169931138,2887779523,90,433,14,499,343,485
1267934512,3944839556,24,455,142,333,431,191
1253658468,3858328138,149,348,61,450,199,389
987667513,294485993,109,409,79,446,300,367
1043841363,853455940,5,488,114,380,483,266
1227456610,3609724518,127,368,16,483,241,467
1304120645,4160951172,106,388,51,463,282,412
1251221123,3838165397,103,395,38,490,292,452
1168178501,2854041657,112,420,90,425,308,335
1046707361,877786721,73,426,0,499,353,499
1161618591,2740244834,0,499,62,436,499,374
928811731,182303885,73,426,0,499,353,499
928489805,124198579,83,415,94,404,332,310
1324026303,4235889261,23,499,6,499,476,493
872998198,118330954,83,416,8,495,333,487
1032190213,619696562,116,384,10,490,268,480
1116444121,1960995560,0,499,62,436,499,374
1248856076,3817905059,42,483,106,385,441,279
1277347738,4022480589,29,499,31,499,470,468
884197224,124565748,77,393,133,431,316,298
1317483796,4213276749,115,371,60,433,256,373
1194589185,3161022352,204,295,124,478,91,354
1301494631,4150987912,23,476,51,448,453,397
1316696216,4200955359,0,499,0,499,499,499
1121419947,1892606203,4,499,70,411,495,341
887732402,133932372,199,299,180,319,100,139
1005839124,418203847,24,470,182,314,446,132
1075550036,1348934261,117,381,65,434,264,369
1313115145,4197654081,53,471,35,431,418,396
1307843583,4172829971,4,487,0,485,483,485
940540903,138711663,182,335,199,305,153,106
926008957,177854054,176,323,149,350,147,201
1258486870,3885600800,37,462,93,359,425,266
1301515799,4150994592,137,362,200,385,225,185
1132981293,2239936825,62,436,0,499,374,499
914556008,159022365,331,340,237,262,9,25
1309552970,4180147946,0,499,77,426,499,349
1313434005,4197675847,118,387,108,420,269,312
1128009803,1892606197,0,499,67,443,499,376
971686016,210205171,0,499,105,393,499,288
1033690958,655183759,62,436,0,499,374,499
1280440365,4044748663,5,484,92,414,479,322
1126911578,2086080506,121,427,130,373,306,243
1269896673,3959535275,0,499,62,436,499,374
1206377527,3323084555,0,499,109,389,499,280
746769130,60594358,175,324,183,316,149,133
1117825018,1976678370,54,457,60,365,403,305
1214040005,3457900890,0,499,0,499,499,499
1280440962,4045062281,10,485,26,458,475,432
1285054389,4063743320,0,499,0,499,499,499
1266898256,3940231436,27,485,66,479,458,413
1256535466,3874328605,0,499,11,499,499,488
1100073972,1711730416,70,429,145,354,359,209
1243403826,3773718069,19,480,75,420,461,345
1251414937,3842499710,0,499,0,499,499,499
1313659918,4183881750,20,481,115,366,461,251
1317591105,4213257083,55,454,56,452,399,396
1292899571,4114126534,0,499,62,436,499,374
1174592850,2940640391,86,433,74,426,347,352
1190257186,1833186600,0,499,67,432,499,365
709983330,58777602,83,416,106,393,333,287
1115599121,1947640613,127,381,8,490,254,482
833245287,18155207,150,349,108,392,199,284
1279753068,4041455724,0,493,8,499,493,491
1260236374,3894917864,33,480,33,470,447,437
1060106818,1050330062,22,474,120,389,452,269
1225887594,3593769011,177,322,163,333,145,170
1102675176,1805032675,86,413,81,416,327,335
1271964288,3986430121,54,428,66,412,374,346
1307346832,4171370493,104,395,137,361,291,224
1005841035,418198278,0,499,87,412,499,325
936394324,195238146,70,429,0,499,359,499
1258372080,3883430027,0,499,0,499,499,499
1225887156,3077837073,125,374,125,363,249,238
939904949,203097524,32,472,110,392,440,282
1098438457,261003084,60,433,48,444,373,396
1268718572,3951838534,44,407,59,468,363,409
1242096001,3762248147,23,466,23,468,443,445
1220555612,3549070673,0,499,0,499,499,499
949260904,212190754,160,332,170,323,172,153
1223576349,3582299588,6,489,124,358,483,234
985335521,282203621,93,406,12,486,313,474
1027562626,572720120,73,426,0,499,353,499
1260386262,3893205113,63,418,22,407,355,385
1205397078,3303148803,0,499,0,499,499,499
1095198329,1629387649,73,426,0,499,353,499
1211801122,3410001235,4,490,152,359,486,207
1241285608,3716120680,110,389,51,447,279,396
1227161062,3607250444,29,470,41,462,441,421
1284100672,4063218914,0,499,0,499,499,499
845904839,74979531,62,436,0,499,374,499
900570072,146123676,0,499,83,415,499,332
1301049358,4150445729,0,499,0,499,499,499
1264046188,3923103694,180,350,56,450,170,394
1248856294,3817905107,38,482,105,381,444,276
1046021774,763527126,134,365,156,390,231,234
1073533522,1320429660,62,436,0,499,374,499
1122891984,2046656134,93,405,0,499,312,499
1296175297,4126947057,18,499,17,472,481,455
1292458137,4109551754,68,431,0,499,363,499
1043840809,853455917,4,497,87,411,493,324
1276825898,4017262894,0,499,0,499,499,499
1275578677,4006497395,30,454,25,476,424,451
864425953,100741977,182,316,156,342,134,186
1144455991,2482251083,158,303,55,484,145,429
1306665101,4165655993,0,499,94,404,499,310
1148859824,2545533120,74,424,0,499,350,499
1061871040,1108439297,89,408,29,472,319,443
1246567745,3800704208,0,499,83,415,499,332
1275608364,4006500346,160,343,23,482,183,459
1283761973,4061611280,0,499,0,499,499,499
1254162070,3860490686,81,411,119,370,330,251
1091125274,1567179473,201,300,156,338,99,182
1172791547,2920940569,65,437,11,458,372,447
906606702,151255454,90,409,130,369,319,239
1105858247,1857674514,12,473,31,455,461,424
1079155972,1414869580,68,431,133,374,363,241
1308832536,1059624449,100,399,150,349,299,199
1275488931,4006488649,63,441,7,494,378,487
1167257539,2829553243,109,386,46,415,277,369
854423555,87472750,69,426,0,499,357,499
1298289228,4133556372,62,436,0,499,374,499
912309251,156388879,124,375,50,446,251,396
1248848446,3817903408,30,480,107,380,450,273
1283518527,4061479488,176,485,114,419,309,305
980164239,282761264,71,427,0,499,356,499
1117173954,939104214,143,355,100,399,212,299
1266367140,3548954142,100,399,165,333,299,168
1240724102,3748204976,0,499,111,499,499,388
1314017088,4201307285,5,492,104,426,487,322
1316169864,4208886522,0,499,0,499,499,499
1026005909,558486620,0,499,58,442,499,384
977687766,278522733,89,409,0,499,320,499
987404265,294289005,143,362,30,484,219,454
941693699,207287187,167,352,199,311,185,112
1323730224,3813572040,0,499,129,436,499,307
1060830247,505140638,109,389,74,449,280,375
1245645690,3793574060,35,471,69,439,436,370
847441774,76881945,191,299,141,259,108,118
1154767716,2643902109,14,471,87,422,457,335
1198714493,1876686884,57,485,98,379,428,281
1098811598,1696920884,0,499,0,499,499,499
1127329622,2121312631,150,349,100,399,199,299
215309730,6333415,87,412,0,499,325,499
1304148034,4160953446,106,388,51,463,282,412
1295220602,4125633493,106,383,30,481,277,451
1295960098,4128274510,62,437,145,353,375,208
894983591,110270748,48,451,0,499,403,499
1284213277,4063447202,52,442,71,427,390,356
1261193377,3898711261,190,309,68,433,119,365
958215072,226956342,0,499,62,436,499,374
1096653883,1616777150,152,347,100,399,195,299
986808969,292663083,0,499,62,436,499,374
1252628081,3850328849,0,499,62,436,499,374
1323997231,4235886785,38,461,177,337,423,160
1101871848,1786053557,0,499,62,436,499,374
1301533627,4150997061,35,474,72,446,439,374
1267305925,3942511940,164,365,162,343,201,181
1114725255,1936443964,62,456,16,465,394,449
1192512400,3128808724,51,440,82,365,389,283
1100064694,1711729117,180,319,153,346,139,193
1102781764,1807554963,91,408,0,499,317,499
933239252,190094603,70,428,0,499,358,499
1044673696,861957716,0,499,42,473,499,431
875556748,84197925,67,432,0,499,365,499
1282025356,4050759250,0,499,0,499,499,499
1109953484,1890186825,0,499,62,436,499,374
1301428361,4060917038,0,499,0,499,499,499
1265588753,3931859867,0,499,0,499,499,499
1133260562,536076491,18,480,151,377,462,226
1188351392,3054963650,62,436,0,499,374,499
1255944246,3872798438,100,399,100,399,299,299
1294226441,4121130924,17,340,110,387,323,277
1319497958,4214430837,25,462,30,477,437,447
1260345621,3893243432,26,461,49,485,435,436
1323334940,4231413544,16,482,90,396,466,306
600720797,54727739,193,300,196,300,107,104
1290512885,4094110003,38,460,17,499,422,482
1237638749,3721969127,46,454,153,341,408,188
1192148006,3122618231,71,431,236,486,360,250
865174585,107403276,0,499,62,436,499,374
983815269,161905632,73,425,0,499,352,499
1056584916,187806694,66,432,0,499,366,499
1094644074,1625619029,379,490,206,294,111,88
1156328874,2659150462,135,365,90,407,230,317
1248835817,3817894488,0,499,0,499,499,499
1008920883,439637173,73,425,0,499,352,499
996188312,304949415,150,311,55,458,161,403
1067655535,278782537,159,341,107,394,182,287
1032328377,621322701,29,468,35,253,439,218
1276341617,4012861137,10,499,0,470,489,470
1211938229,3413708857,205,307,126,439,102,313
1245645910,3793574211,35,471,69,439,436,370
1100973205,1151126344,152,334,117,390,182,273
1273510654,3992742599,21,473,26,469,452,443
1124962291,2078576554,0,499,0,499,499,499
1258098548,2861771918,135,365,186,316,230,130
1273254777,3992597322,67,430,70,438,363,368
1255812258,3871168691,122,379,61,438,257,377
1282542951,4057544293,64,435,40,459,371,419
949385020,212342905,128,394,149,351,266,202
1203497672,3278127298,71,451,49,431,380,382
1304031407,4160883970,106,388,51,463,282,412
977215778,277641664,171,348,143,327,177,184
1179902927,2993904549,172,336,63,473,164,410
1240527233,3748209215,77,422,131,368,345,237
1323458294,4231419764,21,477,57,499,456,442
1299293909,4141676085,4,499,10,499,495,489
857457391,91521660,69,430,0,499,361,499
1254041254,3859922756,62,443,66,436,381,370
1296911645,4132033466,0,499,0,499,499,499
13233830,1286939,70,428,69,430,358,361
1234703446,3689151308,0,499,0,430,499,430
1100100928,1712282775,145,367,25,492,222,467
1246563405,3800614031,70,390,157,376,320,219
1124257225,2074472974,98,401,0,499,303,499
1023179244,533384100,107,377,168,404,270,236
870661250,115264925,107,391,147,351,284,204
987358841,294186848,60,471,126,368,411,242
1264548690,131832278,61,437,0,499,376,499
1302544454,4155423910,0,499,0,499,499,499
883979339,129167590,117,381,65,434,264,369
1192058626,3115128770,109,389,0,499,280,499
912900773,157069905,0,499,62,436,499,374
1233250955,3672582532,0,499,129,369,499,240
1135912957,2308760508,62,436,0,499,374,499
1126092920,2099608161,73,426,0,499,353,499
1056483349,824732005,87,411,0,499,324,499
1284071524,4063216432,84,398,27,473,314,446
1252071492,3843665262,17,481,0,499,464,499
1286626936,4075753307,142,357,99,400,215,301
1275412095,4004191874,40,457,64,457,417,393
1206231587,3311017232,62,436,0,499,374,499
959536948,232563657,85,414,0,499,329,499
1275467695,4006485917,0,499,0,499,499,499
1193638362,3148097648,97,403,93,391,306,298
1250268312,3831364244,0,499,62,436,499,374
1292715364,4113189845,8,488,26,379,480,353
1276308323,4012721077,0,499,0,499,499,499
1282877724,4058769322,165,345,16,472,180,456
1146980728,2527234945,110,389,52,447,279,395
1145582067,2494700547,0,499,0,499,499,499
1301488634,4150986947,25,475,147,453,450,306
1257698931,3881725135,34,465,43,449,431,406
1292448706,4108917618,88,428,194,328,340,134
1254037533,3859988832,74,375,27,461,301,434
1282757541,4058572674,0,499,0,499,499,499
1244326240,3782771556,0,499,126,436,499,310
1054221018,1038440647,87,382,0,499,295,499
1141961060,2444539534,145,354,171,328,209,157
1202713735,3258643467,109,389,0,499,280,499
1275692013,4006535338,0,499,0,499,499,499
1324187696,4236297135,84,398,77,448,314,371
1280355244,2773842788,57,441,8,491,384,483
982179725,285840986,0,499,62,436,499,374
1301233256,4150968320,0,499,0,499,499,499
1252863379,3852884766,7,493,6,494,486,488
1262718688,3910768393,0,499,62,436,499,374
1110041267,1898056970,0,499,62,436,499,374
1271435458,3977503383,63,450,119,391,387,272
1317996399,122452588,0,499,40,499,499,459
1295960542,4128438396,194,279,203,320,85,117
1314874961,4186818763,90,456,26,419,366,393
911377196,154707513,130,369,94,405,239,311
1275193173,4004099048,79,437,68,424,358,356
1034164022,670939927,92,407,0,499,315,499
1255658574,3870816509,47,456,49,458,409,409
1310616330,4184531276,160,394,130,376,234,246
862582706,102704670,67,434,60,437,367,377
1282043423,4054381134,93,385,75,424,292,349
1005828507,418193051,247,253,0,499,6,499
1308367756,4175958981,0,499,83,416,499,333
1039947435,805057171,0,499,62,436,499,374
1207908579,3340940814,78,421,0,499,343,499
1307767549,4172823420,78,331,12,382,253,370
1268740872,3936362776,22,474,134,384,452,250
1275406280,4003975748,56,471,47,460,415,413
1230769656,3641432877,125,374,155,374,249,219
1206132502,2136452836,137,361,100,399,224,299
1169754938,2882744481,110,389,54,445,279,391
927603246,180669856,1,497,35,427,496,392
1289678583,4087663590,0,499,0,499,499,499
1293170669,4116506865,0,479,0,491,479,491
1269708872,3962007000,0,499,62,436,499,374
896097909,142553515,50,449,121,377,399,256
1251482365,3842785887,0,499,0,499,499,499
1191731757,3114334153,62,436,0,499,374,499
1313976028,4186106565,90,299,37,416,209,379
1164340375,2778466682,0,499,62,436,499,374
974861499,272019835,92,406,0,499,314,499
1287845822,4079437114,59,455,54,441,396,387
1242846790,1100134513,100,399,10,488,299,478
1119048216,1991504603,38,462,120,387,424,267
1272159889,3986442861,0,499,0,499,499,499
1261425871,3898728581,0,499,0,499,499,499
1261423629,3898727653,0,499,0,499,499,499
1247849627,3813571353,0,499,123,436,499,313
1283675131,4061597535,38,465,38,470,427,432
1096724596,1193583559,110,389,32,458,279,426
988344993,295400757,90,409,130,369,319,239
1277781643,4026082471,100,398,1,494,298,493
62643930,2244202,72,427,0,499,355,499
1077529235,1374045342,72,427,0,498,355,498
1264021451,3923098549,50,449,0,499,399,499
1056052197,1069623741,0,499,237,266,499,29
1244541188,3785187874,0,499,145,436,499,291
1284060531,4063355411,79,432,71,426,353,355
987572603,294419249,31,468,94,411,437,317
1265278422,3929906444,0,499,62,436,499,374
1007693594,435114986,76,423,0,499,347,499
1287379557,4076594406,26,472,26,480,446,454
1220233974,3541026803,51,432,41,435,381,394
1279186766,4037100204,113,403,105,397,290,292
1308331637,4152034243,72,449,151,408,377,257
1310048523,4181952991,90,499,0,499,409,499
1196612572,3195069401,70,429,145,354,359,209
1252627454,3850328428,0,499,62,436,499,374
1275384671,4004157575,0,499,0,499,499,499
1248272423,1988146522,0,499,83,415,499,332
1314572645,4186319259,20,482,58,476,462,418
1260334891,3893242834,82,446,83,394,364,311
1146396071,1806580330,89,398,31,469,309,438
1283463652,4061578701,0,499,0,499,499,499
1160778618,2722184902,0,499,109,389,499,280
1099079333,1923133834,0,499,0,499,499,499
1225676849,3588031564,83,415,0,499,332,499
1072608213,1307706527,100,427,103,406,327,303
1317249453,4210987084,168,324,14,486,156,472
1167626732,2834884193,71,428,0,499,357,499
1127347920,2121747385,147,359,149,349,212,200
1323990300,4235886131,101,499,0,290,398,290
1192046119,3120541462,19,486,96,418,467,322
1133838680,1120877064,0,499,62,436,499,374
1264858580,3927675375,0,499,0,499,499,499
1012179911,458309376,0,499,62,436,499,374
1250039352,3828696632,118,381,36,462,263,426
1235682030,3697748223,35,472,61,460,437,399
555809096,50880460,196,302,175,323,106,148
1261409772,3898722417,85,410,62,454,325,392
1026055253,559361683,21,479,21,477,458,456
1222805820,3575756745,0,499,0,499,499,499
1256437424,3873667858,0,499,0,499,499,499
1275984146,4010220689,52,498,1,498,446,497
882248829,126791274,0,499,63,436,499,373
1118243538,1980521725,104,381,149,336,277,187
1158664515,2702363253,13,484,57,465,471,408
1235527354,3689628737,0,499,27,471,499,444
1295444525,4126738146,0,499,0,499,499,499
957765734,225369928,62,436,0,499,374,499
1302532860,4155421186,0,499,0,499,499,499
1270144005,2778085093,83,415,0,499,332,499
1201389174,3242091583,69,428,0,499,359,499
739146419,60291242,68,430,0,499,362,499
1318151672,179375894,0,499,70,428,499,358
1301890244,4153221905,49,456,0,499,407,499
1272511128,3982609579,62,436,0,499,374,499
1203602603,3280691103,154,345,104,395,191,291
1211414787,3397978867,62,436,0,499,374,499
1127871399,2132509279,0,499,62,436,499,374
1261063789,3896895732,155,343,117,382,188,265
1047535263,881681023,63,436,0,499,373,499
1301352344,4151251743,0,499,0,499,499,499
1281990237,4053875917,0,415,55,499,415,444
1115543312,1946747895,111,387,0,499,276,499
569692330,52684706,83,415,28,471,332,443
1177148365,2970574201,159,340,0,499,181,499
1159423261,2713994599,156,343,100,399,187,299
550164217,53549163,192,301,216,290,109,74
1257261738,3879923167,0,499,0,499,499,499
863382514,91764576,69,427,13,482,358,469
1323315402,4231696536,16,487,78,417,471,339
1262733712,3910821665,15,464,111,403,449,292
1077775446,1382341933,7,492,6,498,485,492
1204236516,3287276237,88,410,28,466,322,438
1311047486,4184405590,0,499,0,499,499,499
1172791562,2920940575,65,437,11,458,372,447
1280339024,4044739542,0,499,0,499,499,499
1260355381,3893199357,28,496,5,496,468,491
930135009,184044138,0,499,62,436,499,374
1275162539,4003928564,28,469,59,466,441,407
1321307440,4223080754,62,436,0,499,374,499
1213122416,3435341807,188,311,104,395,123,291
1294486260,4122564738,0,499,0,499,499,499
1136228054,2323642486,0,499,62,436,499,374
846110535,75194655,62,436,0,499,374,499
1328593879,4250646605,131,476,218,382,345,164
1177148244,2970574135,1,498,136,362,497,226
948682956,211398779,165,332,118,384,167,266
977935106,278996749,181,316,118,388,135,270
1273218274,3992590092,64,417,73,440,353,367
1208622528,1803792,0,499,62,436,499,374
958916487,230291757,0,499,62,436,499,374
1264901330,3924288328,0,499,62,436,499,374
979347426,281677153,81,418,69,430,337,361
1258274749,3883968140,44,438,62,452,394,390
67515830,2339499,132,366,102,396,234,294
1113763761,1928285179,88,419,78,436,331,358
1240119540,3743382996,138,360,95,404,222,309
1137612980,2332173833,0,499,62,436,499,374
684471413,57176195,0,499,62,436,499,374
1318934439,4213812359,61,413,21,474,352,453
1205826290,3312222258,0,499,144,355,499,211
1005773212,88770555,78,420,0,499,342,499
1218188415,3506430444,156,343,122,399,187,277
847774476,77380423,64,435,0,499,371,499
1228415517,3616198002,0,499,62,436,499,374
1310060335,4181956238,0,347,157,379,347,222
1208626234,3349779593,62,436,0,499,374,499
1119382185,1985122386,113,499,62,365,386,303
1176046845,2952809735,61,438,0,499,377,499
941622084,207151508,169,326,197,301,157,104
887944322,134171110,0,499,62,436,499,374
1144460784,2482253125,53,449,68,435,396,367
1253519543,3857173100,39,460,32,452,421,420
1314503183,4202303773,29,441,47,421,412,374
1057811809,1082275389,0,499,241,260,499,19
1242140402,3077837129,86,409,6,493,323,487
1190250992,3063791410,133,370,70,431,237,361
879886094,125091309,62,436,0,499,374,499
1267344524,3942320278,0,499,0,499,499,499
1217562738,127033586,179,319,150,341,140,191
1247762028,3813212024,0,499,0,499,499,499
1119064345,1992209481,37,451,22,478,414,456
1248862069,3817906346,57,441,0,498,384,498
1093933298,1607134859,88,411,0,499,323,499
1292974250,4114961557,128,370,0,499,242,499
1314752488,4186667052,95,406,70,431,311,361
1094135887,1614636588,148,294,100,320,146,220
1299697453,4143428925,196,306,213,287,110,74
1190257912,2887024051,16,465,88,406,449,318
1301690140,4151269421,147,311,39,459,164,420
1270182544,3969469681,0,467,102,499,467,397
1292736478,4108562024,48,445,0,499,397,499
1195762120,3176044256,133,384,37,465,251,428
1013238776,462322803,109,389,0,499,280,499
1314489585,4202303479,115,419,84,396,304,312
1302681755,4107074402,157,356,19,455,199,436
1080791373,1443575147,0,499,95,404,499,309
1075760550,1352146075,107,378,95,393,271,298
1255189701,3865629723,0,499,62,436,499,374
1265217897,3929900671,13,460,94,441,447,347
927947553,180596916,40,457,95,404,417,309
1236510630,3709033100,132,365,2,490,233,488
1236241751,3706583012,10,478,30,464,468,434
1027091402,569968405,107,392,50,449,285,399
1246044121,3796900498,59,482,22,467,423,445
882344641,126916815,181,314,189,246,133,57
1060106816,1090225633,217,282,202,319,65,117
847131293,6212925,80,419,0,499,339,499
862680964,102703941,119,383,61,438,264,377
976679790,276415446,0,499,203,273,499,70
1215745434,3469889755,87,412,0,499,325,499
1318010336,122450540,0,499,48,499,499,451
910730269,154692003,79,420,9,491,341,482
1108247483,1872730629,0,499,109,389,499,280
1047515338,914367154,81,417,0,498,336,498
1275801925,4003625210,0,499,62,436,499,374
1252444373,3117659456,0,499,200,209,499,9
1168891392,2866922984,2,499,22,495,497,473
1019153287,510442363,64,434,0,499,370,499
1307824583,4172827532,0,499,8,499,499,491
977737035,278801986,0,499,62,436,499,374
1308891646,4177866785,60,432,65,420,372,355
957814401,225590624,4,495,10,489,491,479
1233376385,3677980464,33,463,125,377,430,252
1136183243,2321043746,0,499,62,436,499,374
1246408121,3798831292,105,391,43,458,286,415
1105386411,1848495829,27,474,136,363,447,227
865358834,107720347,70,430,0,499,360,499
1253030108,456611412,83,415,0,499,332,499
1316717177,4210617538,54,450,0,493,396,493
40216130,1766567,75,423,25,473,348,448
982426391,286268832,62,436,0,499,374,499
1107659766,1869200365,80,414,100,409,334,309
1309290122,4180239172,132,357,134,384,225,250
1038159052,746623518,70,429,0,499,359,499
1119405901,1998118660,157,330,187,351,173,164
1030658869,598859480,0,499,109,389,499,280
1196821160,3198856826,0,499,80,418,499,338
1264908189,3928057754,0,499,0,499,499,499
1313551235,4183490177,33,468,92,398,435,306
1118231507,1980410638,30,468,12,486,438,474
1289041656,4086672394,12,474,78,431,462,353
1010719882,447508192,68,387,0,447,319,447
1249535171,3819981990,178,287,200,311,109,111
1235709139,3697076901,0,499,109,389,499,280
1250017349,3828272944,73,425,0,499,352,499
1282749759,4058939189,78,427,220,383,349,163
1278787135,4037082249,30,449,64,464,419,400
1318365949,1806824704,20,480,128,374,460,246
1177149520,2970576497,69,432,129,371,363,242
1312707978,4170976723,0,499,0,499,499,499
1193616922,3147408495,18,437,0,383,419,383
1262641654,3909907986,8,487,154,434,479,280
1239317626,3737070657,19,480,107,365,461,258
1172791613,2920940593,0,499,68,431,499,363
1320654297,4221592886,31,486,50,483,455,433
920488802,166296257,54,445,0,499,391,499
1277565151,4022757241,51,447,153,393,396,240
1301115622,4105673269,105,479,118,395,374,277
1174591191,2940639885,34,491,4,487,457,483
1276865791,4017709177,0,499,73,425,499,352
1266889064,3940022115,63,447,75,438,384,363
1275596981,4006498362,16,471,26,393,455,367
1311063536,4182118312,54,459,55,465,405,410
1086168854,1509497185,18,480,38,461,462,423
1069121531,1187913330,0,499,16,483,499,467
1041682239,831980340,127,389,46,400,262,354
1277537121,4019814314,82,372,178,294,290,116
1112182858,1352145845,117,379,57,443,262,386
1244598007,3785383226,171,320,54,447,149,393
1223180685,3471224992,106,391,126,403,285,277
1269714614,3961982044,0,499,0,499,499,499
1082568027,278569264,159,339,100,399,180,299
1304339229,1043674345,89,416,11,491,327,480
855920140,88750678,70,428,0,499,358,499
1319946902,4215265802,0,499,0,499,499,499
960058041,234979203,0,499,62,436,499,374
1198622536,3218519331,127,376,10,493,249,483
1267249388,3942383475,129,499,4,492,370,488
1275453018,4006428512,26,474,105,406,448,301
862751109,102235879,77,421,0,499,344,499
1202961356,278549001,156,314,119,388,158,269
1160581060,2725017895,171,331,113,268,160,155
1299093809,4139565752,205,307,33,479,102,446
1259388482,3887637300,64,447,129,346,383,217
964635261,247675959,58,440,0,499,382,499
1191086201,3101446461,34,367,43,466,333,423
1081459106,1346920193,53,445,0,499,392,499
1186358104,3028019594,201,293,70,447,92,377
1266909411,3940022747,0,499,11,499,499,488
1247483034,3810735199,53,447,66,433,394,367
1172518325,2918979746,143,359,62,464,216,402
1225886745,2885784998,148,361,154,353,213,199
1304025158,4161016656,58,387,86,392,329,306
1048019271,935649730,0,499,62,436,499,374
1032005831,246018958,0,499,62,436,499,374
1027072362,569680238,100,399,54,445,299,391
1287495081,4076594368,41,466,32,471,425,439
932891665,87007838,190,309,160,339,119,179
1205825971,3312143039,52,456,75,499,404,424
1275456688,4006485097,47,490,31,475,443,444
1249535126,3819981968,219,283,304,319,64,15
1174592962,2940640407,62,440,30,486,378,456
1116560147,1962190126,202,297,150,287,95,137
1323386429,194339587,0,499,32,467,499,435
1152105823,2584946134,89,409,0,499,320,499
1232556433,3665608696,104,433,147,388,329,241
909621410,154030697,100,410,7,485,310,478
1274137684,3997448848,0,444,0,499,444,499
1269418927,3957790559,0,367,0,479,367,479
1105044214,1846470576,150,349,154,399,199,245
1260623399,3894608033,116,392,27,481,276,454
1007900681,435289821,55,442,0,499,387,499
1311415141,4187452137,0,499,0,499,499,499
1140373276,2409162712,150,348,86,413,198,327
1306853725,4167092248,0,499,0,499,499,499
1235378797,3521329531,71,427,0,499,356,499
1257416552,3881319952,0,499,0,499,499,499
1024240681,542325773,57,448,131,393,391,262
1240958111,3751598100,0,499,72,424,499,352
1225887207,2107980614,194,340,203,230,146,27
1010412402,446481516,6,472,91,409,466,318
1075273501,1345109214,0,499,48,451,499,403
1282845743,104103762,58,441,0,499,383,499
1291743986,4095126629,72,427,0,499,355,499
1061078520,1100198030,0,499,52,447,499,395
1100059819,1711736108,180,319,150,349,139,199
1196212724,3182722367,48,455,118,423,407,305
1275168278,4004091545,42,452,51,456,410,405
1305421378,4165669234,37,456,29,463,419,434
1319429789,4214364234,93,455,48,456,362,408
1174594637,2940640968,172,328,198,302,156,104
863118551,103546152,116,392,98,394,276,296
1215525071,3155070685,147,352,128,371,205,243
1192113361,3121335110,10,490,76,421,480,345
1213789296,3453418409,160,339,124,375,179,251
1192473830,3128675376,3,496,57,442,493,385
1205825831,3312189758,74,448,41,477,374,436
1243423038,3773722411,39,470,62,425,431,363
1306902934,4169593222,50,449,13,485,399,472
1248613807,3816789072,0,499,109,389,499,280
1056271381,1071652254,189,296,161,361,107,200
1107660267,1869200631,120,371,19,492,251,473
1279089195,4037091912,71,435,82,431,364,349
1176503840,2958499706,71,427,164,336,356,172
1156078136,2664721994,222,277,2,461,55,459
1251487708,3842786977,65,469,56,437,404,381
1320130373,4215411021,23,481,132,381,458,249
988354167,295413373,179,320,155,344,141,189
1248845323,3817901973,113,376,71,425,263,354
1006332219,423106133,77,421,0,499,344,499
1271458740,3976921726,0,499,0,499,499,499
1323295316,4231695577,22,467,54,459,445,405
1269512626,3959384317,0,461,3,415,461,412
1134230040,2168084500,106,395,0,498,289,498
1199796389,407755735,183,315,150,349,132,199
1292718125,4113190278,177,322,57,369,145,312
1053583976,1035095118,80,419,0,499,339,499
978747758,280209649,45,437,76,429,392,353
1295960158,4128274528,46,453,84,414,407,330
987567454,294400125,15,486,119,414,471,295
904390208,149128529,0,498,0,499,498,499
1052829061,998379043,78,421,0,499,343,499
1190256044,1876686048,127,374,103,389,247,286
1254778068,3865658302,1,499,73,426,498,353
1299303389,4141676568,15,483,0,495,468,495
1198192971,278531987,151,347,100,399,196,299
1300264044,4145469526,0,499,0,499,499,499
1304035879,4160811004,39,435,115,368,396,253
1143237307,2462951807,0,499,183,185,499,2
1068792417,1190184784,62,436,0,499,374,499
1260068722,3889364963,0,499,0,499,499,499
973248410,267921315,0,499,62,436,499,374
1289129882,4086053576,0,499,0,499,499,499
1283854848,4061620026,47,499,0,418,452,418
1249535105,3819981957,177,322,188,318,145,130
1298645767,4140307183,82,421,125,339,339,214
1245025912,3788303135,144,351,187,341,207,154
927257587,180042615,179,322,137,361,143,224
1252097050,3846829083,18,487,11,485,469,474
1248680089,3817302022,146,379,137,372,233,235
1192511440,3128806706,130,363,76,327,233,251
990623565,142146920,0,499,62,436,499,374
1200735028,2951789597,49,407,60,397,358,337
1061079944,1100197993,0,499,52,447,499,395
1201838165,3249409965,0,499,62,436,499,374
1260367171,3893244769,103,397,120,442,294,322
1310849013,4185215825,78,445,83,424,367,341
1236471482,472661212,100,399,4,495,299,491
1131626499,2208736280,0,499,89,410,499,321
1260623498,3894608978,0,499,181,317,499,136
1119630509,2001137378,141,358,100,399,217,299
1077966559,1388234646,129,370,100,399,241,299
1317671684,4213741294,0,499,0,499,499,499
1076942725,1370495771,62,436,0,499,374,499
1144934139,933999793,88,406,138,346,318,208
1006538248,424446520,161,373,161,344,212,183
1255667586,3870847178,24,469,61,426,445,365
1161266486,2735878243,37,450,152,360,413,208
1269770731,3962600050,0,499,62,436,499,374
1104073551,1814205258,0,499,109,389,499,280
142570630,3782190,70,428,0,499,358,499
1036700029,718264980,19,464,100,408,445,308
1009952140,212894549,173,325,150,349,152,199
1243284390,3772655075,4,495,133,390,491,257
1308902215,278384910,100,399,18,480,299,462
1310033100,4181950163,156,364,188,318,208,130
962968797,242237969,167,307,192,302,140,110
865928976,108538321,71,428,0,499,357,499
1104322542,1830614028,171,341,331,424,170,93
1026992227,569647947,112,386,50,449,274,399
1301415970,4060890086,60,419,26,472,359,446
1275508462,4006491036,0,499,0,447,499,447
1282754982,4058572477,0,499,0,499,499,499
1301436645,4060921116,0,499,0,499,499,499
434784051,49940073,109,390,0,499,281,499
940889796,205319347,158,332,140,342,174,202
941009649,205458809,84,415,0,499,331,499
957865393,224933297,155,343,116,382,188,266
1258230141,3883415711,188,499,138,464,311,326
1152030349,2596981190,62,436,0,499,374,499
1237445400,3717657743,36,460,49,384,424,335
1253631023,3857966177,101,405,120,390,304,270
976965713,277089959,37,463,121,377,426,256
1018395721,510786395,130,383,101,400,253,299
1304028139,4160809107,0,499,28,499,499,471
975086929,272692451,70,428,0,499,358,499
976685705,276429414,404,406,0,499,2,499
1192150439,3122651782,68,432,22,488,364,466
941676652,207257880,151,344,164,335,193,171
1260805577,3892616272,0,499,0,499,499,499
1305526914,4165985143,39,468,173,349,429,176
1254374975,3861660922,99,409,21,482,310,461
1007632029,435156153,114,384,50,449,270,399
919784949,165569651,0,499,109,389,499,280
927606581,180669545,0,499,192,379,499,187
1225863978,3109879963,125,374,156,343,249,187
1214339639,3460974269,73,426,0,499,353,499
1301266818,4150971125,0,499,0,499,499,499
984270583,288908865,0,499,83,415,499,332
1216759920,3480696868,0,499,62,436,499,374
1264892023,3928050709,10,489,179,347,479,168
852574568,3086618,61,437,0,499,376,499
1192152220,3122669788,68,432,22,488,364,466
1192013422,3120284898,145,366,92,416,221,324
876223555,70239173,69,430,0,499,361,499
861710502,100375652,76,422,0,499,346,499
1267085460,3941727511,120,389,189,329,269,140
1163583590,2765944607,15,479,63,435,464,372
1188064744,3060863362,0,499,84,415,499,331
1304063517,4160930678,106,388,51,463,282,412
847618340,77143449,62,436,0,499,374,499
1021573303,527236789,109,389,57,499,280,442
1279194276,4037101154,31,477,44,454,446,410
1058236967,511836002,16,483,0,499,467,499
1255854457,3871696950,64,434,0,499,370,499
1019995210,518613656,92,406,0,499,314,499
1241429348,3756677744,194,305,191,310,111,119
1322462317,4229979708,74,401,61,475,327,414
1238646357,3729319272,63,463,57,481,400,424
974077897,270772266,82,417,0,499,335,499
1225886692,3069585015,151,346,194,301,195,107
1263803707,3921650416,0,499,0,499,499,499
884191452,124565056,50,449,105,395,399,290
1275687064,4006530703,112,418,61,465,306,404
1066694493,1170516798,75,406,60,451,331,391
1202973905,3266676597,146,353,100,399,207,299
1248861559,3817906263,103,379,28,471,276,443
1163880317,2768241028,0,499,0,499,499,499
939729569,202751446,80,419,13,486,339,473
1227890659,3613720208,0,499,124,375,499,251
1273351590,3992566884,0,499,0,499,499,499
298657436,4269521,82,416,20,478,334,458
1316109419,4200870081,12,486,111,414,474,303
872806731,118215633,0,499,62,436,499,374
1262889033,3910522857,0,499,29,469,499,440
1285089602,4066259385,0,499,0,499,499,499
1255326250,3869439756,117,381,108,392,264,284
1089256369,1551340631,0,499,0,499,499,499
1275409785,4005905942,10,489,70,413,479,343
1273151439,3992572699,52,443,92,456,391,364
1001469,1018769,185,314,185,314,129,129
1193612649,3147365761,159,340,112,383,181,271
1319770791,4214998846,78,421,52,415,343,363
1163873813,2772067219,71,416,118,298,345,180
1190251423,2697698998,128,381,93,407,253,314
1028040735,579274485,30,471,149,356,441,207
1270219840,3969948786,18,483,128,366,465,238
1268742756,3936353237,174,327,15,443,153,428
1267353403,3942400296,26,471,63,436,445,373
1096791293,1660032252,35,464,111,387,429,276
1098780001,1678692539,0,499,83,415,499,332
1227397431,3605494262,0,499,109,389,499,280
1271435726,3977503405,24,475,91,423,451,332
1211982926,3414348108,177,325,183,316,148,133
671524020,56383880,120,379,0,499,259,499
1260345466,3893243421,85,488,70,342,403,272
1064378779,278540292,159,340,100,399,181,299
1288076948,4079555564,117,383,24,441,266,417
1226405809,3592383131,0,499,142,436,499,294
937788761,199005531,211,271,190,299,60,109
981977678,285422950,199,297,183,318,98,135
1053586721,1035122315,79,420,0,499,341,499
1255108445,3868320778,0,499,0,499,499,499
1258503229,3883451829,116,355,51,467,239,416
939597997,202181539,71,428,0,499,357,499
1267987436,3945013067,52,428,86,414,376,328
1134799648,2292422253,28,484,12,499,456,487
1247986842,3813633905,0,499,0,499,499,499
1160821976,2726499232,93,415,3,489,322,486
1167669816,2843165200,19,481,109,371,462,262
1261405240,3898721107,83,456,134,412,373,278
1027759133,575938231,125,370,22,477,245,455
1189946572,3087718388,43,461,47,444,418,397
1276017042,4010223012,60,446,93,430,386,337
1313562318,4183492419,130,271,232,410,141,178
1314873660,4186817409,15,486,52,430,471,378
1274149480,3997449566,0,499,0,499,499,499
904387721,148957140,62,436,0,499,374,499
1322925944,4187479860,165,333,137,361,168,224
1240234536,3745162149,69,424,54,412,355,358
1209192149,3370624675,0,499,0,499,499,499
1105540301,1852846290,79,419,0,499,340,499
1121142483,2031748912,0,499,0,499,499,499
1027332710,570721119,111,388,50,449,277,399
1179168101,2990981101,0,499,62,436,499,374
1031219627,610446244,0,499,62,436,499,374
1053735929,1037211701,114,246,170,281,132,111
987469231,294326019,90,410,15,477,320,462
1310203203,4182225537,0,499,0,499,499,499
1253509529,3856532997,0,499,0,499,499,499
1304172196,4160987002,106,388,51,463,282,412
1258881541,2712800296,87,410,60,480,323,420
1311646389,4188897363,143,347,53,484,204,431
940374656,203754271,0,499,80,419,499,339
1187044221,3040367820,62,436,0,499,374,499
1250734871,3835317353,110,388,0,499,278,499
1307416285,4171505042,110,389,54,445,279,391
1301181643,4150963121,56,435,29,469,379,440
1324240580,4235884576,0,499,0,499,499,499
1203359409,3272881203,0,499,0,499,499,499
1222104375,3568728095,0,499,62,436,499,374
1307342344,4171233143,42,282,268,499,240,231
1044652805,861831886,127,369,31,465,242,434
1243659417,3775275385,0,499,150,436,499,286
1324045788,4235890249,59,461,66,431,402,365
1313188904,4198194857,21,478,21,478,457,457
1254328233,3861176046,0,277,0,499,277,499
1274492945,3999568464,0,499,1,499,499,498
864728240,106393139,62,437,0,481,375,481
948610852,194674281,98,424,62,436,326,374
996697041,316066155,0,499,62,436,499,374
286659384,16849959,62,436,0,499,374,499
1228861376,3621194128,66,446,44,446,380,402
1270997857,3974673032,0,499,0,499,499,499
1307779213,4172824378,17,451,17,491,434,474
1232556308,3665608670,30,475,86,436,445,350
859416396,94657480,71,429,1,499,358,498
1323296971,4231695757,20,481,122,412,461,290
1104766918,733079442,33,478,104,403,445,299
1204201098,3287127764,6,491,64,424,485,360
1229659753,3626223403,85,414,0,499,329,499
1202897208,3255671648,0,499,109,389,499,280
1246011455,3796750543,165,290,241,324,125,83
1282545712,4057545322,11,469,142,408,458,266
1048595484,943355850,139,369,149,363,230,214
895477011,1174202,81,417,12,486,336,474
927540597,180551273,0,499,62,436,499,374
1250268282,3831364237,0,499,100,436,499,336
1310413625,4182242287,0,499,0,499,499,499
1270265983,1100408174,107,392,0,499,285,499
1192049621,3120597307,68,432,22,488,364,466
1110460415,1902334900,56,443,2,499,387,497
1142514222,2450932895,0,499,42,456,499,414
933252742,190106620,75,423,15,499,348,484
1253629986,3857966111,56,430,155,392,374,237
1143869972,2463464261,0,499,0,499,499,499
1261334234,3898895171,46,449,105,312,403,207
990542549,85760160,190,309,160,339,119,179
1280351505,4044581807,102,383,184,436,281,252
1251289881,3839578205,72,426,0,499,354,499
1260357511,3893199513,58,470,112,461,412,349
1079722976,1431492031,62,436,0,499,374,499
1277670523,4023007553,0,499,0,499,499,499
1316183941,4200876438,34,483,8,481,449,473
941678889,207258059,164,341,155,344,177,189
1282286074,4055997737,24,479,20,488,455,468
1248260525,3813190745,0,499,0,499,499,499
1250268120,3831364105,0,499,62,436,499,374
848435169,79224222,115,387,50,449,272,399
1243746224,3775728487,19,480,20,479,461,459
1275305736,4003958233,0,499,0,499,499,499
1282024507,4054089171,15,485,101,398,470,297
848950256,69782478,84,414,0,499,330,499
1027073992,569754868,100,399,58,440,299,382
1309108313,4179608783,130,369,94,405,239,311
1022795002,530812714,137,352,143,354,215,211
1092068855,1572953537,180,321,0,494,141,494
1078458000,1399085621,85,416,73,424,331,351
1211989189,3409781847,98,346,20,485,248,465
1252609686,3850004714,0,499,0,499,499,499
1094643831,1625619120,442,471,214,279,29,65
997138552,298932363,100,399,31,467,299,436
1177653277,2977765167,9,487,153,346,478,193
1046859045,879925092,0,499,0,499,499,499
1258656377,3886142110,79,419,0,499,340,499
1264046672,3923103851,121,374,103,476,253,373
1190251029,2041885659,99,393,82,410,294,328
1143418905,2465299418,88,404,9,485,316,476
1250278197,3831652182,148,354,110,368,206,258
1057894690,1082841570,96,413,90,425,317,335
1238341325,3721869508,189,313,174,306,124,132
862579558,102707794,64,402,129,379,338,250
1257076816,3877879400,0,499,0,499,499,499
1328619461,4250690386,200,320,73,431,120,358
1257660878,3881422405,0,499,26,499,499,473
1277352932,4022481292,14,477,64,499,463,435
1218698453,3515999474,0,499,62,436,499,374
987452076,294351741,7,497,112,409,490,297
893004828,140450461,50,449,108,391,399,283
1137780078,2353997895,29,443,80,429,414,349
910644447,154761470,62,436,0,499,374,499
1167670279,2843192270,1,478,0,482,477,482
1283924306,4061632687,0,499,0,499,499,499
1188564161,3067872230,143,376,76,429,233,353
1303179961,4157520333,0,499,0,499,499,499
1192038287,3120538607,18,499,95,423,481,328
1282007025,4050753444,0,496,0,499,496,499
1292370983,4108797162,109,389,0,499,280,499
892267948,139436965,62,436,0,499,374,499
1273071734,3992505694,56,465,54,451,409,397
1030922619,605412526,150,374,82,421,224,339
1103755954,1814706899,9,489,0,499,480,499
1205708211,2757712426,233,283,163,445,50,282
1164498522,2786150047,112,400,92,425,288,333
925801221,177505134,68,431,12,495,363,483
1318934492,4213812362,30,465,23,483,435,460
1036546499,705986961,170,375,139,487,205,348
1250606762,3833984733,76,430,178,299,354,121
1318201168,1499685742,179,315,133,390,136,257
1099817846,935033975,154,345,125,341,191,216
1252628222,3850328891,0,499,62,436,499,374
1229780752,3623672328,0,499,62,436,499,374
1254461093,3861760852,26,452,0,499,426,499
1309328868,4180241205,19,480,75,423,461,348
1117809742,1976593012,124,374,93,406,250,313
949744897,212769655,103,396,176,321,293,145
1244418990,3783632561,23,475,14,485,452,471
1220518541,3542948083,150,348,100,399,198,299
1299283472,4141675779,38,485,144,459,447,315
1308952007,4176932911,83,415,0,499,332,499
1283576989,4061482040,0,499,0,499,499,499
1276717899,4015982331,56,450,24,483,394,459
1167010161,2828601693,8,492,25,472,484,447
1304729152,4163613680,0,499,69,429,499,360
1292250007,4108380486,0,471,0,407,471,407
922170730,170808098,216,257,383,390,41,7
1297464947,4135642898,85,409,192,310,324,118
1301351445,4151251696,48,367,61,410,319,349
1063326436,1125038292,111,399,29,485,288,456
1189017968,3076601170,0,499,62,436,499,374
1243394160,3773730638,19,480,20,479,461,459
998165034,67705452,190,309,160,339,119,179
972474887,60454093,69,429,0,499,360,499
1265587808,3931859741,52,445,6,494,393,488
1107660373,1869200457,11,466,137,367,455,230
911790127,154704932,31,482,142,372,451,230
1208963028,3366004318,0,499,0,499,499,499
1091796919,1569528446,74,419,150,348,345,198
1308433151,4152162273,59,411,85,421,352,336
308977861,46467771,7,495,77,421,488,344
1244411128,3779327618,99,399,0,499,300,499
1261245632,3898715256,0,499,0,499,499,499
1297476172,4135668405,83,416,0,499,333,499
1230087958,3631138400,0,499,62,436,499,374
901531971,145700262,102,396,0,499,294,499
1260294037,3894930914,0,499,0,499,499,499
1294415738,4123171696,0,499,0,499,499,499
1190251917,2647272546,0,499,120,379,499,259
1117693091,1976176280,86,413,37,440,327,403
1026912528,569721659,101,398,50,449,297,399
991472549,298976002,127,371,0,499,244,499
1271696550,3979577177,2,489,8,498,487,490
864530067,105840958,39,459,0,499,420,499
1242842289,3638009424,217,318,157,362,101,205
1027346013,570708660,113,385,50,449,272,399
1195469539,3170639058,102,389,109,392,287,283
1243174608,867268434,54,444,0,499,390,499
1207550108,3341749301,167,331,137,361,164,224
891714153,138518508,0,499,62,436,499,374
1249828172,3823606163,0,499,109,389,499,280
1164375423,2780315039,62,436,0,499,374,499
1237888263,3723801997,190,309,165,334,119,169
1316219139,4200878278,4,499,0,484,495,484
1019364946,516516156,31,470,44,450,439,406
1264616838,3925558340,0,499,0,417,499,417
1248176617,3813926679,0,499,56,499,499,443
987677640,294487894,74,443,146,391,369,245
1096648576,1657681695,60,449,106,390,389,284
1174593799,2940640527,183,313,189,317,130,128
941622199,207151317,125,393,155,333,268,178
1027019899,569655145,100,399,60,438,299,378
1108365956,1875756843,110,389,51,447,279,396
1269451184,3958876154,41,497,102,403,456,301
1316782517,4093768733,47,402,127,370,355,243
876475350,121789476,0,499,25,473,499,448
1275441408,3969948921,237,263,235,488,26,253
977215748,277641647,120,177,323,381,57,58
1312447084,4194036543,0,499,0,499,499,499
1301535227,4150997296,33,472,19,493,439,474
1282840910,248054569,98,401,0,499,303,499
1211878968,3412269767,163,344,14,420,181,406
1143136108,2460695245,147,371,221,417,224,196
1275750864,4008293827,13,489,12,491,476,479
1298555124,4139340054,105,403,104,388,298,284
1317074921,4183581945,17,475,72,462,458,390
1319971059,4221129081,225,294,148,324,69,176
1211983927,3414349032,121,434,62,441,313,379
1297825723,4111192619,32,485,105,424,453,319
978264400,279538987,66,444,230,268,378,38
1248844802,3817901693,37,484,109,381,447,272
1262850449,3910507371,0,499,29,469,499,440
1310222286,4182226341,0,499,0,499,499,499
1270822121,3971369768,0,499,0,499,499,499
1096091482,1645816771,0,499,74,425,499,351
853996215,85224327,143,356,100,399,213,299
1109355148,1888065756,0,499,0,499,499,499
935314599,194452839,72,427,0,499,355,499
859094796,94007471,67,432,0,499,365,499
1091904338,1572137162,0,499,109,389,499,280
987667442,294485927,212,435,149,370,223,221
946714001,208715297,162,328,195,320,166,125
537831830,53233949,204,294,180,319,90,139
1289801610,4089926096,61,437,206,308,376,102
1017470043,506302904,134,359,124,394,225,270
1279754301,4041455889,68,474,26,441,406,415
1316127509,4200872097,29,481,141,390,452,249
870530912,114995665,62,436,0,499,374,499
1310883579,4182110071,37,492,51,427,455,376
1220467677,3546051203,44,469,42,464,425,422
1225173052,3357604294,83,415,0,499,332,499
1174588246,2940639091,163,315,155,348,152,193
1260611228,3894559334,49,441,176,320,392,144
1176754718,2961252519,202,307,53,490,105,437
1168537253,2849690338,27,472,0,499,445,499
1323553109,4231859407,30,448,64,464,418,400
1158121255,2695198128,40,441,64,404,401,340
976095586,275314813,133,315,75,394,182,319
1174587860,2940638996,17,476,5,495,459,490
1009333371,440672906,104,395,50,449,291,399
1304011475,4160805734,90,417,140,354,327,214
1050386428,964361612,0,499,62,436,499,374
891728692,138462281,144,354,107,399,210,292
991531180,299064729,69,429,0,499,360,499
1068766371,1194907601,145,353,100,399,208,299
1043396281,850612467,109,389,0,456,280,456
1260398479,3893246169,23,461,156,378,438,222
1101204899,1750139460,75,424,0,498,349,498
1174587516,2940638910,130,369,170,329,239,159
1026788368,569541095,107,391,50,449,284,399
1163437520,2765208583,64,430,47,454,366,407
1052153109,983211615,0,499,0,499,499,499
1242275465,3764059658,62,436,0,499,374,499
1323518992,4231858047,95,419,86,403,324,317
1269057766,3955110248,0,499,0,499,499,499
1280571291,4045621662,78,421,0,499,343,499
1192042099,3120527745,22,488,92,410,466,318
932843846,189171053,0,499,62,436,499,374
868494040,111868136,0,499,62,436,499,374
1103753459,1818577264,179,320,145,386,141,241
1191096540,3101490842,66,421,17,479,355,462
1165832356,2807252520,0,499,62,436,499,374
1236761182,232374504,9,490,63,435,481,372
1306809207,4167087777,106,388,51,463,282,412
1197684291,3209086151,80,412,15,483,332,468
1251742431,3835256580,32,465,71,415,433,344
1064956814,1144274042,239,262,0,499,23,499
1279939200,4039209921,41,463,23,483,422,460
933254241,190108453,73,426,5,490,353,485
1253996632,3859760155,0,499,75,424,499,349
890874338,127115179,0,499,62,436,499,374
1308121036,4102123034,199,301,203,263,102,60
1116943243,1966809207,21,461,27,474,440,447
1217175846,3490669619,40,442,42,368,402,326
1301668963,4152893438,78,425,50,470,347,420
1248839871,3817898538,7,491,0,499,484,499
1261417233,3898724686,0,499,0,499,499,499
1010158467,444742797,62,436,0,499,374,499
1026966723,569598209,113,385,50,449,272,399
1027181474,569988246,119,379,50,449,260,399
746789030,60595504,175,324,183,316,149,133
1100079685,1711735950,110,389,59,439,279,380
1164476330,2785808329,118,452,65,479,334,414
1323988146,4235885969,101,411,90,406,310,316
1054212377,1040085851,62,436,0,499,374,499
897440653,143493774,50,449,109,389,399,280
1295959858,4128274484,62,437,145,353,375,208
1137021760,2336131057,49,414,94,433,365,339
1269771457,3962600400,0,499,62,436,499,374
1218525615,3512803405,13,485,92,414,472,322
1260280581,3893194234,0,499,0,499,499,499
980304626,283332770,21,469,105,394,448,289
1323621890,4234246577,0,499,0,499,499,499
1259195234,3887611795,56,445,58,437,389,379
1076353226,1361969179,0,499,244,255,499,11
1014923834,476246192,0,499,31,468,499,437
1323280972,4232534945,16,488,96,387,472,291
936907070,196888211,125,374,62,436,249,374
917578339,163244799,117,381,65,434,264,369
1241715295,3759707199,61,449,206,292,388,86
989314435,296442223,117,149,232,266,32,34
1257152445,3879365562,62,441,31,444,379,413
968978205,148459509,57,449,132,364,392,232
1275362628,4003963918,20,459,60,466,439,406
1192028846,3120529692,68,432,22,488,364,466
1190012896,3088474889,58,408,111,368,350,257
1182184588,3005788408,177,322,37,430,145,393
923480392,173923502,118,380,76,423,262,347
1108215856,1871867504,0,499,109,389,499,280
1283094983,3353762882,95,404,0,499,309,499
1163170268,2764584139,110,389,145,354,279,209
1280377882,4044742826,5,487,7,498,482,491
1035698834,689156248,62,436,0,499,374,499
1254692426,3863646341,0,499,0,499,499,499
1126094294,2099601255,150,349,133,387,199,254
955758516,220231071,77,499,106,415,422,309
1305847081,4166954060,106,388,51,463,282,412
1212552254,3716121835,110,389,54,444,279,390
1246316517,3798469785,17,477,148,353,460,205
1257551950,3881707680,79,473,59,375,394,316
1243416098,3773721463,79,418,118,393,339,275
1188358295,2751816169,0,499,109,389,499,280
1275981776,4010162659,0,499,62,436,499,374
1306828368,4167089431,106,388,51,463,282,412
1061149178,1101106066,130,403,19,192,273,173
1143664658,2469861864,109,383,17,476,274,459
886322966,132107168,66,418,50,372,352,322
1239552646,751271218,183,315,150,349,132,199
1255285656,3869237691,0,499,77,422,499,345
920478989,166643578,0,499,62,436,499,374
1109380375,1888181561,107,394,128,367,287,239
1313389660,4197670273,0,499,0,499,499,499
1195469841,3170640246,77,425,71,412,348,341
1252580767,3850154331,84,442,82,451,358,369
1026005405,558486639,36,460,37,480,424,443
883210915,128163020,130,369,77,421,239,344
879855737,59502265,67,433,0,499,366,499
878480873,123768764,173,411,128,428,238,300
1273594585,3992766523,42,450,44,453,408,409
1012426027,460129712,73,425,0,499,352,499
1108365875,1875804618,110,389,51,447,279,396
1278392995,4034869754,62,436,0,499,374,499
1220604166,2771287082,100,399,145,354,299,209
1282003355,4050751477,0,499,0,492,499,492
1150033234,2568305427,0,499,188,405,499,217
1015653761,487190945,379,474,235,263,95,28
1269502099,3959370742,9,489,11,486,480,475
1128924800,2157766260,62,436,0,499,374,499
1257254245,3879901450,153,334,47,468,181,421
507951175,52326089,62,436,0,499,374,499
1283427167,4061577838,0,499,0,499,499,499
1052674651,992299126,99,377,77,426,278,349
1009657546,263585265,0,499,62,379,499,317
1240225562,3745003776,78,420,0,499,342,499
1264017080,3919630725,0,499,9,489,499,480
908798606,153364710,62,436,0,499,374,499
1025669116,553936920,47,463,31,460,416,429
1041555385,830066915,0,499,63,435,499,372
1100072635,3716248353,110,389,50,448,279,398
1039791397,802854303,8,491,21,478,483,457
1116862352,1433627449,148,351,100,399,203,299
1208741569,3362336793,0,499,0,499,499,499
1305094806,4144857840,55,430,113,394,375,281
1192042977,3120528941,14,483,104,427,469,323
1206658799,3330297017,33,466,0,499,433,499
1241884497,3759958486,67,432,0,499,365,499
1152028028,2597077697,134,366,123,489,232,366
871006327,115723960,187,311,172,326,124,154
1275976452,4010220274,0,360,61,477,360,416
696434930,57695485,140,359,96,403,219,307
1123926016,1118849510,5,493,79,420,488,341
1122612645,2046481377,57,441,0,499,384,499
1237576084,3721543663,177,319,52,443,142,391
1209933261,3385612160,0,499,62,436,499,374
1131030169,2191517542,71,427,16,481,356,465
1174594226,2940640689,138,365,138,367,227,229
1316291760,4209026136,63,434,94,418,371,324
1248305498,3814338953,50,454,87,424,404,337
1328617276,4250690318,88,413,119,364,325,245
1047750208,303219083,0,499,99,399,499,300
1027127641,569941006,106,393,50,449,287,399
1026778395,569539334,101,397,50,449,296,399
956745554,223059349,84,415,0,499,331,499
1318152733,282214211,68,403,52,449,335,397
1243785557,3775997582,107,385,172,372,278,200
894377926,131502450,78,401,26,489,323,463
1271499810,3977233581,0,499,0,499,499,499
1027296807,570634446,100,399,52,446,299,394
1273625431,3992769779,20,459,60,466,439,406
1308513419,4176673328,0,499,53,445,499,392
1007776942,435172690,117,381,50,449,264,399
1312400408,4194758851,68,422,129,368,354,239
1026948717,569741113,100,399,57,442,299,385
1046017816,873533954,98,405,8,489,307,481
1174586298,2940638670,141,319,136,365,178,229
1207713376,3344433209,0,499,63,436,499,373
160110930,5120845,161,330,126,369,169,243
1280058852,4042665093,14,492,130,381,478,251
1294636230,1472918491,88,411,0,499,323,499
941165627,2554661,62,436,0,499,374,499
284532576,16266403,62,436,0,499,374,499
1318783456,4217955518,68,445,199,274,377,75
1024093606,541872666,69,421,124,379,352,255
1109380422,1888181593,107,392,130,366,285,236
1265020872,3929318781,0,499,9,499,499,490
1273758444,3992792751,53,443,66,462,390,396
1290293099,4092867153,121,335,115,390,214,275
848936322,80214767,149,393,230,270,244,40
1308883082,4177866544,72,352,170,289,280,119
994274823,302283756,66,432,0,499,366,499
1004009518,401113590,71,427,0,499,356,499
1248849334,3817903671,46,484,116,383,438,267
1265481437,3931442847,10,483,184,348,473,164
891741368,138466953,144,355,110,399,211,289
1323163935,4231831466,68,481,78,460,413,382
1040863171,820183474,75,424,0,499,349,499
1268568061,3952099484,38,463,85,440,425,355
1254442561,3861754315,27,425,164,306,398,142
875740825,64588815,58,441,0,499,383,499
1202212490,3249747957,0,499,62,436,499,374
1190752993,3093873114,71,427,13,499,356,486
1101790042,1783738996,0,499,71,427,499,356
310690727,46587594,62,436,0,499,374,499
917208452,162783285,62,436,0,499,374,499
1201816546,3249394213,16,481,86,425,465,339
1188521767,3067034339,45,444,113,390,399,277
1256944601,3875035159,0,490,58,499,490,441
1220243469,3534061492,150,369,160,324,219,164
1260712840,3894179351,19,462,135,379,443,244
1211983166,3414348327,140,313,276,310,173,34
1114367628,1932883592,110,383,164,340,273,176
1099702100,1706101674,125,374,62,436,249,374
317135267,46679405,146,353,97,402,207,305
854980709,87909874,196,302,175,324,106,149
1066904513,1165763847,0,499,62,436,499,374
1195904627,3179402008,26,479,83,451,453,368
1321879275,4229519974,0,499,1,499,499,498
1113112492,1832994278,212,263,0,499,51,499
1250923339,3836828783,185,420,208,333,235,125
941710645,207304977,155,349,115,389,194,274
975604153,274025694,108,389,104,394,281,290
1317922668,4214075582,83,416,0,499,333,499
835507746,69603120,0,499,62,436,499,374
1315457426,4205933464,0,499,0,499,499,499
1271436061,3977503428,41,466,90,419,425,329
1261220540,3898712220,78,428,47,452,350,405
1282284026,4055995937,45,472,35,454,427,419
1191599982,3110345031,0,499,63,436,499,373
1055798764,133839012,62,436,0,492,374,492
860208246,97864439,62,436,0,499,374,499
1142557367,2452159760,43,456,41,458,413,417
1011723913,454834123,168,331,170,329,163,159
1312249788,4193803219,0,499,0,499,499,499
1105639896,1854242562,187,312,171,350,125,179
481970831,50921235,75,424,13,485,349,472
1277528630,4019812331,1,492,19,492,491,473
1220640643,3315088869,0,499,109,389,499,280
1192489077,3128726778,119,343,145,329,224,184
1309376184,4180436430,224,271,0,499,47,499
1220621379,3543648104,198,301,6,486,103,480
1255242848,3869195167,85,389,84,467,304,383
1147208765,2524476912,62,436,0,499,374,499
1268710092,3951838248,64,499,40,470,435,430
1248383411,3814877912,100,415,34,485,315,451
1277439294,4024103973,3,497,152,345,494,193
1189728074,3085097764,0,464,0,499,464,499
1317684978,4213428927,0,499,0,499,499,499
1223309158,3578851019,0,499,109,389,499,280
1141138400,2425168264,29,414,63,469,385,406
860440892,98368419,62,436,0,499,374,499
1105634653,1850205088,0,499,74,424,499,350
1286431929,4069655783,62,436,0,499,374,499
1267300957,3069717074,125,374,125,374,249,249
1255231782,3868374702,22,470,75,426,448,351
1008162747,436070027,170,328,135,364,158,229
1247398466,3809390264,49,451,140,379,402,239
1270605579,3972427435,26,466,21,465,440,444
1264528193,3925921411,0,499,83,415,499,332
1275641883,4006509728,49,436,81,443,387,362
114839930,3530759,145,354,101,397,209,296
1249535651,3819982847,155,342,162,346,187,184
1260282575,3893194521,0,499,0,499,499,499
1316128549,4200872263,2,490,124,378,488,254
1111654835,1472856213,97,349,115,325,252,210
1054210973,858167176,57,438,49,450,381,401
1259898850,3889202952,0,499,0,499,499,499
1284181041,4063435539,64,437,70,442,373,372
1286533963,4074816712,0,499,209,313,499,104
1205777883,3310895078,0,499,62,436,499,374
1160747742,2725731982,177,325,190,366,148,176
1243387350,3773727698,19,480,95,404,461,309
1301138979,4150848599,137,330,101,470,193,369
1254674733,3863643843,47,461,106,398,414,292
1298428710,4139333621,14,499,0,483,485,483
971477665,262246177,54,440,12,483,386,471
1208426548,2033924297,0,499,109,389,499,280
1206461568,3321837888,0,499,109,389,499,280
1125593332,2079427875,114,345,15,472,231,457
1252627359,3850328385,0,499,169,436,499,267
1244410699,3776970793,0,499,62,436,499,374
1030338664,544871031,80,419,0,499,339,499
1322046663,4229644558,0,499,0,499,499,499
1075623983,1350888364,47,457,105,377,410,272
1317919628,4215724224,17,482,123,400,465,277
929737331,183374482,123,376,0,499,253,499
1099704916,1706101713,174,298,74,434,124,360
1295960355,4128438365,18,474,114,377,456,263
947873676,18045197,2,499,148,366,497,218
1175649302,2941774551,141,357,0,499,216,499
1309815454,4182064959,0,499,0,499,499,499
921948045,170165500,175,198,120,271,23,151
1157611267,2687028848,0,499,62,436,499,374
1099702199,1706101743,133,368,93,408,235,315
1119588004,1998293528,0,499,62,436,499,374
1265050443,3929323259,6,499,170,499,493,329
1044666182,861878746,93,405,0,499,312,499
1223575768,3582252928,49,476,164,328,427,164
1321792152,4223040317,33,433,29,473,400,444
1056045908,1069585965,62,436,0,499,374,499
1226157059,3596128191,163,328,20,485,165,465
1291289378,4101477022,21,478,155,346,457,191
1247827497,3811731378,35,330,58,404,295,346
1163959756,2775435204,0,499,39,460,499,421
1281983341,4050745670,12,486,43,446,474,403
1289141309,4086219489,137,334,125,430,197,305
1320185263,4221312203,8,419,147,393,411,246
1290607467,4092582385,84,415,0,499,331,499
1323278351,4233426406,144,362,166,364,218,198
1257227365,3879890379,56,428,50,381,372,331
987351783,294184271,54,445,12,485,391,473
941678713,207196194,95,403,201,296,308,95
1248361831,3814846555,106,399,31,476,293,445
1267787938,3803076971,19,436,97,430,417,333
1262733273,3910821650,106,382,100,460,276,360
1120615409,2015760481,26,452,66,418,426,352
1283929222,4061633155,32,439,94,410,407,316
987455920,294325438,58,440,0,499,382,499
935076315,193894844,85,403,142,346,318,204
1283117924,393340,98,401,0,499,303,499
1207854693,3340469163,62,436,0,499,374,499
1073108462,1187880813,77,432,40,449,355,409
689916942,57643271,221,278,210,289,57,79
1275482600,4006685450,189,339,121,380,150,259
1027233372,570624598,111,387,50,449,276,399
1320230286,4215716299,27,445,61,454,418,393
1086094384,1508416167,22,468,78,426,446,348
1259675610,3889155090,0,499,11,499,499,488
933253698,190107068,104,394,0,499,290,499
1313195772,4158394111,0,419,107,432,419,325
1318321996,2446289560,32,480,75,420,448,345
1249758423,3821565897,0,499,62,436,499,374
1008006270,435873839,100,399,54,445,299,391
1316289798,4209051310,98,387,29,472,289,443
864727089,106393272,0,499,90,409,499,319
1225886269,2810852760,132,365,205,321,233,116
1312856672,4196083351,172,456,111,372,284,261
1292553692,4108950382,49,474,105,405,425,300
1304126413,4160951769,106,388,51,463,282,412
1301789120,4149215220,0,499,62,436,499,374
1295960133,4128274520,46,453,84,414,407,330
1294205960,4122559002,0,499,61,499,499,438
1253359250,107965507,81,416,34,448,335,414
1259255656,3887616199,33,465,128,386,432,258
1234728448,3689442591,60,432,8,497,372,489
1134683878,3748985165,0,499,0,499,499,499
1191820161,3117328952,70,429,145,354,359,209
983721066,153265461,0,499,62,436,499,374
1117103697,1967742932,160,339,100,399,179,299
1252539044,3850010202,0,472,68,486,472,418
1161972366,2745827265,0,499,0,499,499,499
1275418419,4004201098,54,449,62,442,395,380
1188547209,3067345567,7,492,91,395,485,304
956388928,138732956,18,481,102,388,463,286
848497696,70402624,80,418,12,486,338,474
1115673029,1949014055,167,318,61,427,151,366
872458128,117601932,71,428,1,498,357,497
929866509,183625342,13,486,0,499,473,499
1316878903,4122557058,36,472,89,442,436,353
1104380677,1830087385,0,499,62,436,499,374
967052122,19107547,63,436,0,499,373,499
1307880937,4173008700,0,499,0,499,499,499
1239958981,3742716253,175,323,83,445,148,362
1174591387,2940640072,130,369,130,369,239,239
1260366065,3893203964,0,499,0,499,499,499
1289045927,4085962705,0,498,0,496,498,496
1095490748,1637027080,62,437,0,499,375,499
1309033508,1387967559,100,399,41,457,299,416
977931364,278562235,178,321,153,330,143,177
1292558292,4108952874,76,422,3,486,346,483
940508234,204236953,83,415,0,499,332,499
1155782068,2660100432,62,272,0,245,210,245
981053193,284151897,205,405,237,263,200,26
1218309693,3508680010,115,381,25,475,266,450
1279220312,4037105863,24,459,64,467,435,403
1075759962,1352145791,18,37,117,321,19,204
1281842798,4045189478,62,436,0,499,374,499
1301496340,4150988094,0,499,16,499,499,483
1269126604,1133157366,100,399,0,498,299,498
1189471139,3080122116,0,499,62,436,499,374
1241775053,3755436189,0,499,62,436,499,374
1308942991,4177868919,20,471,145,382,451,237
1033021874,642108214,118,380,52,442,262,390
1302492644,4155419851,115,365,57,420,250,363
835522819,49536693,5,493,0,499,488,499
1264905104,3928057443,0,499,0,499,499,499
1219471519,3526561822,0,499,0,499,499,499
1310921114,4182111088,0,499,0,499,499,499
862583150,102706024,67,431,56,438,364,382
1244016244,3772633476,131,366,177,346,235,169
1031769829,613363977,114,382,36,481,268,445
1114363070,1928483661,27,460,24,351,433,327
1166138194,2806176174,0,498,0,499,498,499
847810512,77401811,88,411,29,471,323,442
1007367806,416636988,64,434,0,499,370,499
1247431583,3809903776,77,408,119,395,331,276
865130236,107387764,49,451,0,499,402,499
1077785788,1383081179,168,331,0,499,163,499
1111694141,1913810157,0,499,0,499,499,499
1161009231,2729579778,62,436,0,499,374,499
857497242,85262466,96,428,14,499,332,485
1268426865,3951006478,45,188,141,341,143,200
1277062473,4018361432,169,330,123,375,161,252
1275691383,4006535256,112,375,17,476,263,459
1278222735,4030650569,2,493,124,383,491,259
1276233980,4012331063,0,499,0,499,499,499
1268538726,1121106901,100,399,22,477,299,455
1218151097,3505580543,0,499,62,436,499,374
1253519673,3857173171,28,468,90,427,440,337
867867327,111164203,0,499,62,436,499,374
1128423807,2145395978,150,349,134,387,199,253
1280687606,4046437236,17,499,0,499,482,499
57721030,2060403,70,429,0,499,359,499
1261430706,3898729891,104,419,24,485,315,461
1312429739,4194035010,55,426,51,470,371,419
1030301502,427663188,177,322,150,349,145,199
908129654,152709754,62,436,0,499,374,499
1315382949,4205113103,0,499,0,499,499,499
1146392566,525109884,89,400,155,334,311,179
1090566239,1558472426,7,492,0,499,485,499
962331827,240355088,29,470,92,412,441,320
1307801308,1180770960,0,417,91,389,417,298
1006145597,420827587,57,442,0,499,385,499
1313061382,4197487580,4,494,57,459,490,402
914556015,159022473,146,361,135,351,215,216
1014694510,473961100,124,374,73,426,250,353
932674465,188980001,90,408,0,499,318,499
1100791435,1738640647,209,412,122,367,203,245
1098415758,1685965369,141,360,84,411,219,327
1001646826,371862664,92,427,207,408,335,201
1136307367,2326841634,102,397,12,486,295,474
1320211153,4215673509,129,435,164,317,306,153
1220534158,2361170804,33,455,2,492,422,490
1211315848,3394370787,144,355,100,399,211,299
1023853958,538267683,149,350,200,374,201,174
1230795737,3641715022,0,499,0,499,499,499
1243409544,3773720324,31,469,30,468,438,438
1303476092,4158599941,78,491,0,489,413,489
1260348924,3893197865,10,444,82,432,434,350
1096605135,1657054026,73,422,38,462,349,424
1275809323,4003615958,0,499,62,436,499,374
866027738,108752557,71,428,0,499,357,499
1064628107,1139767067,44,478,123,363,434,240
1190251144,2087601611,70,416,94,402,346,308
1225887330,3147314803,148,355,141,365,207,224
1215140968,3463591180,79,420,0,499,341,499
1127347958,2121747406,0,499,19,479,499,460
874333887,18368038,62,436,0,499,374,499
1245155603,3789439792,131,307,151,341,176,190
1145281749,2489478402,82,400,35,469,318,434
864760061,79634454,0,499,32,467,499,435
1301633519,4151001340,145,348,24,468,203,444
1267361940,3942401290,58,442,73,434,384,361
1061546302,146545632,116,420,120,367,304,247
987626966,294477384,32,466,110,389,434,279
1273897749,3995348505,10,477,53,322,467,269
1276404036,4013138031,35,459,41,452,424,411
1038104473,745483676,50,448,50,449,398,399
1308809788,4177822576,26,478,71,444,452,373
1298398390,4139330387,0,499,0,499,499,499
1023836228,534143751,4,495,0,499,491,499
1100084501,1711732052,70,429,145,354,359,209
1169085785,2870885896,53,468,26,341,415,315
1026914404,569670404,108,391,50,449,283,399
1301072946,4150449031,28,471,67,432,443,365
972259319,264716394,0,499,65,434,499,369
1242275091,3764037524,69,431,30,469,362,439
1061146664,1101023863,299,487,173,331,188,158
1199283493,3226439778,12,485,91,452,473,361
1266785290,3939948595,233,263,10,487,30,477
1317590560,4213732432,137,348,88,499,211,411
941621976,207151560,195,302,158,356,107,198
1198837652,3219288608,150,349,129,387,199,258
1285870462,4017682935,0,499,22,499,499,477
1291213421,4101062877,67,431,0,499,364,499
1283742942,4061608143,144,350,91,450,206,359
1092313535,1580198946,0,499,62,436,499,374
1255901379,3872341160,8,487,34,467,479,433
1051566582,972849414,138,360,95,404,222,309
1249535451,3819982757,3,496,20,459,493,439
1162138193,2748393030,56,443,0,488,387,488
1236944505,3716248207,180,319,153,346,139,193
913010915,157015950,117,381,65,434,264,369
850843673,82420991,196,302,175,324,106,149
1324272639,4235889588,0,499,0,499,499,499
1240164513,3743864671,0,499,67,432,499,365
1212199988,3418487810,119,379,50,449,260,399
1148265930,2539425665,72,427,0,499,355,499
1265236936,3929959671,0,499,199,323,499,124
1120710481,2017625775,110,389,54,445,279,391
1204825848,3298145246,0,499,0,499,499,499
1250268424,3831364266,0,499,62,436,499,374
1275658510,4006517700,64,468,109,459,404,350
1100071714,1711736948,110,389,62,436,279,374
1150020821,2561440477,62,436,0,499,374,499
1155781595,2660100411,12,486,108,391,474,283
936676561,196368456,68,430,148,351,362,203
920926066,167548155,57,440,100,431,383,331
1252628193,3850328883,0,499,62,436,499,374
1276016740,4010222995,0,499,0,499,499,499
1225886977,3177336981,125,374,152,374,249,222
1310637967,4184540925,35,467,150,379,432,229
1042828293,845118041,142,348,137,376,206,239
1273171283,3992526213,25,467,46,456,442,410
1169449880,2875392178,8,489,107,377,481,270
981464713,284538138,28,429,126,450,401,324
911493817,155444355,0,499,62,436,499,374
1321668070,4227456982,0,499,0,499,499,499
1258332277,3883969508,53,447,90,413,394,323
1146135196,2505938045,48,451,0,499,403,499
987424785,294312869,38,469,107,408,431,301
1243659989,3775275635,0,499,134,436,499,302
1053019086,1013783831,71,428,0,499,357,499
1088432786,1539065030,62,436,0,499,374,499
1121369001,2034800332,170,326,46,447,156,401
1212573115,3422667048,90,409,0,499,319,499
958198261,227121097,0,499,67,431,499,364
1100939389,1742513418,0,499,62,436,499,374
1065795814,278727560,143,355,100,399,212,299
894368616,141942248,94,405,30,468,311,438
1147466067,2526283565,0,499,0,499,499,499
1316152002,4200874658,0,499,0,499,499,499
1068392739,1193446658,0,499,99,400,499,301
1297761128,4137060590,34,461,0,499,427,499
1289176844,4086071289,0,499,0,499,499,499
1055998245,1031065005,90,403,16,458,313,442
1279220151,4037105851,14,473,59,468,459,409
1255438411,3869825900,85,413,68,429,328,361
1244026522,840649701,100,399,9,489,299,480
1123883557,2061354354,120,379,32,466,259,434
1189586275,3083717246,16,478,81,415,462,334
968772085,254956803,0,499,62,436,499,374
1026831403,569605442,114,384,50,449,270,399
444538130,50226096,149,349,116,382,200,266
1190248478,1876685546,0,499,67,432,499,365
1275629706,4006507912,0,499,0,499,499,499
1262276016,3906572976,52,448,58,441,396,383
1013433944,466650146,146,360,140,338,214,198
1240232221,3745064269,41,460,51,449,419,398
1228944620,3621689126,0,499,63,436,499,373
1253683419,3858368100,0,499,42,456,499,414
1243439285,3773723705,19,480,95,403,461,308
1156971809,2679537642,201,301,188,388,100,200
892857856,140707078,62,436,0,499,374,499
1076973286,1370572176,0,499,62,436,499,374
1190253824,3090967667,73,439,113,373,366,260
1240991240,3750984654,0,499,0,499,499,499
729383815,59923145,69,431,0,499,362,499
1099270342,1701703292,156,343,100,399,187,299
854948630,87715862,29,467,87,420,438,333
1026011437,558487075,19,473,28,459,454,431
1321393536,4227315289,125,374,125,374,249,249
1319428616,4214364197,27,464,33,470,437,437
1230400571,3637230368,63,436,0,499,373,499
1324064785,4236041642,53,473,35,473,420,438
1026884443,569641594,50,449,114,385,399,271
893310179,141191004,211,218,226,262,7,36
1316136678,4200873013,30,481,11,476,451,465
1260367135,3893244767,102,400,114,428,298,314
1208569016,3358480830,3,495,65,433,492,368
1174591396,2940640077,130,369,130,369,239,239
1090819232,1563754477,2,473,70,402,471,332
1146004482,6371304,70,429,0,499,359,499
958277311,227313767,125,374,62,436,249,374
1137661693,2350070336,0,499,90,408,499,318
1093097371,1597169304,81,417,10,490,336,480
1273210397,3992588592,26,458,43,468,432,425
1192149507,3122642971,17,487,193,328,470,135
1031549492,612506509,76,439,120,374,363,254
1188546848,3067344765,140,356,37,461,216,424
1238734586,3727663395,0,499,128,370,499,242
1256843767,3875166839,33,455,156,346,422,190
1237010441,3570823156,71,428,8,473,357,465
1253963296,3859485135,67,499,62,435,432,373
1288373541,4081450536,59,434,110,350,375,240
1216070685,3477169663,44,468,57,474,424,417
1089416975,1548295076,79,445,48,439,366,391
1278355264,4033663136,22,486,67,425,464,358
1276225861,4012179261,148,475,27,487,327,460
1270256909,2533496066,100,399,40,459,299,419
874753813,5111954,51,448,0,499,397,499
1124789561,1587834762,137,361,100,399,224,299
886546288,132465990,138,359,94,404,221,310
875595957,64385569,38,460,0,499,422,499
987338880,294177893,10,474,94,419,464,325
1174587286,2940638873,165,334,163,337,169,174
1301739796,4153118571,46,443,48,452,397,404
1215378752,3470060743,16,478,117,378,462,261
1306537082,4167075513,106,388,51,463,282,412
235233530,1994153,85,414,8,499,329,491
1278213260,4030678645,135,365,8,472,230,464
1324249194,4236596965,5,493,87,405,488,318
1286892988,4074700372,0,499,0,499,499,499
1192188162,3123050027,68,432,22,488,364,466
1302899089,4156934332,80,446,46,461,366,415
1142900119,1953998414,47,455,21,453,408,432
1174750030,2755824667,10,489,3,495,479,492
1099764135,1700758005,0,499,62,436,499,374
1266671317,3939548249,42,468,29,483,426,454
1290860993,4097280238,0,499,0,499,499,499
1186604355,3034443516,0,499,47,452,499,405
1042992107,831099873,112,380,111,386,268,275
1314737757,4203649655,134,298,117,383,164,266
1239356993,3737242798,184,303,71,465,119,394
1295959537,4128274472,63,428,110,394,365,284
941693695,207287182,153,352,175,327,199,152
1317006847,4211512375,52,439,42,445,387,403
1298135608,4138472576,110,393,39,443,283,404
1229695799,3626560274,0,499,62,436,499,374
1108738682,1878103734,180,319,151,347,139,196
1310032809,4181950121,34,357,68,469,323,401
1319478185,4214411001,62,404,43,441,342,398
1098811575,1696920878,0,499,0,499,499,499
1130986691,2191299830,83,422,28,467,339,439
1225666840,3493235808,125,314,125,319,189,194
975552521,273861521,71,428,0,493,357,493
1273150940,3993168367,39,461,186,356,422,170
1258618619,3886016028,159,350,113,275,191,162
921249551,168344617,40,481,46,432,441,386
1315604455,4204366599,90,423,33,467,333,434
1295341095,4126076903,0,499,83,415,499,332
1223576125,3582299530,22,417,153,323,395,170
1255171482,3868887486,0,344,0,467,344,467
1215268476,3465241606,0,499,63,436,499,373
1261969964,3902099126,3,497,19,443,494,424
1134166785,278397522,145,354,100,399,209,299
1317488120,4213249202,94,499,124,499,405,375
1263285289,3915994115,172,326,170,328,154,158
873700140,119459541,91,407,0,499,316,499
1265206152,3929890031,0,499,17,482,499,465
1308801349,4177977790,62,415,0,499,353,499
931557720,165911967,71,427,0,499,356,499
1322024914,4230119967,0,499,62,436,499,374
874726362,79862929,71,427,0,499,356,499
905285784,149878701,192,308,191,306,116,115
1300263074,4145469443,6,493,71,493,487,422
1145111961,2491781622,81,418,0,499,337,499
1284087079,4063359995,80,433,84,425,353,341
1227019256,3604829188,0,499,0,499,499,499
1275268719,4003952933,39,474,48,452,435,404
1304205943,86909483,44,455,0,499,411,499
1099557212,1702718445,19,490,155,332,471,177
970817419,260424329,98,400,0,499,302,499
1277536541,4019814264,113,384,23,387,271,364
1083556067,1483409721,71,423,126,381,352,255
1186935689,3039996664,51,440,155,454,389,299
1285035494,4066255339,46,452,73,416,406,343
1213788930,3453402649,89,409,0,499,320,499
1289983858,4090784118,142,378,172,312,236,140
985516179,263338746,27,474,30,477,447,447
1316312645,4200883489,29,471,134,359,442,225
1013624901,468422581,103,396,0,499,293,499
958198395,227121797,0,499,75,424,499,349
1236324856,3707218828,3,493,98,401,490,303
1127347936,2121747394,0,499,19,479,499,460
1237505887,3952123255,0,499,0,499,499,499
1109329540,1887711826,80,428,26,466,348,440
862436299,102087555,0,499,62,436,499,374
1253953672,3859436246,53,450,90,407,397,317
1273351600,3992620589,110,422,102,399,312,297
1325110763,4240397829,83,414,41,497,331,456
1012908190,461351706,0,499,62,436,499,374
1295220691,4125633522,146,354,43,453,208,410
958730001,229202756,66,432,0,499,366,499
1313760797,4184043077,32,433,27,423,401,396
1008098679,435930989,150,349,120,379,199,259
1292911706,4113738550,0,499,0,499,499,499
960226458,235303268,13,481,7,499,468,492
1261415030,3898723829,0,499,0,499,499,499
1040922793,821653908,73,426,0,499,353,499
854995418,87855612,87,412,161,337,325,176
1251076636,3837511085,18,486,19,479,468,460
1171830423,2898513237,0,499,62,436,499,374
1201857256,3249442318,193,301,112,352,108,240
1089574671,1553668241,251,312,109,294,61,185
1261414782,3898723752,0,499,0,499,499,499
972669481,266183319,0,499,62,436,499,374
1198174586,2589920301,152,347,118,399,195,281
1287959651,4079553548,0,499,0,499,499,499
862581488,102338670,81,392,158,357,311,199
1316118013,4200871295,39,389,50,464,350,414
1007839742,435304588,105,393,50,449,288,399
1237977897,3724936793,62,436,0,499,374,499
1265223634,3929899620,124,402,8,493,278,485
1174587918,2940639002,8,495,24,460,487,436
959936906,234274307,0,499,84,414,499,330
1311609229,4188730568,1,497,0,499,496,499
1190644460,3093179654,0,499,0,499,499,499
1007785505,435267992,143,355,100,399,212,299
1124292201,2075082413,211,298,184,323,87,139
957623591,224686336,96,399,88,489,303,401
1181359271,3002357668,189,260,225,267,71,42
901551773,146865260,0,499,62,436,499,374
886937005,132617017,62,436,0,499,374,499
1275150726,4004088732,31,480,42,443,449,401
1313251764,4197498362,74,412,76,416,338,340
908122314,152683188,76,422,0,499,346,499
1237385674,3718889681,0,499,153,345,499,192
1252819457,3852099957,156,343,85,412,187,327
1218757784,3516755297,62,436,0,499,374,499
1305111615,4164667890,106,388,51,463,282,412
1316125887,4200871929,35,469,122,383,434,261
1027570556,573163654,73,426,0,499,353,499
1246427301,3793740298,62,436,0,499,374,499
876283022,75094521,73,426,0,499,353,499
1264883766,3928022334,125,374,125,374,249,249
937788747,199005586,171,316,147,226,145,79
862681555,102706242,66,398,115,408,332,293
1116801558,1965432398,98,401,20,437,303,417
1158757065,2702980621,0,499,62,436,499,374
1073889058,1326795594,92,406,0,499,314,499
1276795864,4016016202,126,384,74,461,258,387
1240726172,3748205521,156,355,127,385,199,258
1038250038,108936937,127,371,50,420,244,370
1316285503,4200882310,62,436,0,499,374,499
1096053602,1641391018,108,390,0,499,282,499
1105046144,1846471869,153,338,121,376,185,255
1279171930,4037584394,169,315,45,480,146,435
1172641337,2919811567,0,499,109,390,499,281
1121349411,2034793678,160,342,17,477,182,460
1271088867,3974956699,0,499,0,393,499,393
1233595789,3680916905,62,436,0,499,374,499
1252641054,3850035521,59,407,143,411,348,268
1045532621,867936296,88,404,91,499,316,408
1282002207,4050751184,0,499,21,499,499,478
1316935003,4207128317,4,496,80,408,492,328
1014953086,476458138,172,337,150,349,165,199
1302840229,4156878030,52,447,52,447,395,395
1245169140,3789528495,13,483,43,476,470,433
1154987870,2646579431,75,407,45,453,332,408
1311157810,4184842091,62,436,0,499,374,499
957034237,223592931,53,456,62,447,403,385
1225680989,3584248760,75,423,2,477,348,475
1283971053,4061638075,0,499,0,499,499,499
1134595504,2287230862,366,394,160,359,28,199
1323103145,4231817987,14,472,59,468,458,409
1157801012,2689969266,0,499,62,436,499,374
1240111816,3743372038,29,471,132,367,442,235
1316153934,4200874739,20,472,107,397,452,290
956576322,222519604,0,499,68,430,499,362
1295220360,4125633343,102,422,63,439,320,376
1192057013,3120611149,71,431,238,486,360,248
1274175434,3997254146,69,429,0,499,360,499
908701542,153048053,0,499,82,416,499,334
1104560603,1836975757,0,499,62,436,499,374
1275140760,4004087086,80,415,89,436,335,347
1298767097,4139503748,74,417,170,456,343,286
1276825735,4017262762,0,499,0,499,499,499
1316114139,4200870831,19,499,18,499,480,481
1215227535,3469583955,65,468,161,355,403,194
1264002705,3919559115,56,443,0,499,387,499
949431665,72516875,20,479,0,499,459,499
1297538148,4110808576,32,460,153,336,428,183
1232519331,1960319187,40,475,14,437,435,423
1199073065,3216533058,62,436,0,499,374,499
1275408779,4005882555,129,260,171,324,131,153
1137045608,2339615268,0,499,62,436,499,374
1211938194,3413693606,55,464,58,438,409,380
1015522088,484961772,55,464,94,406,409,312
1105413144,1848933674,84,422,19,477,338,458
1240936499,3751416672,0,499,0,499,499,499
1301495988,4150988051,16,469,87,431,453,344
1164797104,2794397047,22,467,82,423,445,341
559370344,2923278,90,409,21,478,319,457
1186394453,3028261972,11,489,108,391,478,283
1307354317,4171233833,223,269,219,260,46,41
1075875379,1355005730,62,436,0,499,374,499
1244326244,3782771558,0,499,126,436,499,310
1044426068,860107223,117,385,14,484,268,470
1248836807,3817896400,65,489,101,400,424,299
1245739272,3794110991,0,499,0,499,499,499
1311152869,4181904521,0,499,0,499,499,499
1064736714,1141310561,74,446,106,394,372,288
1084097405,1488441744,62,436,0,499,374,499
1310370347,4183699664,100,399,100,399,299,299
1223431394,3580770807,24,482,115,308,458,193
995098566,303051090,119,385,49,438,266,389
1313732918,4200102917,0,499,0,499,499,499
1234385239,3674390739,89,399,8,492,310,484
1300062602,4144868836,0,499,0,499,499,499
1305325488,4165064123,16,466,94,426,450,332
1119404094,1952783245,128,288,155,369,160,214
1192477519,3128687015,77,429,4,463,352,459
1146338344,1980473723,84,408,48,466,324,418
1240164515,3743864672,0,499,67,432,499,365
1227900788,1892606234,108,381,161,324,273,163
1240675491,3748062836,0,499,0,499,499,499
853992473,85245690,196,303,175,324,107,149
1155279175,2650801535,156,343,100,399,187,299
1189146329,3078926734,70,429,145,354,359,209
1174586527,2940638734,15,467,197,480,452,283
858472483,88452835,62,436,0,499,374,499
958068764,6860338,49,449,0,499,400,499
844573091,72713283,70,428,0,499,358,499
451317730,50297328,126,373,86,412,247,326
1255685385,3870820502,25,469,37,462,444,425
958568194,228489673,117,379,161,343,262,182
1262556723,3908182560,25,481,12,478,456,466
1188034651,3060686577,72,427,1,499,355,498
1244540745,3785187521,0,499,122,436,499,314
959219216,231451290,157,317,85,411,160,326
1223712744,3583598671,0,499,0,499,499,499
1304331022,4162028040,85,415,0,499,330,499
1304136616,4160952575,106,389,51,463,283,412
1257835585,3883160831,24,477,72,399,453,327
1098449903,1686387215,0,499,62,436,499,374
1283542401,4061583996,46,464,1,496,418,495
1241285602,3716120678,110,389,49,449,279,400
1227365890,3605637152,100,399,0,499,299,499
1316132793,4200872636,120,379,206,339,259,133
1254501160,3861225265,11,499,11,499,488,488
1177005830,2967684251,71,427,0,499,356,499
1094847215,1629867582,146,324,164,344,178,180
1116284596,1957411784,71,428,115,381,357,266
1303990812,3775997600,2,495,157,332,493,175
1261378196,3898717051,0,495,68,499,495,431
1285135739,4063778932,41,467,48,474,426,426
1276014756,4010222890,50,446,56,461,396,405
1255903863,3872341568,40,499,5,493,459,488
1043950294,853174237,68,429,14,499,361,485
884165873,129398139,2,496,78,421,494,343
1174590134,2940639605,206,300,183,302,94,119
1232789103,3669132971,109,380,33,456,271,423
1163338978,2764943839,13,485,54,444,472,390
1309218025,4179859452,130,355,134,433,225,299
1026953552,570003977,103,395,50,449,292,399
922190415,170889750,0,499,0,499,499,499
1316991558,4210982303,88,418,26,487,330,461
1320130452,4215411032,123,339,251,447,216,196
1269629009,3960969719,22,499,0,499,477,499
1007997450,435871601,100,399,57,442,299,385
834186136,628865,83,416,0,499,333,499
1201855606,3249440877,51,485,14,479,434,465
1285435421,4055827739,157,341,115,384,184,269
921090381,167769498,141,357,95,404,216,309
1026369349,562802090,0,499,52,447,499,395
1255405340,2850435583,55,420,105,326,365,221
1267996531,3945013719,63,418,22,407,355,385
964631904,247669134,188,294,192,289,106,97
1010803391,448945331,81,412,11,487,331,476
1305759641,4166642659,106,388,51,463,282,412
1286963837,4076975939,72,433,77,441,361,364
1314556289,4200682598,0,499,0,499,499,499
1234822420,3691244278,73,432,168,350,359,182
1316144760,4200873870,43,455,73,405,412,332
1289580398,4087655589,0,431,0,499,431,499
1196805036,3198793602,0,499,0,499,499,499
1266295439,3937912176,120,367,78,415,247,337
1283428379,4061577972,0,499,0,499,499,499
1306909417,4167096109,106,388,51,463,282,412
1247584412,3811630220,64,439,129,343,375,214
1287863641,4079442219,102,476,16,492,374,476
1313693138,4183919447,150,355,92,476,205,384
848386358,78541622,131,368,77,462,237,385
1323328747,4231757418,82,419,35,470,337,435
1035397542,685946932,0,499,62,436,499,374
1255757550,3871285677,18,478,157,356,460,199
1282582799,4057735555,0,499,0,499,499,499
1258618658,3886016062,62,437,137,363,375,226
1274694124,1774241427,32,467,2,497,435,495
908480465,152775902,83,417,0,489,334,489
1296378075,4130471761,26,441,15,477,415,462
1100061996,1711730498,110,389,56,442,279,386
1032005848,233625915,0,499,62,436,499,374
1308334689,4152048509,35,478,21,478,443,457
1151934503,2593985888,224,275,1,487,51,486
1320004129,4215327870,64,454,194,345,390,151
1309980029,4181945739,21,479,50,421,458,371
1274283734,3998834873,127,370,26,457,243,431
635069266,49471063,203,299,166,316,96,150
977831251,278813507,129,364,167,337,235,170
987587533,294387841,0,499,73,425,499,352
868859774,112617992,204,294,185,314,90,129
1007592399,435094994,100,399,50,449,299,399
1243381407,3773713716,55,446,20,479,391,459
1308831447,4177838563,43,437,88,457,394,369
1260261284,3893191573,76,444,71,423,368,352
1324140687,4236042699,125,374,39,440,249,401
1123537158,278580437,159,340,170,386,181,216
1286966284,4076976216,64,457,63,435,393,372
1304175618,4160987867,106,388,51,463,282,412
1137676137,247392834,127,359,158,339,232,181
1240526630,3748207948,10,489,10,489,479,479
969830009,210032576,90,409,0,499,319,499
1243840715,3776677788,90,388,140,367,298,227
921948167,170165570,164,323,120,275,159,155
1027236572,570640140,110,388,50,449,278,399
1318670784,4215327216,180,324,101,366,144,265
1240149448,3743335371,0,499,50,449,499,399
1311085803,4181903015,0,499,0,499,499,499
1123752483,2061884462,59,435,21,481,376,460
1142139261,2446748511,120,381,103,413,261,310
1273077854,3992397119,24,479,48,472,455,424
309815971,1819861,75,423,0,499,348,499
1018680382,1022442,77,422,12,499,345,487
1283662208,4061596637,3,496,3,496,493,493
1305100574,4164665937,106,388,51,463,282,412
1276297096,4012661061,120,497,69,469,377,400
1284606219,4065768349,0,499,61,437,499,376
1127341680,2120672833,0,499,62,436,499,374
921948032,170165698,168,321,142,348,153,206
1126536141,2103183023,62,436,0,499,374,499
877052190,122403756,0,499,62,436,499,374
1116810104,1868322252,103,397,37,477,294,440
1248865009,3817907162,30,465,66,441,435,375
1041682504,831985055,38,452,59,457,414,398
1109256607,1886338618,132,367,42,452,235,410
981406026,284484158,57,425,108,425,368,317
1008060066,435906767,115,384,50,449,269,399
987638487,294463236,61,437,0,499,376,499
925318943,176558734,138,340,63,440,202,377
1285118804,4063770892,80,412,90,436,332,346
1062565150,1117353736,46,451,107,378,405,271
933414249,190422830,78,421,11,496,343,485
1257253742,3879893006,0,490,0,499,490,499
1316134240,4200872719,46,460,26,477,414,451
1094973103,1409593027,155,343,100,399,188,299
999523310,110331363,190,309,171,327,119,156
1233579730,3642389508,100,399,26,473,299,447
1120576407,2014631311,73,389,89,433,316,344
1275131636,4003849429,25,471,33,472,446,439
1026181863,560736510,0,499,63,435,499,372
1323289150,4231691895,2,488,82,499,486,417
1253120115,3854433404,0,499,0,499,499,499
1203463497,3277808527,152,372,36,462,220,426
1289182762,4086224332,13,482,104,388,469,284
1008000783,435851842,170,328,137,362,158,225
969660821,256725914,62,436,0,499,374,499
1174593451,2940640477,180,323,161,332,143,171
1271529215,3976936086,66,431,18,471,365,453
1239003443,3731582708,16,484,198,304,468,106
1029130408,590331032,0,499,62,436,499,374
1202718546,3259212401,0,499,69,430,499,361
1254630025,3863480207,0,499,62,436,499,374
1206239240,3297729169,60,438,0,499,378,499
1281443246,4050860242,0,413,0,499,413,499
1325223360,4240773346,11,489,148,365,478,217
1236464602,3707087734,0,499,0,499,499,499
1267985545,3944993269,115,398,150,360,283,210
864468398,106003914,0,499,62,436,499,374
914828076,159362759,75,423,0,499,348,499
1261408760,3898721894,0,499,0,499,499,499
982252133,286002256,203,303,156,235,100,79
1227110698,3607244728,0,499,0,499,499,499
1279045623,4037575988,0,499,0,499,499,499
914941292,159419396,81,418,0,499,337,499
1267290418,3942384756,0,499,0,499,499,499
1275975179,4010220164,0,443,36,456,443,420
1271715932,3979584304,0,499,2,499,499,497
1233919559,3682542272,0,499,0,499,499,499
1019936925,479774866,98,397,36,463,299,427
1307018251,1146284257,88,411,0,499,323,499
1240850294,3750099169,125,381,37,460,256,423
1265223528,3929899610,75,427,21,489,352,468
1257228865,3879835801,62,436,0,499,374,499
891789107,138314928,0,499,62,436,499,374
1267985998,3944993338,62,423,151,367,361,216
1320899871,4221614097,80,419,0,499,339,499
1282527165,4057542645,52,461,174,325,409,151
1313482420,4197527122,0,499,4,499,499,495
1278561001,4035896929,59,305,89,407,246,318
1276085725,4010539218,0,499,0,499,499,499
882953496,103049693,62,436,0,499,374,499
1316157642,4200875290,59,442,137,420,383,283
1279651876,4040190471,123,381,48,466,258,418
1316203976,4200877583,0,499,62,436,499,374
1218397558,3509075946,0,499,39,459,499,420
1310237665,4182227248,28,465,149,354,437,205
1159316190,2712794099,110,389,54,445,279,391
1242140678,3762877813,25,474,2,496,449,494
1188515868,3059778324,0,499,62,436,499,374
1027068882,569799011,105,394,50,449,289,399
874177774,119576003,13,489,112,390,476,278
1271146740,3975870342,154,345,110,389,191,279
1120811203,2021525391,0,499,31,468,499,437
1232183656,3654453557,0,499,109,389,499,280
1283607820,4061592282,1,498,0,499,497,499
1240159268,3743741046,0,499,198,436,499,238
1235878207,3701260702,32,474,58,460,442,402
1256908217,3874794164,34,495,38,475,461,437
1124413869,2076931936,186,372,82,482,186,400
1075711514,1351973174,89,394,12,488,305,476
1265209346,3929890124,0,499,54,445,499,391
1207787612,2662735719,80,422,95,400,342,305
1248831412,3817887802,0,499,0,499,499,499
1270651070,3972430541,86,384,30,485,298,455
1196327758,3185581833,77,428,84,435,351,351
1116549116,1962055968,162,335,130,368,173,238
1310619252,4182263062,149,386,95,320,237,225
1096762535,1659843144,59,446,154,345,387,191
1252356026,3848478202,34,435,74,471,401,397
884006705,129114102,62,436,0,499,374,499
1291290384,4101492138,158,343,201,306,185,105
1266919808,2297163876,114,399,44,468,285,424
1271718555,3979584640,0,499,0,499,499,499
1024745757,546798597,68,431,0,499,363,499
1071726755,1293268495,0,499,62,436,499,374
1317990784,4215704427,0,499,0,499,499,499
1158121456,2695198636,10,491,8,489,481,481
1282544669,4057545193,14,476,112,403,462,291
1117546307,575937718,53,442,131,368,389,237
1317194423,4210983476,14,481,72,475,467,403
1267992434,3945013494,16,499,22,499,483,477
1254997514,3867145677,194,310,276,454,116,178
1102884596,845433112,5,487,78,431,482,353
968882582,255450118,133,367,113,347,234,234
1317254773,4210987210,0,499,83,416,499,333
1104319536,1842305582,108,362,74,396,254,322
973607920,269653642,19,499,9,482,480,473
1270342697,3971352346,132,378,22,472,246,450
1157123155,2681908230,0,499,62,437,499,375
1261377930,3898717026,100,414,87,413,314,326
1233090903,3674234964,0,499,81,418,499,337
1107110568,1865417227,21,479,122,384,458,262
1133856915,2267174601,149,352,10,485,203,475
1028040834,579274570,51,442,154,354,391,200
1156791450,1530961443,58,458,112,471,400,359
1242828856,3762538206,35,479,35,458,444,423
1234822643,3691244433,54,444,117,352,390,235
1252602485,3850029190,74,455,192,309,381,117
1283255832,4055827644,62,436,0,499,374,499
966509661,253095119,164,335,125,373,171,248
1271274437,3976900217,31,489,91,406,458,315
1070953025,1267442641,97,402,0,499,305,499
245349930,5852439,145,354,100,399,209,299
1088814984,603811114,145,357,22,475,212,453
1269000843,3955074159,216,384,128,457,168,329
1211775888,3410034808,26,475,95,462,449,367
1261412311,3898723030,59,433,85,432,374,347
1123815558,2062702356,155,343,100,399,188,299
1194429640,3159025406,70,437,85,413,367,328
1006641941,427074839,98,401,36,439,303,403
1229641576,3625752146,184,314,19,488,130,469
1140987368,2411727961,1,497,63,437,496,374
1109444529,1889343766,0,499,90,408,499,318
1297665327,3776679177,0,492,82,417,492,335
1276007266,4010222212,11,488,19,478,477,459
1255772335,3871051137,0,499,21,499,499,478
1190252167,2647272611,112,388,111,387,276,276
892971719,83485078,62,436,0,499,374,499
1215746215,3470601753,109,389,0,499,280,499
923519956,174110820,100,403,141,332,303,191
1308819051,658315784,100,399,15,483,299,468
156206530,4808215,150,349,107,391,199,284
964672407,247025600,68,431,0,499,363,499
1204301008,3288154228,25,471,126,373,446,247
1287490991,4076844707,15,471,59,468,456,409
1241403677,3756589404,185,314,165,333,129,168
1308833775,760617586,100,399,32,488,299,456
1088406365,1035122391,0,499,0,499,499,499
965009342,249084734,0,499,62,436,499,374
1324116768,4236042289,202,311,55,442,109,387
1275718368,4006540411,71,456,84,426,385,342
1190256921,1876687385,133,363,93,405,230,312
1256840713,3874345489,0,499,0,499,499,499
1275516206,4006491359,109,401,69,440,292,371
1144268210,2478821522,6,489,69,413,483,344
1243431141,3773883451,90,407,124,363,317,239
1192165534,3122724290,68,432,22,488,364,466
971234356,260907139,80,418,0,499,338,499
1112118955,1920559175,110,389,65,434,279,369
1064733255,1141247521,0,499,62,436,499,374
1248702497,2531615342,66,435,11,484,369,473
1105412340,1848933676,171,332,69,427,161,358
1240616684,3748053492,0,499,0,499,499,499
893270285,139898303,45,449,92,401,404,309
1123646465,2055106670,111,334,131,443,223,312
629435847,55195864,40,459,0,499,419,499
1316285562,4200882313,0,499,0,499,499,499
1240719248,3748201456,236,343,175,378,107,203
1310153391,4182223202,56,436,21,484,380,463
1304549683,4162394562,186,417,8,495,231,487
1323476849,4231853842,20,476,20,479,456,459
1229122420,3614090020,62,436,0,499,374,499
1169904122,2887192173,37,455,74,452,418,378
1293811344,4112963630,156,344,29,480,188,451
1216088412,3477299643,190,300,22,80,110,58
915095244,159601915,128,368,185,318,240,133
1251229833,3838168784,52,477,131,267,425,136
869371497,113234523,59,440,0,499,381,499
1265371793,3930261073,0,499,0,499,499,499
855718238,48602835,7,499,56,454,492,398
1240985593,3751734591,68,423,16,483,355,467
1311416860,4187119723,0,499,4,499,499,495
1328383382,4250684356,88,423,33,450,335,417
1083713914,604680134,118,381,118,381,263,263
1321979918,4229796430,62,326,140,420,264,280
1275684717,4006530573,0,499,0,499,499,499
1196660895,3192632824,68,430,0,499,362,499
1007587116,435122178,100,399,57,441,299,384
1303185683,4157300221,0,499,0,499,499,499
1283490290,4061580730,0,499,0,499,499,499
1304142478,4160953182,106,388,51,463,282,412
1190253256,2833039401,57,451,99,398,394,299
1282587592,4057555820,0,499,0,499,499,499
1124240278,2074004151,155,343,100,399,188,299
1159224003,2710788203,0,499,62,436,499,374
1287763560,4079115662,0,499,0,499,499,499
1102255080,1792750662,110,391,160,342,281,182
1316300378,4209028721,70,444,45,466,374,421
1321510067,4227602039,0,499,62,436,499,374
988975892,296115421,0,499,225,283,499,58
1245183752,3789530810,45,426,186,358,381,172
1198134138,3211730560,137,361,100,399,224,299
878095781,123316324,179,319,150,349,140,199
1188295175,3062638003,139,372,29,477,233,448
1243171733,3770822368,180,319,154,344,139,190
1102152747,1791523410,172,316,148,374,144,226
1239004360,3731584471,24,476,10,416,452,406
1235627760,2384584174,100,399,22,476,299,454
1302227251,4153252628,0,499,0,499,499,499
763185222,61348504,87,412,0,499,325,499
1192055585,3120609236,68,432,22,488,364,466
1072451330,1304276180,134,365,100,399,231,299
1169907635,1892606201,12,491,153,357,479,204
1215098058,3467455929,101,359,171,378,258,207
933251705,190102943,58,439,13,489,381,476
998509951,334573299,114,370,101,469,256,368
1283542378,4061480081,39,474,42,450,435,408
1225663373,3563429285,125,374,130,374,249,244
1113061701,1926715055,19,481,21,476,462,455
1289587058,4088663664,97,365,75,452,268,377
947767539,209695066,83,415,0,499,332,499
1019364949,516516134,19,492,15,477,473,462
1263756466,3921303778,129,370,182,328,241,146
1324092591,4236042042,0,415,55,466,415,411
1282811712,4058578465,0,479,1,499,479,498
941516308,206790076,106,393,42,457,287,415
1073573648,1323461712,70,412,132,372,342,240
1305936599,3789213945,85,414,0,499,329,499
1280416877,4044819155,22,492,70,441,470,371
1323256451,4231686940,9,492,72,395,483,323
1270605540,3972427434,18,480,24,483,462,459
1316800711,4200965036,100,393,34,474,293,440
1283415787,4061577483,0,499,0,499,499,499
1053578389,1035063130,80,418,0,499,338,499
1279438339,4039780972,0,499,109,389,499,280
1304136552,4160952571,106,388,51,463,282,412
671671,994843,175,324,175,324,149,149
1119407717,1998122100,23,467,35,478,444,443
1264862214,3927675407,148,345,58,438,197,380
1240528218,3228881006,187,320,272,421,133,149
1089840753,1550882534,83,415,0,499,332,499
1113114716,1832995834,122,382,45,459,260,414
1144091923,2463414091,134,365,100,399,231,299
1305768233,4166642906,106,388,51,463,282,412
874861042,120733804,1,499,54,444,498,390
1284198738,4063441757,0,499,86,499,499,413
1317672348,4213741353,0,499,0,450,499,450
876748571,122044409,80,420,13,486,340,473
1251005112,3836842178,0,499,7,499,499,492
1010568933,447639382,0,499,0,499,499,499
1252627846,3850328627,0,499,62,436,499,374
1270055802,3967127178,131,415,89,369,284,280
1126730686,2106439342,181,327,131,387,146,256
1270324018,3971188496,66,435,0,499,369,499
1261978092,3902123648,0,499,121,377,499,256
1261173401,3898707813,18,482,144,353,464,209
258057500,7134218,150,349,107,391,199,284
1027058497,569864367,107,392,50,449,285,399
871510446,116320351,65,434,0,499,369,499
1290384405,4093242024,122,379,108,378,257,270
1272132661,3986441502,61,435,31,455,374,424
294695440,18128724,54,426,91,409,372,318
874538824,102954438,71,427,0,499,356,499
1100068595,1711735319,110,389,51,447,279,396
1275081927,4003844266,14,459,61,468,445,407
1301191147,4151080082,15,485,86,405,470,319
1202972116,2713462508,150,348,100,399,198,299
1253484595,3856527007,0,499,0,499,499,499
1100601450,1733898191,68,431,0,499,363,499
1208109632,3350637700,73,425,0,488,352,488
1314149398,4186164322,91,386,97,429,295,332
1124785251,2083255638,78,421,0,499,343,499
1280126645,4042485063,15,485,166,357,470,191
909280428,153775776,162,336,100,399,174,299
1282291447,4056001141,68,435,20,479,367,459
1275507321,4006490960,19,479,102,407,460,305
1251028045,3837111891,0,499,0,499,499,499
1307425911,4171079683,102,413,51,460,311,409
1328421419,4250685587,0,458,49,482,458,433
1242870065,1472806002,100,399,132,367,299,235
956876002,223277730,90,409,10,489,319,479
1189447602,3082185785,4,486,77,458,482,381
1313198961,4197493629,22,483,78,436,461,358
523251230,52820825,189,310,180,319,121,139
1301282892,4142208987,33,466,20,440,433,420
1127347942,2121747398,0,499,19,479,499,460
1212850524,3395756896,91,407,133,355,316,222
1144474156,2482256353,0,499,42,450,499,408
1260282137,3894930077,16,455,59,464,439,405
1321119429,4221741399,19,463,30,481,444,451
1026825513,569606542,110,389,50,449,279,399
1317738787,4213757112,51,439,54,444,388,390
1273139026,3993159880,48,359,209,376,311,167
1108907254,1875889064,0,490,102,396,490,294
1310370814,4183699697,121,393,149,339,272,190
937001753,197159203,26,481,50,458,455,408
1201836133,3249409492,65,440,63,421,375,358
1320594734,4225197203,39,429,86,453,390,367
941622009,207151526,166,338,153,347,172,194
1273172454,3993178615,11,489,170,354,478,184
930727688,184712329,0,499,44,454,499,410
1223177796,3579132589,36,446,148,344,410,196
1266889070,3940228615,0,499,0,499,499,499
1261151862,3898370927,94,404,0,499,310,499
1282529191,4057543019,50,409,71,407,359,336
1077226428,132140265,83,425,0,499,342,499
1152940596,2615310374,62,436,0,499,374,499
1143623513,2469126449,143,357,116,384,214,268
1048687487,942903392,60,448,31,459,388,428
865639834,89302633,0,499,83,416,499,333
1100081508,1711734820,110,389,51,448,279,397
1251228885,3838168234,4,494,124,374,490,250
1316851330,4201006052,1,499,33,477,498,444
1249535920,3819983814,179,308,149,327,129,178
977831442,278812249,0,499,240,260,499,20
979949375,282773184,73,428,123,374,355,251
1168025717,2850173788,0,499,84,415,499,331
1248215815,3814580611,94,382,62,450,288,388
1155782079,2660100437,51,447,97,402,396,305
930089204,183734199,29,473,160,347,444,187
1242874246,3218812336,117,382,0,499,265,499
1234614914,3687701981,0,499,62,436,499,374
1257261043,3879901986,0,499,0,499,499,499
1093148007,1597976030,0,499,0,499,499,499
987434377,294323010,67,418,15,490,351,475
719867248,59469067,83,416,0,499,333,499
1171538206,2895792479,52,457,85,480,405,395
1317996397,122451918,0,499,48,499,499,451
1040456620,207279806,167,338,148,356,171,208
1260615225,3894585007,31,479,139,360,448,221
1255045642,3867033003,100,405,74,451,305,377
854265526,49294335,71,428,0,499,357,499
1248210734,3814580409,13,484,152,353,471,201
874274656,120109530,62,436,0,499,374,499
1008169443,436093820,160,339,126,372,179,246
1244985828,3787994354,57,442,42,473,385,431
1284199718,4063442159,25,477,48,472,452,424
1273149560,3992572243,67,429,86,432,362,346
1237231006,3717704902,0,499,62,436,499,374
1283419792,4061577640,67,435,106,409,368,303
1278214746,4030630796,1,498,137,360,497,223
1261417587,3898724702,0,471,0,499,471,499
1268742758,3936353239,179,311,41,421,132,380
1002980424,388574554,172,343,174,307,171,133
1251415880,3842603773,0,499,199,499,499,300
988501779,295319566,0,499,83,415,499,332
1285030506,4066255033,39,460,84,444,421,360
1042922740,845435201,11,488,54,451,477,397
932653702,188636125,62,436,0,499,374,499
1288003656,4079554041,0,499,0,499,499,499
1218051307,3498116078,62,436,0,499,374,499
982457182,286302616,81,470,123,364,389,241
1155139139,2649523273,0,499,0,499,499,499
1317996389,1951685726,0,499,40,499,499,459
1250268322,3831364246,0,499,62,436,499,374
1104319454,1830605279,149,314,19,474,165,455
1031484328,609913291,69,429,0,499,360,499
981578333,56168997,79,419,0,499,340,499
1174586883,2940638796,235,235,283,283,500,500
1282815822,4057763182,45,461,67,445,416,378
1108365706,1875804572,110,382,52,440,272,388
1282966383,4057770782,82,426,23,482,344,459
1273021829,3992384895,16,477,45,463,461,418
1271568459,3976966206,15,427,37,424,412,387
1153393042,2622775648,26,473,0,499,447,499
1027361910,570730818,111,388,50,449,277,399
957943466,225061375,0,499,83,415,499,332
1268779979,3953644077,0,499,0,499,499,499
1248852675,3817904494,34,480,107,379,446,272
987655649,294487252,130,427,16,488,297,472
830653698,63077624,62,436,0,499,374,499
1275642718,4006510056,0,499,0,499,499,499
1007837867,435298685,150,349,116,383,199,267
1248856855,3817905234,100,399,58,441,299,383
1232860617,3663488864,62,436,0,499,374,499
1136611229,1434660951,12,481,27,476,469,449
1317648193,4211183999,148,353,19,485,205,466
1317732124,4213756484,0,499,0,499,499,499
1087910050,1531106875,0,499,83,415,499,332
1078746470,1406605829,0,499,109,389,499,280
1243842595,3776680630,144,352,1,499,208,498
1068211613,1190505886,44,439,98,402,395,304
1012859360,461573544,184,311,198,303,127,105
923110051,172921287,0,499,62,436,499,374
1128649531,2152081859,0,499,0,499,499,499
1313507131,4198466391,0,499,0,499,499,499
1105385492,1848487190,14,493,162,434,479,272
1240727185,3748206374,105,406,162,349,301,187
1130349472,2183083464,106,392,0,499,286,499
940534787,138765826,176,266,204,327,90,123
1040827746,819492989,46,453,0,499,407,499
977560264,278465585,37,461,126,374,424,248
996643998,314834626,2,498,43,455,496,412
1310160196,4183097768,58,440,0,499,382,499
1259882238,3889170900,19,495,95,429,476,334
1289491410,4088731341,82,414,56,441,332,385
1255419905,3869750006,0,499,83,415,499,332
1253337521,3856415143,14,486,46,478,472,432
1169904124,2887192190,23,485,96,405,462,309
1046509583,875100116,0,499,62,436,499,374
1181050273,2999631186,122,369,148,315,247,167
1270451894,3971908127,177,313,77,452,136,375
1266896440,3940395607,138,361,125,374,223,249
1223038289,3578193104,0,499,152,347,499,195
1266785201,3939949357,227,271,25,488,44,463
1269329192,3957952718,7,494,121,374,487,253
1265214221,3929900499,16,430,59,454,414,395
1301559863,4150999392,46,434,103,415,388,312
833324795,63915072,140,359,151,348,219,197
1154468463,2638388966,24,473,71,471,449,400
940888541,205319576,133,364,149,371,231,222
1300462082,4146735720,24,452,62,464,428,402
1030685254,602148933,73,426,0,499,353,499
1265607906,3931891455,30,495,1,495,465,494
1219248989,3523084811,62,436,0,499,374,499
1038144977,746811005,25,464,97,411,439,314
1275774845,4008564476,0,499,0,499,499,499
927353683,179275568,68,424,6,492,356,486
1267284509,3942441581,0,499,0,499,499,499
1270192703,3969470235,0,499,0,499,499,499
985456723,288040998,71,427,0,499,356,499
1235700191,3698192886,0,499,62,436,499,374
1243996857,3777589866,0,499,102,396,499,294
1204197390,3287123496,42,456,9,486,414,477
1282837729,92168865,56,443,19,499,387,480
1166438921,2793308088,0,499,62,436,499,374
859297981,94475004,142,346,101,391,204,290
1317996377,1951970352,0,499,40,499,499,459
1287373036,4076594021,78,431,79,440,353,361
1282360293,4056359077,70,429,145,354,359,209
1120953760,2025820184,0,499,62,436,499,374
1157672745,2688189930,228,262,233,258,34,25
482853,928819,195,304,165,333,109,168
1103088915,1811563187,0,499,62,436,499,374
1310004791,4181948387,66,419,94,413,353,319
1282918440,4057768226,82,400,32,499,318,467
1243660185,3775276368,0,499,148,436,499,288
1226405733,3591581809,0,499,142,436,499,294
936801640,196631607,105,393,92,412,288,320
1055434465,1059998663,51,485,96,370,434,274
1100179918,1714386963,5,495,2,483,490,481
940547557,138769100,179,320,144,337,141,193
1274686921,190408240,45,486,111,427,441,316
1231028955,3189243971,0,499,62,436,499,374
895416602,142352749,0,499,62,436,499,374
1319429874,4214364237,168,346,44,379,178,335
1148773772,2546867517,0,499,48,450,499,402
1100250580,176988711,79,415,122,379,336,257
1120832026,2023642167,0,499,39,459,499,420
1215859667,2897638224,25,476,159,415,451,256
1237104894,3616288879,7,497,104,366,490,262
1262541264,3908875865,77,416,63,449,339,386
1225887107,1154697604,125,374,125,363,249,238
1313483100,4198464274,0,370,22,469,370,447
1320543928,4224632371,0,499,68,430,499,362
1288782004,4085727690,15,493,12,492,478,480
1311661916,4189020558,0,461,58,441,461,383
1190250802,2041884720,0,499,91,436,499,345
1195469127,3170637654,63,446,112,387,383,275
1007636172,435109391,67,432,0,499,365,499
1233356176,3677479559,0,499,62,436,499,374
1302862634,4156926777,0,499,0,499,499,499
1027170577,569803830,124,375,50,449,251,399
1265587301,3931857289,132,366,14,491,234,477
1291883522,4104502933,45,185,24,468,140,444
1282004244,4050752752,13,478,74,472,465,398
1164577856,2787713806,151,347,100,399,196,299
1173743722,2931622970,0,499,62,436,499,374
1253151835,3855161610,113,439,216,302,326,86
1198890281,1309366624,151,340,114,388,189,274
1004007845,401114561,70,428,0,499,358,499
1241429363,3756677762,196,301,191,310,105,119
1257688700,3881792501,0,499,59,434,499,375
1009496645,441641123,13,487,19,482,474,463
1146384747,1860260960,99,431,165,351,332,186
1282970805,4059900470,83,415,0,482,332,482
890156161,136255765,193,298,210,308,105,98
1262292575,3906636204,130,275,101,415,145,314
1140536440,1952792748,95,403,149,346,308,197
1289079585,4085964644,0,499,0,499,499,499
1086360237,1511349711,153,346,100,399,193,299
939720354,202402888,128,370,98,400,242,302
1275279672,4003955105,0,499,0,499,499,499
1283973772,4063210516,0,499,0,499,499,499
925480374,177117202,116,400,95,414,284,319
1252960088,3854282424,94,403,106,414,309,308
1244540419,3785187457,0,499,113,436,499,323
1027189968,569830226,108,391,50,449,283,399
1124542516,278526609,155,343,123,386,188,263
1239002734,3731582186,101,411,7,487,310,480
1188396889,3064238326,215,249,51,482,34,431
1206464790,3315044199,177,339,160,327,162,167
1086251094,593258530,150,349,100,399,199,299
1044022183,855271917,73,426,0,499,353,499
1256043708,3873074706,128,409,48,474,281,426
1273837987,3992092706,28,453,43,453,425,410
1298565955,4139341216,0,499,118,498,499,380
1167267090,2828675273,73,426,0,499,353,499
834825152,49775204,73,425,5,499,352,494
1203464127,3277810341,134,340,26,408,206,382
1250624048,3834431646,33,466,87,412,433,325
1306584995,4167083383,106,388,51,463,282,412
1267259270,3942389118,61,449,206,292,388,86
1282760590,4058943044,0,487,83,474,487,391
345259091,2430059,175,324,142,356,149,214
1256921552,3874795759,0,499,0,499,499,499
1276307376,4012720904,0,499,0,499,499,499
1306531843,4167074910,106,388,51,463,282,412
1209769162,3377033162,54,473,20,489,419,469
1189499999,3082611156,14,485,152,367,471,215
1320932247,4221620885,36,464,66,455,428,389
13134530,1410974,200,296,191,307,96,116
1273351847,3992566916,0,499,0,499,499,499
858012790,91984513,185,314,205,292,129,87
1004577685,403985109,0,499,63,436,499,373
1283956034,4061636613,18,481,79,420,463,341
1195683719,3168832867,109,389,0,499,280,499
1027001280,569727045,110,389,50,449,279,399
1120764723,2019204940,73,426,1,499,353,498
1119405836,1998118331,130,349,206,403,219,197
1276525999,4014008260,196,329,61,443,133,382
1100797128,1738468952,0,499,62,436,499,374
1301674131,4151268864,45,454,52,444,409,392
995102007,303051731,174,326,49,420,152,371
959218758,231450255,116,382,162,333,266,171
1119406031,1998118675,107,274,132,317,167,185
1313844223,4200611138,110,389,54,445,279,391
1215437214,3470155560,11,489,92,405,478,313
1268586643,3952045883,0,499,62,436,499,374
1313370175,4197668668,176,322,35,463,146,428
1261173648,3898707837,17,480,182,333,463,151
1017693536,506962409,0,499,85,414,499,329
602596482,48735217,74,424,0,499,350,499
987329107,294174224,5,488,106,386,483,280
1250748643,3832866670,0,474,62,372,474,310
1307347414,4171370651,104,395,184,347,291,163
1233843878,3682506742,0,499,0,499,499,499
1266193737,3937608635,106,386,38,469,280,431
1250021748,3822989370,61,437,0,499,376,499
1120638956,2015950396,98,405,31,469,307,438
1323684670,4234147213,0,499,0,499,499,499
1234404679,3684253081,114,384,128,471,270,343
1289818389,4089928292,0,499,0,499,499,499
1239002776,3731582242,0,499,0,499,499,499
338697478,3426171,102,396,39,460,294,421
1198687975,1100134156,154,344,100,399,190,299
1121940932,2045070965,84,465,103,407,381,304
1239078656,3732719282,169,499,244,471,330,227
941482355,206703184,83,415,0,413,332,413
1190984326,3081166960,86,482,6,464,396,458
1283540441,4061583963,0,499,0,499,499,499
1214790840,3462825699,0,499,62,436,499,374
1190252589,1876684324,113,364,67,432,251,365
1309661331,4179728468,132,461,124,342,329,218
1308195845,4174722896,0,499,0,499,499,499
1230327641,595839898,183,315,150,349,132,199
1067894711,1185366693,62,436,0,499,374,499
946714000,208715288,165,327,172,347,162,175
1254533673,3861227267,45,462,56,450,417,394
1260329030,3893242591,63,435,0,499,372,499
1245186660,3789532574,110,405,190,381,295,191
1118989873,1989935376,0,499,62,436,499,374
1243659651,3775275573,0,499,62,436,499,374
1225665127,3523103798,139,374,167,365,235,198
1007218365,433303027,73,425,0,499,352,499
1257894154,3883244849,2,499,0,499,497,499
1086736785,1515261870,0,499,142,357,499,215
1055325984,1057695822,210,289,220,279,79,59
1190975062,3099844969,125,373,71,428,248,357
1058101718,1086265844,56,454,103,415,398,312
1280707517,4046438895,58,480,60,373,422,313
1248543064,3815831713,162,379,146,219,217,73
1321971003,4229796124,51,484,45,483,433,438
1275462255,4006485545,10,475,19,438,465,419
1124838358,2085018129,110,389,72,426,279,354
1105949208,1857587484,0,376,62,436,376,374
1309608170,4152889186,101,394,57,444,293,387
1257949750,3883413092,47,490,31,475,443,444
1227835370,3613428291,195,292,130,369,97,239
1021822550,527955559,100,399,157,342,299,185
1191883683,3118089257,82,417,38,461,335,423
1107660093,1869200296,106,397,170,347,291,177
1121420150,2035478927,12,485,18,479,473,461
1027214826,570613273,114,385,50,449,271,399
1292745769,4113481360,25,474,9,491,449,482
1262174274,3905724945,31,482,185,348,451,163
1077764712,1376254592,68,431,0,479,363,479
1164588934,2787741117,0,499,88,411,499,323
1073726462,1324835051,78,420,3,493,342,490
904354119,149014263,130,369,77,421,239,344
1313347624,4197665676,34,470,122,371,436,249
1283531520,4061583611,0,499,0,499,499,499
1275569213,4006496795,67,463,173,374,396,201
1053226264,1009205032,74,424,0,499,350,499
958568207,228489652,160,344,185,336,184,151
1261376135,3898716798,0,499,0,499,499,499
1027182462,569821597,113,386,50,449,273,399
1310191609,4183074342,77,426,43,455,349,412
1119407696,1998122092,71,431,4,495,360,491
1306899489,4168961550,0,499,54,499,499,445
1272248539,3988483843,1,499,132,367,498,235
1247358463,3808532022,37,453,129,364,416,235
883517239,128471299,89,409,0,499,320,499
1313447831,4197677611,80,398,72,357,318,285
885215749,124143764,60,443,80,434,383,354
1087829502,1530170357,62,437,62,437,375,375
985087297,290251281,117,381,65,434,264,369
1290765316,4096293552,236,292,170,339,56,169
1260750525,3895425116,0,443,0,499,443,499
1290372505,4093241362,96,399,121,418,303,297
1308324395,4151932786,0,460,0,499,460,499
1095773046,1638341399,62,436,0,499,374,499
1188458861,3064958525,134,364,63,434,230,371
1046746871,290707793,12,485,203,307,473,104
1295960772,4128438420,63,428,110,394,365,284
1042725983,841624735,139,357,71,431,218,360
980301141,283323297,170,360,104,363,190,259
1293313568,4104713354,24,468,72,348,444,276
1298545304,4139985719,9,488,190,344,479,154
1177443645,2969664913,0,499,109,389,499,280
1278239281,4031025325,0,499,0,499,499,499
1122251390,278527230,149,350,113,393,201,280
1261407379,3898721375,39,427,153,478,388,325
1196035426,1903682305,62,436,0,499,374,499
941676640,207257949,157,344,205,294,187,89
1033272373,648438375,0,499,234,260,499,26
1054114332,1039702608,53,246,147,326,193,179
1275467265,4006485893,9,490,8,492,481,484
1244090245,3778841546,0,499,68,431,499,363
1238162094,3726613060,208,299,240,273,91,33
1027351669,570722925,101,397,50,449,296,399
1026761816,569376172,108,391,50,449,283,399
1319738011,4219602084,33,487,74,450,454,376
1006538291,422529910,63,436,0,499,373,499
1026005647,558485309,10,490,69,430,480,361
1181060054,2999850156,216,285,210,406,69,196
1244540569,3785187497,0,499,122,436,499,314
961970643,239246754,33,466,0,494,433,494
1225887217,3122844589,125,374,125,374,249,249
1289258822,4087633964,57,439,40,462,382,422
1133473183,2252051219,150,344,181,313,194,132
1306489639,4168612581,31,378,177,398,347,221
1260959703,3896440766,8,487,56,452,479,396
857162742,87043308,200,299,175,324,99,149
1026242867,560778273,160,338,0,499,178,499
890427787,18229099,48,451,0,499,403,499
1123730130,2061927947,155,343,100,399,188,299
1317916840,4215693866,11,486,58,475,475,417
1188538785,3067204175,130,369,130,369,239,239
1166976830,2827900821,0,499,0,499,499,499
1276309139,4012721132,0,499,0,499,499,499
1289818156,4089928267,12,484,24,467,472,443
1260348391,3893243882,19,480,57,452,461,395
1273636823,3992770769,28,477,122,380,449,258
1316196669,4200877262,9,493,38,438,484,400
1257711562,3881727860,36,407,0,499,371,499
888567912,11996356,90,408,25,474,318,449
1246398821,3798828755,98,397,10,490,299,480
1274318008,48722812,83,307,33,499,224,466
1248862525,3817906480,114,392,48,450,278,402
1262547518,3908516984,56,426,180,287,370,107
1265887923,3935365337,84,438,58,437,354,379
1283582719,4061585919,0,499,0,499,499,499
1032028773,617751625,156,360,75,426,204,351
1278224003,4030621104,92,407,1,498,315,497
1178133005,2981151655,52,453,124,375,401,251
1317239769,4210986827,16,483,39,467,467,428
1270113576,278564402,100,399,32,466,299,434
1108423106,143002024,62,436,0,499,374,499
1301269195,4150971388,19,477,52,452,458,400
1314406047,4202302189,1,460,50,475,459,425
848934214,80184808,74,425,0,499,351,499
1117236562,532978741,80,419,136,362,339,226
857604599,86836819,95,403,165,334,308,169
1274887175,4001653940,64,436,0,495,372,495
1243584513,1852538170,0,499,0,499,499,499
1256970461,3876189245,0,499,0,499,499,499
1316139376,4200873192,40,455,20,388,415,368
1008194760,436109271,100,399,55,444,299,389
1101114436,594963537,70,427,138,359,357,221
1319428969,4214364206,136,408,75,400,272,325
1208109551,3350637642,73,425,0,490,352,490
1116562030,1962221206,18,468,272,441,450,169
1135205480,2302478822,15,473,44,471,458,427
1313201719,4198045921,70,429,145,354,359,209
1030911847,605161852,0,499,62,436,499,374
976220512,275565409,181,389,156,402,208,246
1140311523,2406603747,108,371,120,366,263,246
1187029561,3036630152,59,440,0,499,381,499
1008201878,436078459,150,349,114,385,199,271
1049899335,957845546,0,499,62,436,499,374
1253151008,3855161574,55,459,41,484,404,443
185034430,5667562,60,439,0,499,379,499
1112028139,1919119626,23,475,110,396,452,286
1022832532,2041119373,0,499,55,443,499,388
1319428652,4214364198,27,464,33,470,437,437
1100060652,1711736888,110,389,53,445,279,392
1299275707,4141673916,0,486,10,499,486,489
1295960224,4128274536,36,470,75,414,434,339
1223352739,3573615120,62,436,0,499,374,499
1316215932,4200877991,39,499,0,476,460,476
1133293251,288020980,0,499,237,266,499,29
1292430580,4108913045,8,485,109,408,477,299
1225886460,532978687,125,374,135,364,249,229
284032653,14395067,168,330,123,375,162,252
983731895,288020224,148,336,117,372,188,255
967151852,254400463,93,418,86,394,325,308
1278879550,4037669124,14,482,15,499,468,484
1027241610,570641081,104,394,50,449,290,399
1020392176,523400905,74,433,72,426,359,354
1122248389,868322285,150,349,100,399,199,299
1271541146,3976938904,0,497,0,499,497,499
1012287975,459154103,0,499,62,436,499,374
1312462651,4195080044,0,499,0,499,499,499
1102494779,1801011222,0,499,62,436,499,374
1117509601,1974892093,185,309,107,416,124,309
1172460449,185143847,38,372,25,497,334,472
1165121078,2792893358,0,499,83,415,499,332
987674949,294489788,215,285,138,366,70,228
1311105153,4181903554,0,499,0,499,499,499
1253151784,3855161608,8,492,149,353,484,204
1292904404,4113737215,0,499,0,499,499,499
1276006726,4010309708,12,487,113,395,475,282
941678727,207257948,157,344,205,294,187,89
1150230248,2568792296,127,382,152,329,255,177
1253680283,3858408164,0,499,83,416,499,333
1006898739,428974687,0,499,73,426,499,353
1076168925,435010046,68,430,0,499,362,499
882068405,95306496,0,499,62,436,499,374
1246540581,3800285293,0,499,199,436,499,237
1267288849,3942441754,54,455,108,389,401,281
1178442520,2356500155,64,453,31,488,389,457
1313293388,4197504331,0,499,0,499,499,499
1228498490,3617506292,0,499,51,448,499,397
1009726773,196937609,185,314,150,349,129,199
1027106997,569659596,114,385,50,449,271,399
1236461653,3707080598,0,499,0,499,499,499
1279302595,4037123410,54,451,70,442,397,372
1220347829,3535720438,65,433,0,499,368,499
1139262405,2383718215,0,499,109,389,499,280
362299014,1738895,119,380,50,449,261,399
1282777642,4057520809,0,499,0,499,499,499
1051758665,981229706,110,459,123,451,349,328
1164972436,2796950832,155,343,100,399,188,299
1026904191,569721705,107,392,50,449,285,399
1193177968,3138621603,89,376,127,380,287,253
1300461547,4146735621,71,429,71,429,358,358
1268741156,3936362952,50,462,152,315,412,163
1120749869,2019213068,4,477,0,477,473,477
1195043478,3164041844,80,419,0,499,339,499
1043841069,853455921,7,491,104,409,484,305
1243659647,3775275571,0,499,62,436,499,374
1138062420,2358769333,474,479,238,261,5,23
1261172406,3898707371,122,367,132,433,245,301
1267358546,3942401597,28,477,53,428,449,375
1240876069,3750318052,109,389,0,499,280,499
1088416947,1539031491,67,432,0,499,365,499
1269770284,3962599884,0,499,0,499,499,499
1041363762,824465474,67,432,0,499,365,499
466096830,50536519,100,399,57,442,299,385
1181472341,2995655499,155,344,100,399,189,299
1243660022,3775275646,0,499,136,436,499,300
1006846848,427835097,138,360,95,404,222,309
1066113720,278802056,132,366,100,399,234,299
1264905044,3928057436,0,499,0,499,499,499
1269770100,3962599691,0,499,62,436,499,374
1196328606,3185601858,77,428,84,435,351,351
1308939220,4177868773,0,499,0,499,499,499
1303628099,4159071217,106,388,51,463,282,412
1029189684,590497886,33,221,287,466,188,179
1288123719,4079557022,0,499,0,499,499,499
1221454776,3563522173,108,354,73,443,246,370
1306868614,4167094031,0,499,0,499,499,499
1002973913,388570538,125,374,156,343,249,187
1249535514,3819982787,141,359,142,365,218,223
1251478860,3842784374,0,499,0,499,499,499
1243379679,3773711900,128,332,26,477,204,451
1132134290,2220936054,22,475,18,480,453,462
998492635,334573582,15,487,21,487,472,466
1295960171,2820187356,222,277,141,357,55,216
1219598066,3527612757,19,457,105,435,438,330
1068867962,1204725924,134,331,56,446,197,390
921948363,170165693,168,321,142,348,153,206
1282815468,4057525531,17,480,108,386,463,278
977998622,278579167,151,425,0,465,274,465
1261386486,3898718447,0,499,0,304,499,304
1275542371,4006494168,33,477,46,443,444,397
1275674641,4006527518,0,499,0,499,499,499
1193400162,3143370343,112,423,77,414,311,337
1214156436,1852407970,0,499,68,430,499,362
969087637,138713887,31,477,104,472,446,368
1108738563,1878103718,110,389,52,446,279,394
1105858636,1857674403,10,480,8,473,470,465
1095765395,1640962510,7,499,0,453,492,453
1140310693,2406558433,13,489,107,414,476,307
1261175068,3895783442,68,431,0,499,363,499
1309074616,4179414771,13,499,0,466,486,466
1202774104,3261297834,73,426,0,499,353,499
1253519677,3857173172,42,489,66,418,447,352
849044261,69636490,90,409,136,369,319,233
1053483239,858166743,75,491,101,399,416,298
344091268,47421801,73,425,6,492,352,486
1177441161,2967798254,0,499,0,499,499,499
1260635492,3894673414,89,409,53,445,320,392
1246053714,3796900897,0,499,0,499,499,499
1027298453,570746243,111,387,50,449,276,399
1280403196,4044746302,33,430,72,409,397,337
1237295355,3716332045,411,419,0,499,8,499
874179536,119999540,81,417,0,499,336,499
1127266554,2120484078,207,293,9,492,86,483
1244268064,3781841779,0,499,64,435,499,371
1295960274,4128438352,30,423,74,436,393,362
1100086272,1711735142,110,389,40,459,279,419
1007499452,435018967,57,440,0,499,383,499
1277944029,4023225654,80,434,0,499,354,499
1016553923,499898740,191,316,23,470,125,447
1305087299,4164663556,106,388,51,463,282,412
1053502376,292160896,2,495,49,451,493,402
1194037174,3144064053,35,470,127,384,435,257
1117509267,1974890951,0,477,159,417,477,258
1319313799,4220814491,66,375,162,399,309,237
1262744758,3910896347,0,499,0,499,499,499
1171298278,2905964712,32,467,0,499,435,499
1265840865,3934929100,87,407,9,496,320,487
1036269519,698296578,141,363,140,421,222,281
1223352765,3573615126,62,436,0,499,374,499
915097976,159603889,0,499,0,499,499,499
1287120260,4077156194,26,477,85,369,451,284
1316972701,3788524013,35,450,9,497,415,488
1262733485,3910821658,13,493,5,489,480,484
1244541468,3785188043,0,499,122,436,499,314
1172791564,2920940576,65,437,11,458,372,447
1126858202,600396280,84,415,0,499,331,499
1191037007,3101162043,50,449,100,398,399,298
1273354925,3992568712,0,499,0,499,499,499
1264381093,3925262799,92,446,68,383,354,315
1144274804,2478887606,22,476,0,499,454,499
1292292900,4108382699,0,499,0,499,499,499
1236964738,3709769537,87,412,0,471,325,471
835817688,70044705,170,328,145,353,158,208
1299195078,4139571054,0,499,0,499,499,499
1002976661,388573261,159,339,125,374,180,249
1119405850,1998118338,96,410,179,391,314,212
857540645,91683073,0,499,62,436,499,374
1007501462,435013448,100,399,50,449,299,399
1020646863,524901201,79,487,230,270,408,40
1204756407,3294117705,72,427,0,483,355,483
1107998349,1870299059,127,373,127,372,246,245
1319869298,4215101708,90,476,99,439,386,340
1278558240,4035894577,0,499,0,499,499,499
1211757483,3409998998,0,406,24,485,406,461
1296641847,4131481297,97,402,35,463,305,428
1235516479,3690846059,0,499,73,426,499,353
1220422174,3544846574,174,325,142,356,151,214
1145367396,2494083193,81,401,116,351,320,235
1167373353,2833659393,38,443,69,386,405,317
1313631536,4197538340,0,499,0,499,499,499
993357541,301239584,90,409,130,369,319,239
1163646891,2766871558,0,499,63,436,499,373
1306886858,4168958824,0,499,0,499,499,499
1236795460,3713551378,23,485,105,415,462,310
1121420203,1118849508,4,493,70,414,489,344
1052190513,983389267,75,426,58,489,351,431
1192164241,3122723189,68,432,22,488,364,466
1307343141,4171233261,228,277,58,184,49,126
1079273671,82857017,70,428,0,499,358,499
1299050974,4141243130,62,436,0,499,374,499
1310418494,4182242629,74,458,112,433,384,321
1174587952,2940639007,27,481,14,490,454,476
1282570348,4057550527,38,466,104,417,428,313
1264838217,3926140997,62,436,0,499,374,499
1177149440,2970576438,76,423,0,499,347,499
1260223080,3894912493,68,450,65,426,382,361
1286712179,4071959574,34,473,111,381,439,270
685557018,13955199,145,354,100,399,209,299
1275210689,4003935974,69,447,88,419,378,331
1023016297,531643440,227,295,116,412,68,296
1076515866,1364574338,150,349,100,399,199,299
1255757824,3871285771,19,472,129,390,453,261
1104741318,1842320085,58,455,113,400,397,287
986270114,292201215,0,499,229,275,499,46
1269037259,3955103905,153,406,88,342,253,254
1065040734,1145561703,68,431,0,499,363,499
1134434874,2283186178,0,499,0,499,499,499
892573693,139460668,37,301,72,419,264,347
1124785028,2083255596,75,423,0,499,348,499
981599072,284874956,62,436,0,499,374,499
971120616,261481350,152,345,90,424,193,334
1260337526,3893243054,34,479,20,470,445,450
1283708745,4061599520,0,483,32,496,483,464
941678692,207257930,234,257,0,499,23,499
894742674,142134771,138,374,164,334,236,170
1100347168,1715594527,62,436,0,499,374,499
1201831186,3249405370,0,499,83,415,499,332
1098807149,1696640186,85,413,0,499,328,499
1289805671,4089926799,0,499,0,499,499,499
1007392990,416653189,100,399,60,438,299,378
256719394,9816819,157,341,123,376,184,253
977646892,278518951,83,416,0,499,333,499
1258370162,1852538113,0,499,0,499,499,499
1101483018,1773808604,71,427,0,499,356,499
1203072266,3266013029,62,436,0,499,374,499
1275115229,4004084734,33,445,68,463,412,395
848829120,79945926,35,481,0,499,446,499
1243416161,3773721470,79,418,118,393,339,275
1314389828,4202301944,0,499,0,499,499,499
1118878731,1985653885,0,499,83,415,499,332
1027317460,570663184,106,392,50,449,286,399
1060105586,1091060409,71,427,0,499,356,499
1102012185,1787946723,152,362,19,498,210,479
1182194070,2961491368,91,408,17,483,317,466
1208932816,3358529220,87,408,64,442,321,378
1268112297,3944649672,39,454,31,484,415,453
1104036045,1820926336,168,334,27,461,166,434
1002247421,376142633,31,467,135,399,436,264
1317384352,4212780268,16,482,0,494,466,494
1229263651,3623823599,77,415,107,373,338,266
1259313505,3887627458,65,436,68,439,371,371
1310370147,4182238397,0,499,0,499,499,499
1276224774,4012179039,117,499,0,447,382,447
998304584,334561471,182,319,83,392,137,309
1075760798,1352145807,136,365,85,416,229,331
1228232399,3615543618,141,359,111,388,218,277
1100086062,1711732091,70,429,145,354,359,209
1151368506,278571236,149,349,100,399,200,299
1165792245,2805036237,109,390,0,499,281,499
1257867513,3883241176,0,499,0,499,499,499
1307815394,4172826687,0,499,0,499,499,499
818906661,1617895,0,499,19,479,499,460
1213640333,3451352356,113,386,50,449,273,399
1120267738,2011881330,100,425,9,491,325,482
1270458988,3971911095,149,348,154,416,199,262
1280390884,4044743801,21,478,31,499,457,468
1276953990,4017736549,0,499,0,499,499,499
1253519528,3857173087,52,446,165,336,394,171
1150217074,2570797654,153,346,109,390,193,281
1313306639,4197664004,71,459,105,464,388,359
1311934712,4188992453,118,372,46,470,254,424
1272721571,3990161178,160,335,60,469,175,409
1244541376,3785188020,0,499,62,436,499,374
1283715414,4061605853,0,379,0,499,379,499
1122395856,2047572103,180,314,123,350,134,227
1282749535,4057515098,70,436,136,386,366,250
1191779722,3115009547,30,469,0,499,439,499
1320160113,4215432333,19,487,31,458,468,427
1257240913,3879893683,30,481,21,483,451,462
1318629074,4216148104,121,375,179,337,254,158
1249534913,3819979846,25,466,146,350,441,204
1225786769,3592267415,110,389,51,447,279,396
1323677912,4234147012,12,479,94,406,467,312
1194528623,3160798208,176,324,183,320,148,137
1057732237,1081090327,79,420,0,499,341,499
1282821665,4057764438,0,499,91,499,499,408
1314073577,4186145250,43,457,56,462,414,406
1222809693,3575757535,39,463,10,427,424,417
1261401227,3898720398,0,499,0,499,499,499
1277934203,4023223805,51,415,96,438,364,342
1055607374,1062978437,0,499,70,429,499,359
865979300,51001658,62,436,0,499,374,499
1072548529,1306445079,10,485,82,427,475,345
1217060636,1888342002,9,485,48,451,476,403
1151418706,2566393998,155,344,100,399,189,299
1307412309,4171511693,50,444,0,499,394,499
1281308151,4047017659,0,499,0,499,499,499
964152897,246041586,89,409,0,499,320,499
1276004720,4010222063,71,422,36,454,351,418
856429824,89331053,0,499,68,430,499,362
1291880595,4104423329,58,449,104,397,391,293
1273460622,3994165373,0,499,0,499,499,499
1248582291,3813970914,2,494,124,400,492,276
1193582848,3146797546,9,489,21,470,480,449
1275129134,4003849203,22,474,153,356,452,203
995608717,303884532,155,339,155,399,184,244
1284008453,4063622763,0,499,64,435,499,371
1253334827,3856414642,30,399,48,445,369,397
1155995033,2663027603,108,390,129,368,282,239
1152467737,2601326628,98,403,2,498,305,496
1209415000,3376827454,127,368,161,340,241,179
1248836667,3817896367,9,492,0,499,483,499
1037815820,740540954,0,499,83,415,499,332
1192166694,3122735285,71,431,245,486,360,241
1313373619,4197668946,44,455,0,499,411,499
1030341516,384469763,63,428,6,482,365,476
1243403505,3773717981,19,480,75,420,461,345
1146135315,2457595967,3,497,21,442,494,421
1283692251,4061598771,0,499,13,499,499,486
1325265677,4240795258,43,460,113,376,417,263
1311054625,4182118045,0,499,156,499,499,343
1243214001,3771583827,34,482,69,427,448,358
1027030597,569747041,100,399,60,438,299,378
976678583,276415432,0,499,203,273,499,70
984514784,289135308,137,366,106,384,229,278
1019286444,516362393,61,457,162,345,396,183
1163099644,2763831970,138,356,139,480,218,341
1317380839,4212780124,96,429,99,411,333,312
1310309726,4182233037,0,499,0,499,499,499
1121061072,2030408168,39,485,94,321,446,227
1079212268,1413132276,0,499,62,436,499,374
1071313122,1286853885,62,436,0,499,374,499
1275975057,4010220159,0,449,74,422,449,348
1307366564,4171235680,81,410,88,412,329,324
1222132389,3568987309,28,474,22,408,446,386
1275250070,4003948757,20,479,27,473,459,446
1295763949,4126965803,0,499,0,430,499,430
1279181911,4037099613,95,419,86,402,324,316
980386451,283273927,124,375,103,396,251,293
1077603468,1376180843,73,426,0,499,353,499
1220523243,3547517254,38,460,0,499,422,499
1169989806,2888744816,0,499,62,436,499,374
1288904276,4085944216,109,373,31,415,264,384
985862925,291290082,79,419,2,496,340,494
1110355398,1898243106,3,496,14,499,493,485
1243659114,3775275177,0,499,62,436,499,374
964760261,248185002,0,499,0,499,499,499
1253219707,3854773231,35,468,18,484,433,466
1216270830,3477200839,73,425,0,499,352,499
1295960316,4128438363,182,316,149,361,134,212
1318031891,4216563333,110,389,54,445,279,391
1266920569,2297573806,114,362,30,469,248,439
1027020239,569653191,118,381,57,449,263,392
1121008351,1144927460,147,351,100,399,204,299
1201835016,3249407391,60,445,39,463,385,424
1324013139,4235887823,22,433,155,339,411,184
1268740211,3937036114,36,459,33,457,423,424
921492214,168977419,92,372,23,473,280,450
879346509,124677715,54,445,0,499,391,499
1249536282,3819984271,126,373,126,373,247,247
833443487,61890269,225,274,239,275,49,36
1305986864,4161985388,91,408,0,499,317,499
1264334384,3925300576,0,499,0,499,499,499
970834353,260475063,0,499,62,436,499,374
971426280,262164367,45,463,115,392,418,277
1323109601,4232769469,19,488,77,446,469,369
1320102557,4215360946,48,480,27,419,432,392
1323457601,4231852076,57,439,60,441,382,381
1247892816,3811922319,62,436,0,499,374,499
884808385,130136915,0,499,62,436,499,374
1245907970,3790075085,86,412,13,486,326,473
1031916230,611739623,0,499,109,389,499,280
1285059042,4063747539,28,471,52,465,443,413
913977202,158412904,0,499,83,415,499,332
1217632310,3493324487,0,499,109,389,499,280
1144417310,283246299,46,420,103,410,374,307
941884473,70060718,68,431,0,499,363,499
1241285524,3716248784,110,389,56,443,279,387
1255499200,1100405886,100,399,15,484,299,469
1310031848,4181949971,63,428,30,493,365,463
1251230771,3838169506,107,391,6,494,284,488
1322006914,4229797539,0,405,16,351,405,335
1255796633,3871120176,0,499,0,499,499,499
1154317679,2633955790,196,299,20,461,103,441
1264909206,3928057828,0,499,0,499,499,499
1008172079,436092231,150,349,109,390,199,281
915606686,160315470,34,438,161,332,404,171
818012000,62387178,62,437,0,499,375,499
1093619635,1608769826,119,382,124,377,263,253
1243659316,3775275207,0,499,62,436,499,374
1045349380,869279656,131,374,32,467,243,435
1136995231,2336115969,29,465,63,472,436,409
1106128916,1862826240,75,423,23,475,348,452
1008176423,436090199,100,399,55,444,299,389
1221337742,3561519180,0,499,62,436,499,374
1274455221,502557,69,430,0,499,361,499
891743587,138467033,144,354,110,399,210,289
862579216,102704962,100,398,54,439,298,385
168691930,5374249,142,357,97,401,215,304
1270580434,3972162365,11,491,59,434,480,375
1267981785,3944992829,24,466,126,315,442,189
1295960141,4128274523,46,453,84,414,407,330
1225886686,3063861582,187,308,131,370,121,239
997614186,85913883,190,309,159,339,119,180
1267869854,3942392862,0,499,99,400,499,301
1026559145,565585919,124,375,115,384,251,269
1172817909,1232680095,199,302,127,380,103,253
1250962150,3836833243,40,499,10,454,459,444
1114942704,1892606189,13,489,145,333,476,188
1322894073,4230773703,0,499,0,499,499,499
1104368557,471571554,160,339,100,399,179,299
857491631,91326712,174,325,160,339,151,179
1294190195,4122554670,12,483,32,472,471,440
1063337874,1125106317,161,338,122,383,177,261
1192052941,3120607117,68,432,22,488,364,466
1323001621,4231409767,8,494,1,497,486,496
1109332672,1887790095,73,426,0,499,353,499
913189956,157426933,69,430,0,499,361,499
1258371014,3883429918,53,453,50,456,400,406
966296212,252423226,62,436,0,499,374,499
1287981672,4079553877,0,499,0,499,499,499
1218767119,2704306775,77,481,99,354,404,255
963019402,242347691,6,487,76,425,481,349
1064956985,1144274038,187,314,176,322,127,146
894709582,18666295,73,426,0,465,353,465
1025466558,552237614,0,499,38,460,499,422
1323152267,4232954431,38,435,72,463,397,391
1322985124,4231409468,0,499,0,499,499,499
1194037179,3144064075,103,396,63,435,293,372
1243659981,3775275631,0,499,134,436,499,302
1253679328,3858367655,58,461,123,385,403,262
1076164180,1355898327,0,499,62,436,499,374
1316094656,4200868718,27,476,105,389,449,284
1245240956,3789643422,0,499,0,498,499,498
1265205582,3929890016,4,499,70,411,495,341
1295960236,4128274540,106,414,107,393,308,286
1252627376,3850328394,0,499,62,436,499,374
1307832437,4172828505,134,389,66,439,255,373
1239177515,3734631175,0,499,83,415,499,332
1262771047,3906574801,62,436,0,499,374,499
1264900581,3928054096,8,490,146,347,482,201
1148846007,1537572557,34,485,10,488,451,478
1275412532,4004193632,25,465,48,457,440,409
1277844045,4023188166,56,446,74,410,390,336
1317036404,4201019092,15,481,15,484,466,469
917836020,163441362,63,436,0,499,373,499
682722281,56825609,0,499,34,464,499,430
1302525984,4155420610,221,451,196,472,230,276
1089174734,1549821858,73,426,0,499,353,499
1316361493,4209057985,0,499,54,499,499,445
1291732302,4096845243,109,389,0,499,280,499
1131063725,2192171020,130,384,209,285,254,76
1225410285,3589914270,14,478,54,451,464,397
1007375762,416637816,65,434,0,499,369,499
977819828,278799536,73,406,13,499,333,486
1119407941,1998122357,156,353,59,374,197,315
1282283272,4055995864,11,488,8,470,477,462
1261173149,3898707785,11,482,174,331,471,157
1202426231,3255025620,18,478,90,408,460,318
853228936,66364407,33,466,0,499,433,499
442358630,50199815,155,344,126,376,189,250
1318149286,2105254629,8,475,138,383,467,245
856538321,89417156,143,356,100,399,213,299
1215120589,3467888067,281,490,226,494,209,268
1199522022,3159640524,107,388,30,474,281,444
1118566646,1962220706,0,499,62,436,499,374
1168602079,2861999455,68,431,0,499,363,499
1289813107,4089927781,109,389,0,499,280,499
1281783859,4050843891,0,499,0,425,499,425
1282539403,4057635165,0,499,0,499,499,499
1245211661,3789601724,55,438,13,485,383,472
1275683618,4006530423,77,383,72,447,306,375
1265223901,3929899691,17,435,98,437,418,339
1271556475,3976952320,0,499,0,499,499,499
1305320696,4165063773,0,487,0,499,487,499
1161823964,2743658746,71,428,0,499,357,499
977082328,197574419,70,429,0,499,359,499
1188528327,1952783911,24,476,90,400,452,310
1253151062,3855161577,9,488,56,460,479,404
1312183839,4193635903,0,499,0,499,499,499
1254446776,3859850348,130,366,42,457,236,415
1232964225,3672390224,0,499,0,499,499,499
1240232652,3745064721,55,469,17,480,414,463
1251006629,3837274789,0,499,0,499,499,499
1102365247,845432759,5,491,37,471,486,434
1137015910,2336127212,27,469,42,464,442,422
1309468188,278410082,100,399,55,444,299,389
1275510996,4006688146,0,499,0,499,499,499
1307472017,4170894697,0,499,0,499,499,499
1047140077,890079440,62,436,0,499,374,499
1111249673,1907075348,89,408,22,473,319,451
1323867095,4234284519,0,499,0,499,499,499
1317135327,4211706646,75,470,106,358,395,252
1253260204,3855677302,100,398,37,482,298,445
1275646331,4006510427,0,499,0,499,499,499
1292917363,4113739552,0,499,0,499,499,499
1195807873,3177051766,151,366,11,483,215,472
1255923374,3870969353,62,436,0,499,374,499
1196322350,3182800628,42,456,0,499,414,499
1317916704,4215693862,113,386,15,489,273,474
1012922306,208846679,62,436,0,499,374,499
977033379,277235653,19,481,106,398,462,292
1243148264,3770360934,0,499,62,436,499,374
1112633293,1921312845,62,436,0,499,374,499
1262335963,3906638628,0,499,0,499,499,499
1158121391,2695198570,2,492,71,421,490,350
938569598,200720035,152,337,194,296,185,102
1204252732,3287293134,36,463,41,458,427,417
932053201,187098080,62,436,0,499,374,499
1225663284,3563429279,125,374,125,374,249,249
1265207670,3929890081,0,499,0,499,499,499
1098307863,1683663223,132,368,132,366,236,234
1009946588,411847241,187,311,150,349,124,199
1275219196,4003937691,25,472,48,472,447,424
1174590331,2940639666,22,477,72,453,455,381
1255783532,3871416120,70,429,145,354,359,209
965556935,250610863,80,418,0,499,338,499
1018395030,510786129,114,370,190,362,256,172
1283949295,4061636240,35,465,82,430,430,348
1249534207,3819978783,186,307,196,310,121,114
1317082897,4211501171,62,436,0,499,374,499
1262447324,3904594822,61,438,0,499,377,499
1268743597,3936358448,179,327,21,402,148,381
997182740,320388594,88,411,0,499,323,499
935323111,194469985,181,318,150,349,137,199
1297320212,4110519834,56,454,29,468,398,439
1269501365,3959369673,8,478,18,464,470,446
1172257590,2917293600,148,322,389,421,174,32
1213607644,3450987404,28,472,80,453,444,373
1315702328,4204380131,124,372,3,478,248,475
1043740245,852560168,90,409,130,369,319,239
351203769,4928594,63,435,0,499,372,499
1260334416,3893242816,0,499,0,499,499,499
1131291702,2195859554,105,409,177,321,304,144
1296674288,4109807636,9,479,141,384,470,243
901286601,146690861,62,436,0,499,374,499
1239690518,3732722070,0,499,62,436,499,374
1317120376,4211507216,31,480,107,394,449,287
1100250988,299032895,27,473,97,397,446,300
1009242384,440547290,150,349,120,378,199,258
1280337005,4044739465,1,499,18,491,498,473
977030192,277234170,0,499,70,428,499,358
1310547848,4182254654,0,499,0,499,499,499
1163126873,2763664514,109,389,0,499,280,499
1245010599,3788002972,0,499,62,436,499,374
1276223760,4012178881,13,498,7,478,485,471
1282768682,4058943704,0,499,63,499,499,436
1257860232,3883190011,0,499,0,499,499,499
1316257952,4200881156,0,499,0,499,499,499
1069386939,1243989015,0,499,116,383,499,267
1196442122,3188528845,70,428,0,499,358,499
1116765054,1953736784,145,354,100,399,209,299
1243389703,3773729094,19,480,57,439,461,382
1221461611,3563524363,0,499,0,499,499,499
864757089,104915115,67,432,0,499,365,499
1023084836,543822671,0,499,0,499,499,499
1062479635,1115111847,24,472,122,376,448,254
1105768041,1709820693,0,499,62,436,499,374
1243385493,3773726526,29,472,131,471,443,340
1244607994,3785438074,160,339,130,380,179,250
1010624013,447826230,100,394,354,447,294,93
1068213184,1190507607,19,481,79,410,462,331
1033098971,644466998,37,441,18,458,404,440
1229202484,3623586011,83,416,0,499,333,499
987296107,17378230,80,419,3,493,339,490
883513442,128470845,88,411,0,499,323,499
1026007665,558485704,15,482,122,431,467,309
1227190195,3607723116,139,374,167,361,235,194
1192190822,3123069595,68,432,22,488,364,466
1072643093,1301247394,62,436,0,499,374,499
1057803652,1082188884,35,464,35,464,429,429
1240726763,3748205772,63,488,142,380,425,238
1246063670,3796918327,32,468,72,396,436,324
1297802507,4137061536,0,499,0,499,499,499
1287855468,4079437720,0,499,0,499,499,499
1240455889,3747547919,205,332,77,390,127,313
1273997659,3995366969,122,355,0,391,233,391
1020384032,523347878,204,470,197,290,266,93
1225888234,3593774995,150,349,150,349,199,199
1264106887,3923185015,0,499,0,499,499,499
1271297939,3975220877,0,499,62,436,499,374
1027278113,570717020,108,391,50,449,283,399
1253342027,3856415829,11,485,23,432,474,409
936595946,196308558,53,445,0,499,392,499
1016669822,500955414,67,432,0,499,365,499
560001704,53762896,188,307,184,329,119,145
1273149426,3993167760,79,422,208,331,343,123
1261384101,3898717510,0,489,0,427,489,427
879240521,124641816,204,299,205,293,95,88
709612835,58828658,61,437,0,499,376,499
1006367806,258098033,0,499,62,436,499,374
1027057391,569756861,114,385,50,449,271,399
981362006,284394491,90,409,130,369,319,239
1082886485,1473341762,62,436,0,499,374,499
1113815907,560883307,0,499,0,499,499,499
1243996631,3777589757,0,499,102,396,499,294
971082998,261414555,128,366,209,295,238,86
918225960,163797179,37,462,10,489,425,479
1243802883,3775274239,0,499,0,499,499,499
1273048756,3992390408,30,476,30,453,446,423
1230498730,3638923845,168,321,0,498,153,498
1287770340,4079116966,0,499,79,499,499,420
1257258598,3879918236,0,499,0,499,499,499
956439840,221734710,0,499,62,436,499,374
1077572668,1374402225,80,418,7,492,338,485
956389805,138751971,17,458,146,362,441,216
1316943937,4201015140,0,483,0,499,483,499
659698,822774,0,499,0,499,499,499
1248272552,2806623331,8,492,88,406,484,318
1265207754,3929890083,0,499,0,499,499,499
915501822,160122410,79,422,5,496,343,491
1086746474,304453757,153,345,100,399,192,299
1125028668,2087931328,0,499,63,436,499,373
946944652,209067278,0,499,62,436,499,374
1265207907,3929890086,0,499,48,499,499,451
1256955784,3875043635,3,499,0,499,496,499
1211466812,3398550426,183,315,150,349,132,199
1281908683,4050714486,132,377,80,442,245,362
1234536860,3685943635,0,499,79,419,499,340
1211364206,3389158764,32,471,77,458,439,381
1259233273,3887614323,0,499,0,498,499,498
1107660555,1869201031,19,485,23,477,466,454
1204222459,3287234134,40,462,78,411,422,333
886941413,132784629,92,409,10,489,317,479
1167494552,2838226959,61,498,86,351,437,265
1318410636,245685820,14,480,113,343,466,230
987765143,294596454,80,418,10,494,338,484
1253660034,3855364201,79,419,0,499,340,499
1318382494,2566340227,85,389,34,471,304,437
1101389009,1762650158,0,499,62,436,499,374
1276389737,4012968828,62,436,0,499,374,499
1203345267,3274259072,76,423,0,499,347,499
859230115,2793510,80,418,0,499,338,499
1324188507,4236297240,25,458,20,468,433,448
895264028,99073843,209,304,177,323,95,146
1255359968,3868421196,0,499,0,499,499,499
1128423585,278550033,224,284,118,371,60,253
1274490752,18830527,132,357,19,477,225,458
1283089292,353945,83,415,0,499,332,499
976947956,277077385,50,449,134,365,399,231
1311392257,4187115267,67,426,69,423,359,354
1192169120,3122812618,71,431,263,486,360,223
1048817079,946309127,62,436,0,499,374,499
1260242606,3894922838,47,454,56,455,407,399
1119407698,1998122093,71,431,4,495,360,491
963446226,243633481,138,359,98,401,221,303
1268893960,3953952663,0,499,0,429,499,429
964890547,248459129,0,499,62,436,499,374
1323335198,4231413556,33,463,106,398,430,292
1198683903,1100408364,154,344,100,399,190,299
1261731616,1832984535,34,465,86,398,431,312
940087486,203333973,69,429,0,499,360,499
1108247471,1872730622,0,499,109,389,499,280
1152424645,2606167130,126,373,125,372,247,247
1288959101,4086027935,0,499,0,499,499,499
1077529537,1374045368,71,427,0,499,356,499
1027155654,569893604,102,396,50,449,294,399
1007416786,154890837,68,430,0,499,362,499
1219625168,3527939057,62,436,0,499,374,499
1118440857,1984419263,9,448,30,453,439,423
1305024695,4164611756,106,388,51,463,282,412
1275793039,4008826862,0,499,22,477,499,455
877968135,58514092,219,280,200,299,61,99
1186966773,3040301270,24,487,36,471,463,435
1316257320,4200881044,119,374,56,472,255,416
877676756,122856820,120,379,76,422,259,346
1296003457,4127791432,102,399,12,487,297,475
1043841339,853455928,58,488,126,410,430,284
1261573944,3900590108,0,499,0,485,499,485
878639239,123947988,0,499,42,457,499,415
183975930,4274401,145,354,100,399,209,299
1287587386,4071379071,28,464,103,418,436,315
1282523441,4057540601,26,432,43,488,406,445
967585127,254419745,205,429,97,407,224,310
1244366069,3783313576,63,442,8,491,379,483
1248640599,3816940072,17,485,152,380,468,228
602495679,54757158,85,411,2,497,326,495
1297013274,1194016875,76,423,0,499,347,499
953088058,216795577,119,382,161,326,263,165
1263855441,3921989870,80,419,0,499,339,499
1292019131,4105727976,80,413,30,452,333,422
1008208971,436080608,150,349,184,314,199,130
1312363591,4194025758,0,499,0,499,499,499
972958561,109793913,168,309,113,386,141,273
928185202,181502228,0,499,0,499,499,499
861532391,7131861,109,389,0,499,280,499
1262869377,3911826300,84,414,0,499,330,499
1080485125,1448489426,50,449,0,499,399,499
856505208,89257927,164,334,128,379,170,251
1284841192,4066221811,5,493,8,489,488,481
1325228251,4240793825,18,479,95,427,461,332
1274003449,3996286978,12,482,87,429,470,342
888223850,134404697,0,499,60,439,499,379
939250559,201986753,0,499,62,436,499,374
1008112891,435918674,127,372,71,427,245,356
991455829,298919195,0,499,91,408,499,317
1311316208,4182068658,0,472,0,499,472,499
1007770158,435174183,112,387,50,449,275,399
1279439916,4037931062,0,499,0,499,499,499
250292816,5985722,150,349,107,391,199,284
921249259,168344509,50,456,95,493,406,398
1279241071,4037105184,0,499,0,499,499,499
908484185,150570367,50,449,50,449,399,399
1203463600,3277809122,122,333,49,461,211,412
1169009521,2265509113,31,467,33,476,436,443
1273654934,3992771685,42,459,55,463,417,408
975025157,272695337,73,426,0,499,353,499
1192150290,3122651636,68,432,22,488,364,466
1274410554,509017,117,381,0,499,264,499
1273132587,3992404488,66,435,107,477,369,370
1124882314,2085643962,83,415,0,499,332,499
1026795172,569549498,102,397,50,449,295,399
730933417,59973361,64,434,0,499,370,499
1319530595,4214461530,67,441,94,390,374,296
1312034006,4189094602,10,383,94,406,373,312
875676202,108592287,98,401,0,499,303,499
1029121903,590367935,90,414,24,466,324,442
1283142702,4060356679,0,499,0,499,499,499
1250268114,3831364102,0,499,62,436,499,374
1262704579,3905767002,58,443,92,407,385,315
991801414,299492841,90,409,130,369,319,239
1237592224,3721548117,100,476,121,337,376,216
1027344609,570722983,103,396,50,449,293,399
1004032776,401083312,62,436,0,499,374,499
938691247,200986497,0,499,62,436,499,374
1115776604,1949358762,65,433,0,499,368,499
1234544492,3686011183,0,499,62,436,499,374
1132804412,2233061292,72,427,0,499,355,499
1133469091,2251642778,62,436,0,499,374,499
1307382900,4171236571,0,499,0,499,499,499
1309676278,4181533672,45,455,65,435,410,370
1232861712,3670498723,54,442,231,389,388,158
1075576949,1346253991,0,499,62,436,499,374
1316273749,4200881732,38,407,24,499,369,475
850355678,81970125,197,302,175,324,105,149
1027253001,570649002,108,390,50,449,282,399
1256969236,3876188877,0,499,0,499,499,499
978549119,279782994,0,499,0,499,499,499
1308888504,278382497,100,399,10,489,299,479
1317657743,4213426280,0,499,0,499,499,499
1248834838,3817893273,9,492,0,499,483,499
1305846907,4166954051,106,388,51,463,282,412
1043841032,853456071,7,491,118,383,484,265
1244179277,3780302321,0,499,80,418,499,338
1053145010,988349012,26,459,44,332,433,288
1240147477,3743486927,12,487,121,375,475,254
1313550969,4183490161,27,473,79,389,446,310
1255285229,3869237513,33,442,46,444,409,398
1002974952,388572841,175,323,125,374,148,249
495799333,51668390,0,499,62,436,499,374
1301453175,4151062991,153,447,42,486,294,444
1234768155,3690228600,91,392,162,341,301,179
1190258902,1876687624,202,301,172,329,99,157
1158639892,2697422345,65,434,0,499,369,499
1248834151,3817891627,9,492,0,499,483,499
971426218,262163218,140,264,173,318,124,145
1116426212,1960552482,82,417,0,499,335,499
1232800312,3669175822,173,331,121,384,158,263
1155994963,2663027590,221,277,132,461,56,329
977850219,278543123,83,416,39,479,333,440
1120776064,2020250533,139,339,55,317,200,262
874730078,97453327,71,427,8,499,356,491
1282557740,4057546955,52,444,66,435,392,369
1174579173,2940636398,149,354,133,367,205,234
1249925030,3827300501,29,471,122,352,442,230
1313610078,4197535666,0,499,0,499,499,499
1321519334,4223015074,23,476,103,454,453,351
1204200688,3287127325,15,483,10,490,468,480
1076909477,143845373,88,410,0,499,322,499
1011472784,452783312,73,426,0,499,353,499
1131900871,2191930176,149,350,102,392,201,290
1192476815,3128686277,32,468,29,473,436,444
876142626,65734983,101,473,7,498,372,491
1121439751,2035830796,62,436,0,499,374,499
1027145259,569954055,105,393,50,449,288,399
1309141080,4179726429,122,358,52,446,236,394
1041752358,830885639,0,499,62,436,499,374
1181407555,3002756865,55,415,106,473,360,367
246208730,7054267,71,427,0,499,356,499
847915017,77606929,106,390,40,456,284,416
1192155646,3122698753,0,499,62,436,499,374
1267237005,3942389840,12,488,105,400,476,295
1245431872,3792415663,45,467,120,368,422,248
452127230,50307888,125,373,87,412,248,325
1226130425,3596027266,109,396,57,475,287,418
697011864,57759601,0,499,27,472,499,445
1321291746,4219075778,53,445,0,499,392,499
1207798197,3346559864,0,499,62,436,499,374
560618858,47370320,31,468,0,499,437,499
495597676,3501525,166,332,127,371,166,244
1308825914,278783676,100,399,51,448,299,397
833615960,64727474,167,330,147,351,163,204
1309853310,4182182917,123,369,60,417,246,357
1319412079,4214354236,27,461,125,400,434,275
921970075,170088452,134,364,0,499,230,499
1284595224,4065767984,57,436,12,474,379,462
1026753849,569296673,78,396,33,477,318,444
1174585867,2940638567,5,495,15,405,490,390
1188538915,3067204220,130,369,130,369,239,239
1324280426,4235890185,0,499,0,499,499,499
1274084049,3997507173,0,499,0,499,499,499
1002773646,374049067,12,488,143,345,476,202
1192191171,3123096274,71,431,256,486,360,230
1205893217,3082982501,12,477,13,435,465,422
1052665097,992105043,0,499,62,436,499,374
1148906798,2549610067,111,389,41,438,278,397
978861917,194001306,0,499,62,436,499,374
1217141494,3490095818,45,450,112,395,405,283
1270370016,3971614311,70,436,53,398,366,345
1031528510,611996131,84,414,0,499,330,499
1097113502,1666635829,156,343,100,399,187,299
941622170,207151491,177,311,261,340,134,79
834473500,67129973,154,344,140,359,190,219
1317722732,4213753924,116,389,101,369,273,268
977758602,278533385,89,410,0,499,321,499
1311128889,4181904151,68,431,20,476,363,456
1313233474,4197660222,15,488,26,499,473,473
1298039279,4137782797,139,358,19,480,219,461
1188462950,3065096172,0,499,62,436,499,374
1093147917,1597974816,0,499,0,499,499,499
1032836388,626808072,73,425,0,499,352,499
1249535310,3819982379,130,369,170,329,239,159
1283536704,4061583847,7,481,7,479,474,472
62655930,122973183,96,403,41,458,307,417
1323643021,4233734946,0,499,0,499,499,499
1100076255,1711735958,110,389,54,445,279,391
1118990567,1977019853,144,355,100,399,211,299
1109660820,1892695886,93,406,111,391,313,280
1140990683,2422658653,28,383,64,377,355,313
1309977868,4181945633,72,433,96,375,361,279
1275991957,4010220907,75,437,65,410,362,345
1283928468,4061633030,237,260,0,499,23,499
1255985289,3872876077,118,407,124,370,289,246
1188537029,3058772902,62,436,0,499,374,499
1254512430,3861225796,3,496,5,495,493,490
1244272607,3781946915,65,442,113,462,377,349
1234868627,694959112,81,417,12,486,336,474
1191854300,3117607630,72,426,0,499,354,499
1105411781,3808541261,0,499,14,486,499,472
1149360059,2557839982,0,499,109,390,499,281
961973960,239251701,101,393,173,317,292,144
1275523000,4006491617,41,473,33,454,432,421
1319587476,4214587645,15,488,46,434,473,388
1282766313,4057516933,149,350,157,478,201,321
1216969188,2829537284,155,321,151,465,166,314
1103863133,1819866027,62,436,0,499,374,499
1117569627,1975353689,38,447,3,497,409,494
835125267,52207333,150,349,106,392,199,286
1036747167,719371961,107,390,23,470,283,447
1309166049,4175270605,62,436,0,499,374,499
1010513051,447606906,100,399,34,465,299,431
1283043243,176760183,90,409,0,499,319,499
1261192962,3898711233,58,469,72,425,411,353
1069254062,904338974,59,478,87,428,419,341
1286809876,4072158924,12,484,16,385,472,369
1038950013,779197340,34,499,130,392,465,262
1324199486,4236297869,167,333,39,480,166,441
1192013437,3120284921,156,344,70,441,188,371
1273179783,3992527014,23,465,50,462,442,412
1296381767,4130124302,0,499,24,499,499,475
1119058365,1991851072,170,328,113,386,158,273
1322456530,4229979647,0,499,0,499,499,499
1283834985,4061617919,77,443,80,450,366,370
1310872203,4184608218,0,499,187,499,499,312
922170813,170807132,215,265,116,391,50,275
1250838776,3835758428,96,388,14,443,292,429
1274663372,76457636,91,408,20,481,317,461
1092117554,1563620108,93,428,118,380,335,262
1107915996,1869938667,110,389,51,448,279,397
1319430664,4214364254,104,385,109,393,281,284
852971972,83818836,75,424,12,486,349,474
1271810687,3981618073,37,461,20,479,424,459
1252542561,3850010305,104,441,77,453,337,376
1100061387,1711729021,0,499,62,436,499,374
866222754,108732042,0,499,62,436,499,374
1283879758,4061621294,11,491,85,415,480,330
956745285,223059152,68,430,0,499,362,499
918071539,163592254,0,499,95,415,499,320
1314175281,4201268969,0,499,0,499,499,499
1301453395,4151063000,0,387,0,499,387,499
987343779,294178370,0,499,12,487,499,475
1068360174,1186190905,55,443,0,499,388,499
1260218433,3894911245,30,448,64,464,418,400
1049128956,948976856,71,428,0,499,357,499
1108466401,1877001300,110,389,51,447,279,396
1049743487,954754796,70,446,53,435,376,382
1241208787,3753956171,68,473,98,394,405,296
1242846425,2544776724,100,399,11,488,299,477
1257499793,3881470259,50,477,84,451,427,367
1027366030,570734899,62,436,0,499,374,499
1252627419,3850328412,0,499,62,436,499,374
1307876230,4173008579,0,499,0,499,499,499
922170655,170807148,215,251,0,499,36,499
983739912,287874725,100,398,34,465,298,431
1273378367,3992572728,18,469,61,468,451,407
1078926322,1408036183,0,499,62,436,499,374
1009938647,443618268,32,477,105,397,445,292
1243659903,3775275609,0,499,148,436,499,288
1278739713,4036990370,31,462,58,457,431,399
1098447159,1686978864,155,323,169,350,168,181
1174592158,2940640277,56,424,16,488,368,472
1318279077,1697159417,150,366,34,466,216,432
1306974415,4170173232,6,493,80,446,487,366
1265206898,3929890054,123,427,18,415,304,397
1144273615,2478875174,19,483,174,420,464,246
1275492115,4006430461,36,360,127,403,324,276
1267981640,3944992809,175,348,95,282,173,187
1254115367,3857087324,0,499,62,436,499,374
1294185192,4122553212,59,444,146,387,385,241
1244326124,3782771548,0,499,126,436,499,310
1289985781,4090787446,112,115,300,367,3,67
1243522327,3774344945,53,419,15,466,366,451
1205825707,3312189745,26,459,16,476,433,460
1280059308,4042854496,82,414,139,423,332,284
1114363065,1928265826,73,79,147,384,6,237
1213855568,3454638475,31,469,31,468,438,437
1229207903,3623595549,147,352,12,483,205,471
1283293137,4060940978,36,488,54,418,452,364
1289738913,4089717612,0,499,0,499,499,499
1167714952,2839066731,62,436,0,499,374,499
1139535008,2382082608,35,463,0,499,428,499
876304580,121596196,0,499,70,429,499,359
1261416042,3898724496,0,499,0,499,499,499
1323239362,4231784528,0,499,0,499,499,499
1246116742,3797081896,26,465,106,408,439,302
1273146170,3993166396,20,484,165,346,464,181
1005832609,418186125,126,372,0,499,246,499
1299270275,4141570826,18,485,14,480,467,466
1042717051,844001186,0,499,62,436,499,374
1231605088,3652411312,0,499,62,436,499,374
1269525283,3960084163,0,499,62,436,499,374
1211144822,3392718344,94,404,0,499,310,499
1009338406,440705240,120,379,50,449,259,399
23750430,1544958,0,499,0,499,499,499
1248250267,3814293304,0,499,83,416,499,333
1212608307,1814099818,186,313,150,349,127,199
1279336619,4037126294,0,499,0,499,499,499
1280572120,4045625846,68,431,0,499,363,499
1195811711,3172381823,0,499,70,428,499,358
1177175618,2964619462,62,436,0,499,374,499
1301389878,4151253744,55,456,132,422,401,290
1004450866,405102365,118,381,118,381,263,263
1232788674,3669129867,179,318,59,227,139,168
1025444547,552051694,10,489,115,384,479,269
1102299950,1794438952,159,340,111,387,181,276
1299762927,4143495074,0,499,0,499,499,499
1254977100,3866991487,0,499,0,499,499,499
1008182468,436105075,100,398,56,442,298,386
1282579993,4057554566,228,444,143,356,216,213
1250919858,3836828161,29,427,45,473,398,428
1252627590,3850328476,0,499,62,436,499,374
1192478901,3128688659,105,400,32,484,295,452
1241903301,3761139553,50,449,45,453,399,408
901948843,147175288,0,499,109,389,499,280
922861042,172540011,62,436,0,499,374,499
1100701050,1738366391,3,496,102,398,493,296
988845351,295964909,20,488,57,435,468,378
899295497,144942313,71,427,0,499,356,499
1285000710,4066252378,17,440,16,488,423,472
888789726,134992497,91,407,25,474,316,449
845796613,68002957,20,323,0,499,303,499
989747820,64139016,190,309,155,343,119,188
1261426775,3898728626,139,386,0,483,247,483
1154821666,2623283698,0,499,62,436,499,374
1275667161,4007788679,0,499,229,298,499,69
450497730,50288430,100,399,50,448,299,398
1261398664,3899875247,57,425,84,451,368,367
1283942267,4063336687,24,471,57,497,447,440
904266716,131703487,0,499,49,450,499,401
1271268364,3976899436,0,499,0,499,499,499
1268102322,3766474024,117,382,0,499,265,499
1314864161,4186808096,54,405,68,434,351,366
901920556,147180932,130,369,77,421,239,344
1101585120,278557977,145,353,100,399,208,299
1200003009,3239758473,68,431,0,499,363,499
1135272060,2293225766,0,499,62,436,499,374
1176796937,2961353932,53,441,0,499,388,499
1263721427,3921146403,101,397,90,417,296,327
1224056573,3585187633,0,499,109,389,499,280
1243427426,3773723123,19,480,193,415,461,222
949595565,212632237,117,381,65,434,264,369
938718607,183256510,97,395,84,415,298,331
1328482774,4250642183,59,450,169,316,391,147
1314577444,4202305237,211,271,203,342,60,139
1294195584,4122557025,114,399,10,419,285,409
1291742329,4101561172,62,436,0,499,374,499
1211167532,3393197355,68,455,140,390,387,250
1279063169,4037577154,0,499,0,499,499,499
1270854873,3974338121,26,481,98,425,455,327
1265207035,3929890059,0,499,0,499,499,499
1208457263,3351568045,183,315,150,349,132,199
1192013416,3120284896,145,358,39,454,213,415
1126807034,2107945255,0,499,46,452,499,406
1289792752,4089924467,25,440,123,347,415,224
1120599069,2013522139,12,495,79,427,483,348
986509007,292565299,16,499,83,402,483,319
1289707332,4087668106,0,499,0,499,499,499
1290269045,4092737697,32,475,110,387,443,277
1262351668,3770485209,11,484,60,273,473,213
1316185221,4200876505,0,499,0,499,499,499
1006535707,298696566,0,499,83,415,499,332
1273766594,3994953770,80,418,63,473,338,410
1126841996,2108353536,137,362,100,399,225,299
1303630094,4159071306,106,388,51,463,282,412
939230076,201320450,54,445,0,499,391,499
1182248264,3003421862,71,428,0,499,357,499
1062323458,1109916826,0,499,62,436,499,374
1144693554,2485955541,0,499,62,436,499,374
1027157510,569801400,100,399,54,445,299,391
844459180,5676295,142,354,102,393,212,291
161489630,5215762,0,499,66,433,499,367
844428239,72523177,0,499,62,436,499,374
1246102788,3797081203,0,499,0,499,499,499
1002980594,388573103,166,333,125,374,167,249
1024952155,518797432,74,425,0,499,351,499
987346433,294179730,128,367,35,487,239,452
1260377450,3893244976,0,499,0,499,499,499
1158276254,2689575641,81,418,0,499,337,499
1169904052,2887191209,38,465,135,401,427,266
1308818551,859104086,100,399,44,454,299,410
1288379514,4081491824,0,499,0,499,499,499
1257244609,3879898500,12,489,20,488,477,468
1323685942,4234147246,15,483,40,446,468,406
1164661382,2789608214,79,418,0,499,339,499
1279138697,4037095129,34,453,57,449,419,392
1136543061,3808487044,23,469,103,413,446,310
1007754821,435135116,110,399,136,364,289,228
1119375147,1996043363,0,499,62,436,499,374
1215394306,3470129104,26,491,182,366,465,184
1052857576,1002589006,0,499,83,415,499,332
1245185922,3789532107,136,380,82,423,244,341
1275544407,4006494224,24,475,22,467,451,445
1303402778,4158396244,78,431,144,372,353,228
1276005021,4010222090,0,499,0,499,499,499
1287359406,4077195429,0,499,74,423,499,349
1277808036,4026260145,66,440,77,457,374,380
1319429683,4214364231,78,416,94,403,338,309
1276301956,4012661420,0,499,0,499,499,499
1161851302,2744131981,148,351,100,399,203,299
1176505372,2958504330,3,463,93,386,460,293
1242052334,3761843371,100,399,10,489,299,479
1034527754,677587616,91,413,149,350,322,201
1196212592,3182722337,50,438,120,414,388,294
1187560519,2806785253,147,356,153,324,209,171
1248587301,3816384050,0,499,0,499,499,499
949260911,212190755,160,332,170,323,172,153
1264321338,3925253917,103,380,23,476,277,453
995104012,303051733,87,408,75,419,321,344
1175169728,2946574757,29,472,25,485,443,460
1090712173,1548294811,9,498,91,469,489,378
990264715,297150858,59,440,3,498,381,495
1276036266,4010224890,56,449,76,454,393,378
1311999585,4189047220,189,308,150,388,119,238
673321467,49761413,62,436,0,499,374,499
1276158219,4010551665,0,499,108,391,499,283
958277356,227313754,150,347,69,430,197,361
1068827099,1201722979,56,443,0,499,387,499
823491813,62742807,89,409,0,499,320,499
988318464,295317727,63,451,129,386,388,257
1168039767,2850585269,75,426,113,379,351,266
1188547237,3067345582,23,480,7,492,457,485
1192610867,3130104198,0,499,0,499,499,499
1235684085,3697773728,32,474,57,460,442,403
1238289609,3727584160,98,413,95,360,315,265
1041932971,834739906,79,243,177,303,164,126
1268215019,3946397259,182,318,165,334,136,169
1042991889,819713669,35,461,123,376,426,253
1262259194,3906355427,62,436,0,499,374,499
985767419,291137678,124,375,75,424,251,349
1026802993,569572599,150,348,102,397,198,295
1298439386,4139720575,83,415,0,499,332,499
1020070752,519188103,145,344,196,295,199,99
1261281256,3899329651,30,463,47,475,433,428
1025662359,553806389,92,407,0,499,315,499
1248612612,3816777704,62,437,0,499,375,499
978596295,279404458,10,481,129,365,471,236
1244283648,2534501890,4,413,101,401,409,300
1223583297,3582304373,15,488,161,369,473,208
282992714,14422853,125,374,73,426,249,353
1133050378,2241222618,0,499,62,436,499,374
977560285,278465591,45,454,116,379,409,263
1158796667,2703667370,33,466,87,412,433,325
1290881793,4097414688,78,419,0,498,341,498
1234768171,3690228608,74,423,34,453,349,419
1255737890,3871036331,8,490,91,401,482,310
1190253750,1876684335,28,483,71,421,455,350
1096731175,1658165259,0,499,109,389,499,280
1310590657,4182261233,58,432,44,456,374,412
1264104892,3923709303,0,499,109,389,499,280
1257234667,3879891246,11,498,19,490,487,471
1320107288,4215368670,110,433,115,402,323,287
1029110567,590370232,0,499,207,310,499,103
1011307830,80464705,80,418,0,499,338,499
1155973031,2662726152,55,472,64,473,417,409
1322523133,4229980288,43,462,77,398,419,321
1262282997,3906573222,74,426,153,345,352,192
323692700,6676270,145,354,100,399,209,299
1259239683,3887614870,0,499,0,499,499,499
1128440381,2146297370,62,457,102,424,395,322
1253519637,3857173153,11,489,309,488,478,179
1037990164,743606601,68,431,2,497,363,495
1163739831,2768606665,202,306,73,426,104,353
1209157212,3366767351,90,409,0,499,319,499
1192013447,3120284937,150,349,34,466,199,432
1109479662,1889794355,51,403,147,324,352,177
1277616182,4023550155,0,499,0,499,499,499
1252672208,3850503196,0,499,62,436,499,374
1057326569,1077843735,156,342,100,391,186,291
1283927826,4063334229,55,479,29,464,424,435
1307819933,4172827050,19,473,35,489,454,454
967011240,252954015,115,384,148,350,269,202
1258570604,3885508617,74,427,75,446,353,371
1266857518,3940019692,15,464,111,387,449,276
1288880996,4085912769,121,354,44,449,233,405
1288255773,4080569412,235,257,223,283,22,60
849024482,80306272,173,335,98,422,162,324
1104366449,1831330780,0,499,62,436,499,374
1313555147,4199252829,0,499,0,498,499,498
1015573541,485748697,0,499,62,436,499,374
1003560759,373595773,74,427,34,472,353,438
1202720802,3258646342,0,499,50,448,499,398
1189216763,3079976717,33,474,35,490,441,455
1222138922,3569043076,102,433,164,344,331,180
1038982252,779889046,32,465,118,384,433,266
1120239203,2011253877,69,410,81,424,341,343
1312227781,4193874537,222,274,204,281,52,77
1323318854,4231696784,0,499,0,474,499,474
874127065,119799297,0,424,62,436,424,374
1190250979,2041884747,110,381,75,430,271,355
1237280448,3716308455,174,314,134,369,140,235
940889794,205319338,31,472,67,444,441,377
991455762,298961373,131,368,168,331,237,163
1190258230,1876686767,126,384,89,416,258,327
1143164825,2461871332,137,365,37,462,228,425
892836434,140697138,0,499,83,415,499,332
1027146832,569766383,116,382,50,449,266,399
1204215303,3287155136,140,343,74,442,203,368
1143557826,2467528902,120,373,36,450,253,414
1282757696,4058942570,0,499,0,499,499,499
1005829653,418189962,71,426,157,341,355,184
1324214278,4235883128,45,487,22,499,442,477
1273764823,3992800809,37,465,35,472,428,437
1175947762,2950793985,234,250,258,263,16,5
1219881144,3532975881,51,458,49,448,407,399
1166739980,2821359009,62,436,0,499,374,499
971433073,262169525,131,370,39,485,239,446
1279839929,4041937024,81,446,45,469,365,424
1307830050,4172828300,0,499,0,499,499,499
1267349059,3942399748,44,455,9,487,411,478
1257229260,3879889711,160,337,183,308,177,125
1122254969,753066897,145,354,100,399,209,299
876331437,89838607,90,409,0,499,319,499
1311369889,4187318205,100,399,100,399,299,299
1323253774,4231686646,130,361,38,476,231,438
1305076104,4164661968,106,388,51,463,282,412
1300879388,4149364865,87,411,0,499,324,499
1027093359,569660879,112,386,50,449,274,399
1255756551,3871040440,0,499,62,436,499,374
1275044770,4003836283,32,445,70,463,413,393
1262570063,3908951214,0,499,0,499,499,499
1265217216,3929900644,11,489,60,440,478,380
1172462726,2659691137,20,473,105,373,453,268
1247678093,3812465259,7,489,104,370,482,266
1145277326,2493967646,34,475,83,397,441,314
1003844693,395050942,109,390,0,499,281,499
1167679406,2843165020,136,362,21,471,226,450
1252627388,3850328403,0,499,62,436,499,374
507388108,52309697,62,436,0,499,374,499
1279403962,4037925217,90,397,145,384,307,239
1108247487,1872730557,0,499,109,389,499,280
1272612595,3990374206,73,426,0,499,353,499
1300485629,4146737352,35,445,66,464,410,398
891726983,138458325,100,399,101,398,299,297
1126664411,2105684269,9,485,62,457,476,395
628804227,52343153,133,366,70,429,233,359
1242844428,1100133918,100,399,2,497,299,495
1201328479,3067312407,125,383,216,424,258,208
1287553346,4071378240,15,485,3,491,470,488
1241862224,3758925615,0,499,62,436,499,374
1107660400,1869200351,69,436,148,363,367,215
1227388842,3606730877,62,436,0,499,374,499
1243370313,3773604794,131,377,24,455,246,431
1193303953,3141247220,24,476,112,401,452,289
939465069,202397000,276,416,168,293,140,125
1204367963,1125764062,187,311,150,349,124,199
1149348389,2557727258,62,436,0,499,374,499
1268273076,3608438125,100,399,28,471,299,443
1100071426,1711736693,110,389,51,447,279,396
1174592329,2940640301,82,422,22,480,340,458
1234778371,3690658739,32,474,59,460,442,401
1261367204,3898715869,0,499,83,416,499,333
1196632892,3195329124,0,499,0,499,499,499
1178128932,2981081501,116,390,23,469,274,446
977999362,278578118,178,321,153,330,143,177
1310439713,4182243801,177,363,13,407,186,394
1316213298,4200877840,31,466,134,388,435,254
1295960074,4128274508,40,499,27,424,459,397
1010543108,447636723,126,375,17,484,249,467
1108365972,1875804574,110,389,59,447,279,388
1321887696,4223051166,112,400,47,456,288,409
1240223348,3387207551,100,399,25,474,299,449
1282541658,4057544117,0,499,0,499,499,499
1298150759,106964723,94,404,0,499,310,499
1094976895,1409593184,154,344,100,399,190,299
1275072396,4003840545,80,412,89,436,332,347
1265216763,3929900629,10,492,179,368,482,189
1226564377,3601180051,93,405,0,499,312,499
1132102198,2220199501,200,295,36,464,95,428
1056261764,1071571369,158,302,32,391,144,359
1117501084,1974800205,70,429,0,499,359,499
1229154201,3621300789,90,394,12,499,304,487
1133293077,288020570,0,499,240,262,499,22
1307096850,228422587,89,419,8,491,330,483
1289470916,4086131996,0,499,0,499,499,499
1211910098,3412130935,132,366,0,492,234,492
968890453,255464705,63,435,0,499,372,499
1023853421,538267614,68,468,80,384,400,304
1128093839,2137064077,0,499,0,484,499,484
1292016236,4105727444,29,461,70,456,432,386
703214265,58535185,83,416,12,486,333,474
1275487694,4006685868,0,499,0,499,499,499
1068058314,1188156248,72,426,0,499,354,499
1265214903,3929900533,40,470,19,453,430,434
249349452,7249993,145,354,100,399,209,299
1257227127,3879889399,18,456,72,427,438,355
1275088206,4004074901,28,464,47,461,436,414
1243381160,3773713048,55,446,20,479,391,459
1262347052,3901400922,15,484,140,363,469,223
1119523658,2000192036,110,389,66,432,279,366
1055456897,1060546561,180,314,124,377,134,253
1297094706,4129870214,0,499,83,415,499,332
859779635,95746874,193,305,184,315,112,131
1274291321,3997831548,0,499,0,499,499,499
1236324796,3707218760,0,499,0,499,499,499
959218623,231450148,128,359,214,297,231,83
1004544423,406632594,76,423,124,387,347,263
1089871148,1553295188,72,426,0,499,354,499
1252611757,3850030161,162,378,50,420,216,370
1193412742,3143924628,190,294,157,378,104,221
973088906,267693935,72,428,0,499,356,499
1262353835,3906639692,62,405,14,424,343,410
1309786432,4180459979,0,499,62,436,499,374
1260245894,3894926066,15,469,59,468,454,409
1211348715,3396453744,66,432,0,499,366,499
1096369535,1646018822,0,499,0,499,499,499
1282001729,4050751074,0,499,0,393,499,393
1227165184,3607251179,0,499,0,459,499,459
1074735552,1338066295,103,422,63,480,319,417
1257232765,3879897548,29,475,208,279,446,71
1079732217,1432169020,204,296,58,484,92,426
1225887235,3128189172,173,327,136,255,154,119
1255757119,3871042157,0,499,0,499,499,499
1102555901,1803121400,72,426,0,499,354,499
957781326,225536159,0,499,62,436,499,374
1141637337,2439267852,74,425,0,499,351,499
1204252770,3287293251,20,481,37,473,461,436
935739192,195307434,0,499,62,436,499,374
1255524270,3868446856,5,494,76,423,489,347
1324191223,4236297467,204,292,75,424,88,349
1125562174,2093207940,222,275,248,451,53,203
1287120345,4077156198,34,456,110,375,422,265
1307365855,4171235645,71,432,210,355,361,145
1299004736,4139515324,0,499,0,499,499,499
1089149596,278520224,144,354,100,399,210,299
684850685,57226585,77,426,123,376,349,253
1108935193,203439820,68,431,0,499,363,499
1141232347,2426230813,0,499,62,436,499,374
1190253024,2833039397,113,375,90,423,262,333
1226405762,3591581815,0,499,142,436,499,294
1159547977,2716086236,55,444,0,499,389,499
988930536,296071424,117,381,65,434,264,369
1200872040,2010943017,29,478,1,499,449,498
1267321656,3942319174,157,291,190,338,134,148
1123935164,2065611450,0,499,109,389,499,280
1298080619,4138132601,110,389,73,425,279,352
1007494861,435011184,50,449,10,489,399,479
1061546192,146549868,133,360,65,397,227,332
915699578,160270847,0,499,62,436,499,374
1281763196,4050952054,0,499,65,475,499,410
1261090402,3897550676,91,409,20,479,318,459
1302522053,4155420522,64,439,67,441,375,374
869178276,113052424,64,435,0,496,371,496
1293365700,4104750161,40,469,93,407,429,314
1245209968,3789600147,109,395,106,373,286,267
1232713044,3668484939,16,484,102,386,468,284
1190258181,1876686761,106,419,76,422,313,346
1225886482,2826110217,125,374,125,374,249,249
1141830959,2442792484,61,436,93,406,375,313
959549535,232952227,164,341,155,344,177,189
1090886550,1561335894,109,389,0,499,280,499
1244806833,3784081391,109,389,0,499,280,499
1301451794,4151259845,144,335,18,470,191,452
1252627548,3850328462,0,499,62,436,499,374
522123359,52779592,72,426,0,499,354,499
13001430,938939,63,435,0,499,372,499
1121420069,2035478900,37,475,72,455,438,383
1282584516,4057555226,19,474,14,447,455,433
1282283145,4055995649,24,472,82,393,448,311
1314090820,4201687950,33,465,3,494,432,491
1064964813,1139592247,119,380,130,369,261,239
1313642989,4197539290,0,499,0,499,499,499
1304122413,4160951227,106,388,51,463,282,412
1281995598,4050749859,17,490,64,403,473,339
1181025698,2999580902,172,326,120,378,154,258
1243660228,3775276401,0,499,148,436,499,288
975158823,272918475,0,499,62,436,499,374
924559679,175762169,69,436,97,412,367,315
1803930,1283264,51,448,0,499,397,499
1282027185,4050759842,0,499,19,499,499,480
691797173,57679014,102,396,0,499,294,499
1029101098,590316500,55,488,44,457,433,413
1068903940,1191927056,0,499,56,499,499,443
933255073,190107492,104,395,0,499,291,499
1020179486,302231446,49,449,0,499,400,499
1008199958,436097497,100,399,70,429,299,359
1101592900,1776973343,35,461,136,386,426,250
1043347081,850615327,62,436,0,499,374,499
1249534262,3819978982,192,308,199,332,116,133
1289951688,4090625589,0,499,0,499,499,499
1070634613,1271676177,82,416,0,499,334,499
1318638130,4215326475,85,414,43,474,329,431
1064210606,1134872314,113,440,216,302,327,86
1024541062,544498259,0,499,68,431,499,363
850990336,82554209,80,419,0,499,339,499
1319411720,4214354215,153,334,28,466,181,438
849465850,80915371,63,436,0,499,373,499
1274665269,412317,12,486,61,437,474,376
1089470363,1553197145,62,418,158,341,356,183
949376304,211969641,62,436,0,499,374,499
1295020669,4125122241,0,499,0,499,499,499
1261977786,3902210440,63,484,60,439,421,379
1198929802,3208007936,0,499,62,436,499,374
1250951242,3836739111,33,396,158,383,363,225
1031561239,569603285,52,447,0,499,395,499
1204250551,3287291075,13,488,14,480,475,466
1066070749,278585869,155,344,100,399,189,299
1100077367,1711730624,70,429,145,354,359,209
1009579116,440915906,161,340,148,375,179,227
1188786113,3072931089,161,241,53,447,80,394
977853265,278540944,178,321,153,330,143,177
1261415660,3898724364,89,499,77,499,410,422
1196634339,3195332228,0,499,0,499,499,499
927602619,180670085,209,311,246,400,102,154
1317936882,122452640,0,499,40,499,499,459
940889711,205319336,35,475,119,382,440,263
1317425960,4212987240,0,499,27,499,499,472
1323065960,4231808586,101,425,93,465,324,372
1286992985,4077152827,113,386,75,447,273,372
1243385294,3773726445,29,472,131,471,443,340
1253710032,3858563671,63,435,0,499,372,499
1190933053,3099141054,0,499,62,436,499,374
1283512236,4061479395,120,385,14,491,265,477
938718069,185254098,56,379,149,333,323,184
1316097478,4200868898,60,443,133,388,383,255
1026791085,569547066,120,379,50,449,259,399
1276351732,4012863875,75,458,154,316,383,162
1257519631,1936164313,83,415,0,499,332,499
1278209934,4030652891,6,493,97,380,487,283
1287010740,1633533,72,427,0,499,355,499
1171294617,2906423184,110,389,52,446,279,394
1150557778,2577248930,0,499,109,389,499,280
1257891771,3883419580,0,499,0,499,499,499
934272782,192176910,85,414,6,494,329,488
1118519509,1985627850,158,352,38,477,194,439
1249535440,3819982721,190,308,166,344,118,178
1121420034,2035478889,14,480,145,387,466,242
1147451524,2532005891,62,436,0,499,374,499
1050683099,969176389,68,431,0,499,363,499
1128296164,2140485510,113,385,0,499,272,499
911994471,155994733,90,409,130,369,319,239
1008191758,436096813,100,399,54,445,299,391
1230769662,3641432878,125,374,155,374,249,219
990709608,297857392,183,304,21,482,121,461
1225886513,2977413538,125,374,125,372,249,247
1264446880,200254,65,433,0,499,368,499
1271227976,3976410145,0,499,0,499,499,499
1319412721,4214352714,43,447,75,419,404,344
1053579537,1035082409,81,417,0,499,336,499
1150407969,2574686372,150,349,100,399,199,299
1196913525,3196257499,0,499,62,436,499,374
1282518493,4057540194,0,499,123,374,499,251
1277759213,4023041844,0,499,0,499,499,499
986088980,82420870,62,436,0,499,374,499
1239396423,3737617149,31,468,31,468,437,437
1238671433,3729319994,63,434,53,499,371,446
1038852646,767594960,0,499,0,499,499,499
1108366579,1875804621,110,389,51,447,279,396
1174749318,2942695463,29,468,91,396,439,305
1258597449,3885887495,7,488,22,497,481,475
1035222599,681388694,55,443,0,499,388,499
1240236318,3745167825,19,481,21,479,462,458
1312630693,4195551373,88,444,67,444,356,377
1303088545,4157459544,74,471,40,299,397,259
938760612,201019315,0,499,94,404,499,310
936785454,196536769,68,431,0,499,363,499
1254405299,3861820881,0,499,0,499,499,499
1321687112,4223020065,68,429,37,471,361,434
683259792,56866001,69,433,0,499,364,499
1178080028,2980666086,176,335,83,488,159,405
1261173549,3898707827,10,481,164,336,471,172
1222133781,3568993976,74,414,116,370,340,254
931034807,185176270,62,436,0,499,374,499
1315122853,4187259692,14,473,140,341,459,201
1212664126,3431988462,2,496,108,389,494,281
55029630,1486851,197,301,175,324,104,149
992713593,300492261,6,490,29,465,484,436
1276131937,4011236406,0,499,0,479,499,479
1123515769,2056579079,57,429,112,408,372,296
1019342672,516407708,93,374,80,463,281,383
1090712188,1548294770,16,434,92,404,418,312
1204602697,3284725299,62,436,0,499,374,499
1225886948,3177391771,133,365,151,363,232,212
1211983935,3414349036,210,283,33,486,73,453
1252083867,3846828675,0,499,13,499,499,486
1028826275,542140204,76,422,0,499,346,499
1248703070,2092787507,20,465,3,469,445,466
1119400149,278602595,149,349,100,399,200,299
1201415309,3153404710,149,350,156,342,201,186
1238315460,3727782636,130,374,165,374,244,209
1326016835,4233820095,0,499,62,436,499,374
468626330,50565607,100,399,38,460,299,422
1324187806,4236297141,35,447,21,478,412,457
1282751483,4058939487,54,454,164,380,400,216
1151784485,2520826255,62,436,0,499,374,499
1141861861,2442878957,0,499,0,499,499,499
1286452070,4074720998,24,479,85,395,455,310
1243659979,3775275630,0,499,134,436,499,302
1316145858,4200873931,49,462,145,341,413,196
1302369810,4153290977,0,499,0,499,499,499
1289824858,4089732343,0,499,0,499,499,499
1142046053,2446294068,40,446,43,455,406,412
1038147577,746830559,87,411,12,486,324,474
1324204588,4236298021,0,499,197,361,499,164
920503406,166681835,14,437,117,422,423,305
1289796167,4089925161,18,490,49,423,472,374
1298085101,4138131830,56,443,0,499,387,499
1267996226,3945013704,0,499,118,498,499,380
1318259932,2566340226,55,443,0,499,388,499
1100064955,1711735544,110,389,54,445,279,391
1262109179,3904171842,0,499,100,398,499,298
1027257229,570628142,103,396,50,449,293,399
1309132207,4179726116,55,448,109,404,393,295
1273201736,3992532879,18,487,42,477,469,435
1111788438,1913424709,0,499,62,436,499,374
1308850871,585976471,100,399,13,485,299,472
1240233828,3744426852,100,399,44,455,299,411
1101975874,500602782,23,469,116,396,446,280
1156231921,2650219966,145,353,100,399,208,299
1194055426,3144670151,0,499,17,481,499,464
1089473132,1553198005,33,428,194,311,395,117
138731830,3877605,145,354,100,399,209,299
1316155368,4200874953,52,450,80,471,398,391
1182184211,3005788234,10,499,115,381,489,266
1240240205,3745175252,21,477,69,429,456,360
1242828433,3763204704,62,436,0,485,374,485
1282627661,4057848669,0,499,0,499,499,499
1273892309,3995347779,64,435,40,459,371,419
1125019616,2087907591,127,371,100,399,244,299
1324018945,4235888252,48,422,16,456,374,440
1273058096,3992500718,49,447,86,460,398,374
857542767,91705293,0,499,62,436,499,374
1268740933,3936362824,6,492,125,386,486,261
1324190927,4236297445,59,432,138,359,373,221
1264262452,3925169955,15,482,49,393,467,344
894724943,850418930,122,365,143,361,243,218
1282520819,4057540373,111,396,38,470,285,432
1254366134,3861294339,131,326,45,457,195,412
1100072843,1711735930,110,389,68,431,279,363
1289814216,4087680486,0,499,0,499,499,499
1100065681,1711729471,70,429,145,354,359,209
1238120716,3726392977,0,499,109,389,499,280
1088814153,853456543,116,383,0,499,267,499
1226405780,3591581819,0,499,142,436,499,294
132996830,3786753,154,344,127,371,190,244
964606827,247640080,136,366,94,403,230,309
518747158,6480402,66,433,0,499,367,499
1302530625,4155420935,70,436,0,452,366,452
1302476223,4155417270,57,454,168,330,397,162
1312156567,4193612122,100,399,100,392,299,292
1116377605,1960306064,136,362,95,398,226,303
1213911179,3455744794,22,472,86,412,450,326
1304018780,4160807425,0,499,0,499,499,499
1290854900,2952165885,121,365,125,385,244,260
1281727367,4052947907,0,499,0,499,499,499
939516072,202508178,73,426,0,499,353,499
1177151850,2970593943,87,399,7,495,312,488
1317940303,211342728,17,481,20,478,464,458
977693744,278551308,87,412,28,488,325,460
874729096,73007632,72,427,11,499,355,488
1309046135,4152551145,59,425,54,454,366,400
1158121325,2695198370,71,445,106,395,374,289
1319962741,4221123448,162,367,2,433,205,431
1064967300,1138661679,0,499,20,478,499,458
1069014031,371862724,151,347,100,399,196,299
844200743,71763720,52,447,52,447,395,395
1273304305,3992557395,0,499,0,499,499,499
853316768,84199569,132,368,92,408,236,316
1261207786,2858518582,0,499,0,499,499,499
854179688,85753729,196,297,176,324,101,148
1300615168,4147571721,192,304,153,338,112,185
1205941362,3314236502,30,471,45,456,441,411
1237238242,3717704909,0,499,62,436,499,374
1204195178,3287119157,42,468,120,401,426,281
1019264367,516356272,125,373,128,370,248,242
1236241815,3706583093,160,375,13,484,215,471
1249827657,3823579791,0,499,0,499,499,499
1298923103,4141166270,91,456,144,344,365,200
834897317,5146554,195,303,173,325,108,152
862681412,102703786,56,442,107,393,386,286
973006364,267425814,0,499,83,415,499,332
1221358646,3561648034,0,499,62,436,499,374
1073869252,1326065541,62,436,0,499,374,499
1212046596,3415934205,17,475,167,342,458,175
1235525120,3561481344,83,416,0,499,333,499
1273918114,3995359889,53,441,200,381,388,181
1261309916,3898727095,0,499,0,499,499,499
933258211,190109499,75,424,0,499,349,499
1317085608,4211268511,19,492,70,442,473,372
1307766815,4172823378,0,499,187,194,499,7
1088412400,1539032160,73,426,0,499,353,499
1101657445,1773865898,79,419,0,499,340,499
1252627055,3850328235,0,499,62,436,499,374
1033584269,656090969,64,435,69,367,371,298
1309676074,4181533649,44,417,74,469,373,395
956267569,221358686,72,426,0,499,354,499
284620832,16293354,0,494,77,422,494,345
1127073819,2109319727,0,499,62,436,499,374
1273743523,3992782955,24,485,19,481,461,462
1026964165,569769567,101,397,50,449,296,399
1319829044,4215051224,16,458,29,441,442,412
1038804350,766468965,0,499,0,499,499,499
1244395618,3783486565,64,434,62,440,370,378
1307786620,4172438510,62,436,0,499,374,499
1283644273,4061595832,76,435,85,425,359,340
1136521207,2331882613,0,499,0,499,499,499
1232556322,3665608681,71,448,127,407,377,280
1308946205,4177869070,0,499,0,499,499,499
1197750089,3209516058,71,454,7,470,383,463
1306706928,3474177105,92,429,9,492,337,483
867677829,110874095,70,430,0,499,360,499
1257608892,3881986821,0,499,0,499,499,499
1122066795,954986028,138,362,63,452,224,389
1102718703,278603339,156,343,114,381,187,267
1299186059,4139570677,85,414,51,468,329,417
1005384196,410469044,71,428,0,499,357,499
1137704543,2351242038,62,436,0,499,374,499
1196671602,3193105896,62,436,0,499,374,499
1324004470,4235887378,132,499,77,499,367,422
1089104346,1547880432,0,499,109,389,499,280
905990562,150452553,60,439,0,499,379,499
1255066513,3867156866,50,452,50,468,402,418
1168906338,2867454848,48,490,14,401,442,387
1244540922,3785187786,0,499,62,436,499,374
1100083267,1711729062,180,319,153,346,139,193
1090724191,1561953107,195,311,182,340,116,158
1115857941,1951738523,43,427,116,427,384,311
1255229931,3863566730,0,499,129,369,499,240
1172791534,2920940566,65,437,11,458,372,447
1301425679,4060915291,51,465,108,373,414,265
1014173791,472192921,27,473,156,359,446,203
1274203946,3998454034,70,439,67,498,369,431
25174030,929909,10,488,0,499,478,499
1049128965,948976865,71,427,0,499,356,499
1258506684,3885602708,36,464,132,390,428,258
1192175603,3120179857,52,484,149,435,432,286
1275680411,4006528831,31,474,86,421,443,335
1190279262,3091103947,104,396,148,351,292,203
1010019970,443746036,26,471,96,427,445,331
869110747,111770565,72,427,0,499,355,499
1186644822,3035710270,0,400,131,493,400,362
1047610007,922878061,166,333,100,399,167,299
1285917975,4071511982,0,499,73,386,499,313
1007355241,416613852,62,436,0,499,374,499
1153306347,2624875764,179,368,108,382,189,274
1103906897,1821555801,145,435,79,458,290,379
834251369,66684516,0,499,62,436,499,374
941621875,207151472,98,403,149,354,305,205
928332644,181665050,62,436,115,397,374,282
1260345864,3893243443,108,363,139,360,255,221
1318010351,122451898,0,499,40,499,499,459
1276994105,4017754786,0,499,0,499,499,499
1316128733,4200872268,42,460,101,461,418,360
1315265912,4187769046,42,463,54,453,421,399
1032931214,632475059,0,499,62,436,499,374
1101205865,1749092341,0,362,0,422,362,422
1319412996,4214352728,26,470,97,399,444,302
1203121101,2870249476,50,440,60,397,390,337
1318250185,274356119,105,414,120,412,309,292
1254899341,2068672127,83,415,0,499,332,499
1257485987,3881699178,0,499,37,479,499,442
1235874171,3701241093,32,474,59,460,442,401
1103205509,1815239920,30,472,17,450,442,433
1037408650,729825879,53,427,133,334,374,201
1136409905,2330382252,91,407,0,499,316,499
1212622010,3430646552,0,499,65,433,499,368
1168862941,2866122689,35,430,170,334,395,164
890156146,136255848,10,489,173,317,479,144
927257033,180042698,139,360,145,359,221,214
933258988,190110289,68,443,29,466,375,437
1217604326,3493207263,180,318,152,341,138,189
916824165,161889852,71,427,44,454,356,410
1242125690,3762643694,0,499,83,416,499,333
1316291784,4209208925,125,374,129,370,249,241
1150001483,2567988729,87,412,0,499,325,499
1308523443,52956374,0,499,0,499,499,499
1030856967,561508414,0,499,54,444,499,390
1295673357,4127454995,17,481,35,486,464,451
1089451676,1553180193,83,415,29,471,332,442
966486836,253028251,0,499,62,436,499,374
1222449825,3567897484,54,437,164,359,383,195
1243659641,3775275568,0,499,62,436,499,374
1273351523,3992620556,111,422,102,399,311,297
1065227440,1143773914,0,499,32,467,499,435
1230854642,3642634042,105,375,125,374,270,249
1313217532,4197496388,49,452,63,464,403,401
1260244916,3894925711,40,444,73,461,404,388
1116178412,1954402569,107,397,15,482,290,467
926704095,179018320,93,405,73,425,312,352
1274283363,3997829149,0,499,0,499,499,499
1254708829,3863648461,163,382,5,484,219,479
1164384018,2783482884,90,412,25,472,322,447
1234743680,3689693896,166,341,73,423,175,350
884094559,119315040,176,322,150,349,146,199
1141390456,2430474464,83,416,121,377,333,256
1139958738,2399541032,138,360,100,399,222,299
1203130004,3269656396,122,377,0,493,255,493
1079155986,1414869563,108,429,173,369,321,196
1240514442,3748037171,0,499,0,499,499,499
1262352555,3716723113,14,485,24,473,471,449
1207238376,3329516577,62,436,0,499,374,499
1213802634,3453471372,82,416,0,499,334,499
1295960557,4128438399,187,315,219,272,128,53
1258333404,3883424500,0,391,87,499,391,412
1276346008,4012861835,0,499,0,499,499,499
1276339865,4012860941,45,458,143,305,413,162
1276269003,4012608976,43,459,74,450,416,376
1176682001,2960577386,0,499,62,436,499,374
1316193006,4208960220,0,499,0,499,499,499
862579499,102706355,54,446,133,370,392,237
1255469349,3868434786,0,499,0,499,499,499
1290810484,4096819973,17,450,80,413,433,333
1273160013,3993174975,79,422,208,331,343,123
1008070481,435910474,160,339,136,363,179,227
845570644,74395955,0,499,75,424,499,349
1275486119,4006488534,55,444,54,461,389,407
1310069908,4182729997,0,499,83,415,499,332
1318429674,4218991169,185,323,14,475,138,461
1254438521,3859878266,12,487,25,478,475,453
1260235702,3894917720,24,453,64,466,429,402
1025671503,554019775,149,354,164,411,205,247
878877403,81469479,78,421,0,499,343,499
1322487197,4229979953,0,499,0,495,499,495
987657930,294487781,60,438,6,491,378,485
1307836492,4172809709,0,499,0,499,499,499
921250351,168344630,55,455,34,473,400,439
1229918466,3630042157,38,465,12,491,427,479
1122427831,143802215,85,414,0,499,329,499
1240854793,3750150932,35,456,93,393,421,300
1262725516,3910820912,105,388,17,413,283,396
1182182515,3005787614,8,489,57,441,481,384
892213727,138861576,0,499,62,436,499,374
1301265189,4150970947,48,435,26,469,387,443
1134397958,2282876021,16,485,78,377,469,299
1309122194,4179727301,203,301,224,276,98,52
1261191970,3898711157,4,475,107,376,471,269
1279147032,4037095800,29,451,63,464,422,401
1063063521,1122601032,183,311,206,293,128,87
1269576567,3959991667,0,499,0,499,499,499
1264399982,3925651934,100,472,202,299,372,97
835535801,53940720,0,499,62,436,499,374
1235510548,3694450966,33,473,60,460,440,400
1319847837,4215071562,23,480,141,364,457,223
1008062054,435867151,160,339,133,365,179,232
1274041410,3996715612,72,426,0,499,354,499
1132910367,2235939837,62,436,0,499,374,499
1241867150,3760919804,68,431,0,499,363,499
921250231,168344611,117,388,47,457,271,410
1282479408,4014006795,188,313,213,289,125,76
962970282,242238458,198,289,201,285,91,84
1174586186,2940638636,176,325,176,323,149,147
1312643781,4195687697,15,481,118,435,466,317
1008188068,436099944,150,349,119,380,199,261
1100076669,1711736594,110,389,52,447,279,395
1065508620,1152519761,0,499,62,436,499,374
1244540360,3785187317,0,499,62,436,499,374
1288860224,4085912353,42,458,46,466,416,420
737832019,60149215,85,414,0,499,329,499
1240852120,3750101970,124,355,106,467,231,361
1243659091,3775275171,0,499,62,436,499,374
1260699950,3891821131,21,478,0,499,457,499
1300177328,4141278374,85,414,0,499,329,499
1275627852,4007155638,63,480,38,478,417,440
973477676,269097822,217,285,199,339,68,140
1028212794,582095187,73,426,0,499,353,499
1252632197,3850031989,57,451,78,411,394,333
1301815412,4153122082,19,482,99,423,463,324
1100250660,522178010,115,372,115,384,257,269
1254098764,3860072519,39,461,46,446,422,400
928620799,182106578,98,401,0,497,303,497
1219786010,3530203529,0,499,62,436,499,374
1313160635,4160320544,88,397,103,399,309,296
1282558049,4057546990,100,468,69,437,368,368
1305095531,4164664805,106,388,51,463,282,412
1124727169,2031768439,67,431,0,499,364,499
1027636745,479888272,102,413,88,403,311,315
1100250175,522178008,94,407,81,417,313,336
1190251375,2697698990,92,404,93,430,312,337
835808681,69968682,100,399,53,446,299,393
1305322827,4165063929,36,475,12,472,439,460
905963176,150493476,0,499,83,415,499,332
932051048,187356080,144,358,120,385,214,265
999731918,346014174,124,372,148,343,248,195
1271285660,3977042743,30,395,91,303,365,212
1039649661,800111553,73,426,0,499,353,499
1207902678,3341424685,62,436,0,499,374,499
1198728935,3219108063,148,350,109,399,202,290
1310222570,4182226345,0,499,0,499,499,499
1314513065,4186284034,21,449,160,313,428,153
482817,928863,195,304,187,312,109,125
1292329530,4108690493,0,499,0,499,499,499
1289153811,4086220474,0,499,0,499,499,499
969935296,258076421,79,424,139,359,345,220
1051501032,979219387,117,382,0,499,265,499
1313318322,4182992017,161,349,0,482,188,482
1279323645,4037441659,24,481,151,331,457,180
935087668,193959283,62,436,0,499,374,499
1225887132,1154697615,125,374,125,363,249,238
1239692576,3733915270,62,436,0,499,374,499
1271714989,3979569718,0,499,0,499,499,499
1217414875,3494065281,216,241,304,330,25,26
1077979997,1388730721,84,415,0,499,331,499
1192478413,3128687468,100,420,27,480,320,453
1069004445,1214759740,78,417,115,440,339,325
1274086261,3997507660,0,499,0,499,499,499
1270219535,3969948706,0,495,100,437,495,337
1081849685,1462080034,73,426,0,499,353,499
1284168423,4063231364,57,426,55,449,369,394
1075792803,1352931437,103,396,8,492,293,484
1316257174,4200881041,97,409,16,485,312,469
1065615441,1148394324,43,455,0,499,412,499
1275490245,4006488791,33,466,0,499,433,499
881876850,88056023,0,499,62,436,499,374
1009338248,440703826,103,396,50,449,293,399
1276003217,4010222002,9,486,4,497,477,493
1265216514,3929900618,6,491,78,463,485,385
1028212806,582095189,73,426,0,499,353,499
1306055786,4167023726,79,437,68,425,358,357
932469519,188501256,131,366,197,288,235,91
982632708,275012068,129,376,183,331,247,148
1260720423,3895293652,0,499,0,499,499,499
1243835144,3776639541,112,386,62,462,274,400
1262589257,3908518564,4,437,0,479,433,479
1251221187,3838165425,164,335,4,496,171,492
980294300,283333387,0,499,33,466,499,433
994682747,297744361,0,499,62,436,499,374
1316232625,4200879684,61,463,49,462,402,413
1085772181,1505381646,0,499,63,436,499,373
1293265665,4102204202,68,431,157,352,363,195
1187923190,3034378768,0,499,125,374,499,249
1307880422,4173008685,52,435,84,437,383,353
1213555295,3449934310,0,499,62,436,499,374
1261173680,3898707842,78,421,172,318,343,146
1243659002,3775275043,0,499,169,436,499,267
990542755,86449674,190,309,160,339,119,179
836094468,66222263,19,480,144,355,461,211
1161168524,2733640563,0,499,62,436,499,374
1126862980,2107843925,31,468,0,499,437,499
1240769168,3749367218,103,397,113,360,294,247
1191062110,3098284901,215,285,111,393,70,282
1188538826,3067204189,130,369,130,369,239,239
1309122963,4179681244,41,464,141,371,423,230
1123757278,2061974966,13,487,54,466,474,412
1016413230,498758854,49,429,46,482,380,436
1062701533,1118849538,5,491,214,499,486,285
907943462,152297443,136,364,22,499,228,477
1240851441,3470064207,19,481,11,491,462,480
1287160908,4077161330,0,499,0,499,499,499
865105186,107356222,68,431,0,499,363,499
779867102,62028234,223,289,155,349,66,194
1238292974,3727585604,57,445,109,389,388,280
1276283018,4012611013,16,487,32,466,471,434
1317991106,4215704468,56,445,124,411,389,287
1131184638,2196496674,0,499,0,499,499,499
885193627,122672124,50,449,117,383,399,266
1165133473,2792654543,0,499,108,390,499,282
1322675704,4230267937,27,476,124,427,449,303
1027137807,569971669,100,399,64,435,299,371
911381381,155574364,0,499,4,494,499,490
987409788,294295027,0,499,91,402,499,311
1061157395,1096443905,0,499,30,468,499,438
1215349260,3470020763,126,381,12,487,255,475
1289814309,4089927859,43,457,146,340,414,194
897432988,143446475,115,404,69,456,289,387
1052296676,980843958,69,429,0,499,360,499
956069967,220939478,171,317,173,301,146,128
1323066774,4231808951,16,499,45,476,483,431
862578751,102709832,50,449,96,403,399,307
1318383667,2524655695,63,438,176,350,375,174
1323271885,4231795542,69,430,73,428,361,355
1305465478,4165656017,0,499,2,496,499,494
1158120577,2695196899,212,261,184,270,49,86
1306812359,4167088066,106,388,51,463,282,412
1039889509,802508801,155,346,123,378,191,255
1283334028,4061186432,36,466,37,444,430,407
1265328203,3930465054,210,292,316,465,82,149
957674167,224943086,0,499,197,385,499,188
1297802705,4137061539,17,479,88,416,462,328
1077796585,1383169934,88,417,14,480,329,466
1281718343,4052932452,0,499,0,499,499,499
1217055875,3489041257,0,499,224,305,499,81
1273189054,3992528942,54,422,105,455,368,350
1311458350,278517322,100,399,56,443,299,387
1198697665,2676716401,156,343,100,399,187,299
1053586629,1035122058,80,419,0,499,339,499
1248419964,3814918322,34,461,144,377,427,233
1019347665,516412424,21,477,0,499,456,499
1270258616,3970402321,94,404,0,499,310,499
1315449914,4205925846,1,497,0,499,496,499
1209716283,3382584811,196,297,57,479,101,422
1225886966,1384760700,182,319,132,364,137,232
1252885046,3852844286,60,438,0,499,378,499
1273154604,3992572974,59,450,68,457,391,389
1192042102,3120527746,17,492,85,418,475,333
1243659380,3775275366,0,499,157,436,499,279
1147835143,2534294554,73,426,0,499,353,499
1251725080,933331552,102,376,25,478,274,453
1217414877,3494065282,169,338,148,370,169,222
1247992961,3813675425,73,396,71,443,323,372
941621945,207151554,154,346,189,298,192,109
1289630629,4088669365,69,448,121,356,379,235
1281482200,3969470508,0,499,32,484,499,452
1240187968,3744171065,85,434,66,427,349,361
1215824596,2552595878,8,492,57,445,484,388
980304644,283332768,21,477,134,359,456,225
1316165455,4200875795,0,460,14,492,460,478
1289983538,4090785656,18,481,10,478,463,468
1275552134,4006494546,0,476,52,499,476,447
1282010045,4050755489,0,499,0,499,499,499
1177652880,2977764922,0,499,0,499,499,499
1276742840,4015996954,41,464,99,426,423,327
1091779055,1171868739,74,424,0,499,350,499
1297884947,4137579912,110,420,179,405,310,226
1244540413,3785187456,0,499,113,436,499,323
1316503409,4209162778,0,499,33,438,499,405
844411820,7184463,161,337,105,394,176,289
1208115828,3347440901,38,452,96,410,414,314
1128418921,298229873,153,345,100,384,192,284
1099205445,1700948043,85,414,23,477,329,454
1110840187,1609794479,0,499,62,436,499,374
1248834853,3817893280,8,466,12,327,458,315
98757130,3098338,150,349,108,391,199,283
1174589146,2940639435,18,471,14,469,453,455
1075759859,1352145773,124,375,62,436,251,374
1218079519,3503927956,108,390,129,368,282,239
1283598772,4061482899,0,499,0,499,499,499
1174585772,2940638547,5,494,162,354,489,192
846298137,73978214,99,400,50,449,301,399
1026010853,558486043,28,468,92,406,440,314
1301449315,4060924533,103,416,72,351,313,279
1255170406,3861222533,74,424,13,443,350,430
1174586159,2940638629,3,498,15,498,495,483
933241094,190097939,17,474,108,402,457,294
1238567516,3727889867,104,395,0,499,291,499
1317494145,4213277041,159,344,112,379,185,267
987655945,294488071,93,406,23,489,313,466
883239623,128152906,0,499,170,329,499,159
964531524,133443906,54,485,76,393,431,317
958721868,229180057,87,411,0,499,324,499
933263832,190112626,75,423,0,499,348,499
1256820390,3875147132,101,398,0,499,297,499
1287369592,4076593775,17,456,61,466,439,405
1205771831,3310812812,0,499,0,499,499,499
1240672606,3748907958,54,444,43,475,390,432
1153235756,2622468915,232,257,0,499,25,499
865809729,6657663,63,436,0,499,373,499
1281336220,4047029469,49,494,6,493,445,487
869765234,90663550,85,415,9,489,330,480
1242348947,1125358816,96,402,0,499,306,499
1182180544,3005786928,108,378,49,452,270,403
1235922874,3697397163,100,399,3,496,299,493
1276005507,4010222111,98,424,33,450,326,417
1093795409,1923132307,0,499,0,499,499,499
1276302319,4012661439,0,447,99,499,447,400
1172791604,2920940590,1,497,0,499,496,499
1323307598,4231696173,0,499,0,499,499,499
1234634819,3687933585,0,499,109,390,499,281
1240234883,3745163240,12,453,75,415,441,340
1231539567,1852407667,9,488,18,484,479,466
977711091,278753471,72,426,0,499,354,499
1251592720,3844081427,127,374,163,351,247,188
1262454220,3904886998,62,436,0,499,374,499
1245755701,3794281257,62,436,0,499,374,499
1026553256,565420172,0,499,63,436,499,373
1279012336,4037574166,0,499,0,499,499,499
1096122112,1646051179,107,392,56,446,285,390
932864260,189206449,95,404,26,473,309,447
1284183323,4063436021,14,472,39,465,458,426
1256849377,3875168522,33,476,159,333,443,174
903699848,148154892,125,376,158,392,251,234
1073658975,1324564979,100,399,137,361,299,224
973182691,196305083,62,437,0,499,375,499
1287512838,4078699704,84,499,18,499,415,481
1205178220,3303117611,18,496,32,496,478,464
1009197150,440131360,112,392,118,360,280,242
1314461824,4202303160,33,485,90,394,452,304
1261173827,3898707858,0,499,173,330,499,157
1169904090,2887191747,207,253,163,278,46,115
1318333576,2125572011,130,374,79,443,244,364
1007649076,435128809,145,353,100,399,208,299
1215510660,3470054063,130,385,21,499,255,478
1192167191,3122749488,71,431,277,486,360,209
1193222528,3138525052,62,436,0,499,374,499
1278726197,4036977251,26,451,62,464,425,402
1158308536,2697715193,0,499,62,436,499,374
1276766017,4016006342,0,499,20,499,499,479
1273166849,3992575052,48,452,52,445,404,393
1263004093,3913252357,0,499,0,499,499,499
1036778469,720191443,68,430,4,499,362,495
903796661,148456267,0,499,62,436,499,374
1231223895,3646672279,0,499,62,436,499,374
1323327222,4231757370,0,499,0,499,499,499
133582030,3802879,71,427,2,497,356,495
1314444415,4202302952,0,499,0,476,499,476
1304129090,4148210589,0,499,43,456,499,413
1087459122,1523953493,109,389,0,499,280,499
1281718205,4052947416,26,393,139,499,367,360
1254326500,3861223533,138,373,132,344,235,212
1029113249,590368748,9,466,187,311,457,124
1204250198,3287290778,193,305,175,324,112,149
1213817599,3448327020,44,458,120,490,414,370
1173391680,2918945560,0,499,109,389,499,280
1176505400,2958504671,97,415,79,425,318,346
1243394798,3773715088,19,480,20,478,461,458
1029663402,62270282,0,499,63,435,499,372
1176287583,285448444,72,408,0,475,336,475
976143593,275270810,160,339,118,380,179,262
1240862333,3750180422,121,374,64,436,253,372
1155889083,2659761911,26,453,63,465,427,402
1255491640,3868440510,153,338,159,449,185,290
1253963717,3859438484,21,483,48,472,462,424
1020510428,524375146,98,400,34,499,302,465
1257151800,3879365401,0,499,0,499,499,499
1261407339,3898721371,42,427,62,473,385,411
1190252919,2832752223,66,434,125,393,368,268
1177689138,2972197270,14,487,33,452,473,419
1279760776,4041456888,38,481,84,389,443,305
1095052275,1631551995,82,410,119,397,328,278
1258876341,3887567418,0,499,0,499,499,499
991801441,299492853,140,327,141,349,187,208
1313515115,4199252294,31,480,178,340,449,162
1119780230,2000753185,9,496,97,431,487,334
1257027604,3877096411,188,290,119,489,102,370
1286846147,4074696742,11,490,169,431,479,262
1012495375,458711403,0,499,62,436,499,374
1313680173,4198807168,0,499,109,389,499,280
1128009821,1892606199,0,499,67,443,499,376
1275984161,4010262293,0,499,0,499,499,499
1233988280,3682913623,62,436,0,499,374,499
1043840977,853455947,9,490,126,374,481,248
1314824069,4186726504,60,457,198,329,397,131
1241423556,3756672271,203,295,188,312,92,124
1264826934,3658966390,89,410,0,455,321,455
1156191655,2666372116,165,338,237,264,173,27
1282751845,4058939534,86,426,111,380,340,269
1244069451,3692628950,13,486,129,370,473,241
1198622049,3218518378,52,447,0,499,395,499
1311418385,4187119952,0,499,0,499,499,499
1288108492,4079556576,0,499,4,497,499,493
874731090,75810912,103,395,0,499,292,499
1295220624,4125633501,115,383,28,488,268,460
1223229515,3579653385,22,476,0,499,454,499
906491021,150826976,0,499,109,389,499,280
876565232,64611746,92,406,0,499,314,499
1130464395,2184942183,46,453,0,499,407,499
984241664,288575684,62,436,0,499,374,499
1270215811,3969874829,0,499,0,499,499,499
1273037489,3992491037,71,486,73,499,415,426
1152179098,2601262375,183,312,53,469,129,416
875856073,64476199,87,411,0,499,324,499
1269322227,3957774006,97,419,141,331,322,190
1238372766,3728093528,146,352,125,374,206,249
1265207292,3929890068,0,499,0,499,499,499
933259092,190110594,86,414,5,495,328,490
1260715774,3893746239,62,436,0,499,374,499
1283822844,4061617118,147,451,6,494,304,488
1182304064,3006401210,137,447,66,438,310,372
1301696003,4152895712,24,457,62,464,433,402
1053585095,1035104190,79,420,0,499,341,499
1076249669,1107101572,27,473,110,388,446,278
1279675543,4040193348,74,407,69,450,333,381
1301028313,4105632935,141,365,87,397,224,310
1302317664,4153287953,0,499,0,499,499,499
1116847849,1965615553,0,499,0,499,499,499
1234609426,3687599103,0,499,62,437,499,375
1209417956,3376830631,97,407,4,492,310,488
1313385664,4197670113,0,499,23,475,499,452
1301512814,4150994113,164,439,182,290,275,108
1268028464,2953639965,106,395,189,299,289,110
1026986186,569908129,110,388,50,449,278,399
1255274343,3629151537,100,399,76,481,299,405
969713435,256883251,83,416,0,499,333,499
1272863834,3813572034,0,499,129,436,499,307
1294534515,4123452614,47,452,0,499,405,499
1257416911,3881222627,35,468,38,445,433,407
1178449009,2863177605,6,494,54,449,488,395
1274908759,4002146529,46,452,0,496,406,496
1234392334,3681850422,24,494,126,385,470,259
905652431,150222572,103,394,1,496,291,495
1321373941,4222989511,145,451,187,374,306,187
1241430348,3756679162,73,428,24,477,355,453
1235691765,3697803938,35,471,61,460,436,399
1192752380,3106156022,62,436,0,499,374,499
1266911449,3940235720,0,499,0,499,499,499
1158210445,2685574866,0,499,62,436,499,374
197401330,5914551,0,499,0,498,499,498
1313212954,4197494218,37,457,89,398,420,309
1241290038,3754982635,110,389,52,446,279,394
1254506606,3861832990,20,480,58,443,460,385
1051185519,974809760,0,499,62,436,499,374
1135145393,2294949739,71,427,0,499,356,499
1252823244,3852101188,109,389,0,499,280,499
1249535647,3819982845,155,342,162,346,187,184
1245688875,3345250765,100,399,29,469,299,440
1192113781,3121335178,106,393,50,450,287,400
1244541091,3785187849,0,499,122,436,499,314
1304127180,4149004034,59,439,144,308,380,164
1319430359,4214364248,62,384,75,463,322,388
971483079,262246556,250,499,197,302,249,105
1125159566,2089743539,146,352,66,389,206,323
836140735,70610655,62,436,0,499,374,499
1189465442,3082204005,36,495,11,495,459,484
1302088490,4154234720,57,439,37,467,382,430
1324144846,4236042768,0,499,0,499,499,499
1128675495,2153006244,144,355,100,399,211,299
1321022866,4221665119,83,414,31,467,331,436
1323249223,4231787098,0,499,0,499,499,499
1301630394,4151001284,1,499,37,499,498,462
1264900183,3928054057,5,495,42,445,490,403
1019422520,513174285,0,499,83,415,499,332
1294187361,4122553756,92,436,183,295,344,112
1264038030,3923101968,0,499,0,499,499,499
894173236,141953704,68,430,0,499,362,499
1284092241,4063361013,19,476,105,379,457,274
1028402228,584065149,142,373,72,351,231,279
353540360,48638823,100,399,28,470,299,442
1282537905,4057543526,0,499,106,393,499,287
1313132976,4197654703,146,396,35,460,250,425
1220412842,3542070951,0,471,77,457,471,380
967152400,254399903,154,346,78,421,192,343
977878440,278552584,178,321,153,330,143,177
1263225953,3915501161,0,499,0,499,499,499
1191458525,3107864507,103,380,47,478,277,431
1192162242,3122714976,68,432,22,488,364,466
1301435238,4060921055,0,499,0,499,499,499
1317973492,4215702099,57,479,138,485,422,347
1216939260,3487292341,112,390,65,437,278,372
949386104,212343038,173,337,134,358,164,224
958568190,228489668,147,353,168,346,206,178
1260369661,3893204322,0,499,18,499,499,481
1211427885,3398859700,43,447,214,374,404,160
1279472575,4037521061,109,389,0,499,280,499
1281991410,4050747993,76,425,136,398,349,262
1040154121,808510113,179,320,150,349,141,199
1265579127,3931855639,42,446,13,487,404,474
1261008712,278522079,100,399,82,462,299,380
1292900988,4113733754,166,370,98,416,204,318
1190854942,3098218027,171,328,157,360,157,203
966985759,166269510,87,420,141,355,333,214
1273207704,3992588147,57,462,42,460,405,418
1310169359,4182223577,79,434,119,405,355,286
1227170126,3607252527,173,335,141,408,162,267
845773803,74862723,62,436,0,499,374,499
1053507682,292161661,0,499,0,499,499,499
1292373001,1883560700,73,425,36,499,352,463
915095365,159602243,152,342,142,290,190,148
977891020,278557044,57,442,31,499,385,468
1232849600,3670382084,90,402,194,384,312,190
1101732478,1781575976,73,426,0,499,353,499
1288923135,4071453854,62,436,0,499,374,499
1258864290,3885380104,0,499,0,499,499,499
1144931679,2481545074,185,294,207,292,109,85
1218274339,3506244741,62,436,0,499,374,499
1270626993,3971759477,0,499,0,499,499,499
1204292279,3276496150,62,436,0,499,374,499
1257601764,3881714621,29,446,21,450,417,429
1283324625,4061153036,195,305,195,319,110,124
1252506864,3849805467,67,413,29,448,346,419
1262557645,3908949274,47,479,118,393,432,275
1281456603,4050860651,20,470,26,450,450,424
1265493836,3931445098,10,490,135,390,480,255
1280128912,4019916117,39,460,113,375,421,262
1270259268,3970399999,154,345,110,389,191,279
1310567486,4184392469,0,499,0,499,499,499
925628346,177241791,116,394,91,423,278,332
1310432052,4182243580,0,499,0,499,499,499
1027044385,569632824,109,390,50,449,281,399
849770659,81245476,156,342,153,361,186,208
1191324493,3104845405,4,494,161,396,490,235
1263637601,3919389262,0,499,62,436,499,374
1264989580,3928838567,61,437,0,499,376,499
1325157026,4240471837,16,483,65,452,467,387
1201838584,3249410166,20,476,11,490,456,479
1191095891,3101490608,54,444,23,494,390,471
1269261420,3949164731,62,436,0,499,374,499
1100088026,1701260648,151,348,100,399,197,299
1240724989,3748205283,0,499,16,499,499,483
1190251172,2041885675,159,387,132,412,228,280
1176505493,2958505302,1,496,109,403,495,294
1323671586,4234141315,0,499,32,499,499,467
1017455388,176676144,114,380,143,362,266,219
1310378915,4181900990,0,499,0,499,499,499
1257399118,3881319011,0,499,0,499,499,499
1297363788,4130624528,88,410,0,499,322,499
1225887394,3202218901,131,367,173,334,236,161
1313039082,4197486645,39,469,131,370,430,239
1053489362,858166984,114,399,64,458,285,394
933258968,190110195,61,438,0,499,377,499
1253500050,3856529317,19,492,70,441,473,371
1124897137,2085652222,55,443,0,499,388,499
1008012420,435855761,100,399,66,433,299,367
1052071188,979216999,59,470,136,394,411,258
946301932,208381222,0,499,18,480,499,462
1316879462,4122557143,0,499,0,499,499,499
1289908547,4088088523,62,436,0,499,374,499
1286975739,4076183224,10,492,133,420,482,287
1314959419,4186863990,27,466,85,409,439,324
1264062792,3923181079,47,438,142,401,391,259
1212274533,3420708960,18,481,35,451,463,416
1302898196,4156934316,41,479,113,386,438,273
1257233703,3879890941,10,485,51,398,475,347
1260378047,3893204749,31,482,104,399,451,295
891951999,138682604,0,499,62,436,499,374
971423575,262159225,203,296,100,399,93,299
1166672736,2823578217,140,367,62,436,227,374
974043682,270642960,0,499,66,432,499,366
1246302187,3798145300,0,499,62,436,499,374
1063490449,1035130842,109,389,0,499,280,499
1176503834,2958499698,71,427,164,336,356,172
911017626,155011476,2,497,0,499,495,499
1225887575,532978847,140,348,136,361,208,225
1301532060,4150996917,0,499,0,499,499,499
1282787223,4057521944,37,484,52,400,447,348
874333759,120095950,72,426,0,499,354,499
1279008713,4037573774,127,379,24,195,252,171
1272113343,3986440685,140,362,27,485,222,458
1317204542,4212301070,0,499,206,436,499,230
1199539637,3231153732,150,349,100,399,199,299
1128754068,2148286931,62,436,0,499,374,499
1278954162,4037569464,38,419,113,412,381,299
1164534783,2786691770,1,499,62,439,498,377
1301605216,4151266397,4,494,36,446,490,410
1306886686,4168958818,106,392,108,352,286,244
975355962,263365713,21,499,25,474,478,449
941622203,207151465,153,352,175,327,199,152
1280790130,4046571380,0,498,63,435,498,372
911282611,155534357,59,440,0,499,381,499
1313457177,4183293230,63,465,117,454,402,337
1244541298,3785188002,0,499,62,436,499,374
596080630,54295995,83,415,28,471,332,443
1194432289,3159026624,137,359,40,449,222,409
1295220762,4125633538,192,300,10,487,108,477
1236506956,3708917538,218,452,198,409,234,211
1309817325,4182065618,19,499,25,406,480,381
1215438063,3470155730,56,441,18,479,385,461
1324063480,4236041625,0,499,0,499,499,499
1283507164,257862202,77,422,0,499,345,499
1266541969,3938621905,81,420,123,383,339,260
920085848,165911862,0,499,0,499,499,499
1005712796,416700161,133,358,123,378,225,255
862539209,102344599,61,446,100,395,385,295
922697780,172008260,0,499,62,436,499,374
1252628053,3850328832,0,499,62,436,499,374
1278226493,4030687265,218,283,72,494,65,422
1248850381,3817903845,30,483,104,379,453,275
1066217545,1152521724,112,386,0,495,274,495
1322793145,4231406140,31,470,68,421,439,353
1213026021,3439087497,144,352,166,348,208,182
1282818980,4058579501,71,432,10,461,361,451
1263641567,3919557260,0,499,109,389,499,280
1107660417,1869201019,21,417,138,360,396,222
969173096,138733797,57,444,15,482,387,467
864368849,52244643,65,434,0,499,369,499
1209717777,3382587338,100,431,65,429,331,364
1190252286,2887023704,65,451,190,321,386,131
1298867448,4139508557,26,472,21,491,446,470
958497376,227892209,71,436,9,475,365,466
1258586398,3885511929,21,458,60,464,437,404
867415225,109821990,83,415,0,499,332,499
1293353094,4104760945,113,393,38,461,280,423
1277553901,4022755178,36,451,94,450,415,356
1092097634,1577603062,74,424,0,499,350,499
1273758033,3992792599,45,450,64,464,405,400
1257695466,3881792927,0,499,0,499,499,499
1276071060,4010225623,81,433,81,440,352,359
1318165793,3143800777,35,463,2,498,428,496
1246122244,3797082203,78,418,5,483,340,478
1303806279,4158983131,0,499,62,436,499,374
1289282635,2423916974,76,423,0,499,347,499
1280059310,4042854498,116,393,101,413,277,312
1095882335,1643645679,155,346,105,389,191,284
1317493342,4213277020,0,499,0,499,499,499
1138092335,2352568391,27,472,84,413,445,329
1123660539,2060555294,126,373,171,328,247,157
1004052554,396814065,154,344,158,274,190,116
1315118997,4204291410,45,453,55,454,408,399
1042990745,846366962,46,472,70,367,426,297
1128095658,2130853797,0,499,109,389,499,280
1323252727,4231686609,92,366,12,483,274,471
973606891,269653888,0,499,109,416,499,307
259470624,10796436,1,497,71,427,496,356
1176504166,2958500217,24,477,93,379,453,286
1152071898,2585196508,155,343,118,382,188,264
892103963,138781176,37,459,101,392,422,291
1300390138,4146066661,21,478,61,438,457,377
1277749558,4023039928,0,499,0,499,499,499
1108738856,1878218295,110,389,53,446,279,393
1313653300,4199694423,0,499,0,499,499,499
1255125423,3868378740,0,499,0,499,499,499
881906312,126380600,0,499,62,436,499,374
1027159958,569957361,116,382,50,449,266,399
1274894557,4001821270,14,439,101,395,425,294
177495230,1432063,170,329,145,353,159,208
1189217763,3079977440,33,474,35,490,441,455
941622213,207151504,166,339,153,347,173,194
1262292435,3906636190,20,480,123,357,460,234
1263204591,3045303982,83,415,0,499,332,499
1105489752,1851507454,0,499,62,436,499,374
866264604,108920479,0,499,62,436,499,374
1100064116,1711734640,180,319,150,348,139,198
1272863852,3813572041,0,499,129,436,499,307
1026367263,562802130,0,499,52,447,499,395
1265606926,3931891713,11,499,93,395,488,302
1088809706,518995854,71,427,0,499,356,499
1255299282,3866906023,7,490,91,406,483,315
845750258,74826748,0,499,62,437,499,375
1006272837,421910672,137,360,140,384,223,244
969971165,153433116,153,346,120,378,193,258
1039372428,547804458,19,479,0,499,460,499
1309109888,4179667390,0,499,0,499,499,499
1134153951,2274437132,0,499,0,499,499,499
1271099226,3974957639,192,309,98,426,117,328
1255326330,3869439778,130,368,86,412,238,326
1303826815,4159426482,106,388,51,463,282,412
962507914,223928277,71,427,14,499,356,485
1038837994,767502605,36,481,174,334,445,160
1324193322,4236297601,188,294,129,473,106,344
1148591856,2536601304,62,436,0,499,374,499
1078180838,1395653000,55,499,110,437,444,327
1103639406,1817645710,78,418,84,403,340,319
891734234,138463278,111,399,116,383,288,267
1280705554,4046494514,148,362,58,445,214,387
1176505289,2958503708,164,338,253,414,174,161
1246036346,3796877602,129,367,132,368,238,236
1309375298,4180436080,219,277,97,412,58,315
1066647314,1170003661,175,348,23,383,173,360
1324300142,4235891120,21,447,72,450,426,378
559979451,53632525,151,348,110,389,197,279
1026790545,569542753,105,393,50,449,288,399
1310401965,4181902034,0,499,0,499,499,499
1324065251,4236041655,0,499,0,499,499,499
1251413395,3842551329,0,499,0,499,499,499
1143982202,2463870445,71,429,64,432,358,368
1241754465,3760544759,4,496,113,383,492,270
1072090044,1300034496,71,427,0,499,356,499
1328707319,4250701874,22,479,125,499,457,374
1278821482,4037086859,74,482,82,499,408,417
1276440625,4013274725,12,493,21,459,481,438
1235800857,3699480923,100,399,12,486,299,474
1253220004,3854773262,113,386,82,434,273,352
1019352677,516414502,0,499,142,357,499,215
1079747018,1432385902,33,466,171,351,433,180
1274283935,3998837171,20,479,77,421,459,344
1267261274,3813572004,0,499,140,436,499,296
1319957885,4215274651,110,352,12,488,242,476
1068146464,1183878654,0,499,62,436,499,374
1182184522,3005788378,0,499,239,260,499,21
1276431824,4013272849,0,499,0,493,499,493
1273653920,3992771637,15,483,27,486,468,459
1310448329,4183892287,65,430,69,438,365,369
1273066488,3992395361,66,429,86,453,363,367
1032760749,629623029,168,331,1,498,163,497
1125531035,2092537930,7,495,110,390,488,280
1013129250,462402789,80,419,0,499,339,499
1248834051,3817891579,9,492,0,499,483,499
1292393371,4108909090,0,387,145,369,387,224
1243393767,3773730564,19,480,34,465,461,431
1292020105,4105748209,26,484,145,390,458,245
1120276627,2011954321,31,472,29,476,441,447
1096608005,1657063753,41,463,183,313,422,130
971477867,262246188,16,476,79,418,460,339
1276221491,4012178495,31,489,91,406,458,315
1168021303,2849979023,43,450,104,405,407,301
1289459052,4088522511,0,499,109,389,499,280
941423709,203525973,71,427,0,499,356,499
1313711788,4198494326,45,493,27,488,448,461
1061961399,146540532,0,499,0,499,499,499
1284315975,4065062454,62,436,0,499,374,499
1257946290,3883412996,36,462,72,499,426,427
156660930,1487361,0,499,2,496,499,494
1251742453,3839181102,142,358,146,359,216,213
1083702954,1488237525,87,411,22,478,324,456
1311086280,4181903028,0,499,0,499,499,499
1310719768,4182273219,17,483,113,402,466,289
1291988417,4105525344,174,423,152,410,249,258
1096485682,1653460789,71,428,0,499,357,499
1205781003,3300384585,62,436,0,499,374,499
927417222,180202252,66,432,0,499,366,499
1167085244,2829627057,62,436,0,499,374,499
1156654299,2675087222,137,349,132,366,212,234
1111743339,1785054046,118,380,31,467,262,436
914209691,158689876,62,436,0,499,374,499
1002978249,388578672,252,334,176,309,82,133
1121420187,2035478938,12,491,48,466,479,418
1238945405,3730730476,70,429,145,354,359,209
1191424227,3107233841,12,488,137,364,476,227
1305982399,4159861570,121,377,100,399,256,299
1248120116,3813918508,0,499,0,499,499,499
1027758893,575938318,167,331,22,477,164,455
1140581692,1952783006,46,485,9,454,439,445
1121258223,188495843,23,477,126,372,454,246
1105083087,1846691603,86,405,177,313,319,136
1014682072,473955734,123,375,60,439,252,379
1092312306,1580603658,0,499,62,436,499,374
1281993702,4050748199,0,499,110,499,499,389
1114671040,1935677377,215,283,5,492,68,487
980599370,225637819,59,440,0,499,381,499
1323692446,4234147591,0,465,90,446,465,356
891733997,138463750,112,399,116,382,287,266
1282523037,4057540561,0,499,0,440,499,440
1188546750,3067344385,165,323,39,461,158,422
1257259330,3879922958,0,499,0,499,499,499
1280570141,4044249562,46,461,26,477,415,451
1204352267,3285918967,183,315,150,349,132,199
902306726,147467172,14,491,100,401,477,301
1266327683,3938061926,81,420,123,383,339,260
1004791213,409783590,150,349,109,389,199,280
1036560732,700377878,13,478,67,422,465,355
1260611192,3894559324,60,438,0,499,378,499
1205825715,3312189749,128,422,147,364,294,217
1153319104,2624998110,0,499,62,436,499,374
1275484276,4006488348,0,499,0,499,499,499
1290598584,4095103798,0,499,0,499,499,499
1079161486,1415054705,61,437,215,283,376,68
1279187838,4037100470,0,499,0,499,499,499
1245254171,3790395023,0,499,59,440,499,381
1275485914,4006488529,0,499,0,499,499,499
1190249648,2056527533,80,367,80,432,287,352
1282544117,4057545114,40,480,70,395,440,325
1255275781,3869235070,66,441,63,439,375,376
1066647280,1170003660,154,366,8,453,212,445
1319250947,4214101388,131,371,16,488,240,472
1321564219,4223035112,7,493,7,492,486,485
1107659693,1869198477,7,490,59,463,483,404
1019289560,516365843,30,474,9,494,444,485
1243405729,3773718754,19,480,20,479,461,459
862624010,102978092,26,475,122,390,449,268
1269777824,3962605740,0,499,0,499,499,499
1190258056,1876686943,99,393,204,304,294,100
1270647636,3972430443,12,499,24,480,487,456
1283748898,4061610785,0,499,0,499,499,499
1199719309,3235155536,103,401,34,465,298,431
1088104403,1527844541,62,436,0,499,374,499
1127191862,2118573339,45,462,66,409,417,343
1261356964,3898734753,56,439,32,498,383,466
980301131,283323324,21,475,6,494,454,488
1292825219,59328626,102,397,0,499,295,499
1278748166,4036992395,32,481,31,470,449,439
1248462991,3814958431,63,435,1,497,372,496
1282537482,4057634609,150,157,0,499,7,499
1275067376,4003839454,76,435,77,441,359,364
1280481053,4045072555,49,431,24,463,382,439
1316162359,4200875638,38,452,117,377,414,260
1108346463,1875416474,166,333,165,334,167,169
862631585,102703992,71,429,119,398,358,279
1211983129,3414348286,14,478,54,451,464,397
1151734160,2588076669,0,499,109,389,499,280
1096608762,1657064544,53,468,83,420,415,337
972958218,266790982,62,436,0,499,374,499
1282744468,4058569460,72,432,49,440,360,391
1296406572,4130473185,70,470,58,481,400,423
1215422504,3470142228,91,416,102,354,325,252
1273844275,3995331860,0,499,0,499,499,499
963772016,244553143,83,415,0,499,332,499
1249535681,3819983414,0,499,192,215,499,23
1299735605,4143464889,64,434,0,499,370,499
998474208,334574256,131,400,168,348,269,180
965281952,250203556,0,499,62,436,499,374
1311540563,4041649648,38,456,164,308,418,144
1275717200,4008126818,0,499,0,499,499,499
1237276577,3716305472,0,499,8,499,499,491
1252627018,3850328075,147,352,94,412,205,318
1251228415,3838168108,6,496,121,295,490,174
1169858426,75078752,69,429,0,499,360,499
1166553250,3716121661,110,389,54,445,279,391
1124385999,2076553694,51,473,110,460,422,350
1275568853,4006496777,30,452,78,425,422,347
1276363945,4012754106,0,499,0,499,499,499
1273859896,3995333706,0,499,0,499,499,499
1257274995,3879904539,0,490,0,459,490,459
1265215829,3929900580,113,182,114,299,69,185
1240724033,3748204958,90,401,68,441,311,373
1065519724,1152555926,133,365,13,481,232,468
1263694646,3920854095,0,499,0,499,499,499
1283430301,1122726883,78,421,0,499,343,499
1174590317,2940639661,22,477,72,453,455,381
1096887370,1662003170,0,499,183,316,499,133
1223583207,3582304350,11,485,160,368,474,208
834140551,61470324,71,412,4,495,341,491
1256074811,3873126813,12,499,25,458,487,433
1293415167,4104814142,33,467,24,470,434,446
1229488917,1876687590,0,499,0,499,499,499
977610885,278600172,73,426,0,499,353,499
1177611121,2977152553,80,417,14,489,337,475
1159912819,2721283274,38,459,139,379,421,240
1264049768,3923104302,0,499,0,499,499,499
1310880257,4184608898,27,354,35,367,327,332
1265221969,3929898807,243,272,255,483,29,228
1181444644,3002934734,29,468,30,461,439,431
1260345077,3893243377,124,451,120,342,327,222
1231792557,3654499653,115,394,110,371,279,261
1266344202,3938140390,31,472,43,473,441,430
1313483383,4197527355,0,499,0,499,499,499
1155076399,2647721182,0,499,62,436,499,374
1289401289,4087644461,0,498,2,499,498,497
1107660291,1869201455,76,438,138,376,362,238
1270251776,3970326507,81,420,18,475,339,457
1097682230,612840589,152,346,114,389,194,275
1247849615,3813571348,0,499,123,436,499,313
1018690922,143521451,190,309,160,339,119,179
1285313506,4068426655,116,452,45,499,336,454
1279114894,4037093561,21,452,61,464,431,403
1262611314,3908524807,125,399,190,311,274,121
971082490,260011886,0,499,62,436,499,374
1190253887,1876684349,171,335,80,410,164,330
1301375147,4151253143,0,499,0,499,499,499
1007709168,435079741,100,399,43,455,299,412
684348064,57150024,77,421,0,494,344,494
1283936938,4063335937,11,431,97,495,420,398
1278118549,4029704095,19,478,101,395,459,294
1245077046,3788587068,139,361,63,428,222,365
933250031,190102745,168,331,102,398,163,296
154239230,4983063,78,420,0,499,342,499
1083259591,1478489735,0,499,109,389,499,280
1309676910,4181533726,87,449,111,354,362,243
1257150398,3879365237,56,297,141,387,241,246
1098785808,1690089157,0,499,0,498,499,498
1147324982,2531016444,23,472,110,396,449,286
1221451489,3563521209,6,490,47,471,484,424
1261174272,3898707904,29,365,67,432,336,365
977849852,278542496,93,406,0,499,313,499
1288084739,4079556008,34,480,88,415,446,327
1304139184,4160952927,106,388,51,463,282,412
1009219199,440543734,150,348,100,399,198,299
1324269822,4235888075,0,452,0,476,452,476
1011671634,453085631,65,434,0,499,369,499
1299299124,4141676326,136,380,27,466,244,439
1220224127,3541022137,101,433,47,471,332,424
987615774,294477151,134,368,28,473,234,445
1240724292,3748205024,0,499,0,456,499,456
1043437815,567673038,140,359,100,399,219,299
975625306,274082898,2,498,65,433,496,368
1192188422,3123055772,68,432,22,488,364,466
1296397691,4130452581,0,499,0,499,499,499
908116100,148049555,71,427,0,499,356,499
900876929,146383042,62,436,0,499,374,499
990638517,297712460,79,410,21,473,331,452
933261678,190111181,75,423,0,499,348,499
1270219931,3969948825,6,492,147,395,486,248
1216520919,3481988613,0,499,0,499,499,499
1279174507,4037584463,0,499,0,499,499,499
1244326319,3782771594,0,499,126,436,499,310
1273361179,3992569666,40,457,64,457,417,393
1140981644,278495232,152,346,100,399,194,299
1036218637,697386366,82,417,0,499,335,499
1270238416,3970213462,99,408,93,326,309,233
1323632638,4234444793,72,426,14,499,354,485
1293343144,4104734148,40,353,179,376,313,197
895266803,86570250,91,408,12,486,317,474
1005929887,416079856,0,499,66,433,499,367
1272138993,3987200529,158,442,182,399,284,217
1275647625,4006510688,64,367,93,466,303,373
1262725692,3910820922,105,388,17,413,283,396
1273041141,3992542387,66,434,98,451,368,353
1102423301,1799889051,86,401,29,468,315,439
848810161,79886376,64,434,131,367,370,236
1044836581,863365714,78,421,0,499,343,499
1302929286,4154933439,11,444,44,440,433,396
1083754680,1483561469,79,429,0,499,350,499
897172602,53600414,90,409,12,486,319,474
1059017605,1087710494,145,354,100,399,209,299
1246527853,3799249013,25,478,31,472,453,441
964742560,248063698,141,361,178,319,220,141
1204227419,3287243506,130,378,45,483,248,438
1292248626,4108428567,70,476,62,436,406,374
1273061489,3992550785,53,478,31,463,425,432
1253658438,3858328129,128,369,86,414,241,328
1289807856,4089927219,112,362,145,339,250,194
1120466509,2013623966,68,431,0,499,363,499
1066583326,1169198981,62,436,0,499,374,499
1131551248,2173969760,72,428,0,488,356,488
1270323946,3971188472,84,414,0,499,330,499
1138516804,2369007602,0,499,98,428,499,330
857800239,91971450,52,447,77,428,395,351
1306870678,4167094092,0,499,0,499,499,499
1317919430,4215694193,55,445,11,480,390,469
1158120621,2695197173,0,447,136,334,447,198
1209697446,3379344809,58,440,0,499,382,499
906562096,151093307,52,446,0,499,394,499
1156623808,2674962944,137,360,1,497,223,496
1283927670,4061632996,83,462,173,386,379,213
985974047,286683198,66,408,117,380,342,263
1276129947,4011236194,0,499,0,427,499,427
941479862,206701429,170,329,137,361,159,224
1313588207,4183582304,168,356,67,469,188,402
1137487390,1706098247,49,449,10,491,400,481
933247060,190101059,85,415,4,495,330,491
1254997220,3866991874,97,422,36,469,325,433
1279153894,4037582120,0,499,0,499,499,499
1308900591,745449170,100,399,7,491,299,484
1279756604,4041456342,455,468,177,277,13,100
894240673,49572730,96,402,0,499,306,499
1026860224,569610932,111,388,50,449,277,399
971434443,262168895,116,381,137,360,265,223
1086185614,1509170939,0,499,11,487,499,476
1262520587,3908851088,16,481,70,389,465,319
1250268344,3831364250,0,499,62,436,499,374
1275705074,4006536231,81,499,22,499,418,477
1111682525,1913513842,51,461,46,447,410,401
1037603368,733104681,109,386,110,399,277,289
1260363489,3893203758,21,492,29,479,471,450
1239905715,3742031673,13,470,6,483,457,477
1075758213,1352146061,78,372,79,427,294,348
1174585729,2940638536,3,491,159,353,488,194
1219918567,3533712759,62,436,0,499,374,499
1292019336,4105748026,43,459,63,434,416,371
1047239949,548085221,74,425,0,498,351,498
1268919542,3954701793,56,436,106,407,380,301
1275502065,4006687024,40,459,47,458,419,411
1240854217,3359149265,10,495,96,404,485,308
1316230950,4200879507,0,499,0,499,499,499
1066930152,1173353181,43,468,19,476,425,457
1305050583,4164659174,106,388,51,463,282,412
1286570655,4074660364,0,499,0,499,499,499
1176503822,2958499680,71,427,164,336,356,172
1246399145,3798828853,98,397,10,490,299,480
1155960147,2662428410,133,407,114,422,274,308
1195230667,3165815841,224,248,233,309,24,76
1277532680,4019813460,112,406,115,413,294,298
952640557,216198843,0,499,100,399,499,299
1267986416,3944993393,0,499,0,499,499,499
1323304867,4231696037,128,316,51,442,188,391
1325973862,4241243836,0,499,83,415,499,332
719889249,59475691,0,499,88,411,499,323
1288037910,4079554466,16,476,130,374,460,244
949387224,212342904,128,394,149,351,266,202
1027038627,569687135,103,396,50,449,293,399
1283229512,2697836980,85,413,30,466,328,436
1277921278,4023219460,0,499,0,499,499,499
1237800748,3723111422,0,499,127,372,499,245
1301666444,4151001907,45,450,69,443,405,374
1316123063,4200871719,0,499,0,499,499,499
924126507,175153919,78,404,12,489,326,477
1308945838,4177869038,113,409,174,369,296,195
1186692145,3028145775,31,452,101,400,421,299
1106021421,1859672947,50,449,30,468,399,438
833833883,65551980,112,381,38,464,269,426
1249534195,3819978771,130,369,170,329,239,159
1243659046,3775275158,0,499,177,436,499,259
1074674790,1334293435,0,499,62,436,499,374
1276526854,4014008120,0,499,83,416,499,333
1166632033,2823072932,204,285,174,335,81,161
1069812925,1251654064,0,499,63,436,499,373
1176463833,2958028151,182,306,27,464,124,437
892616859,139880148,200,299,180,319,99,139
1316992475,4210982348,41,480,107,387,439,280
1089309459,3952096856,0,499,106,108,499,2
1073110216,1316299586,20,481,139,367,461,228
1310353249,484420381,85,414,0,499,329,499
996086655,304800107,60,466,38,472,406,434
861250376,99524909,0,499,42,456,499,414
867825436,86982380,180,318,156,342,138,186
1268880019,1100403155,100,399,17,482,299,465
1323109657,4231819270,31,460,56,457,429,401
1295960268,4128438350,42,401,43,472,359,429
1308732598,4177785377,73,442,34,468,369,434
1124769300,2082817430,168,329,116,384,161,268
1008381612,437676482,18,478,92,404,460,312
1251126918,3837259662,0,331,72,430,331,358
1310666411,4182266271,0,498,0,499,498,499
1256014247,3873031646,100,399,100,399,299,299
1317002718,4211508781,84,398,25,470,314,445
1033894961,668297012,0,499,43,455,499,412
1051384693,971144053,0,499,84,415,499,331
1034334334,451019647,117,382,50,449,265,399
1270219956,3969948834,17,435,98,437,418,339
522580730,116422947,178,321,150,349,143,199
1123796642,2059950113,56,443,0,499,387,499
885399313,131083751,78,420,0,499,342,499
1007761282,435117471,63,436,0,499,373,499
1007691597,435076331,147,352,100,399,205,299
1166632020,2823072926,170,317,136,338,147,202
1292293292,4105474697,86,412,0,499,326,499
1010830722,448306513,0,499,62,436,499,374
1267370894,3942325018,0,499,0,499,499,499
847847046,77400963,84,414,0,499,330,499
1026760832,569375040,100,398,50,449,298,399
1135059109,2292763481,233,274,237,259,41,22
1190254240,2832752560,125,452,85,416,327,331
1238732988,3728306530,71,428,0,499,357,499
1321540599,4223023444,0,499,108,391,499,283
1174592693,2940640369,103,431,93,416,328,323
1158572261,2395337028,161,338,100,399,177,299
1313545763,4183481560,128,359,30,472,231,442
1110077757,1889378600,58,430,124,362,372,238
1250268384,3831364258,0,499,62,436,499,374
885213587,126736858,94,407,134,365,313,231
1262520185,3908851020,53,410,10,490,357,480
1324147109,4236042811,0,499,201,499,499,298
1010712419,211378900,116,386,163,339,270,176
1311422578,4187120579,50,461,86,370,411,284
1313515714,4199252300,23,499,13,499,476,486
440450430,50155990,125,374,81,418,249,337
1128010093,2134907778,5,485,84,424,480,340
1320594968,4224635441,89,468,31,420,379,389
1255670168,3870847416,0,460,31,482,460,451
955973750,220624043,15,483,0,499,468,499
1204620088,3293930638,0,499,0,499,499,499
1261356501,3899582537,68,439,133,351,371,218
1230535585,1953720434,25,474,99,399,449,300
1235806721,3699698534,85,411,59,437,326,378
1203497646,3278127250,29,472,134,398,443,264
908197245,152682238,62,436,0,499,374,499
1186729882,3037194338,112,400,23,391,288,368
1257074112,3877878804,0,499,0,499,499,499
1108739278,1878218274,110,389,61,437,279,376
1124370036,2076183133,15,490,23,441,475,418
1276222205,4012178608,38,499,147,499,461,352
1027307421,570697497,115,384,50,449,269,399
1110840078,1609794599,0,499,62,436,499,374
1323384625,4231832118,14,473,59,468,459,409
1247396605,3809105012,154,345,115,384,191,269
1282025786,4050759338,122,443,120,396,321,276
1162225434,2749968564,0,499,62,436,499,374
1305135810,4164671118,106,388,51,463,282,412
1008131154,436062321,150,349,101,397,199,296
1263106638,3914024503,116,386,11,489,270,478
985886186,291320459,120,378,153,346,258,193
1014677523,473942387,113,386,50,449,273,399
1243237970,3770490564,83,434,28,474,351,446
1322905280,4232118426,43,416,170,329,373,159
1068227966,1190729013,78,423,99,398,345,299
1221768802,3566352401,0,499,15,499,499,484
1285875033,4017685297,23,483,118,396,460,278
940538368,138749848,71,428,160,339,357,179
1243658931,3775275016,0,499,169,436,499,267
1027102916,569875979,106,393,50,449,287,399
1225887589,3593769007,177,322,163,333,145,170
1256843626,3875166813,58,448,165,261,390,96
1313879701,4200413995,0,499,0,499,499,499
1323253810,4231686648,31,361,106,393,330,287
1178133063,2981151742,228,266,27,418,38,391
1204253570,3287294951,62,441,110,392,379,282
1323999264,4235887062,84,414,92,407,330,315
1312707878,4195681286,187,317,51,309,130,258
1220578381,3548950703,109,389,0,499,280,499
1080894033,1450003438,0,499,109,389,499,280
1244403643,3783486573,64,434,62,440,370,378
1313823375,4200624765,0,499,0,499,499,499
201541730,6037478,182,322,171,330,140,159
1032733592,625488972,36,463,10,489,427,479
1299786608,4143497166,112,378,57,424,266,367
1215334149,3470007340,109,400,131,372,291,241
1227159249,3607250054,0,499,0,499,499,499
972838733,266462904,0,499,59,439,499,380
1195240846,3166157561,22,481,51,451,459,400
1226639613,3602876085,136,363,143,350,227,207
1207901873,3340107654,62,436,0,499,374,499
1151784525,2557777437,0,499,83,415,499,332
1055916589,1068573462,152,347,115,384,195,269
1190252596,2832752198,96,409,131,386,313,255
1026778958,569539693,143,349,50,405,206,355
1301608553,4151266490,28,476,27,442,448,415
1262350581,2807581203,96,381,27,460,285,433
939110713,201676040,175,317,195,304,142,109
1156655769,2675087848,141,381,154,353,240,199
915095002,159602218,164,338,146,360,174,214
1077955474,1388103668,0,499,83,415,499,332
1100061964,1711736005,110,389,51,448,279,397
946468414,85356803,159,339,160,339,180,179
1267356591,3942400796,6,493,106,390,487,284
1306545149,4167076771,106,388,51,463,282,412
1264825590,3927675004,92,402,105,406,310,301
1186957615,3040209109,120,464,9,498,344,489
1167067756,2825211730,0,499,63,436,499,373
891707504,52586784,145,354,100,399,209,299
1242845592,1100398352,100,399,15,484,299,469
857432707,91105102,4,496,28,464,492,436
814576547,7079633,62,436,0,499,374,499
1261417021,3898724669,148,374,87,421,226,334
1111921649,1916773071,101,400,14,487,299,473
915097499,159603725,0,499,0,499,499,499
1308315014,4151836754,18,455,46,459,437,413
1101523056,1774320059,218,286,165,252,68,87
1273017740,3992383567,65,426,132,445,361,313
1278704109,4036734040,46,453,146,401,407,255
1190258908,1876687626,144,337,95,413,193,318
1258639231,3886078657,0,498,85,414,498,329
1271243606,3976690371,0,499,0,499,499,499
1244326107,3782771540,0,499,126,436,499,310
1066928557,1173352086,110,364,21,380,254,359
1257246698,3879898609,35,466,173,342,431,169
1322456076,4229979642,51,455,60,454,404,394
906528883,150930350,0,499,62,436,499,374
879014712,124266841,219,277,108,394,58,286
987623314,294480747,41,379,65,460,338,395
1205730200,201135060,0,499,0,499,499,499
1316215118,4209016989,123,386,134,272,263,138
1100064057,1711736529,110,389,47,452,279,405
1156535724,2672057883,30,469,43,318,439,275
1196268731,3184140403,43,490,19,477,447,458
1258280468,3883968236,0,499,0,499,499,499
1245967348,3795862168,0,499,78,436,499,358
1275716747,4006540302,0,499,0,499,499,499
1312143805,4193589767,0,499,0,499,499,499
1267086011,3941727540,16,481,119,459,465,340
1313627703,4183689184,121,456,123,428,335,305
1253519558,3857173111,53,455,48,459,402,411
1310138134,4182222473,58,439,128,399,381,271
1302929299,4155348856,45,440,34,453,395,419
1315326114,4205111318,0,499,0,499,499,499
1255767515,3871043783,56,452,56,453,396,397
1306843006,4168957061,38,463,43,465,425,422
1026807575,569605202,106,392,50,449,286,399
1190251288,2644695706,35,479,184,364,444,180
1317112003,4211273049,0,499,0,499,499,499
1124370034,2076183131,31,472,46,419,441,373
1265183125,3928016379,0,499,62,436,499,374
1237620180,3721827364,104,433,40,456,329,416
1027341350,570708528,108,391,50,449,283,399
963874508,244950717,73,426,0,499,353,499
1268535320,1100406558,100,399,15,484,299,469
1261375597,3898716691,0,499,0,499,499,499
892964513,139460572,106,444,15,443,338,428
1264224669,3924751975,57,465,74,429,408,355
1201857058,3249442265,6,494,27,484,488,457
1282958222,4057770370,96,414,32,432,318,400
1119407473,1998121774,218,228,35,43,10,8
834965336,6820043,59,440,10,485,381,475
1240113554,3743373296,152,349,86,418,197,332
1146410295,527247908,37,474,225,371,437,146
1277530547,4019812734,30,481,21,483,451,462
1007642541,435102790,92,407,0,499,315,499
1313402093,4197671177,40,453,21,443,413,422
1303629551,4159071281,106,388,51,463,282,412
1190258841,1876687592,0,499,0,499,499,499
1310737353,4182274088,63,458,45,458,395,413
1262842913,3910487147,0,499,29,469,499,440
1249535519,3819982790,136,362,214,292,226,78
1253149076,3855160858,8,493,115,377,485,262
855774716,72076887,72,426,0,499,354,499
1320091014,4215357289,185,295,29,331,110,302
1062546973,1116753456,0,499,10,489,499,479
1311426780,4187121114,107,499,102,390,392,288
1301871241,4153220825,0,499,0,499,499,499
1268742735,3936362969,57,442,23,473,385,450
1263885376,3921317337,125,378,10,499,253,489
1249745805,3821249892,168,323,142,379,155,237
1230907247,3642883990,155,344,42,457,189,415
1260256278,3893169869,20,484,102,387,464,285
1174586558,2940638739,5,498,28,491,493,463
1265226585,3929900208,11,488,13,487,477,474
1016827283,85616750,190,309,160,338,119,178
1243395824,3773715438,19,480,20,479,461,459
1104741461,1842321198,130,368,101,258,238,157
1311427468,4187121267,0,499,0,499,499,499
938870036,201123291,81,417,14,484,336,470
1144289704,2478930889,29,473,82,421,444,339
1260395396,3893246025,80,417,27,468,337,441
1123624948,278562865,156,343,123,399,187,276
1204214149,3287154280,0,499,157,342,499,185
1090085386,1555584130,88,410,0,499,322,499
1223326612,3580571468,100,398,94,473,298,379
1118183998,1935765026,158,340,118,348,182,230
1027399957,571115053,98,401,27,484,303,457
1265216659,3929900626,113,455,98,391,342,293
895931414,61784814,98,401,44,486,303,442
1316164079,4200875770,9,491,22,463,482,441
949120782,211963607,51,444,150,356,393,206
1298002572,4111328308,49,436,116,379,387,263
1323279218,4231796832,78,443,58,412,365,354
1123372255,2053016017,192,379,8,492,187,484
1027097818,569798746,110,388,50,449,278,399
1299811223,4143422168,89,450,178,416,361,238
1257721632,3881729122,55,445,61,434,390,373
1155167440,2649594929,0,499,0,499,499,499
1317257441,4212546843,15,477,68,368,462,300
1257964810,3882438354,50,448,0,499,398,499
1308745953,4177859561,72,388,67,457,316,390
1156137436,2665316597,83,416,0,499,333,499
1249544845,3820050742,132,363,42,479,231,437
1187033810,3039976518,71,428,0,499,357,499
1285845021,4017670945,39,404,48,386,365,338
1233133614,3619975623,183,315,150,349,132,199
1226889835,3604820730,0,499,0,499,499,499
1279629232,4040188776,46,436,117,375,390,258
1317520118,4213253750,0,499,0,499,499,499
1270647470,3972430439,105,356,116,440,251,324
1270168148,3969462343,6,491,7,482,485,475
1295959844,4128274483,62,437,145,353,375,208
1298550590,4139987650,35,468,94,416,433,322
1149930524,2558422976,24,451,137,368,427,231
1007778905,435269372,100,399,62,437,299,375
1267345280,3942386455,10,488,100,372,478,272
1239322982,3737106266,175,325,16,497,150,481
1008026662,435879367,110,389,50,449,279,399
1310866869,4184607891,37,461,83,418,424,335
1017678272,1936971289,62,436,0,495,374,495
1283419368,4061577625,108,394,30,470,286,440
1316185906,4200876535,11,457,22,440,446,418
1304133706,4160952388,106,388,51,463,282,412
1262733052,3910821644,54,453,106,414,399,308
1179892785,2993864098,82,416,11,494,334,483
938259205,199972004,21,499,25,474,478,449
250150208,7111011,74,425,0,499,351,499
1132180467,2221341100,88,410,0,499,322,499
1324227357,4236298663,54,365,137,349,311,212
1222146300,3569004868,125,326,77,422,201,345
1316277498,4200881957,61,463,49,462,402,413
1279752629,4041455677,0,499,0,499,499,499
1275045309,4003836351,14,472,59,468,458,409
1099080000,1923135545,0,499,0,499,499,499
1314427467,4202302597,67,418,131,408,351,277
1313628359,4197537846,176,316,129,364,140,235
1307767713,4172823430,230,280,65,423,50,358
1164043082,1180172815,155,344,100,399,189,299
1268613130,3951727975,101,402,60,411,301,351
1225674737,3587981319,135,364,89,410,229,321
947460235,209824653,210,289,229,335,79,106
1288884513,4086011948,2,496,4,495,494,491
1268535142,278561043,100,399,18,481,299,463
1298762303,4140693317,129,370,129,371,241,242
1316534880,4209068854,0,499,0,499,499,499
1255143931,3868751683,50,449,87,412,399,325
1240902440,3750740488,0,499,198,436,499,238
1047585255,920233320,27,471,0,499,444,499
1215380756,3470113281,1,492,123,366,491,243
937788775,199005523,179,320,206,300,141,94
1311060545,4182118260,39,454,104,444,415,340
1303089038,3925753652,98,400,0,499,302,499
867099574,109921595,62,436,0,499,374,499
1188462930,3065096153,0,499,62,436,499,374
941534661,206858611,0,499,62,436,499,374
1251478427,3842784197,28,499,1,479,471,478
1259176017,3887610097,25,486,28,470,461,442
1308472021,4176238823,62,436,0,499,374,499
1275403437,4003972913,56,448,64,446,392,382
1282026695,4050759645,21,479,50,426,458,376
1270595862,3972162566,121,372,224,482,251,258
1099461792,1179213925,141,357,100,399,216,299
1265204166,3929889960,30,499,41,499,469,458
1320158708,4215432228,154,338,70,472,184,402
1193935071,3151989191,64,432,10,487,368,477
940838226,205231514,32,466,0,499,434,499
1118681368,1987759051,134,365,100,399,231,299
996255367,305194602,201,303,199,329,102,130
1272160670,3986442880,0,499,0,499,499,499
1262544097,3908875941,97,436,40,462,339,422
1291939336,4105354549,43,467,136,436,424,300
1185882790,3024662522,72,426,14,499,354,485
1256828440,3875048467,11,499,43,451,488,408
1270238714,3970212648,64,435,113,395,371,282
1261172559,3898707425,92,369,148,334,277,186
1311264556,4186548067,64,444,65,409,380,344
1225887321,3147314799,141,357,167,351,216,184
1323553530,4231859451,26,452,63,464,426,401
1268743592,3936358417,174,324,18,434,150,416
1266293540,3937905946,135,396,80,439,261,359
866690383,59145195,62,436,0,499,374,499
1248836684,3817896371,7,491,0,499,484,499
1319705792,4214674444,68,443,43,459,375,416
1260233357,3894917138,75,427,79,428,352,349
1240689679,3748066716,0,499,0,499,499,499
1113763714,1928285142,64,434,150,335,370,185
1273974728,3995365992,10,489,71,431,479,360
1275568098,4006495445,38,411,113,415,373,302
1146103390,2512001503,165,338,168,330,173,162
1158796461,1898222255,145,353,100,399,208,299
1317665774,4213262754,0,494,5,493,494,488
1273880789,3995597192,35,379,84,452,344,368
1283261695,4060810009,0,499,0,499,499,499
1007804142,435294118,103,395,50,449,292,399
1262496055,3908168198,22,458,22,478,436,456
1253002355,3854410544,23,479,31,466,456,435
1283981299,4061639378,36,432,35,435,396,400
991798730,299442679,0,499,62,436,499,374
1301650870,4151001651,52,470,120,421,418,301
1008191099,436108257,114,384,50,449,270,399
1069417856,1199781648,62,436,0,499,374,499
941492429,206717445,71,428,0,487,357,487
1186463671,1715049601,0,499,5,493,499,488
1048523056,942608077,74,424,0,499,350,499
1252627711,3850328560,0,499,154,436,499,282
1289104602,4085967866,0,499,0,499,499,499
1280689823,4046437427,193,334,145,339,141,194
1264045083,3923103572,33,385,54,448,352,394
1319215256,4219553844,62,432,5,494,370,489
1323694543,4234147632,60,444,130,386,384,256
1289763548,4086160881,19,499,0,460,480,460
975640122,274173797,175,324,184,326,149,142
940356263,203741669,62,436,0,499,374,499
1107969167,1870251552,42,454,36,456,412,420
1275624852,4006901365,0,499,0,499,499,499
1239047541,3732354948,17,483,117,382,466,265
1008146641,436071624,100,399,42,456,299,414
1282817505,4057763679,126,371,36,468,245,432
1008005500,435853551,100,399,50,449,299,399
1283489141,4061478403,73,427,25,465,354,440
1267290863,3942395901,9,490,145,293,481,148
1303400923,4158393423,121,370,94,405,249,311
1212285468,3420879479,0,499,109,390,499,281
962354237,236810729,89,405,51,450,316,399
1282760880,4057516512,130,332,150,324,202,174
1324000666,4235887152,200,311,14,443,111,429
1205825725,3312189755,67,461,12,491,394,479
1301494345,4150987887,0,499,0,499,499,499
1211983163,3414348326,80,234,192,332,154,140
1144458297,2482251871,27,472,0,499,445,499
1276029882,4010224689,121,409,86,394,288,308
1181356656,3002342845,71,417,72,431,346,359
1027022166,569746369,102,397,50,449,295,399
979403347,281791780,172,326,114,383,154,269
1045350985,869283689,123,369,81,386,246,305
1199170363,3223890711,69,422,5,433,353,428
1299526007,4141588066,137,447,96,382,310,286
1303275734,4157386771,106,388,51,463,282,412
1276316786,4012662634,94,407,141,470,313,329
1116076755,1952802189,66,433,70,431,367,361
1293379333,4117634200,71,428,0,499,357,499
1311700436,4189356908,71,427,133,313,356,180
1276069169,4010225566,36,442,125,387,406,262
835659417,69765857,177,322,130,369,145,239
1041650253,828998156,62,436,0,499,374,499
1192489167,3128726816,271,359,203,258,88,55
1261310247,3898727100,105,405,23,428,300,405
1283618429,4061593142,0,499,0,499,499,499
1032564132,621255229,59,439,0,499,380,499
1200873240,2567669582,139,364,11,455,225,444
1007689006,435161820,100,399,148,351,299,203
1314017056,4201307132,15,493,66,443,478,377
1313364615,4197668205,45,431,25,422,386,397
1088452645,1539334737,64,427,93,361,363,268
948730716,211455716,68,493,6,470,425,464
857606772,91441227,0,499,214,266,499,52
1316141328,4200873347,123,367,51,463,244,412
1272948742,3992093601,77,440,0,499,363,499
1002983121,388574460,173,307,157,339,134,182
1078077820,1392280588,0,499,99,400,499,301
1117494485,1974796943,76,422,0,499,346,499
1304089384,4160935502,106,388,51,463,282,412
1264905770,3928057512,26,470,27,462,444,435
1065898409,278575177,188,326,122,387,138,265
1212230564,3419326196,62,436,0,499,374,499
1282755570,4058572508,63,437,18,412,374,394
48310230,1912290,85,413,104,395,328,291
1252309081,3848407686,0,499,0,499,499,499
1070517701,1269320785,0,499,62,436,499,374
1307340098,4171233074,128,359,52,424,231,372
1273837990,3992092683,63,410,113,408,347,295
1283986309,4063211506,0,444,51,499,444,448
1299518646,4141587403,14,491,149,368,477,219
1044437527,860219555,0,499,109,389,499,280
1113097168,1832986950,156,348,0,499,192,499
1139617218,2386827727,107,392,0,499,285,499
1229784269,297977956,0,499,0,499,499,499
1269508348,3959382357,50,455,114,381,405,267
1266785271,3939948593,227,271,25,488,44,463
1260369953,3893244850,152,401,88,274,249,186
1109840959,1893943944,83,499,17,438,416,421
1065719728,1153676628,12,483,172,327,471,155
1225886237,547601761,125,374,163,374,249,211
980124954,283123628,0,499,63,436,499,373
1144931707,2482384274,0,498,0,499,498,499
1260707674,3895280939,0,499,0,499,499,499
1262302358,3906636826,86,484,13,424,398,411
958566960,228504750,53,445,0,499,392,499
1028040491,579274691,74,426,127,396,352,269
1007636943,435124445,100,399,48,451,299,403
1278889501,4037566282,29,461,96,430,432,334
1007372058,416638178,100,399,51,448,299,397
1255916615,3871655750,167,333,111,391,166,280
1292445029,4108916176,221,367,203,309,146,106
1140986011,2411410972,37,461,0,499,424,499
1269402070,2778062788,83,415,0,499,332,499
1008706125,439087985,73,425,0,499,352,499
1287773285,4071521790,209,264,214,321,55,107
1273025829,3992386540,0,499,0,499,499,499
996812613,315575066,10,491,8,495,481,487
920541385,166750672,0,499,62,436,499,374
1014148465,472161653,92,407,61,499,315,438
1301791420,4146833996,0,499,62,436,499,374
1120112286,2010091560,39,460,228,269,421,41
1313132193,4197654685,33,499,0,499,466,499
1316160952,4200875608,11,493,64,498,482,434
1246081926,3797080729,0,499,16,499,499,483
1292174444,4107680490,64,462,117,365,398,248
1325264900,4240795245,34,471,65,408,437,343
1269074650,3955092494,0,499,0,499,499,499
1213562969,3450457229,110,389,54,445,279,391
1026616619,567674036,14,484,75,366,470,291
1174588015,2940639014,3,488,21,496,485,475
1305082209,4164662789,106,388,51,463,282,412
1221457868,3563522897,55,486,153,464,431,311
1287587784,4071379114,15,469,158,355,454,197
872705602,84070366,62,436,0,499,374,499
255459339,3863865,0,499,62,436,499,374
1212916318,3433835599,192,307,150,349,115,199
1261395074,3898719791,0,499,241,259,499,18
1260625183,3894611072,95,405,18,485,310,467
1301638139,4151001437,0,499,31,499,499,468
948317622,210988249,113,386,158,341,273,183
1192168340,3122780875,68,432,22,488,364,466
1096491222,1655020612,0,499,62,436,499,374
336638419,47932405,72,426,0,499,354,499
1108739306,1878218282,110,389,52,446,279,394
1162039597,2746850937,221,251,65,431,30,366
1283816237,4061615766,22,475,70,443,453,373
1266389310,3938261037,38,465,8,491,427,483
1208042102,3335440512,183,315,150,349,132,199
1234392836,3678484278,0,499,42,457,499,415
1236846451,3707735178,66,419,134,361,353,227
955829048,220445863,139,359,62,436,220,374
1119579050,1996442497,0,499,27,472,499,445
1100249696,3313430,143,316,91,409,173,318
1156072674,2664721107,242,257,0,499,15,499
1248864488,3817907025,30,465,66,441,435,375
1301217899,4150966999,0,499,0,499,499,499
1008189994,436101127,125,374,85,413,249,328
1299224928,4139571883,86,411,8,489,325,481
1041685138,436105802,71,428,0,499,357,499
1041682099,831980343,0,499,35,499,499,464
1295259418,4125697075,135,366,188,320,231,132
1258618688,3886016087,62,437,104,393,375,289
1305350958,4165405910,92,473,152,417,381,265
857279564,2922637,0,499,62,436,499,374
1079728187,254908649,87,413,128,368,326,240
1148272448,2538435129,0,499,62,436,499,374
1248865776,3817907459,44,454,0,499,410,499
1146742411,2523422859,101,398,39,460,297,421
1237185703,3716584059,208,293,239,242,85,3
1289806904,4089927051,24,499,16,499,475,483
1166762239,2824411977,32,466,57,440,434,383
941621901,207151282,109,382,140,349,273,209
1192048365,3120593928,223,269,182,316,46,134
958112519,226639102,72,426,0,499,354,499
1313358735,4197514473,0,499,0,499,499,499
1066929542,1173352109,193,315,185,448,122,263
1050681732,962932750,58,434,5,499,376,494
1226905397,3604821778,0,499,0,499,499,499
1261409219,3898721931,0,499,0,499,499,499
1239789274,3738789221,0,499,73,425,499,352
957229758,224088372,192,298,161,339,106,178
1063999493,194324287,24,485,53,411,461,358
1272263344,3988602106,62,379,54,404,317,350
1199316076,3223342330,0,499,62,436,499,374
1053595754,1035143125,78,420,0,499,342,499
1017834576,298764286,118,395,155,300,277,145
959072835,230797786,0,499,54,444,499,390
1282555749,4057546688,83,419,170,320,336,150
1283464029,4061578709,0,404,0,446,404,446
1235588960,278532357,100,399,7,477,299,470
1251245460,3838878015,115,382,29,479,267,450
1219234160,3523545800,62,436,0,499,374,499
1278942415,4037568912,31,461,55,441,430,386
1106019899,1859918743,155,344,100,399,189,299
1278072106,4029426662,23,480,152,347,457,195
987562503,294359983,65,434,8,490,369,482
1011662526,454352196,81,417,0,499,336,499
1128330976,278524461,152,153,114,380,1,266
1109533177,290707973,75,477,228,271,402,43
1241675367,3759400197,7,491,0,499,484,499
1263737398,3921175849,179,303,186,359,124,173
1105489755,1851507458,83,415,0,499,332,499
858449178,92729106,0,499,62,436,499,374
1273024080,3992385640,67,427,87,453,360,366
1199087528,1104149868,123,374,173,329,251,156
1276985421,4017751091,19,483,150,463,464,313
1312712836,4195607776,0,499,62,436,499,374
1201813449,3249211921,24,481,37,473,457,436
1305999536,4163291732,62,436,0,499,374,499
933237762,190092342,26,472,0,493,446,493
978692457,280128130,68,430,0,499,362,499
300255058,18831184,62,436,0,499,374,499
1192161801,3122714517,68,432,22,488,364,466
1034588733,678376678,0,499,11,487,499,476
1186982128,3040762271,187,311,47,451,124,404
1100068153,1711733010,70,429,130,369,359,239
732357362,60086451,73,426,0,499,353,499
1301553340,4150998982,36,169,48,303,133,255
1244541386,3785188022,0,499,62,436,499,374
1256794109,3874337489,0,499,0,499,499,499
1011839871,455589817,4,484,232,268,480,36
232408330,6366421,165,334,125,374,169,249
1182194257,2865346510,91,408,17,483,317,466
1244540928,3785187790,0,499,62,436,499,374
1137955720,1435524,77,422,0,499,345,499
1263692533,3920854035,79,403,4,480,324,476
1230854601,3642634038,60,437,106,383,377,277
1154647633,1182277421,28,464,70,363,436,293
921250026,168344636,91,374,91,431,283,340
1172202352,2911316880,0,499,66,432,499,366
1124403053,2077140185,0,499,62,436,499,374
1276358877,4012868178,0,499,0,499,499,499
1287440206,4076848871,74,442,83,447,368,364
1279430344,4037926972,48,471,17,489,423,472
1218279076,3508339724,163,347,0,499,184,499
1098702005,1692337816,176,309,193,301,133,108
940093038,203414849,70,428,0,499,358,499
1194341185,3157599605,65,451,190,321,386,131
1118257027,1980809017,122,380,161,340,258,179
1243391971,3773729946,81,445,24,479,364,455
1274229898,3995058495,1,497,2,496,496,494
1312924634,4196836197,125,374,125,353,249,228
1092812440,1584272409,64,434,0,499,370,499
1261467619,3900386555,145,345,84,431,200,347
453857630,50328076,117,382,75,423,265,348
1159139161,2708980042,35,465,3,499,430,496
1278227852,4030688506,68,422,3,480,354,477
1271551892,3976944898,113,432,96,398,319,302
1235881287,3701268897,35,471,61,460,436,399
986154109,291431135,0,499,62,436,499,374
1142535576,2450824805,0,499,62,436,499,374
1045713051,870942330,77,421,0,499,344,499
1317936884,176389388,0,499,40,499,499,459
845089856,73767261,79,420,0,499,341,499
1026291382,562317237,105,393,70,450,288,380
922623840,171707292,168,331,130,369,163,239
941678615,207257910,215,282,173,222,67,49
1286918791,4074701429,24,499,14,499,475,485
1234401592,3682462160,29,477,83,409,448,326
905285685,149878781,196,276,220,300,80,80
1301815980,4153122099,13,477,130,429,464,299
1132086349,2175672478,0,499,63,435,499,372
1322862417,4229104564,24,474,126,372,450,246
1301490601,4150987351,29,417,58,388,388,330
1213725592,3452527483,109,390,50,449,281,399
981053488,284151321,141,421,171,308,280,137
1156971795,2679537635,106,413,81,431,307,350
1027693295,573421458,76,423,0,499,347,499
1304121913,4160951213,106,388,51,463,282,412
1295528954,680965981,83,415,0,499,332,499
1123233389,2050496612,181,269,178,254,88,76
1218168895,2702497384,152,346,100,399,194,299
1204249465,3287289795,96,403,6,490,307,484
1188538793,3067204178,130,369,130,369,239,239
997441026,85372885,190,309,175,324,119,149
1294222305,4118505170,4,483,0,475,479,475
1264040144,3923102338,126,386,69,457,260,388
939809895,202696434,62,436,0,499,374,499
1278880884,4037681705,50,447,8,487,397,479
1250262062,3831237388,26,484,87,416,458,329
1201325078,3245709673,0,499,136,436,499,300
1236547796,3708930834,59,442,55,454,383,399
1027318238,570698698,111,388,50,449,277,399
991867248,299231601,0,499,62,436,499,374
1314783426,4186692254,25,474,142,343,449,201
1276798731,4016018973,0,499,0,499,499,499
1141896541,2439861798,85,487,76,438,402,362
1258998545,3887019808,0,499,0,499,499,499
1135284781,2304522479,62,436,0,499,374,499
1249533892,3819978072,0,499,0,499,499,499
1257584689,3881236208,33,470,105,397,437,292
1270030845,1101195535,100,399,26,472,299,446
1010253217,445454465,93,405,0,499,312,499
1100080844,1711730571,70,429,145,354,359,209
884863382,100824056,58,440,0,499,382,499
1236547816,3708930838,68,474,26,441,406,415
907645299,86264337,181,317,160,339,136,179
949712102,212746587,117,381,65,434,264,369
1273062771,3992393259,25,477,50,472,452,422
1228075523,2886589349,24,477,144,349,453,205
900420746,142373102,86,412,0,499,326,499
1304094042,4160936345,106,388,51,463,282,412
1027136043,569885586,103,395,50,449,292,399
1323149560,4231830021,43,456,47,458,413,411
987614182,294456084,152,358,31,480,206,449
910936531,155136453,0,499,62,436,499,374
1252627945,3850328772,0,499,62,436,499,374
1277263190,4021772397,134,385,99,499,251,400
1317785868,4213446342,0,499,0,499,499,499
1258401158,3883433710,170,303,79,436,133,357
1261392113,3898719526,0,499,241,259,499,18
996082083,304796522,57,305,152,352,248,200
940889051,205313800,30,468,1,498,438,497
1307793010,4172986952,0,499,0,499,499,499
1019348228,516414432,214,287,5,486,73,481
1292872094,4114275561,16,471,82,468,455,386
1254905138,3866822034,8,488,106,417,480,311
1219249594,3522963214,62,436,0,499,374,499
1097270596,1662906961,0,499,0,499,499,499
1121269412,1118849550,164,336,3,490,172,487
1051563921,979800267,110,388,28,475,278,447
1125050481,2088430691,226,282,136,377,56,241
1150708581,2571592371,41,486,111,387,445,276
1048487724,942412545,71,427,0,499,356,499
1264028058,3923425487,7,492,81,428,485,347
1204207157,3287146419,34,475,102,392,441,290
1065497666,1148800772,62,436,0,499,374,499
1200545224,3242015646,48,454,76,425,406,349
1314377138,4202301704,21,484,78,453,463,375
1282004437,4053876934,67,429,95,420,362,325
1194982469,3162702620,12,495,3,493,483,490
1007809868,435269355,100,399,56,442,299,386
1271260876,3976942235,41,457,41,458,416,417
1234768231,3690228638,33,465,114,367,432,253
1004721159,408912765,80,468,78,405,388,327
969798048,257581477,0,499,74,436,499,362
1252627634,3850328492,0,499,62,436,499,374
1316953020,4210961190,1,498,36,497,497,461
1243407368,3773719823,31,469,30,468,438,438
1282862197,4057530058,0,499,0,499,499,499
1264452746,2046673109,71,427,0,499,356,499
1203211998,3952120762,186,303,199,378,117,179
1066930570,1173353244,29,458,89,402,429,313
1278038688,4029150251,55,440,4,488,385,484
1188455160,3064424935,0,499,62,436,499,374
1324117878,4236042299,0,499,0,499,499,499
1293195425,4116849139,2,441,5,435,439,430
1308026076,4173548164,0,499,109,389,499,280
981149525,4693593,62,436,0,499,374,499
1220930318,3558686811,139,351,1,492,212,491
1065093921,300357108,181,346,147,346,165,199
1273047725,3992497293,56,460,68,435,404,367
1307777803,4172824245,125,374,32,458,249,426
1252627910,3850328757,0,499,62,436,499,374
1279211476,4037103676,23,480,30,467,457,437
487131555,51219516,47,452,0,499,405,499
1283919207,4061631732,17,477,42,393,460,351
1271686903,3978636998,62,436,0,499,374,499
1261173324,3898707804,10,481,165,335,471,170
1306666713,4167378403,29,460,80,413,431,333
1202966248,278544763,153,346,100,399,193,299
1220252575,3533718879,62,436,0,499,374,499
1296582887,4131019902,0,499,62,436,499,374
1281349033,4051254913,12,484,100,400,472,300
1301797814,4149004206,76,418,15,493,342,478
969116050,255141030,236,256,0,499,20,499
1100084859,1711734999,110,389,51,447,279,396
1187499571,3050493333,29,453,43,467,424,424
978497921,279828663,0,499,62,436,499,374
1004986227,410387134,119,377,188,327,258,139
959535983,4428416,62,436,0,499,374,499
946714530,208715298,162,328,195,320,166,125
1013685189,468061492,70,429,0,499,359,499
1285873321,4017684998,81,446,45,469,365,424
1233553310,3680783825,225,278,100,453,53,353
1077703718,1379983940,162,337,100,399,175,299
1279744208,4041416391,30,474,155,354,444,199
1174591203,2940639888,5,494,11,499,489,488
1291736978,4099538410,62,436,0,499,374,499
1047874245,933716052,131,368,0,497,237,497
977871952,278547780,94,404,0,499,310,499
972475042,265072295,72,426,0,499,354,499
1322079950,4229650240,0,499,0,499,499,499
1192188829,3123056167,68,432,22,488,364,466
1220234583,3541437460,1,498,125,374,497,249
1294207825,4122559291,59,465,47,440,406,393
848600797,79580107,62,436,0,499,374,499
1123624961,278526420,194,305,111,349,111,238
1258993396,3887597629,76,434,76,426,358,350
1238107009,3726159745,146,368,0,499,222,499
1316190849,4200876911,29,469,35,482,440,447
1271962759,3986429819,0,499,0,499,499,499
1246073204,3797080273,149,337,129,355,188,226
1156654261,2675087203,137,349,132,366,212,234
1008028483,435884317,150,349,119,380,199,261
1260611205,3894559329,56,435,152,358,379,206
1074606627,278585669,150,349,100,399,199,299
1253519566,3857173114,32,466,73,438,434,365
1303835479,4159427621,106,388,51,463,282,412
1306803243,4167087328,106,388,51,463,282,412
1274335602,95595485,71,427,0,499,356,499
1035733632,687782821,62,436,0,499,374,499
1244326311,3782771590,0,499,126,436,499,310
1077154823,1371486105,85,479,159,330,394,171
1159235515,2710841043,67,428,12,485,361,473
1303096655,4157570733,146,399,155,409,253,254
1119737106,1947344856,101,372,148,315,271,167
1178132848,2981151461,132,363,56,446,231,390
1260349800,3893243948,32,444,133,348,412,215
1276365242,4012754295,24,485,19,481,461,462
1209472325,3930066287,43,454,17,481,411,464
957256350,183455520,22,461,107,438,439,331
1266370339,3935773910,114,385,0,499,271,499
1253151402,3855161594,161,357,13,467,196,454
1146383966,2514586166,90,417,11,499,327,488
1305154648,4164673640,106,388,51,463,282,412
958734983,138710565,148,350,2,497,202,495
1235255690,3692745000,79,419,0,499,340,499
1315189305,4204293211,87,411,0,479,324,479
1308864165,961639563,100,399,25,474,299,449
1026952125,569774464,100,399,57,441,299,384
1277884254,4023206297,32,460,77,435,428,358
1259344850,3887630060,0,499,0,499,499,499
1260347653,3893243627,150,478,72,326,328,254
1196212768,3182722376,43,450,129,423,407,294
1112678743,1924580361,103,376,77,408,273,331
1196636144,3195342642,0,499,0,499,499,499
1212768412,3433485213,43,455,155,302,412,147
875447082,121508898,61,437,0,499,376,499
1285136580,4063779624,26,464,38,458,438,420
1316143234,4200873766,1,498,3,492,497,489
1265224496,3929899878,20,457,136,344,437,208
1240179569,3744107371,0,499,109,389,499,280
1075758922,1352146052,8,495,84,416,487,332
1251413968,3842551455,0,499,0,499,499,499
1290025468,4090633339,35,477,36,469,442,433
1169009799,2271279379,172,327,15,482,155,467
1313540534,4199252644,0,499,0,499,499,499
1189510694,3082692498,0,499,0,499,499,499
1015522005,484961781,55,464,94,406,409,312
946563724,180145096,179,319,150,349,140,199
1135110191,2297121856,0,499,63,436,499,373
1273766881,3994953791,0,499,0,499,499,499
1249768808,3821920451,68,443,95,419,375,324
1275688752,4006531188,0,421,118,499,421,381
1089411726,1550016087,72,416,10,490,344,480
1240810091,3688893032,99,399,0,499,300,499
1307376160,4171236367,36,469,96,410,433,314
1027088534,569870598,117,382,50,449,265,399
1174590791,2940639808,56,474,53,448,418,395
1259344023,3887630007,21,473,26,469,452,443
1255377541,3868879389,11,493,0,499,482,499
1313897845,4200414137,0,499,0,499,499,499
1026968675,569625553,101,398,50,449,297,399
1314405135,4186276821,18,476,164,339,458,175
1311459020,731551525,100,399,56,443,299,387
1306883687,4168958718,87,455,97,460,368,363
1201853920,3249439630,39,468,168,328,429,160
1283953944,4063337257,54,457,64,449,403,385
1282343803,278400429,100,399,67,476,299,409
1249365360,3816684689,42,471,130,394,429,264
933257114,190109323,66,432,0,499,366,499
1146842317,2517194118,0,499,62,436,499,374
1306266071,4150363890,104,434,0,433,330,433
1008112593,435939970,151,348,100,399,197,299
1144425805,2476898272,71,427,0,482,356,482
971431558,262168927,65,435,0,499,370,499
1261614396,3900716298,152,346,120,374,194,254
1052025349,979101842,70,429,0,499,359,499
1246124998,3797082238,53,422,15,461,369,446
1039758973,800086609,79,419,0,496,340,496
1174591643,2940640134,72,413,13,490,341,477
1169934149,2887135840,0,499,109,389,499,280
1065561910,278519904,148,342,112,399,194,287
1236817784,3713900268,62,436,0,499,374,499
1163612014,2766382011,56,442,0,499,386,499
901400003,62981761,118,381,50,449,263,399
1006364908,423626531,73,426,0,499,353,499
1069453009,1251376501,110,389,145,354,279,209
1275560662,4006495110,160,427,88,481,267,393
1188521948,3067034410,69,407,123,398,338,275
1306857278,4168957796,0,499,81,499,499,418
1035176324,683292768,170,330,123,376,160,253
1075711276,1351973161,29,457,27,462,428,435
1319262443,4214118659,112,401,127,408,289,281
864287904,105572494,168,331,156,352,163,196
1240642904,3748290103,0,499,0,499,499,499
1324225681,4235883894,19,432,63,489,413,426
1117671386,1973979096,0,499,62,436,499,374
1275710839,4006539115,151,339,103,412,188,309
864060197,105384596,242,260,283,288,18,5
933256759,190109766,85,414,4,495,329,491
1240726317,3748205559,204,321,101,374,117,273
1104107466,1824821253,72,426,0,499,354,499
1296701931,4129169651,83,415,0,499,332,499
1082887990,1471902653,62,436,0,499,374,499
1114942702,1937629154,0,499,83,416,499,333
1251932510,3846513608,139,355,121,384,216,263
1264345029,3920564098,146,343,193,305,197,112
933828965,191330146,0,499,0,499,499,499
1199428965,3229341065,0,499,109,389,499,280
1123642927,2054540812,0,499,0,499,499,499
1119407671,1998122081,98,427,65,444,329,379
933834440,60950238,62,437,0,499,375,499
830622308,1829009,71,427,0,499,356,499
1174593488,2940640487,145,361,138,357,216,219
1307760694,4172822831,0,499,0,499,499,499
1319411690,4214354211,37,477,48,466,440,418
964574616,247510524,174,321,117,365,147,248
1018823372,444304833,74,425,0,499,351,499
1280249709,4042975650,107,390,99,361,283,262
1307499553,4170895460,0,499,0,499,499,499
1136181322,2321726371,62,436,0,499,374,499
1268573374,3914701588,43,456,143,332,413,189
1243659032,3775275154,0,499,177,436,499,259
1275059311,4004072237,38,473,50,469,435,419
1076486131,1363982071,188,292,281,360,104,79
1287522730,4071377790,11,428,55,483,417,428
887935147,134159541,200,299,180,319,99,139
1276145566,4011383554,138,418,148,384,280,236
1306872236,4167094137,0,499,0,499,499,499
1196547011,3191986067,0,499,83,415,499,332
1111694159,1913809048,0,499,0,499,499,499
855350697,88230253,196,303,175,324,107,149
1324074450,4236041794,11,499,0,496,488,496
1258847150,3887560723,84,447,113,425,363,312
1239118389,3729829327,160,340,100,399,180,299
1320389988,4224252675,50,443,62,455,393,393
1066930572,1173353317,17,484,19,479,467,460
1053503804,290708025,77,433,74,427,356,353
913409082,157724568,0,499,40,458,499,418
1191048824,3101165648,34,471,63,409,437,346
975680582,102140260,176,318,154,358,142,204
1234851049,3250784144,90,409,12,486,319,474
938216080,199667107,0,498,156,342,498,186
1308114732,4174407402,102,405,24,470,303,446
1278558749,4035895264,0,499,0,499,499,499
608655132,54873953,0,499,63,437,499,374
1288562176,4083567987,67,431,0,499,364,499
1240712879,3748071049,7,494,111,384,487,273
1127347954,2121747404,0,499,19,479,499,460
1225937683,3594072381,0,499,83,415,499,332
1252628145,3850328872,0,499,62,436,499,374
1257270421,3879904080,27,468,114,350,441,236
1313681889,4199858093,61,438,70,426,377,356
1256507274,3874327715,166,330,42,459,164,417
1275294976,4003956673,135,356,27,462,221,435
1253615851,3857914803,0,499,82,433,499,351
1248416371,3814872632,18,482,120,382,464,262
440431930,50155803,125,374,85,414,249,329
1124638566,2079819395,152,346,100,384,194,284
1008424995,436468856,68,430,0,499,362,499
1321997600,4229797304,0,499,0,464,499,464
1190259105,1876687705,111,393,80,422,282,342
1273177724,3992577325,25,474,31,472,449,441
1241246261,3752161389,0,499,109,390,499,281
1138228732,2361802850,0,499,62,436,499,374
1082414824,1457854019,0,499,62,436,499,374
1318451704,298697365,28,481,79,420,453,341
1237272963,3716303508,0,499,0,499,499,499
1010525990,447626930,148,307,155,362,159,207
1301271738,4150971671,30,470,99,428,440,329
1306604990,4168874588,0,499,0,499,499,499
1241968222,3761295426,50,449,41,458,399,417
1079155913,1414869590,70,422,174,343,352,169
1204207650,3287146958,133,446,93,444,313,351
1240727367,3748206418,54,457,131,371,403,240
1292033664,4105729367,16,485,20,492,469,472
549202503,53493279,193,308,192,315,115,123
844555491,72716747,62,436,0,499,374,499
1307832279,4172828483,0,499,0,499,499,499
1316317171,4209030553,0,499,0,499,499,499
1027387132,571040196,0,499,62,436,499,374
1275992448,4010220935,45,468,70,459,423,389
1156266228,1854623394,85,451,114,373,366,259
1324225379,4236298618,50,452,82,414,402,332
1261389038,3898719209,62,452,27,470,390,443
1207972418,3348269073,138,365,86,433,227,347
1250959540,3836740117,135,362,47,482,227,435
1261401423,3898720405,136,351,0,427,215,427
931806660,186638827,165,318,127,346,153,219
1051759614,981230218,335,345,341,347,10,6
1243382322,3773714371,55,446,20,479,391,459
1258834704,3887557567,0,499,0,499,499,499
985435915,290361306,40,459,0,494,419,494
1192459629,3128632781,103,391,25,435,288,410
1275527211,4006491829,26,499,142,499,473,357
1314017002,4201306797,136,363,26,469,227,443
1232369514,3660534488,0,499,176,436,499,260
1318786307,4217852988,85,397,201,348,312,147
1018943465,513349382,0,499,109,389,499,280
1192148056,3122618274,68,432,22,488,364,466
1311102241,4181903461,58,431,13,450,373,437
1242095950,3762248138,86,416,21,493,330,472
1247402354,3809516721,7,489,104,370,482,266
1237270320,3716302554,51,352,102,375,301,273
1260351533,3893198117,56,439,121,340,383,219
909041826,150676949,90,419,17,484,329,467
946580688,204251288,178,320,156,342,142,186
1122079253,2046028022,94,405,101,398,311,297
1025671497,554019755,33,463,25,472,430,447
1054749006,1048003593,42,468,147,382,426,235
1308716803,4177590070,0,499,0,499,499,499
1158120540,2695196877,191,317,23,470,126,447
1009325220,440658303,100,399,56,443,299,387
1027116367,569944736,100,399,67,431,299,364
1247531440,3811349307,79,419,0,499,340,499
980579684,283761897,37,473,6,469,436,463
1281432309,4047656978,0,499,87,411,499,324
1178324974,2984244884,0,499,0,499,499,499
1098089139,1678726375,0,499,12,487,499,475
1133346998,2243904816,0,499,0,498,499,498
1023330336,536041308,139,319,174,335,180,161
926302214,178330716,0,499,62,436,499,374
845625684,74550598,62,436,0,499,374,499
1261412518,3898723048,73,424,66,468,351,402
1262691423,3910477827,0,499,29,469,499,440
1318470205,1127936557,2,466,57,465,464,408
1100060682,1711736239,110,389,51,447,279,396
1149925897,2567140699,145,353,21,478,208,457
290996846,17400281,62,436,0,499,374,499
973606522,269653648,70,406,71,435,336,364
1302489092,4155419768,0,499,0,499,499,499
1144760711,2475850738,165,339,190,335,174,145
1095677444,1636275990,76,452,18,499,376,481
1201830540,3249403331,22,471,64,423,449,359
1125000003,2087485671,96,442,23,447,346,424
1323558309,4231860155,21,478,29,471,457,442
956372744,138714386,5,488,72,416,483,344
1261425562,3898728569,0,499,0,499,499,499
1097603539,1612299446,57,439,10,488,382,478
1301826362,4153551966,170,332,133,368,162,235
1194234072,3123858649,0,499,62,436,499,374
1254806379,3866394050,0,499,0,499,499,499
1316215821,4200877986,28,499,4,494,471,490
1015750088,490009262,0,499,62,436,499,374
1174910390,2944507157,63,436,0,499,373,499
1007496740,435016619,72,426,0,499,354,499
1027081657,569873057,103,396,50,449,293,399
296862079,5125248,62,436,0,499,374,499
1313483695,4183346888,94,467,52,396,373,344
1044222730,856058378,171,326,84,474,155,390
1166900174,2826063774,103,387,43,455,284,412
1270800573,3970427039,62,436,0,499,374,499
1112969738,1925367657,73,428,49,451,355,402
1319428714,4214364199,27,464,33,470,437,437
1278355240,4033663132,90,409,0,487,319,487
1240159258,3743741027,0,499,193,436,499,243
1328299874,4250631302,0,499,0,499,499,499
933251978,190103729,72,426,14,499,354,485
1249535082,3819980447,186,285,220,275,99,55
1225887465,3209403492,133,357,140,370,224,230
1264122906,3923186228,0,499,0,499,499,499
1282768974,4057517438,88,432,27,490,344,463
1263901887,3921319613,125,378,10,499,253,489
1043227038,849040395,13,483,39,457,470,418
861304843,99550192,69,430,0,499,361,499
1281930772,4051658084,71,449,59,404,378,345
1196885492,3199020478,61,445,62,422,384,360
1277525520,4019807682,65,440,120,427,375,307
1241684596,3759522693,135,364,0,499,229,499
1277061686,4014669966,4,489,74,430,485,356
1306877699,4167094685,106,388,51,463,282,412
1236529284,3707703853,62,436,0,499,374,499
1299288582,4141675852,33,466,116,467,433,351
1113061610,1926714928,23,482,19,479,459,460
1196212601,3182722339,66,438,139,410,372,271
1008014472,435872787,150,349,114,384,199,270
1253474764,3856810300,0,499,0,499,499,499
1193623495,3147648295,135,364,176,341,229,165
1276445702,4013276120,7,492,43,464,485,421
1192517124,1876686142,148,357,91,420,209,329
1115724009,1949898839,0,499,73,426,499,353
1302929309,4155348869,29,460,21,487,431,466
869262437,113111559,87,416,13,485,329,472
1174262436,2936095262,80,419,0,499,339,499
1205739995,3309588420,0,499,62,436,499,374
1298195544,4138877739,100,399,100,399,299,299
1204229847,3287248758,123,390,67,477,267,410
1108782506,1878703273,0,499,62,436,499,374
1281991562,4053876153,49,471,170,379,422,209
1146387791,290911797,60,447,9,494,387,485
1006815726,428486884,0,499,109,389,499,280
1202890774,3226779852,72,427,0,499,355,499
882769926,127556550,142,364,102,403,222,301
1223104405,3571179893,62,436,0,499,374,499
1283563869,4061584695,0,499,0,499,499,499
1191068606,3101331619,230,271,163,196,41,33
955659152,220264226,54,445,0,499,391,499
912423240,156523428,82,423,132,368,341,236
1223587652,3582305732,0,499,62,437,499,375
1020171560,520465631,211,466,204,293,255,89
1200872331,2169066701,105,406,20,488,301,468
1280503110,4045004876,88,480,19,499,392,480
1262174461,3905725082,0,499,0,499,499,499
1066113263,278562324,156,342,148,399,186,251
1265222304,3929898844,0,499,0,499,499,499
229885830,6338321,150,349,107,391,199,284
1207983828,3348128422,0,499,109,389,499,280
1295781275,4125586780,0,499,109,389,499,280
1247659034,3812248271,13,491,59,341,478,282
1025433458,550813750,140,359,83,416,219,333
1213772635,3453291353,0,499,62,436,499,374
1079278710,1418192294,6,457,168,417,451,249
1316132885,4200872639,21,479,149,345,458,196
1284034220,4064113351,91,408,22,428,317,406
1030244227,596237663,110,389,145,354,279,209
1196326196,3185523959,67,417,89,441,350,352
1236460696,3707079880,0,499,0,499,499,499
941678411,207257917,173,328,183,311,155,128
1248382085,3814874463,90,424,148,426,334,278
964205054,246234114,201,301,27,487,100,460
1007552030,435092079,105,393,50,449,288,399
994939994,205288896,0,499,74,425,499,351
1124838385,2085018133,110,389,54,445,279,391
1061559948,511836353,177,373,3,476,196,473
1225886755,2886591756,125,374,125,374,249,249
1173505289,2920350333,12,486,0,499,474,499
865189532,107477513,96,402,152,347,306,195
1277782046,4026082767,26,484,48,441,458,393
1185871616,3023799470,0,499,2,496,499,494
911789830,154704515,67,436,16,480,369,464
1257525133,3881701623,39,499,41,499,460,458
1192165566,3122724304,71,431,236,486,360,250
979520278,282086532,151,346,122,383,195,261
1032666287,627089989,94,405,27,471,311,444
1031549315,612506508,76,439,120,374,363,254
1089416964,1548295105,178,334,174,337,156,163
1262529346,3908516305,40,465,87,444,425,357
1282286820,4055998101,20,479,21,479,459,458
1237235326,3713893376,0,499,62,436,499,374
915094819,159602769,226,273,102,395,47,293
881912252,126464717,0,499,59,440,499,381
1161110713,2722928471,11,486,15,478,475,463
1147317264,2530890576,0,499,44,456,499,412
973069695,267618237,0,499,83,415,499,332
1215770300,3472752850,28,474,5,440,446,435
1027307573,570699732,114,384,50,449,270,399
933252153,190106216,73,426,0,487,353,487
972222825,264610868,118,380,170,344,262,174
970499459,124584568,32,466,0,499,434,499
1027272724,570630159,108,391,50,449,283,399
1283773587,4061611955,6,499,83,499,493,416
1174587268,2940638866,169,331,195,306,162,111
1127179893,2116511228,170,341,192,360,171,168
968707697,254640909,4,495,10,489,491,479
1310683231,4184802219,8,487,25,361,479,336
933192933,189994238,129,370,67,434,241,367
1261429984,3898729626,71,418,103,499,347,396
1138604697,2361171501,163,357,31,483,194,452
844939550,73496351,62,436,0,499,374,499
1211887470,3312222473,0,499,63,435,499,372
1277601141,4023549208,86,416,76,441,330,365
1301924463,4153231014,34,394,0,459,360,459
1196861552,3199797589,33,464,168,332,431,164
1068098926,1189095587,154,344,161,399,190,238
863161039,103587189,87,410,0,499,323,499
1190253765,1876684337,180,300,80,387,120,307
1070249036,1266981559,60,391,97,383,331,286
1265230719,3929958281,11,489,116,382,478,266
1269898841,3956524213,0,499,62,436,499,374
1255921904,3872350475,0,499,62,436,499,374
1285035931,4066255359,42,478,56,441,436,385
1262582998,3908953944,265,424,194,409,159,215
1218185224,3506295330,0,499,0,499,499,499
905262232,149103196,68,431,0,499,363,499
1316766982,4200962127,0,499,0,499,499,499
1120355888,1951242451,125,374,88,411,249,323
1105046034,1846470655,150,349,119,399,199,280
1212834015,3426722681,0,499,62,436,499,374
707894911,7224007,68,431,0,499,363,499
1294486816,4122564794,0,499,0,499,499,499
1265215690,3929900574,119,436,22,467,317,445
1279899831,3259488391,0,499,62,436,499,374
1188522168,3067034517,36,421,147,368,385,221
1315208843,4204293723,39,414,32,487,375,455
1316215197,4200877965,138,365,164,335,227,171
1318706205,4217953328,8,474,156,499,466,343
1025671495,554016144,100,389,15,476,289,461
1288888701,4086012901,40,468,10,494,428,484
858187409,61256574,73,429,0,499,356,499
1305248708,4163253480,83,415,0,499,332,499
1288452083,4082114660,122,377,0,499,255,499
1196546398,3192083850,62,436,0,499,374,499
1145508125,2497338631,42,460,154,379,418,225
1133288960,2246672559,74,425,0,499,351,499
1191326558,3104994164,105,391,147,352,286,205
1319132621,4217994792,16,499,5,499,483,494
978008092,278582342,96,403,141,499,307,358
1269772597,3962600860,0,499,62,436,499,374
1252627333,3850328373,0,499,169,436,499,267
1135096427,2296701783,0,499,72,427,499,355
1227567242,3612221813,0,499,0,499,499,499
1007521473,435031750,71,427,0,499,356,499
1238327750,3726468650,75,417,0,499,342,499
1189478458,3078335251,112,433,72,444,321,372
1196212661,3182722354,38,466,112,437,428,325
1175353427,464146519,43,441,31,471,398,440
1297918613,4137648453,114,499,0,473,385,473
1142061329,2446326444,72,467,101,418,395,317
1294483459,4122564508,49,480,162,364,431,202
1027222664,570619748,113,385,50,449,272,399
1211220633,3393689810,9,490,69,430,481,361
859038125,93889471,62,436,0,499,374,499
1299875808,4143825966,0,499,7,499,499,492
1213852277,3454239620,155,344,117,382,189,265
1123660219,2059868727,64,435,64,440,371,376
1282174302,4055589326,87,440,46,451,353,405
1006260510,421857814,0,499,62,436,499,374
1268908692,3944198188,82,422,106,406,340,300
1262958660,3513756332,25,460,114,390,435,276
1291290256,4101477357,41,459,101,422,418,321
926465270,178699709,0,499,62,436,499,374
328754994,7415018,201,297,182,316,96,134
1278119651,4029714588,179,331,24,430,152,406
949260909,212190757,149,347,146,346,198,200
921249442,168344655,50,456,95,493,406,398
1282968110,4057770847,0,499,0,499,499,499
1145366647,2494083150,0,499,0,499,499,499
1061237083,278583243,156,342,152,399,186,247
1323253726,4231686644,30,499,13,499,469,486
1323321702,4231696981,23,463,25,467,440,442
1273486711,3992737735,22,480,27,469,458,442
1226861222,3604510811,3,494,47,495,491,448
1265542564,3931671526,0,499,0,499,499,499
852573410,83529870,138,360,95,404,222,309
859407619,70286554,62,436,0,499,374,499
1174592132,2940640268,6,491,54,459,485,405
1051759227,981230112,223,458,358,457,235,99
939598749,202340896,70,428,0,499,358,499
1168888095,2866761982,56,437,27,468,381,441
1008191772,436099239,107,391,50,449,284,399
1282806778,4057523839,0,499,0,499,499,499
1249533657,3819977765,30,462,60,426,432,366
1132889184,2073978870,55,431,208,292,376,84
1134540686,2286883671,65,434,0,499,369,499
1275613683,4007155313,0,499,0,499,499,499
1313132238,4197490468,0,499,0,499,499,499
1313968250,4200634531,0,499,20,478,499,458
1031549405,612506514,142,411,129,361,269,232
1075711451,1351973170,64,456,23,469,392,446
1269967700,3964228348,0,499,62,436,499,374
1279487893,4039912431,0,499,46,453,499,407
1131862844,2213115913,77,422,0,499,345,499
941558397,206956051,133,366,100,399,233,299
1288077927,4079555660,0,499,0,499,499,499
1257079104,3878279454,96,403,1,498,307,497
250630835,7448480,223,285,195,318,62,123
1278843293,4037445885,9,486,30,484,477,454
1158014062,2681819287,0,499,62,436,499,374
1088812671,518997379,71,427,0,499,356,499
1251485318,3842786287,119,372,191,334,253,143
1252627883,3850328649,0,499,62,436,499,374
1277618412,4023550194,135,363,48,453,228,405
1265196671,3929887915,2,473,72,407,471,335
874538528,105708244,79,417,14,499,338,485
1187981704,3060243375,41,457,0,499,416,499
1241415719,3756662106,209,287,196,302,78,106
1220669535,3550311579,62,436,0,499,374,499
1132489859,2227094984,0,499,62,436,499,374
1133108824,2243212194,62,436,0,499,374,499
1314033544,4200640173,75,462,61,413,387,352
1036746809,719372211,63,432,59,458,369,399
1251478439,3842784200,41,499,28,499,458,471
921683651,169188236,62,436,0,499,374,499
1123449599,2048866387,0,499,109,389,499,280
1271674399,2534480172,67,432,155,377,365,222
1219106364,3523602887,0,499,62,436,499,374
1284894371,4066224319,0,482,5,499,482,494
1019336359,516402434,15,485,68,435,470,367
1041186565,824466389,48,452,71,433,404,362
1079156002,1414869572,68,431,133,374,363,241
1238256492,3727068614,136,350,118,404,214,286
1319430308,4214364247,49,437,105,403,388,298
1274503156,6239884,65,433,0,499,368,499
1256103042,3873229484,0,499,0,499,499,499
821773880,62666408,69,429,0,499,360,499
1273223844,3992590635,0,499,0,499,499,499
1310590850,4184445891,23,473,134,354,450,220
1261693494,3900592907,98,499,0,499,401,499
1215207958,3469562520,90,408,12,489,318,477
1261198627,3896723019,40,458,85,398,418,313
1198168846,1859587716,137,361,100,399,224,299
1292485241,4108932659,3,488,154,391,485,237
1110302049,1893014621,0,499,0,499,499,499
1095052154,1631551953,51,441,100,434,390,334
1305846471,4166953923,106,388,51,463,282,412
1141659266,2426269261,0,499,62,436,499,374
1270134440,3969248358,0,499,0,499,499,499
1309068476,4179411414,30,488,81,464,458,383
1283032027,2593684399,83,415,0,499,332,499
1173359169,2927379335,11,482,46,444,471,398
836128270,70586003,0,499,83,415,499,332
1222878649,3576284632,25,435,23,482,410,459
1262172809,3905724440,54,475,68,423,421,355
974190279,270757174,70,428,0,499,358,499
1220627338,3547537700,0,499,62,436,499,374
1261421981,3898726997,148,322,64,426,174,362
1244541203,3785187877,0,499,145,436,499,291
946713999,208715308,147,373,175,332,226,157
1314955291,4204284516,48,417,24,492,369,468
1035009736,679468996,66,432,0,499,366,499
1174587820,2940638989,1,481,9,480,480,471
1318863479,4220197592,125,413,85,498,288,413
1258618745,3886016108,63,437,108,389,374,281
1295025998,4124900688,61,437,0,499,376,499
1176505138,2958501626,72,427,72,426,355,354
1026973135,569858102,109,389,50,449,280,399
1058530348,1086269092,44,465,147,348,421,201
1318794821,4217853800,3,489,3,494,486,491
1262338835,3906638982,71,426,66,448,355,382
1284082503,4063405560,0,499,0,378,499,378
845765253,74854258,66,433,0,499,367,499
1322871192,4231779487,24,474,35,456,450,421
1309556526,4152809669,91,396,32,464,305,432
1118916951,1989302951,59,396,161,342,337,181
1089174167,1549674207,79,420,0,499,341,499
1237185784,3716584117,10,459,88,480,449,392
1308833665,4177838624,37,451,104,382,414,278
1215388239,3470125922,148,350,126,373,202,247
1128649549,2152081868,0,499,0,499,499,499
1256429352,3874305251,0,499,0,405,499,405
1300735155,4148440753,64,442,188,373,378,185
1234768173,3690228609,74,423,34,453,349,419
901019604,146512646,0,499,62,436,499,374
286049438,3816261,0,499,77,421,499,344
1104326328,1830616048,106,415,13,247,309,234
1083634660,1485055624,154,344,100,399,190,299
1192188549,3123055796,71,431,249,486,360,237
1193272612,2767932112,46,473,32,471,427,439
1186940822,3032662768,60,439,0,499,379,499
1231022487,3642403175,89,426,12,482,337,470
1271257096,3976840513,41,469,108,435,428,327
1202812405,3263080374,0,499,62,436,499,374
833165237,63610655,62,436,0,499,374,499
911789264,155378414,16,481,79,420,465,341
1310356671,4182157964,18,385,33,466,367,433
1204264880,3219904171,118,394,3,413,276,410
1309570009,4179944908,101,417,17,476,316,459
1007590355,435040427,62,436,0,499,374,499
1274247692,3997824227,0,499,0,499,499,499
1243404853,3773718277,19,480,75,420,461,345
1042991436,831099869,69,354,172,327,285,155
1156162671,2665607067,83,416,0,499,333,499
1262733539,3910821661,17,480,101,401,463,300
1276758229,4016003566,22,499,0,499,477,499
1257328172,3879906609,12,499,0,455,487,455
1243785976,3776003394,168,423,50,458,255,408
1178324975,2984244888,47,451,48,451,404,403
1209157203,3366054807,128,385,116,398,257,282
854307591,82183044,0,498,1,498,498,497
933336914,190264787,68,431,0,499,363,499
1223077539,3571556943,0,499,61,437,499,376
1192162230,3122714972,68,432,22,488,364,466
1014900353,474263193,0,499,92,407,499,315
1270227501,3969432893,88,412,160,339,324,179
1301378542,4150950330,49,446,17,480,397,463
1043997770,855307760,156,342,100,399,186,299
1282297489,4056046087,21,487,125,374,466,249
1264344205,3923658609,120,378,167,332,258,165
1065104587,1146460933,86,415,128,466,329,338
1174593933,2940640659,141,367,136,352,226,216
1023333743,536076505,65,434,147,372,369,225
1322965610,4232369191,23,483,8,468,460,460
1019288211,516362445,42,453,137,369,411,232
1314780983,4186690029,0,499,271,326,499,55
1008163766,436107303,100,399,33,465,299,432
1171297408,2906320776,0,499,62,436,499,374
927603703,180670052,40,442,122,437,402,315
1193218954,3135869498,62,436,0,499,374,499
1305402722,4165070748,102,397,171,344,295,173
1236934096,278410991,128,399,125,485,271,360
1239450383,782646953,39,456,150,357,417,207
1253262323,3855780484,0,499,0,499,499,499
1126864413,2109047681,0,499,0,499,499,499
1137850194,1912318898,0,499,0,499,499,499
1278800414,4037084215,72,446,75,429,374,354
1301518612,4150995379,0,499,0,499,499,499
1178433310,2761285620,0,499,83,415,499,332
1239450128,670252259,17,446,153,342,429,189
1211992085,3411337162,161,337,0,495,176,495
1279078074,4037091122,96,429,33,451,333,418
1309774408,4178166394,10,493,18,482,483,464
1072080965,1299994870,50,449,19,479,399,460
1137535086,2345162986,37,424,86,419,387,333
84692530,1670473,136,363,75,424,227,349
1308937250,278381371,100,399,14,484,299,470
1236540293,3707158049,62,436,0,499,374,499
1247559150,3811468750,62,436,0,499,374,499
1285873843,4017685167,0,499,0,499,499,499
1163964342,2777008146,62,436,0,499,374,499
1098191205,613737217,176,323,123,356,147,233
1225410258,3589914262,14,485,56,456,471,400
1292871872,4114275554,46,479,81,398,433,317
977698544,278524996,83,416,48,479,333,431
1308790431,4177815839,54,453,166,390,399,224
1217138730,3490090697,228,263,221,278,35,57
1277567974,4024763805,0,499,0,493,499,493
936387351,118535085,71,423,6,490,352,484
1116979083,1967229023,230,270,193,279,40,86
1067030171,1174919094,50,449,1,498,399,497
1257674298,3881724358,21,453,117,474,432,357
1277771906,4026075559,35,462,118,392,427,274
1220849603,3546847874,27,488,159,384,461,225
1321395312,4227378924,5,490,111,387,485,276
1082507947,1453337922,249,250,125,248,1,123
1186939967,3040013149,29,451,42,413,422,371
1141830956,2442792483,90,402,29,488,312,459
1232450033,3662539250,73,426,22,499,353,477
1230829565,3639922907,71,427,0,499,356,499
1074172926,1328747864,0,499,62,436,499,374
1096419247,1653451582,156,352,3,313,196,310
1313901874,4200414203,56,442,57,444,386,387
1269042937,3955105840,34,440,22,474,406,452
1275249145,4005356946,53,447,113,394,394,281
1019982300,518501970,0,499,44,454,499,410
1265511425,3931447898,15,465,73,454,450,381
1041887011,834301981,73,426,0,499,353,499
1211783383,3410000154,24,466,62,448,442,386
1164648715,2788828925,111,387,55,439,276,384
1072570510,1307247842,52,410,107,364,358,257
1217862798,3494577131,169,332,83,390,163,307
1305112972,4164668096,106,388,51,463,282,412
1204248188,3287288334,70,428,0,499,358,499
1026916280,569742382,100,399,70,429,299,359
980440014,283499544,90,409,0,499,319,499
1277528411,4019812310,95,292,185,306,197,121
917988995,163704732,63,436,0,499,373,499
941103795,205800916,166,339,132,368,173,236
1115547309,1712289006,0,499,0,499,499,499
1273070755,3992396263,0,499,0,499,499,499
362033404,19787455,175,324,139,359,149,220
1027902843,577491653,33,466,0,499,433,499
1225664553,3442119701,125,355,125,355,230,230
1301490061,4150987284,37,499,0,499,462,499
947134671,209241716,189,309,165,334,120,169
1103747633,1818284771,21,477,40,459,456,419
1108247479,1872730577,0,499,109,389,499,280
862631362,102703670,113,385,57,442,272,385
1264031965,3923101464,0,499,0,499,499,499
1314536818,4186309922,36,467,114,404,431,290
1269256163,3951997062,0,499,62,436,499,374
1289839342,4089736884,0,499,0,499,499,499
1323056143,4231410409,11,469,142,408,458,266
1161255416,2735714462,43,456,104,369,413,265
1237265442,3716300083,64,457,112,417,393,305
1008134839,436065380,150,349,121,378,199,257
1275667881,4006518821,60,440,26,471,380,445
1268719105,3951838552,0,499,0,499,499,499
1065916753,1146190318,144,354,100,399,210,299
1230048230,3630899009,0,499,62,436,499,374
1190251221,2088058397,0,499,62,436,499,374
1306904988,4167095888,106,388,51,463,282,412
937730360,198877921,90,409,26,472,319,446
1257972099,3879960441,0,499,109,389,499,280
1283545837,4061584077,0,499,0,499,499,499
1321055092,4221731462,133,370,184,327,237,143
885871995,131623080,75,424,0,499,349,499
1004388417,404442743,16,488,48,455,472,407
1299720741,4143441684,0,499,0,499,499,499
1153326080,2625372285,0,499,62,436,499,374
1023121110,532968843,110,378,77,410,268,333
1160434167,2724411744,40,456,128,394,416,266
987340565,294177698,74,424,0,499,350,499
1316195555,4200877131,10,488,11,442,478,431
1153789424,1557043073,64,425,0,499,361,499
1174587351,2940638884,51,462,39,458,411,419
1274861199,2474931,49,449,0,499,400,499
1250036423,3828897628,2,499,152,345,497,193
1256999373,3876692474,132,382,101,405,250,304
1283696919,4061598987,0,499,0,499,499,499
1125458146,2091699142,150,348,120,399,198,279
607188242,18564125,179,304,160,340,125,180
1255676037,3870819512,26,473,50,472,447,422
1271698073,3979564137,0,499,0,499,499,499
1159393884,2713617889,79,419,0,499,340,499
1237948143,3724396413,0,499,38,461,499,423
1265207495,3929890075,15,484,36,457,469,421
1305422219,4165669422,0,499,0,497,499,497
1191536596,3109785931,64,437,123,374,373,251
940529490,138759467,126,445,220,280,319,60
844661866,72971237,90,409,130,369,319,239
909278793,153775756,100,399,118,381,299,263
1067030051,1174918355,86,413,0,499,327,499
1282000510,4050750763,0,499,0,499,499,499
1011019783,449732073,0,499,89,409,499,320
1313621930,4197536549,0,499,0,499,499,499
1113105465,1832989933,175,294,1,495,119,494
1308949573,4171369357,0,499,86,436,499,350
1057791879,286875105,130,374,156,335,244,179
1108069099,208300126,75,423,6,492,348,486
1254914376,3866982901,6,490,12,499,484,487
1255132378,3868341365,56,421,65,437,365,372
1174587099,2940638835,51,462,39,458,411,419
858510807,92940352,124,389,51,449,265,398
1241012405,3752128911,224,271,210,286,47,76
989191022,294348369,35,455,48,453,420,405
1308832313,1455484814,100,399,50,449,299,399
1192013379,3120284863,122,362,64,402,240,338
861883342,100686948,188,311,164,335,123,171
1248644324,3816940514,7,494,92,395,487,303
1153303231,2605321703,201,294,215,282,93,67
1275673903,4006527466,0,499,14,499,499,485
1213648045,3451439062,106,392,50,449,286,399
1156925688,2678801973,0,499,115,416,499,301
1248833577,3817891023,0,499,0,335,499,335
1155138544,2649520222,14,471,87,422,457,335
1306853177,4168957314,47,461,133,447,414,314
1261193347,3898711256,4,491,82,399,487,317
1275173048,4003930372,70,448,95,481,378,386
1322062789,4229647292,91,410,92,410,319,318
1211983064,3414348133,13,480,52,471,467,419
1133294059,276428773,125,373,65,434,248,369
1265375960,3930103500,162,349,28,465,187,437
1192042209,3120528875,15,491,100,428,476,328
1118944309,1989657475,133,360,32,469,227,437
1053594654,1035143113,79,419,0,499,340,499
1067585995,1169370622,83,415,0,499,332,499
1307400858,4171238291,38,469,106,405,431,299
1305439774,4144894690,48,363,122,407,315,285
1173344432,2925959932,180,320,188,312,140,124
1236846476,3707735197,106,383,76,445,277,369
1026812592,569556603,50,449,103,395,399,292
947711548,206216984,91,407,4,492,316,488
1318352684,4187088878,16,478,64,402,462,338
1248063608,3813952110,0,431,75,424,431,349
1241206352,3753871277,75,412,84,436,337,352
1244540882,3785187777,0,499,62,436,499,374
1301565963,4151265213,0,499,0,396,499,396
995102400,303051750,92,423,90,397,331,307
1273280180,3992552277,41,457,47,467,416,420
1278858862,4019436215,17,423,123,391,406,268
1261857723,3901399457,13,491,20,425,478,405
925185834,176652662,82,417,0,499,335,499
870581785,115057738,56,499,60,456,443,396
1276049553,4010225198,0,498,54,499,498,445
1258428593,3883446076,27,464,27,467,437,440
1303688177,4159316108,106,388,51,463,282,412
981987761,285428208,41,447,175,329,406,154
1243712138,3773926812,0,499,62,436,499,374
1268948875,3953957659,49,448,0,499,399,499
1100074571,1711732971,70,429,145,354,359,209
956185599,221161269,63,436,32,467,373,435
1301193021,4150963984,27,477,75,410,450,335
1198703136,3219901930,132,363,42,479,231,437
1209393654,3376519451,73,426,0,499,353,499
1323276892,4231689292,61,482,191,486,421,295
1242098871,3762504165,7,484,24,460,477,436
948679633,211397689,0,499,73,426,499,353
987478488,294315707,160,339,130,356,179,226
1039931957,804884905,73,426,0,499,353,499
1088818100,1544503844,79,414,125,387,335,262
1217303835,3492927000,0,499,83,415,499,332
957050794,223616146,87,411,0,499,324,499
913675828,158101171,0,499,83,415,499,332
1246381595,3798822624,101,394,116,457,293,341
1239098147,3732781817,0,499,62,436,499,374
904815015,60996295,62,436,0,499,374,499
1257507081,3881706765,0,499,0,499,499,499
1276030225,4010224699,76,499,0,449,423,449
1314400337,4202302040,225,287,34,482,62,448
872551658,117812221,76,423,0,499,347,499
941622220,207151322,164,335,188,310,171,122
1252627476,3850328437,0,499,62,436,499,374
1220488144,3546524943,39,452,134,351,413,217
1159935104,2721804902,57,440,64,435,383,371
1241459309,3757415853,0,499,62,436,499,374
1194433086,2767761474,145,343,133,334,198,201
1300295759,4145581696,10,487,89,457,477,368
934099923,85517164,200,299,175,324,99,149
1194561306,3160906224,27,475,69,450,448,381
1227457493,3609724542,72,434,104,347,362,243
1276991968,4018146674,40,452,7,490,412,483
1004577680,404029667,0,499,63,436,499,373
1259318986,3887627950,59,436,73,441,377,368
1225872935,2910570634,137,362,177,319,225,142
1314537786,4202821646,21,478,21,478,457,457
1198889781,278536465,144,354,100,399,210,299
1100067307,1711692348,180,319,153,346,139,193
1282199572,4054684950,80,397,150,404,317,254
1276358118,4012750545,17,455,61,467,438,406
1075572543,1349767733,10,490,66,430,480,364
1218952716,3521727917,45,456,52,448,411,396
1313694454,4183925542,76,415,40,475,339,435
1127505940,2123839580,0,499,0,499,499,499
1007526812,435033494,84,414,0,499,330,499
1301799654,4148056136,10,488,0,499,478,499
1319055786,4220470182,152,371,70,447,219,377
443305930,50211384,100,399,52,447,299,395
1269901826,3963329026,13,478,82,428,465,346
1007802927,435263196,160,339,110,389,179,279
1245180483,3789530376,85,414,0,430,329,430
940886513,205315793,0,499,151,347,499,196
987582649,294385461,93,441,171,355,348,184
1216969209,3487829429,136,368,110,407,232,297
1318976013,4218262994,0,499,50,499,499,449
978865323,131435242,206,260,161,339,54,178
1257257925,3879886840,66,441,133,416,375,283
1275773490,4008563518,0,498,0,499,498,499
1249533891,3819978071,0,499,0,499,499,499
1255758031,3871285849,11,484,77,431,473,354
1118983016,274824101,130,354,162,309,224,147
896879460,142943036,0,499,63,436,499,373
1106717097,1865930813,122,324,84,421,202,337
1301537882,4150997552,0,499,0,499,499,499
1088219075,1534868804,0,499,63,436,499,373
1267357968,3942387149,40,439,136,422,399,286
1322070500,4230260482,44,465,82,452,421,370
988975214,296115452,222,280,19,479,58,460
1307390069,4171236778,0,499,0,499,499,499
1211315847,2686002584,156,343,100,399,187,299
1190254183,1876686866,84,423,82,429,339,347
862424457,102147969,196,302,175,324,106,149
1247693430,3812644285,94,437,104,437,343,333
1257737107,3881730399,19,499,0,499,480,499
856341639,3911159,67,432,0,499,365,499
1205026299,3298348856,62,436,0,499,374,499
1303681950,4159315740,106,388,51,463,282,412
1310616957,4184531307,189,343,109,328,154,219
1310374021,4181900822,0,499,0,499,499,499
967148903,254368526,165,334,193,305,169,112
1190252224,2746553088,0,499,62,436,499,374
1087113749,1519185072,62,436,0,499,374,499
1318570649,4217948765,0,499,0,499,499,499
1202597385,3245640562,0,499,62,436,499,374
1225935732,3593991861,0,499,0,499,499,499
1166229953,2811026632,0,499,83,415,499,332
711427470,58975892,28,470,101,385,442,284
1303832004,4159427214,106,388,51,463,282,412
868236023,111673092,62,436,0,499,374,499
457398230,50440444,145,354,81,418,209,337
1198708186,3219955460,132,363,42,479,231,437
1178432265,1946245930,0,499,0,492,499,492
1259384282,3887635879,55,443,52,441,388,389
1260272323,3893192465,0,499,0,499,499,499
1266777494,3939947847,53,464,30,391,411,361
1138338494,2365056501,145,348,183,329,203,146
1283954932,4061636596,0,499,0,498,499,498
1157566994,2686856051,54,441,10,488,387,478
1105731540,1035088214,70,428,1,485,358,484
1323998642,4235887004,39,457,86,386,418,300
1168057230,2850670116,0,499,62,436,499,374
1040322460,811017525,9,492,86,414,483,328
1258909805,3887026399,109,389,0,499,280,499
1301540266,4151264605,148,310,130,456,162,326
1015523728,484961776,55,464,94,406,409,312
1246609943,3801240847,0,499,197,436,499,239
1308951966,4176749144,106,388,28,470,282,442
1279341795,4037443143,27,468,25,473,441,448
1009258375,440576066,108,390,50,449,282,399
1255982774,3872872577,53,440,97,421,387,324
1044826610,863366454,89,415,70,484,326,414
926827857,104409107,79,419,0,496,340,496
971801943,263373461,0,499,62,436,499,374
1237460458,1251777484,139,360,170,328,221,158
1311978241,4189037596,0,499,0,499,499,499
1295596753,4126963193,40,499,10,454,459,444
1128423833,473216431,156,342,100,399,186,299
984686659,289483356,21,124,230,267,103,37
1196612576,3195069402,110,389,54,445,279,391
1028888005,589264534,79,419,0,499,340,499
1277602044,4023549265,0,499,0,499,499,499
1174592525,2940640338,0,466,36,457,466,421
1312797163,4196123914,84,398,188,343,314,155
1302890982,4156934046,89,345,62,448,256,386
1192152769,3122671323,71,431,291,486,360,195
1249694573,3761651269,183,316,226,357,133,131
1319127920,4214004980,24,471,64,431,447,367
1077778304,1382756426,185,314,150,349,129,199
861160321,99358662,70,430,0,499,360,499
1007670502,435076415,147,352,100,399,205,299
1258653953,3885522255,79,437,68,424,358,356
940787094,205122465,231,271,0,499,40,499
1145354590,2494071879,16,482,11,482,466,471
1317748890,4213270582,0,499,0,499,499,499
1280142966,4019920913,75,439,128,370,364,242
1276938101,4018142280,33,470,65,475,437,410
1278868802,4037448201,73,452,168,347,379,179
1249535167,3819981988,205,295,208,292,90,84
1289308225,4087909480,23,466,74,448,443,374
1308391933,4176108304,0,499,0,499,499,499
1154987598,2646579421,13,484,57,465,471,408
1169771682,2820709919,83,419,24,483,336,459
1296303579,4130123013,65,427,59,440,362,381
1306608772,4168967272,0,499,0,499,499,499
1139366985,2387642546,0,499,0,498,499,498
1270619750,3972427968,161,363,106,478,202,372
1304031661,4160809467,79,390,122,374,311,252
1032496423,624213745,29,473,224,276,444,52
1127085272,2111058409,0,499,83,416,499,333
1304015755,4160807131,18,475,28,474,457,446
1231485810,3650519716,0,499,84,415,499,331
1128649543,2152081865,0,499,0,499,499,499
901941356,147018774,83,415,0,499,332,499
1174594345,2940640709,235,298,10,494,63,484
1027349281,570724595,114,385,50,449,271,399
1303908755,4159470146,82,416,0,499,334,499
1176503651,2958499434,7,494,124,374,487,250
971428942,262163826,0,499,236,262,499,26
1221450899,3563520997,0,499,0,499,499,499
1024921324,548463776,0,499,6,493,499,487
870699408,115245301,170,328,150,349,158,199
917064768,126542857,0,499,62,436,499,374
917516545,163072271,62,436,0,499,374,499
1228484701,3617308003,0,499,62,436,499,374
1227163371,3607250846,96,401,83,387,305,304
1114971455,1820228560,138,347,100,399,209,299
1215790267,3473402244,116,373,104,434,257,330
1127347918,2121747384,147,359,149,349,212,200
1070095490,1262689772,4,484,14,489,480,475
1285873346,4017685002,104,384,120,364,280,244
875589534,64380304,93,406,0,499,313,499
1134799834,2292422286,135,381,72,457,246,385
891734102,138463464,111,399,116,382,288,266
955611656,220175550,71,428,10,489,357,479
1312049941,4189101186,73,445,10,397,372,387
1094127811,1614541156,194,304,172,326,110,154
1304040872,4160811654,0,499,0,482,499,482
1283058549,2442925881,85,414,0,499,329,499
1138542470,2369961257,64,435,0,499,371,499
1247849825,3813571469,0,499,62,436,499,374
1046772702,878861048,15,494,98,401,479,303
1301275663,4151248718,72,388,90,410,316,320
1277570843,4023546762,0,499,0,499,499,499
1242873923,3219625844,100,399,15,483,299,468
1266931328,3940711041,193,297,192,277,104,85
1096275666,1646018751,0,499,0,499,499,499
1279309010,4037124066,48,438,59,443,390,384
1279013898,4037801143,8,485,29,482,477,453
1167841955,2846652872,56,443,17,481,387,464
1004678904,408760687,9,495,29,482,486,453
1195028182,3163814023,0,499,0,499,499,499
1013763607,243633240,0,499,62,436,499,374
1185655726,3021545450,166,339,169,333,173,164
1030877659,604719704,98,401,27,484,303,457
1309126717,4179725986,87,425,58,441,338,383
1241253768,3753678445,78,418,18,492,340,474
1190258587,2745856892,41,476,112,409,435,297
1252627986,3850328786,0,499,62,436,499,374
1045039599,864063465,69,430,1,492,361,491
1267993348,3945013549,0,499,0,499,499,499
1238739213,3729478716,192,335,15,499,143,484
1316167837,4200875847,61,464,44,430,403,386
1324273063,4235889633,0,378,68,479,378,411
1323676676,4234146987,0,499,0,499,499,499
1108317996,1870996152,109,389,0,499,280,499
965080280,249468311,125,379,29,470,254,441
987317276,294142994,159,338,146,372,179,226
1283688893,4061598123,0,499,0,499,499,499
1258318470,3881732885,93,407,152,366,314,214
1170173060,2892446569,15,478,15,492,463,477
1284176591,4063434608,67,473,91,469,406,378
977232672,277702785,0,499,111,388,499,277
1275984816,4010262306,0,499,0,499,499,499
1066930676,1173353242,29,458,89,402,429,313
863793570,104917259,8,482,221,362,474,141
1198101375,1174554787,161,344,113,386,183,273
1278119631,4029714448,84,401,7,480,317,473
1269082171,3953975213,0,416,58,499,416,441
1008154912,436068941,150,349,125,373,199,248
1316158229,4200875456,12,477,32,436,465,404
935323231,193297650,62,436,0,499,374,499
1265193155,3929867783,226,294,434,470,68,36
1308846392,281982634,100,399,18,480,299,462
1110715183,1899240914,73,426,0,499,353,499
1118605368,1986886813,0,499,66,433,499,367
1299304000,4141676593,0,499,9,499,499,490
935565316,195125026,0,499,51,448,499,397
1082260279,1464217215,133,367,97,402,234,305
1260274916,3893192673,30,482,120,361,452,241
1261174069,3898707889,0,499,140,359,499,219
1243380228,3773712008,22,475,23,476,453,453
1292782340,4108903858,22,488,19,489,466,470
1276433143,4013273180,7,493,11,485,486,474
1225887480,3209403501,137,361,168,361,224,193
1276320916,4012663046,161,358,128,428,197,300
1112173415,1877661308,123,375,0,499,252,499
1252819451,3852099954,134,365,89,410,231,321
1251988022,3846709850,102,423,20,410,321,390
957674154,224932601,6,458,102,389,452,287
1259300362,3887625703,0,499,56,499,499,443
1192037624,3120558021,71,431,257,486,360,229
1258237063,3883967423,92,411,45,473,319,428
1296832143,4132290537,83,416,0,499,333,499
1284982419,4066229121,85,406,91,477,321,386
1219598328,3527613803,0,498,62,436,498,374
1226405803,3591581825,0,499,142,436,499,294
1128472827,2148173885,0,499,62,436,499,374
1241423944,3756672493,212,292,196,305,80,109
1007632264,435152393,140,359,106,392,219,286
1275646928,4006904163,0,499,109,382,499,273
4678230,1244787,90,409,0,499,319,499
1322040859,4229643296,52,457,65,457,405,392
1062282091,1112683310,53,448,38,439,395,401
1281713977,4052932370,12,499,39,495,487,456
1324117768,4236042298,0,499,0,499,499,499
978860573,131435134,0,499,62,436,499,374
1029511489,591830030,40,471,94,398,431,304
1273170988,3993178340,8,494,147,335,486,188
940316070,203454419,0,499,80,418,499,338
1029867979,595385511,30,440,121,377,410,256
1300141135,4145102218,0,442,0,339,442,339
1009664428,211259959,184,307,159,349,123,190
884745553,130283788,61,437,0,499,376,499
1292871505,4114274942,0,499,0,499,499,499
1075760885,1352145685,35,434,146,349,399,203
1249535675,3819983405,172,329,231,339,157,108
1295605015,4126963452,32,467,164,385,435,221
941721653,48598697,155,349,115,389,194,274
1099081339,1923134851,54,499,110,388,445,278
1263265170,3893670135,48,473,164,360,425,196
1279998501,4042587820,33,465,45,475,432,430
1221460962,3563523842,25,496,1,499,471,498
1158121265,2695198147,64,400,69,458,336,389
1223626922,3580846788,56,452,97,394,396,297
1261664900,3900591697,118,373,30,489,255,459
1188462898,3065095721,0,499,62,436,499,374
914685767,159177851,82,423,1,499,341,498
1150544294,2577248882,0,499,109,389,499,280
1292020387,4105727985,46,457,15,468,411,453
1262578955,3908953536,24,469,108,416,445,308
1262504920,3908515833,103,499,0,353,396,353
1069071700,1219817038,109,389,0,499,280,499
1200757504,3243637535,19,474,41,416,455,375
1253403659,3856341322,16,485,20,481,469,461
1192479076,3128688790,0,499,62,436,499,374
1209064004,3367017935,0,499,62,436,499,374
660455402,4784885,73,425,0,499,352,499
1289791234,4089924169,44,280,114,415,236,301
1283953764,4063209293,112,450,79,448,338,369
956069945,220939475,171,317,173,301,146,128
1262881116,3910517515,0,499,29,469,499,440
1324201727,4236297932,72,426,4,493,354,489
1206468902,3320656397,71,427,0,499,356,499
1137612991,2337202284,72,426,0,499,354,499
854312464,87000026,0,499,62,436,499,374
1185839244,3023816560,126,374,203,303,248,100
964237367,246357887,14,483,111,391,469,280
1198691711,1100133995,154,344,100,399,190,299
1053150249,538213702,62,436,0,499,374,499
1291294236,4101477580,48,433,40,461,385,421
1328237644,4250626042,160,424,82,415,264,333
46594230,1886956,75,423,0,499,348,499
1216759295,3485072624,56,458,91,438,402,347
1141738178,2441216343,142,375,73,430,233,357
1323686931,4234147366,29,474,106,372,445,266
920826597,167360944,5,493,5,493,488,488
977900101,278558112,57,442,0,499,385,499
1018190074,509826425,71,427,1,499,356,498
1314593875,4186339684,177,316,26,477,139,451
1314289064,4186232160,45,441,60,367,396,307
1252627081,3850328254,0,499,62,436,499,374
1253152263,3855161635,124,402,8,493,278,485
1026820943,569604739,106,392,50,449,286,399
1251230625,3838169385,8,491,49,326,483,277
1184116310,3004879265,56,443,0,499,387,499
940504828,204035003,0,499,62,436,499,374
1026562687,567421791,0,499,55,443,499,388
893454061,140321622,71,427,0,499,356,499
1198906311,3221771076,11,492,57,475,481,418
1192170289,3122834913,68,432,22,488,364,466
1037704523,725293246,118,382,83,415,264,332
1241418752,3756669172,65,425,27,483,360,456
909818167,154143987,84,414,0,499,330,499
1301484290,4151261582,84,414,142,405,330,263
1149208027,2555224203,0,499,69,430,499,361
1267425775,3942853531,165,341,255,370,176,115
1243659724,3775275599,0,499,62,436,499,374
1077644467,1377048633,0,499,83,415,499,332
1228152876,3614754479,0,499,109,389,499,280
1146980778,2527236553,110,389,53,446,279,393
1264535876,3926140964,125,374,0,499,249,499
1104324776,1842310407,161,327,133,452,166,319
1269406795,3958471594,144,352,73,421,208,348
1288068165,4079555005,0,499,0,499,499,499
1218919468,3515718679,62,436,0,498,374,498
995102541,303052216,87,446,13,487,359,474
848702957,79720183,30,465,154,340,435,186
1169904066,2887191304,13,487,62,420,474,358
1314507819,4202303837,88,402,102,436,314,334
1264334139,2795229315,15,488,102,398,473,296
1008183278,436098426,100,399,141,357,299,216
1268441352,3951007634,150,349,41,474,199,433
908880137,153455361,50,449,104,387,399,283
862021466,100822713,0,499,40,459,499,419
1262192486,3894988025,49,450,134,423,401,289
1287839411,4079436752,71,359,72,394,288,322
1132971538,2235773131,62,436,0,499,374,499
1026009572,558485625,37,460,92,478,423,386
1123543656,2034798343,43,425,121,394,382,273
1265913472,3935624649,24,455,142,333,431,191
1277576917,4023547631,69,432,59,438,363,379
1239282573,3736121570,0,499,209,436,499,227
1310628239,4184581560,116,394,60,444,278,384
1293002151,4115624810,15,476,113,398,461,285
869690732,113681465,165,334,139,360,169,221
1087061463,1519098132,173,321,115,368,148,253
1255925214,3185172638,106,389,105,390,283,285
1301861478,4153654911,0,498,0,499,498,499
1256797489,3875046967,0,499,0,499,499,499
145444330,4461276,74,424,0,499,350,499
1024044676,537180953,62,436,0,499,374,499
1009322286,440684415,170,328,148,350,158,202
1158120497,2695196844,36,470,144,395,434,251
1320106404,4215368585,84,431,100,428,347,328
1305036197,4164657877,106,388,51,463,282,412
1027123331,569796520,100,399,54,444,299,390
1211831042,3401539198,137,362,81,419,225,338
1009340896,315529789,100,399,50,448,299,398
1243660006,3775275641,0,499,136,436,499,300
1244287704,3782144627,0,499,62,436,499,374
987514388,294317532,48,450,0,499,402,499
1296730294,4131990788,103,405,17,489,302,472
1316282820,4200882180,30,463,75,428,433,353
1005660777,415378814,70,427,7,490,357,483
1246593609,3799062360,0,499,62,436,499,374
1269778295,3962605817,0,499,0,499,499,499
1274856585,124722031,99,387,9,481,288,472
1280442704,4044821468,0,499,0,498,499,498
1323328219,4231757407,36,465,144,360,429,216
935645051,194872939,101,436,49,499,335,450
1237207910,3716591407,36,464,35,476,428,441
1301543502,4150998100,36,372,28,355,336,327
1115541465,1941667259,75,211,13,473,136,460
1268712060,3951838314,32,377,25,499,345,474
1277603451,4023549338,35,442,149,375,407,226
1232186239,3657907939,29,479,43,468,450,425
1280489931,4045073553,9,483,32,436,474,404
1284121622,4063413428,0,499,0,499,499,499
1055724171,1065209609,81,418,0,499,337,499
1323319227,4231413076,14,452,192,350,438,158
1041887045,834301996,21,499,25,473,478,448
1263895318,3921318521,125,378,10,499,253,489
1109268714,1874294857,0,499,109,389,499,280
1026889943,569713936,101,397,50,449,296,399
1099405970,1702939985,0,488,4,480,488,476
1202199859,3252986558,76,401,84,427,325,343
913850200,158287151,162,336,100,399,174,299
1159672789,2718063686,62,436,0,499,374,499
1323353524,4231823186,32,481,31,470,449,439
1106568934,1861798391,74,425,0,498,351,498
1076186416,1359612171,129,368,93,402,239,309
1324198759,4236297846,60,431,23,487,371,464
1005842210,418203844,289,289,219,277,500,58
1282291532,4056001357,81,418,20,478,337,458
977884708,278554445,86,412,17,452,326,435
1309132090,4179726111,0,499,0,499,499,499
1306012127,4167104691,10,488,168,396,478,228
1243236087,3765587028,0,499,63,436,499,373
845051859,6010352,74,425,0,499,351,499
1104326776,1830621765,131,401,46,443,270,397
1273027954,3992387124,89,380,123,415,291,292
1145917379,2508160025,210,296,198,301,86,103
1144212775,2376339711,42,459,69,462,417,393
1090790239,1562869172,63,436,0,499,373,499
1257643866,3881420315,0,499,0,499,499,499
1167012754,2777249577,0,499,0,499,499,499
862580828,102360914,77,419,92,411,342,319
1093655997,1609179100,0,499,62,436,499,374
1043204312,848683527,62,436,0,499,374,499
1077007152,1370611074,94,405,27,471,311,444
1293336020,4104725930,29,478,116,389,449,273
1004005365,401114165,69,429,0,499,360,499
985456702,286018724,71,427,43,456,356,413
1100071067,1711731533,70,429,145,354,359,209
1277775002,4026078172,101,374,105,362,273,257
1206219574,3313307700,36,466,39,456,430,417
1243659934,3775275613,0,499,148,436,499,288
1244995970,3787995077,109,388,44,457,279,413
1178133232,2981152069,143,355,7,493,212,486
1071145298,1285425493,136,354,41,370,218,329
1174119807,2928809433,195,297,184,312,102,128
893885827,141747588,144,355,100,399,211,299
906418331,150867450,0,499,83,416,499,333
1255100864,3868308447,97,402,44,457,305,413
1223044369,3578478204,73,423,20,478,350,458
991147484,298518173,0,499,62,436,499,374
859704669,95430058,0,499,62,437,499,375
1282349024,3219290958,105,394,0,499,289,499
1252508831,3849857972,100,399,100,399,299,299
967219007,254400958,92,390,150,359,298,209
989170748,294379435,135,391,15,499,256,484
884166056,129514724,70,429,0,499,359,499
1263803704,3921650414,0,499,0,499,499,499
1186905345,3039608938,0,499,50,448,499,398
1225886571,1978666135,198,301,133,364,103,231
911806252,120565784,0,482,19,478,482,459
1221338490,3561599359,0,499,108,391,499,283
1258492683,3885602097,54,446,60,440,392,380
1252627769,3850328580,0,499,154,436,499,282
1192287501,3125576824,175,452,152,388,277,236
987486847,294314674,163,340,27,382,177,355
986535641,292597183,214,287,179,322,73,143
1314581801,4202305347,47,453,87,438,406,351
1278817041,4037086677,0,449,75,499,449,424
958568186,228489658,160,344,185,336,184,151
1155786814,2660200352,231,266,2,498,35,496
1249535942,3819983821,152,348,159,325,196,166
987666802,294469800,19,347,178,328,328,150
1204213484,3287153969,30,469,14,492,439,478
1055271586,1054031067,49,439,39,459,390,420
1192191764,3123108584,175,325,73,334,150,261
1102613270,1804538416,142,356,100,399,214,299
1258670936,3885541657,0,499,0,499,499,499
1257416823,3881319961,0,499,0,499,499,499
748160586,60669503,72,426,1,499,354,498
1207612879,3068911247,39,459,131,338,420,207
1275604877,4006500068,43,465,108,438,422,330
955749107,93958422,69,429,4,498,360,494
1248833302,3817890581,83,416,0,499,333,499
1132460848,2221687355,37,480,70,425,443,355
1292301059,4105520326,75,434,87,463,359,376
1282011410,4050755836,20,441,22,478,421,456
1244656129,3783156231,75,424,5,488,349,483
1080255510,1444109556,79,419,0,499,340,499
1008161933,436088741,159,340,128,370,181,242
1213562963,3450457228,110,389,54,445,279,391
1174122974,2927429355,0,499,62,436,499,374
1285860503,4017677209,0,499,0,499,499,499
1078259590,278508380,156,342,100,399,186,299
1275685298,4006530605,69,411,111,499,342,388
1096682882,1644270999,207,281,165,249,74,84
1063004882,1122158651,66,426,131,317,360,186
1283675389,4061597547,35,447,130,335,412,205
1030179798,547028140,184,315,163,349,131,186
1310503828,4182442051,114,378,27,471,264,444
1310877211,4184608532,27,481,92,408,454,316
1249478740,3928359315,0,499,0,499,499,499
1258995857,3887597811,0,499,0,499,499,499
1309987552,4181946241,0,499,0,499,499,499
1279752163,4041425518,22,482,137,372,460,235
1283673678,4061597478,53,443,88,440,390,352
1155781598,2660100414,12,486,108,391,474,283
1280241955,4044238826,0,499,0,499,499,499
1267979035,3944991666,82,407,73,418,325,345
1314492887,4202217367,159,374,74,449,215,375
1185799479,3022762940,16,464,7,385,448,378
1324195504,4236297693,9,494,6,498,485,492
1145195833,2486424381,68,325,0,499,257,499
1023305929,535852220,9,477,40,448,468,408
986090318,291748699,82,416,0,499,334,499
1325158121,4240471870,30,437,123,337,407,214
1312794219,4195569457,34,499,0,499,465,499
1319770775,4214998845,75,429,97,441,354,344
1262170011,3905699638,31,457,101,388,426,287
937665422,198735668,68,430,0,499,362,499
1187595667,2792162233,74,425,80,417,351,337
1133950489,2268707558,71,427,0,499,356,499
1258669310,3885538990,56,433,66,446,377,380
1317256302,4210987243,26,468,107,417,442,310
1124998824,2087519980,150,349,133,387,199,254
1289811275,4089927630,16,481,119,459,465,340
1285837633,4017665621,14,309,85,362,295,277
1313326880,4197507992,0,499,0,499,499,499
1237278674,3716307726,173,307,147,385,134,238
1105831388,1857268845,10,486,65,452,476,387
1271963104,3986429870,72,362,0,474,290,474
1268447096,3951007813,35,499,3,499,464,496
1088797686,1544227462,72,427,1,499,355,498
1264032184,3923168783,0,499,0,499,499,499
936565021,189842662,71,427,0,499,356,499
1215824550,3474195853,62,436,0,499,374,499
1300066235,4144869689,77,423,56,419,346,363
1316196757,4200877264,62,436,0,499,374,499
1254379345,3861539287,19,265,131,361,246,230
1275526257,4006491803,33,490,68,449,457,381
1217900428,3499838328,15,484,85,427,469,342
1008190680,436098184,150,349,183,315,199,132
1026616360,567673971,8,492,97,407,484,310
911547385,155787652,62,436,0,499,374,499
509114114,51111318,72,426,0,499,354,499
1243246481,3770890731,0,499,62,436,499,374
1123810420,2062694579,155,343,100,399,188,299
1007533025,435024621,100,399,50,449,299,399
1253341995,3856415827,8,492,6,490,484,484
1265224682,3929899936,32,466,73,438,434,365
1118987503,1989270899,62,436,0,499,374,499
867152006,109859039,0,499,21,478,499,457
1282689539,4058563047,10,474,64,460,464,396
1275645666,4006510390,55,412,127,395,357,268
1225676838,3586425230,0,499,119,380,499,261
1065386990,1150932556,5,494,6,492,489,486
1006410195,175131816,0,499,62,436,499,374
1026788747,569541939,103,395,50,449,292,399
987634629,294479520,35,477,65,417,442,352
883800896,114252840,150,349,120,379,199,259
987372524,294243485,62,436,0,499,374,499
1026905875,569669128,116,383,50,449,267,399
1301615427,4151266725,0,499,25,499,499,474
1132101280,2220199439,0,499,0,499,499,499
985101804,285433972,81,430,88,417,349,329
1234822657,3691244440,203,297,184,314,94,130
1299864206,4143823917,82,415,8,497,333,489
1293167715,4116506657,0,468,20,473,468,453
1322189070,4228961683,0,499,0,499,499,499
969723623,256730028,68,430,0,499,362,499
1221359185,3542946831,186,313,150,349,127,199
1226822793,3604506455,62,466,78,414,404,336
1305526723,4165985090,40,432,165,345,392,180
1175649296,2939838988,156,342,0,499,186,499
1297791522,4137061264,25,489,0,482,464,482
1195469407,3170638521,72,422,79,421,350,342
1136974004,2336096650,0,499,0,499,499,499
1227570861,3612388661,162,337,100,399,175,299
1307738917,4172811490,118,369,122,380,251,258
1033866827,667518956,62,436,0,499,374,499
1094087828,220163165,68,431,0,499,363,499
1285058924,4066257501,17,463,26,455,446,429
1312663685,4195557705,145,357,41,499,212,458
1154953146,2636607179,80,418,0,499,338,499
1310330797,4182235321,105,334,166,300,229,134
1149519686,2560148198,86,413,0,499,327,499
1310106419,4182927177,7,493,153,341,486,188
975957949,274798404,125,374,76,423,249,347
1124275394,2067664794,0,499,62,436,499,374
1258896320,3887572185,0,391,36,488,391,452
1275147762,4004827883,125,374,135,363,249,228
1243785549,3775997578,80,410,164,346,330,182
856818037,90492180,0,499,62,436,499,374
1306903247,4167095822,106,388,51,463,282,412
1295659989,4126697457,83,415,0,499,332,499
1120094822,1960305626,121,383,90,465,262,375
1128089158,278393806,161,277,170,382,116,212
1027324561,570720607,110,389,50,449,279,399
1223464461,3580780129,0,499,74,424,499,350
1077566288,1375179689,40,483,14,481,443,467
845091174,73769194,79,420,0,499,341,499
1158951401,2705636582,75,423,0,499,348,499
990249978,297143828,86,413,0,499,327,499
1322113813,4228956320,1,485,0,480,484,480
1242846538,1100405947,100,399,15,484,299,469
1289390140,3846675983,76,423,0,485,347,485
1084088713,1488471620,62,436,0,499,374,499
1007828731,210789381,105,394,103,367,289,264
1161334012,2737294051,81,447,99,420,366,321
1136118898,2318790379,0,499,107,391,499,284
1254730839,3864839831,49,420,2,492,371,490
1254339668,3861176347,35,482,147,499,447,352
1289091595,4085965032,96,418,16,483,322,467
1026967670,569600914,100,399,58,441,299,383
1290377932,4093241745,59,444,28,468,385,440
1301435808,4060921062,0,499,0,499,499,499
1275532507,4006492218,68,463,91,441,395,350
1114671603,1935687076,59,439,13,483,380,470
1253460076,3856809813,193,309,48,462,116,414
1289818261,4089928277,98,402,134,382,304,248
1250511271,3832846703,0,499,109,389,499,280
1221453801,3563521973,0,499,0,499,499,499
1255264033,3869230543,60,440,64,448,380,384
1007718099,435110795,67,432,0,499,365,499
1279757715,4041456503,45,461,120,428,416,308
1234713220,3689153570,37,454,51,462,417,411
1323993187,4235886335,65,443,171,339,378,168
1077147539,1371392834,156,342,100,399,186,299
1311060168,4182118254,0,337,47,499,337,452
862581858,102344767,113,354,229,269,241,40
1162996351,2496879484,145,354,100,399,209,299
1188462850,3065095687,0,499,62,436,499,374
1071475379,1293262072,69,386,97,386,317,289
1117775267,1474930279,168,331,100,399,163,299
1101829045,1781879010,0,499,35,463,499,428
1007574580,435121828,100,399,21,477,299,456
1009577864,440915367,106,406,118,415,300,297
1295911158,4127719476,21,453,61,464,432,403
878698997,47403616,205,298,161,351,93,190
1143237649,2462952675,127,367,180,320,240,140
1145547139,2497763391,78,420,0,499,342,499
1283324655,4061153151,193,313,197,324,120,127
1262311612,3906637032,170,367,36,448,197,412
1167059848,2826165764,0,499,62,436,499,374
1284024823,4063348186,0,499,0,499,499,499
1100075777,1711729821,70,429,145,354,359,209
1155973033,2662726154,15,475,121,367,460,246
1266675196,3939552004,0,499,0,499,499,499
1027343181,570672019,100,399,50,449,299,399
1282009891,4050755454,0,499,0,499,499,499
935271336,194350160,103,396,36,462,293,426
1096250607,1649583115,75,422,1,499,347,498
1190252627,2832752207,87,391,127,392,304,265
1010131845,444742750,145,354,0,499,209,499
1005846401,418198348,35,477,169,334,442,165
1303477423,4158601481,37,479,17,481,442,464
1273170818,3992575737,63,439,68,441,376,373
1287844702,4079437038,31,482,159,480,451,321
1314017148,4201307336,10,489,69,390,479,321
1118445685,1984440925,70,393,70,479,323,409
1252260098,3848336190,32,476,151,384,444,233
1075759925,1352145803,159,337,120,409,178,289
1265204471,3929889968,0,499,0,499,499,499
1258308653,3883422931,0,499,0,499,499,499
1257263767,3879902256,0,499,0,499,499,499
1261192253,3898711183,10,486,112,381,476,269
1174588048,2940639020,189,289,218,311,100,93
1155772222,2659812209,148,351,43,456,203,413
1324229304,4233625647,54,476,107,407,422,300
1196058770,2116364221,0,499,0,499,499,499
1319876004,4215131283,84,415,31,474,331,443
1306684633,4169039691,105,412,68,441,307,373
1256809921,3874339415,59,466,56,419,407,363
1117103854,1967742995,152,346,100,399,194,299
1034857002,678346573,18,480,0,499,462,499
1211053249,3382185760,75,424,0,481,349,481
845559841,74383764,75,423,0,499,348,499
1284149650,4063425435,60,437,68,441,377,373
1282754162,4058572139,0,499,0,499,499,499
1250905224,3836686385,147,380,73,435,233,362
1174585711,2940638532,5,494,162,354,489,192
1309081542,4179422510,0,499,0,499,499,499
1267483967,3943147018,72,472,119,410,400,291
1306846670,4167091752,106,388,51,463,282,412
919901118,165656694,112,386,69,430,274,361
1283497226,4061479036,0,499,0,499,499,499
1245967143,3795862099,0,499,79,436,499,357
1079156005,1414869621,67,430,135,385,363,250
1265222746,3929899383,0,499,0,499,499,499
1306866453,1475887746,72,426,0,499,354,499
1323260610,4231789630,18,460,60,467,442,407
977888957,278553347,62,437,0,499,375,499
1192476321,3128685917,18,421,158,350,403,192
1133293785,1615277978,0,499,237,265,499,28
747578243,60646261,71,428,0,499,357,499
1212424497,278409578,159,340,100,399,181,299
1105540319,1852846292,75,431,101,407,356,306
1065503986,278572694,144,354,100,399,210,299
1308732956,4177821915,0,499,52,449,499,397
1275996566,4010221296,0,471,9,488,471,479
916199040,160870152,90,409,130,369,319,239
1015755662,487455745,125,382,106,443,257,337
330649192,47257151,227,267,220,302,40,82
1014901762,474387460,0,499,62,436,499,374
1289114383,4085969983,0,499,0,499,499,499
1111694105,1887687983,8,491,19,430,483,411
1295997088,4127731737,30,479,32,470,449,438
1311105746,4181903585,0,499,0,499,499,499
1276874661,4017815551,69,430,129,356,361,227
1304132080,4087547042,22,480,157,338,458,181
1105639776,1849874750,51,435,9,493,384,484
987625852,294460061,19,469,81,395,450,314
1306852351,4168957286,198,323,138,369,125,231
1188572105,2249643697,24,477,54,448,453,394
1284114898,4063411888,31,481,56,471,450,415
1087973873,1531716884,94,405,27,471,311,444
1248838539,3817897952,0,499,0,499,499,499
1277500785,4019796957,0,499,83,415,499,332
1279423672,4037130270,69,442,83,418,373,335
1188462915,3065095737,0,499,62,436,499,374
1131589269,2208215488,27,471,0,499,444,499
1308434273,4152162461,0,499,40,499,499,459
1276322828,4012703771,0,499,0,499,499,499
883264792,128191235,200,299,180,319,99,139
1260638900,3523800678,100,399,43,456,299,413
1186357144,3028007398,143,332,55,303,189,248
1302899036,4156934331,11,494,42,490,483,448
861304879,99550194,69,430,0,499,361,499
914072426,158527607,9,492,112,387,483,275
1221451136,3563521034,0,499,117,463,499,346
1188462911,3065095733,0,499,62,436,499,374
1250615637,3834248781,160,337,20,479,177,459
1275655170,4006517481,187,300,28,464,113,436
1192166734,3122735334,68,432,22,488,364,466
967569806,254417705,126,373,70,429,247,359
1033852934,665152983,62,436,0,499,374,499
1262140346,3904896631,0,499,62,436,499,374
1101779438,1783506707,32,467,181,316,435,135
1297963226,4111254337,198,338,39,424,140,385
1303087435,4157459453,70,412,105,377,342,272
1008160704,436071198,100,399,57,441,299,384
1164971267,2796945667,140,358,100,399,218,299
1027056101,569685050,50,449,119,380,399,261
1092495729,1584177114,221,277,27,476,56,449
1192028632,3120529539,71,431,256,486,360,230
1301639874,4151001500,6,444,12,499,438,487
1262453840,3908514582,41,385,143,312,344,169
960734565,94216612,51,447,0,499,396,499
1163883283,2769076624,62,436,0,499,374,499
1008037864,435906446,112,387,50,449,275,399
1323995039,4235886484,79,404,144,295,325,151
1249535641,3819982842,155,342,162,346,187,184
979589000,282226419,138,360,95,404,222,309
1265197299,3929896708,42,479,138,335,437,197
946556640,205557086,187,311,156,342,124,186
1252583270,3850028636,32,403,91,465,371,374
971432716,262169257,2,493,101,400,491,299
1317237283,4210986754,65,430,55,499,365,444
1258515168,3885604103,0,499,0,499,499,499
1116524750,1961738407,150,349,125,374,199,249
1288394109,4081681772,0,499,62,436,499,374
1192476197,3128685841,266,285,182,348,19,166
1135754021,2312769967,0,494,45,460,494,415
1301768930,4153218126,0,499,0,499,499,499
1107916647,1869938511,110,389,63,448,279,385
1256520007,3874388995,163,336,40,457,173,417
1243842084,3776679533,55,444,49,442,389,393
1261174010,3898707879,0,499,155,350,499,195
1064080511,1133869089,63,422,112,367,359,255
959943335,234385454,93,406,0,499,313,499
1256422315,3874303619,0,499,80,499,499,419
1305037605,4164658264,106,388,51,463,282,412
1218230121,3507286860,70,429,145,354,359,209
1248835833,3817894495,0,499,0,499,499,499
291703604,17518572,69,429,0,499,360,499
1026855478,569611351,110,389,50,449,279,399
1299782784,4143639257,0,499,62,436,499,374
844757331,73192148,0,499,83,415,499,332
1157145983,2682254050,130,373,59,439,243,380
1305024365,4164611643,106,388,51,463,282,412
1311047876,4182117808,126,354,171,369,228,198
1119407502,1998121836,40,453,41,473,413,432
1304080745,4160933404,106,388,51,463,282,412
1186394491,3028261980,11,489,108,391,478,283
1283795939,4061614596,79,427,85,433,348,348
1023102832,527950722,58,450,0,490,392,490
869017806,112566080,0,499,62,436,499,374
1255213899,1940496957,127,373,66,434,246,368
872220269,117344492,73,425,0,499,352,499
1104355797,278602736,149,349,100,399,200,299
1257222972,3879896972,36,474,94,393,438,299
1301266719,4151248229,67,430,99,435,363,336
1279061027,4037090239,0,499,0,499,499,499
1148503359,1488648,83,416,0,499,333,499
1299754560,4143494342,74,400,142,368,326,226
1281032301,4015988182,109,390,0,499,281,499
1044509859,858170025,102,335,60,420,233,360
895233627,85749443,83,415,0,499,332,499
907357523,134886525,165,334,120,378,169,258
1303833496,4159427527,106,388,51,463,282,412
684561869,18721592,57,441,0,499,384,499
1295960602,4128438412,43,442,54,472,399,418
1174579069,2940636373,199,300,197,327,101,130
1310600249,4182261934,205,292,82,159,87,77
1132427532,2223310956,154,344,100,399,190,299
1274131830,3997812396,71,479,17,473,408,456
876269161,99446105,69,430,0,499,361,499
1265208611,3929890101,3,497,86,392,494,306
1282987891,4057771754,56,478,145,388,422,243
1240722292,3748203679,0,496,34,485,496,451
1066929989,1173353255,26,469,21,476,443,455
1314196370,4186183071,114,400,68,453,286,385
1028889797,555567773,64,435,84,400,371,316
1229932043,3629908892,89,410,0,499,321,499
1088243892,1535189938,86,413,0,499,327,499
876557430,64612584,50,449,15,483,399,468
1196450557,3188823578,70,429,0,499,359,499
1275399549,4003971342,21,455,62,467,434,405
1289492354,4088731911,10,487,123,375,477,252
1301342038,4150979152,40,460,89,405,420,316
1138734753,2375039106,89,397,17,475,308,458
1273651600,3992771551,14,475,32,481,461,449
1267247610,3942383410,23,476,32,470,453,438
969227837,138762654,135,364,24,485,229,461
1262305199,3906636936,0,499,0,499,499,499
706972386,7342126,92,406,0,499,314,499
1268996086,3955086355,0,499,0,499,499,499
1271561511,3976959815,157,312,65,440,155,375
1240902450,3750740496,0,499,209,436,499,227
1279080448,4037091521,31,475,39,460,444,421
1041836223,831969108,0,499,62,436,499,374
1028402781,584063966,125,374,125,370,249,245
1253028327,3854415812,55,423,98,394,368,296
1192461208,3128637055,64,452,76,397,388,321
1108365766,1875804593,110,389,54,445,279,391
1280386912,4044743509,11,489,19,486,478,467
865530732,107922717,137,360,210,289,223,79
1255142912,3868392390,76,394,83,382,318,299
1164665737,2789524647,0,499,62,436,499,374
1260611230,3894559335,21,478,85,415,457,330
1219895067,3532759888,62,436,0,499,374,499
956729145,222977908,0,499,82,416,499,334
1313288408,4182955957,45,462,63,442,417,379
1273212234,3992588846,74,435,74,499,361,425
932291053,188095011,62,436,0,499,374,499
1153787998,1557042867,64,434,0,499,370,499
1259761818,3889168330,11,498,0,499,487,499
1115170796,1940494803,134,363,114,401,229,287
1156381976,560912344,120,383,120,377,263,257
1251655886,3844296720,0,499,0,499,499,499
1052980364,17095326,82,416,12,486,334,474
1040414830,539417493,107,470,119,383,363,264
1255757295,3871285637,25,480,161,378,455,217
1309556747,4180148756,118,383,110,394,265,284
1261173969,3898707878,0,499,165,338,499,173
1113113094,1832994650,85,428,78,429,343,351
1243401562,3773717629,19,480,75,420,461,345
1303772033,4159405095,61,438,69,443,377,374
1272727899,3990161712,157,291,190,338,134,148
1082761036,831531325,32,466,97,402,434,305
1309072179,4179413905,86,431,134,374,345,240
1102212730,187230860,131,368,82,417,237,335
1323992995,4235886310,97,403,93,400,306,307
987726994,294579764,190,455,131,310,265,179
1239535461,3190125001,185,313,150,349,128,199
1258321937,3881733026,16,482,37,463,466,426
894233414,56447438,104,395,0,484,291,484
1026894415,569595992,115,383,50,449,268,399
1264402234,3925282836,38,492,202,356,454,154
922170657,170808069,229,253,383,387,24,4
987630940,294478425,88,409,1,498,321,497
941666614,207129086,0,499,109,389,499,280
997887917,332358881,102,499,208,291,397,83
1121343147,2034412132,12,493,84,420,481,336
862539169,102340158,111,387,53,447,276,394
959396634,231453101,0,499,62,436,499,374
1066984663,278414373,161,344,113,386,183,273
1046553943,876058380,80,419,0,498,339,498
1127369303,2122041167,110,389,52,446,279,394
1230790202,3641713941,0,499,0,499,499,499
1203565165,3279197327,128,374,49,485,246,436
941677178,207258159,107,323,155,344,216,189
1301521917,4150996025,48,452,35,467,404,432
1209258699,3372407602,31,479,68,426,448,358
1104454365,1833605095,109,387,54,442,278,388
1156926287,2678801455,108,370,150,350,262,200
977851803,278544548,100,398,0,499,298,499
1198623720,3218520578,9,459,91,411,450,320
1001455509,367180564,22,476,0,499,454,499
979601356,282169727,89,410,13,499,321,486
937808785,199104897,124,378,61,465,254,404
1008213228,436082096,160,339,119,379,179,260
955658863,220267350,32,466,0,499,434,499
1255786279,3871308802,0,499,62,436,499,374
1117709419,1974588412,62,448,150,379,386,229
1255683842,3870820376,40,452,48,458,412,410
1028040653,579274610,128,391,203,446,263,243
1241447361,1651653704,0,499,109,389,499,280
1275986179,4010220763,54,452,55,474,398,419
1230356363,53211225,186,313,160,339,127,179
1321701730,4228837929,16,448,28,393,432,365
989190177,296264643,187,314,119,440,127,321
1246588020,3800930385,182,312,96,359,130,263
1276041130,4010534360,78,416,11,492,338,481
1260308417,3894931228,36,464,49,465,428,416
1272506512,3983353186,225,277,223,256,52,33
1174584487,2940638368,0,499,0,499,499,499
1249517528,3720315058,66,432,0,499,366,499
1006412057,208300344,160,356,90,402,196,312
1250706155,3834746327,161,335,158,366,174,208
1324189766,4236297369,12,465,56,477,453,421
1208932819,3363126785,0,499,62,436,499,374
1136885758,2333016321,26,413,79,436,387,357
1308356986,4175948852,53,373,102,380,320,278
1211103412,3389336695,147,337,114,399,190,285
1208120466,3350780161,0,499,62,436,499,374
1283902354,4063326417,15,476,29,466,461,437
851576730,3636076,150,349,81,418,199,337
1242815556,3766113070,1,499,0,499,498,499
1213134949,3432193209,21,485,58,455,464,397
1141892387,2439789000,144,355,86,459,211,373
1142189258,2447126782,67,431,0,499,364,499
1304121742,4143953595,36,463,136,349,427,213
1224814436,3513759595,0,499,143,357,499,214
1154767739,2643902123,6,488,107,421,482,314
1260284250,3893195230,20,470,11,484,450,473
1065053711,1141654113,0,398,0,499,398,499
1034311493,674858847,142,351,107,394,209,287
1275464342,4006485701,115,356,56,467,241,411
1301377016,4150983986,38,460,41,477,422,436
975154618,272561465,30,469,117,382,439,265
1052071133,978486179,26,473,82,417,447,335
449666530,50279196,160,339,131,368,179,237
1310105465,4182925552,81,402,9,449,321,440
1121419960,2035478878,11,494,120,399,483,279
1015460978,484188397,202,288,238,341,86,103
1243659324,3775275211,0,499,62,436,499,374
1010794428,448534875,71,428,3,498,357,495
1285939538,4070726687,0,499,33,450,499,417
1027356459,570675541,100,399,53,445,299,392
1182263224,3002500662,62,436,0,499,374,499
1323424369,4231845802,39,447,123,353,408,230
1258928538,3887582266,32,465,142,434,433,292
1167692775,2844032650,0,496,108,390,496,282
993597429,301572312,117,381,65,434,264,369
1285858158,4017676633,139,388,165,334,249,169
1308844870,3394370106,100,399,25,474,299,449
862632151,102707560,0,499,0,499,499,499
1242367766,2085903721,88,410,35,499,322,464
1253163030,3855209599,46,464,92,440,418,348
1220212279,3541015201,40,451,56,420,411,364
1265222861,3929899394,24,481,156,382,457,226
1204219692,3287231073,35,460,8,494,425,486
1109298557,1881880881,100,399,0,499,299,499
1252627140,3850328317,0,499,154,436,499,282
1011585366,452119255,69,430,5,499,361,494
1318107434,2182950591,131,371,68,433,240,365
1178127727,2981081150,71,459,50,485,388,435
1323302969,4231412578,0,499,0,499,499,499
975675796,273741798,74,425,0,499,351,499
937722011,198880690,62,436,0,499,374,499
1320571904,4225123019,37,483,3,458,446,455
1014386979,285434022,87,435,75,400,348,325
1030394367,597429698,132,371,17,479,239,462
1213360863,3443606216,71,428,0,499,357,499
1304151730,4160953731,106,388,51,463,282,412
1307823390,4172827420,84,427,56,449,343,393
1176505180,2958501842,58,446,64,420,388,356
1259169988,3887609647,30,452,64,465,422,401
1261980523,3902245739,189,308,191,312,119,121
1269836565,3962805262,25,459,14,478,434,464
987622428,294458595,65,459,51,462,394,411
937788769,199005589,211,271,190,299,60,109
916302095,161127379,209,248,52,446,39,394
1317668713,4213741082,26,483,32,466,457,434
1054650263,1046145753,30,459,81,415,429,334
1232556310,3665608673,49,463,152,327,414,175
1311058355,4182118122,134,370,73,499,236,426
1271984766,3986431553,0,499,83,416,499,333
862537774,102355216,197,313,132,371,116,239
1244816175,3785595369,63,436,0,499,373,499
1235804122,3699899600,0,499,62,436,499,374
1250962867,3836835385,0,463,204,499,463,295
1147091354,2528858648,0,499,84,415,499,331
1278836888,4037445353,0,499,0,499,499,499
1118319870,1982816334,94,405,27,471,311,444
1213644377,3441766166,0,499,48,451,499,403
1187256687,3046568442,30,409,179,351,379,172
1174587836,2940638994,7,481,2,480,474,478
1248836144,3817895237,7,491,0,499,484,499
1273755168,3992788283,40,456,47,457,416,410
927357756,179658124,62,436,0,499,374,499
1309677559,4181533781,42,450,0,499,408,499
1144524179,674957958,172,340,123,443,168,320
1029511624,591830031,32,472,114,378,440,264
1311149239,4181904470,0,499,0,499,499,499
906569458,150941213,78,420,0,499,342,499
1100569372,1730787190,117,379,8,487,262,479
976680193,276415454,0,499,203,273,499,70
1297048836,1496307715,84,414,0,499,330,499
911114169,155401501,1,497,106,392,496,286
1275410060,4005906345,14,489,48,451,475,403
1311189850,4186262799,0,499,0,499,499,499
1041186018,824466273,120,375,72,496,255,424
1268439968,3951007573,0,436,127,386,436,259
1218724506,3516639456,30,446,235,271,416,36
845588091,74411981,48,450,0,499,402,499
949321044,212253881,190,318,169,330,128,161
1046781760,292472220,12,476,110,385,464,275
1188575844,3067563627,0,499,76,422,499,346
1008057333,435889980,109,390,50,449,281,399
1314017092,4201307287,5,492,104,426,487,322
1266164104,3935901535,0,499,0,499,499,499
1198177140,3212824351,154,345,104,395,191,291
1243234835,3766017560,5,470,130,459,465,329
1232852478,3661921757,87,412,0,499,325,499
1027039063,569679865,105,393,50,449,288,399
883130304,91214098,198,301,170,329,103,159
1275717853,4006540377,26,488,50,425,462,375
1263519951,3367389216,231,265,192,300,34,108
1262251954,3906228054,0,499,0,499,499,499
1313722236,4198136091,62,436,0,499,374,499
1282749715,4058939183,19,473,64,404,454,340
1007591666,435093138,75,424,0,499,349,499
1195468715,3170636444,65,438,114,382,373,268
1321466600,4222999533,102,471,187,298,369,111
1312303023,4194078888,62,436,0,499,374,499
1156074264,2664721374,222,276,2,490,54,488
872717160,118029497,57,441,0,499,384,499
1324149516,4236042854,0,499,0,499,499,499
1093731446,1609883797,0,499,62,436,499,374
1007795957,435140828,100,399,50,449,299,399
817320673,62356951,73,427,0,499,354,499
1174589815,2940639533,7,493,56,481,486,425
1316212332,4209014539,100,399,100,399,299,299
1136711216,2333899718,0,499,62,436,499,374
1069662732,1201019769,0,499,98,400,499,302
862004823,82640255,196,302,175,324,106,149
1026836226,569635528,110,389,50,449,279,399
1031548187,612506526,31,471,184,358,440,174
1192223818,3123326424,73,426,0,499,353,499
1296179761,217235696,88,411,0,499,323,499
903897648,148441669,0,499,102,396,499,294
432173818,927417,63,436,0,499,373,499
1279902950,4040244207,0,499,62,436,499,374
1284213655,4058898302,0,499,0,499,499,499
1274777499,522463,208,291,0,499,83,499
448752330,50269480,100,399,51,448,299,397
1192162090,3122714620,68,432,22,488,364,466
1236087582,3704923160,70,429,145,354,359,209
915362424,159939901,150,349,107,391,199,284
1097201514,1668321841,112,386,50,449,274,399
1119405856,1998118341,96,410,179,391,314,212
1226979460,1892600679,19,284,135,354,265,219
1301778420,4145413489,0,499,62,436,499,374
1176504041,2958500105,42,473,189,311,431,122
1144251293,2468621006,67,431,0,499,364,499
1178133304,2981152193,124,375,2,497,251,495
1304084498,4160934434,106,388,51,463,282,412
1273838021,3986778214,4,499,98,400,495,302
1256077844,3873127655,75,411,86,401,336,315
1310041312,4181951162,21,484,17,498,463,481
1255326371,3869439789,199,302,65,433,103,368
892796756,140496060,192,327,205,307,135,102
1323202666,4231842443,32,454,46,462,422,416
1326151947,4244021263,128,366,66,444,238,378
1316135921,4200872921,76,456,23,443,380,420
1249433835,3816789068,10,490,93,412,480,319
1081721824,1458046283,68,430,0,499,362,499
933425146,190524106,0,499,0,499,499,499
1130175070,2178459137,150,411,194,454,261,260
1280050847,4042739398,16,484,133,365,468,232
1016428310,449888207,66,433,0,499,367,499
1236935241,3716121785,180,319,153,346,139,193
867769847,103933807,62,436,0,499,374,499
1125055205,2083968868,0,499,0,499,499,499
1253152322,3855161637,18,492,110,386,474,276
1243658944,3775275021,0,499,169,436,499,267
1302551852,4155424365,16,486,67,448,470,381
1096911277,1638225913,182,318,165,334,136,169
1119407815,1998122335,12,474,78,431,462,353
1092293193,1580699663,0,499,0,499,499,499
1270628516,3971761723,0,499,0,499,499,499
1248216646,3814580625,16,481,41,475,465,434
975412172,226071980,39,461,63,436,422,373
1265185791,3929867623,22,25,147,358,3,211
913174799,157385348,117,381,65,434,264,369
1236669204,3711179851,183,313,136,362,130,226
871444898,116186201,62,436,0,499,374,499
923439843,173679999,62,436,0,499,374,499
1305321526,4165063833,0,499,0,499,499,499
1317936888,122452599,0,499,40,499,499,459
1301426651,4152028220,0,499,0,491,499,491
873906572,118147435,71,427,12,499,356,487
947191434,209153624,70,429,0,499,359,499
1310231066,4182227123,10,490,127,363,480,236
1196792968,3198604072,6,482,129,368,476,239
1318613368,4219695972,114,396,103,306,282,203
1261384778,3898718361,0,499,0,499,499,499
933242776,190098902,85,415,6,493,330,487
1316230389,4200879479,37,450,51,466,413,415
1309068095,4179411376,46,456,116,387,410,271
1318857831,4218255706,67,436,73,354,369,281
1316948146,4211268614,70,431,107,401,361,294
1317517564,4213488964,88,409,5,489,321,484
1299189041,1970468457,83,415,0,499,332,499
1295959997,4128274493,176,323,110,389,147,279
974386855,271563102,54,444,0,499,390,499
1214083865,3458350959,0,499,3,499,499,496
1283752385,4061610861,0,499,0,499,499,499
1285074462,4063755917,46,468,49,473,422,424
1009342818,440672319,100,399,62,437,299,375
1249535134,3819981972,175,318,198,306,143,108
980042943,282760471,62,436,0,499,374,499
1174548111,2940400277,235,270,34,42,35,8
979952613,282773517,67,432,0,499,365,499
895674746,142514648,62,436,0,499,374,499
1304093131,4160936293,106,388,51,463,282,412
1136967878,2336089329,39,448,128,361,409,233
1007824067,435284812,151,348,100,399,197,299
1310921336,4185584616,97,394,16,493,297,477
1203587248,3279501042,0,499,109,389,499,280
1282818544,4058579477,71,432,10,461,361,451
1006530005,424509290,120,379,76,422,259,346
958568172,228489662,147,353,168,346,206,178
961549695,237885218,172,327,141,358,155,217
1270652940,3972430784,0,499,0,499,499,499
1000855430,361327550,70,428,0,499,358,499
973607688,269653566,124,380,174,334,256,160
1282765425,4057516899,0,482,9,499,482,490
1311424580,4187120834,14,483,86,412,469,326
1198688488,1100400878,154,344,100,399,190,299
1240787529,3748236132,54,446,59,446,392,387
1319810289,4219635665,118,373,6,488,255,482
1204241511,3287280464,192,326,183,323,134,140
1190257915,1876686921,73,341,137,411,268,274
1310711409,4184543874,0,499,111,499,499,388
1275250464,4004118336,22,480,32,467,458,435
1107460816,1866235087,0,499,62,436,499,374
1095305403,1634685981,0,499,62,436,499,374
987088794,293697575,22,479,120,381,457,261
1319550229,4214492477,90,396,146,352,306,206
946699128,208684131,315,316,197,200,1,3
1209736509,3382702565,68,388,175,298,320,123
885810746,131598058,62,436,0,499,374,499
1311458227,278535523,100,399,56,443,299,387
996262451,543825861,0,499,0,499,499,499
1201221096,3245162668,104,396,34,467,292,433
1254477341,3861779264,41,457,109,420,416,311
1314376305,4202301691,57,456,54,474,399,420
1003467264,393100514,29,476,124,377,447,253
1162278194,2751176153,168,331,140,359,163,219
1269772067,3962600693,0,499,62,436,499,374
1275648502,4006510738,0,499,0,499,499,499
1273418504,3992638443,67,435,70,439,368,369
1307504511,4170895631,0,499,24,499,499,475
1158206042,1993881026,62,436,0,499,374,499
1023965518,539544321,81,418,0,499,337,499
1275592479,4006497966,19,494,16,481,475,465
1068527926,1194408784,131,369,169,333,238,164
1262603782,3908521029,97,400,110,410,303,300
1292373260,4108906042,0,470,124,362,470,238
1240593266,3748051342,0,499,21,441,499,420
849756749,4187090,0,499,137,362,499,225
986929146,292703630,8,439,159,369,431,210
904363796,141719833,88,409,157,338,321,181
1280357973,2763631119,14,489,86,405,475,319
1265712565,3933281290,101,386,63,481,285,418
1075548304,1348833006,0,499,109,389,499,280
1089455752,1553189677,45,417,154,340,372,186
1310185656,4182224860,0,499,0,499,499,499
1089158786,1549577419,162,338,160,352,176,192
1275475573,4006487998,0,499,0,499,499,499
1246077564,3797080604,22,493,26,491,471,465
958810757,229408925,65,433,0,499,368,499
1271831313,3982166209,0,499,0,499,499,499
1307338332,4171075826,59,440,79,429,381,350
1105831390,1857268848,21,489,94,417,468,323
872715983,117948448,120,379,76,422,259,346
968870695,255203077,0,499,130,368,499,238
1026936442,569741739,123,375,50,449,252,399
1275402220,4004168791,0,499,0,499,499,499
1302398415,4155263289,0,499,0,499,499,499
1314790984,4186698252,349,433,175,261,84,86
1322018550,4229798826,88,427,133,387,339,254
1136544277,2332095828,0,499,108,392,499,284
1292014104,4105723089,60,421,102,397,361,295
1247726982,3813210694,0,481,33,499,481,466
1249535551,3819982805,136,367,186,306,231,120
1238289662,3727584184,66,407,189,387,341,198
1067084305,1175497479,120,405,58,440,285,382
1282968429,4057770862,34,468,124,382,434,258
1306652727,4168967988,13,494,10,470,481,460
1279079214,4037091212,88,420,85,403,332,318
1255121013,3868374763,94,408,112,339,314,227
1066930535,1173353322,91,419,16,477,328,461
1062701527,1118849524,0,499,77,499,499,422
1195073437,3157285672,63,438,24,480,375,456
1264749195,3925488825,43,437,98,393,394,295
1108200551,1871414939,150,349,100,399,199,299
1204260038,3287304746,4,494,2,498,490,496
1251404068,3842549961,0,499,0,499,499,499
1254289290,3859875902,105,382,62,441,277,379
1124115877,1661505874,76,422,9,490,346,481
1165616009,2805735868,135,480,200,363,345,163
1002970522,388574919,166,337,141,366,171,225
1262173482,3905724900,92,446,68,383,354,315
1205825719,3312189751,9,499,20,483,490,463
1028823280,588489183,185,316,119,379,131,260
1141466481,2433057311,0,499,83,415,499,332
1277766865,4023042433,0,499,0,499,499,499
982245741,286002558,177,321,150,349,144,199
1243392079,3773729981,23,476,23,476,453,453
995098266,303051080,162,338,63,426,176,363
1301214938,4150966797,0,499,0,499,499,499
1323675171,4234146964,0,499,0,499,499,499
1117441918,1973669568,26,483,34,466,457,432
1035734753,688821036,61,437,0,499,376,499
1305527744,4165986046,34,463,111,369,429,258
1270219354,3969948686,23,479,127,380,456,253
1026078709,559205284,142,356,102,396,214,294
1294217915,4122561972,121,368,142,364,247,222
1013446448,466941057,0,499,62,436,499,374
1317474531,4213248800,0,499,16,482,499,466
971081712,236763350,123,412,23,387,289,364
1261392280,3898719531,0,499,0,499,499,499
1262172870,3905724568,0,499,43,499,499,456
891326855,137639400,0,499,62,436,499,374
851077040,82653175,47,403,116,455,356,339
1307372232,4171236190,114,396,160,399,282,239
1240521485,3155074995,20,476,61,425,456,364
1245893651,3795289005,19,480,20,479,461,459
1270028153,3966589473,0,499,0,499,499,499
1027215886,570614172,106,392,50,449,286,399
891726003,138461572,121,378,100,399,257,299
1267235143,3942389801,32,471,129,407,439,278
1306663226,4169067923,58,416,64,483,358,419
1244326317,3782771593,0,499,126,436,499,310
1243843239,3776681984,15,489,67,441,474,374
1318432681,382927983,115,415,34,454,300,420
1219868840,3532463709,0,499,0,498,499,498
1265223678,3929899628,31,472,43,473,441,430
1250890825,3836485058,64,434,44,499,370,455
1016224041,496908140,121,378,0,499,257,499
955841647,220450948,0,499,84,414,499,330
1318900446,4213607859,26,463,115,382,437,267
862579351,102706066,101,397,56,440,296,384
1251016644,3837275026,105,404,93,473,299,380
1196040917,194609396,0,499,23,475,499,452
1281982685,4050745608,91,407,26,484,316,458
1121420122,2035478918,8,488,102,416,480,314
1124311179,2066005135,137,361,100,399,224,299
1077292411,143633263,122,375,51,448,253,397
1224407306,3521202485,3,494,144,355,491,211
990780709,298005853,140,359,20,479,219,459
1254955409,3867139732,40,453,69,422,413,353
1178128717,2981088328,424,426,233,264,2,31
1077973480,1388382646,0,499,47,451,499,404
1244541237,3785187886,0,499,120,436,499,316
1127874320,2124334269,137,361,100,399,224,299
990918120,298191343,90,428,237,269,338,32
909548067,153777742,0,499,62,436,499,374
1261380482,3898717126,0,499,0,499,499,499
1314572088,4202305103,0,474,0,491,474,491
1246379553,3798822388,8,478,16,493,470,477
1258900831,3887774224,143,367,165,343,224,178
874731326,76065930,71,427,0,499,356,499
1262412456,3907982119,18,470,17,499,452,482
1174588108,2940639039,0,499,250,251,499,1
1306522064,4167073800,106,388,51,463,282,412
1257235825,3879891533,0,499,27,499,499,472
1116796243,1965403727,73,445,52,467,372,415
1279009125,4037573810,57,357,42,433,300,391
1318323442,160450700,122,350,112,394,228,282
959219523,231451111,0,499,39,459,499,420
1243428288,3773723180,19,480,95,403,461,308
1260322994,3893242485,0,499,0,499,499,499
1028597322,585796661,187,302,150,370,115,220
949384800,212343035,148,348,136,355,200,219
1166881744,2825471896,34,467,77,444,433,367
1220215165,3541018123,19,482,24,474,463,450
1172257545,2917293332,201,355,127,416,154,289
1143175205,2423781261,0,499,109,389,499,280
1214037212,3457901832,0,499,0,499,499,499
1245337972,3791260318,62,436,0,499,374,499
1305420636,4165462533,83,396,112,395,313,283
1073303531,1317364355,62,436,0,499,374,499
1316524593,4209068314,4,494,31,465,490,434
940887971,205320502,77,413,141,361,336,220
1296374680,4130451956,0,499,0,499,499,499
1037319571,727737751,2,497,0,499,495,499
1105557614,1852117211,0,499,0,499,499,499
1152285012,2596405647,74,432,97,387,358,290
1066930140,1173353316,17,484,19,479,467,460
1198114252,3211248203,162,339,100,390,177,290
1211831094,3407377442,62,436,0,499,374,499
1252627098,3850328280,0,499,62,436,499,374
1232568835,3665981364,73,426,0,499,353,499
1121183921,2031640432,0,499,62,436,499,374
1237257267,3716645042,14,485,202,303,471,101
1282759832,4058942940,30,473,162,363,443,201
1176505350,2958504224,1,497,78,421,496,343
1193608370,3147119498,7,491,0,499,484,499
1309291476,4180241164,15,488,111,380,473,269
1211445176,3399885099,66,440,154,325,374,171
1275406595,4003976034,14,486,31,464,472,433
1248864291,3817906970,30,465,66,441,435,375
1244541341,3785188014,0,499,62,436,499,374
1139531549,485556391,145,354,195,301,209,106
1132640200,2230298931,129,385,23,483,256,460
1243409965,3773720403,31,469,30,468,438,438
1215218566,3469568444,8,495,12,490,487,478
921250053,168344516,52,432,36,473,380,437
1290347062,4091053164,71,428,0,499,357,499
1280528649,4045184828,13,484,23,460,471,437
1095673627,1639135777,0,499,62,436,499,374
1154957446,2635928238,39,470,11,468,431,457
1201367435,3246080397,14,469,40,450,455,410
1306907864,4168961971,0,499,0,499,499,499
1227021946,3605773811,7,495,95,398,488,303
1175705615,2950073722,0,499,62,436,499,374
1269197511,3957124461,0,499,0,499,499,499
1304114456,4160950603,106,388,51,463,282,412
1299896733,4143838530,0,455,62,436,455,374
1311397089,4187115545,132,456,203,391,324,188
919277235,164807620,0,499,62,436,499,374
1194565042,3160907878,63,429,129,370,366,241
956633412,8713041,16,482,0,499,466,499
897484992,7187680,73,426,0,499,353,499
1005840768,418204680,141,358,137,351,217,214
631605872,46535042,64,434,0,499,370,499
1261371769,3898716115,59,437,62,429,378,367
905723877,120926435,68,430,0,499,362,499
1235218066,3692474712,34,472,60,460,438,400
1272457079,3989733595,4,497,3,495,493,492
1087720974,1525587960,63,436,0,499,373,499
1192399592,3128026358,72,413,13,492,341,479
1318379157,4078970902,37,447,54,475,410,421
1008073422,435920063,154,345,100,399,191,299
1296372821,4130468705,26,481,66,434,455,368
1257440462,3881226273,91,469,130,367,378,237
921293489,168314612,0,499,62,436,499,374
1240869044,3750262889,26,453,59,435,427,376
1193259018,3139803064,0,499,246,252,499,6
1118915922,1989301601,39,395,96,382,356,286
1192042162,3120528862,7,482,154,361,475,207
1009258133,440577137,160,339,188,310,179,122
1292554624,4108951004,20,427,110,405,407,295
1323356683,4231823798,29,483,32,470,454,438
1220123472,3538255345,23,454,78,407,431,329
1316170132,4200876001,25,461,13,490,436,477
1302929280,4154933407,38,470,9,483,432,474
891966991,121885356,76,423,0,499,347,499
1282284892,4055996885,110,394,8,495,284,487
1237769056,3722652905,0,499,0,499,499,499
1225996588,3594111371,38,457,15,378,419,363
1243231064,3769282394,152,347,122,377,195,255
1310035726,4181950528,16,458,7,487,442,480
1257716302,3881728513,101,434,85,438,333,353
1255979046,3872872897,34,448,69,424,414,355
982642265,286399380,143,339,71,426,196,355
1139601675,2396038696,24,499,78,420,475,342
1310640119,4184528252,25,494,78,461,469,383
1222820854,3565284183,62,436,0,499,374,499
949321029,212253900,6,495,100,399,489,299
1194565656,3160907954,23,461,10,450,438,440
1285868587,4017682279,23,499,9,499,476,490
1316966536,4211319378,0,499,0,499,499,499
1294106442,4122227671,21,450,83,458,429,375
1273122719,3992565324,28,474,59,472,446,413
1323271146,4231688777,0,482,125,499,482,374
1276225604,4012179191,20,480,84,427,460,343
1190253872,2776902158,0,499,67,432,499,365
1177152121,2970594910,0,499,62,436,499,374
1308746372,4177859573,0,499,0,499,499,499
1206464005,3328002978,0,499,62,436,499,374
1022921799,531408394,0,499,62,436,499,374
1031334277,608193200,0,499,62,436,499,374
1240984507,3715076737,0,499,61,437,499,376
1260304402,3893329047,140,345,37,452,205,415
1309375230,4180436052,49,486,196,485,437,289
1284015212,4063346211,67,423,108,454,356,346
254455419,8946813,47,453,115,383,406,268
1046054758,870506880,69,428,0,499,359,499
1283949246,4061636237,0,499,7,499,499,492
1251511857,3843153577,62,436,0,499,374,499
1159523540,2715681246,16,483,2,497,467,495
1254549036,3862126032,0,499,0,499,499,499
1190868887,3089835284,109,389,0,499,280,499
1246305856,3798250419,140,360,202,368,220,166
1189466354,3082204075,0,499,0,499,499,499
1281994388,4050748270,5,492,15,487,487,472
1220580779,3549076243,16,483,60,475,467,415
1276298275,4012661147,132,395,29,470,263,441
1262302195,3906636816,0,499,0,499,499,499
1146153133,2512708183,62,436,0,499,374,499
887364002,132505299,168,330,100,399,162,299
1198870807,2313282588,137,361,100,399,224,299
1261210259,3896099604,63,435,0,499,372,499
987566992,294399299,74,481,90,383,407,293
1240723276,3748204578,17,490,28,455,473,427
947808711,210254068,0,499,62,436,499,374
1277718287,4023025934,0,499,0,499,499,499
936523826,195765989,0,499,62,436,499,374
1071869759,278546369,159,340,121,399,181,278
1178130449,2981089562,20,491,204,294,471,90
1307479542,4171427045,0,499,0,499,499,499
1309110420,4179667424,26,499,15,473,473,458
1324040425,4235889837,0,499,0,499,499,499
1050978946,446140762,62,428,117,379,366,262
531137202,2073367,50,449,0,499,399,499
1284080031,4063405094,44,458,44,457,414,413
1232556318,3665608678,72,464,87,408,392,321
1304145903,4160953376,106,388,51,463,282,412
1256955987,3875043735,33,490,158,342,457,184
1248853110,3817904565,58,441,54,448,383,394
1279897593,4042211400,1,497,33,499,496,466
874726416,79862949,71,427,0,499,356,499
1016934577,504185969,0,499,83,415,499,332
1267246752,3942383382,51,462,11,490,411,479
941152634,78178937,0,499,109,389,499,280
1269393403,3957786963,0,499,0,499,499,499
1255989658,986710,49,449,0,499,400,499
1190252549,1876684322,104,373,78,410,269,332
1079269518,17442928,70,429,10,489,359,479
987356810,294185521,120,385,9,486,265,477
1274195058,3997820546,53,446,63,409,393,346
1267481855,3943148182,0,499,86,412,499,326
1243428049,3773723168,19,480,95,403,461,308
846464641,75671957,70,429,10,489,359,479
1316295078,4200882891,33,458,124,382,425,258
1252627385,3850328399,0,499,62,436,499,374
1267483001,3943148290,70,437,119,423,367,304
1273997913,3995263516,0,499,0,499,499,499
1100310028,1717797976,172,326,179,321,154,142
940532742,138759990,52,323,160,329,271,169
933413046,190406505,62,436,0,499,374,499
1277002571,4017759486,57,499,0,499,442,499
1075759882,1352146011,8,492,105,394,484,289
1318072307,2794397042,28,468,210,422,440,212
1115117670,1387766977,83,402,0,499,319,499
1020228509,521896279,69,479,126,393,410,267
903868018,148265501,80,418,0,499,338,499
979403018,281791778,170,329,118,396,159,278
1171556086,2909983194,0,499,62,436,499,374
1177179926,2970602731,0,499,3,497,499,494
1301358020,4151252006,72,428,126,429,356,303
1299548669,4141711134,16,476,118,403,460,285
1291843307,4103838359,0,499,23,476,499,453
975059968,272517137,0,499,32,466,499,434
1301446495,4151259568,51,474,19,480,423,461
1208623915,3352074243,62,436,0,499,374,499
1236001795,3703065223,37,472,62,460,435,398
1026357046,554475638,0,499,62,436,499,374
1273732175,3992779641,39,463,95,408,424,313
917160513,162783173,0,499,62,436,499,374
1270346575,3969776893,64,443,66,436,379,370
1223632621,3582695880,22,477,0,499,455,499
1294201803,4122558037,68,426,140,404,358,264
1156078585,2664720991,103,394,185,320,291,135
1125210259,2087517833,0,499,102,396,499,294
1302894161,4156934227,0,499,187,499,499,312
1161760537,2742829459,0,499,32,466,499,434
1104476304,1834709076,73,426,0,499,353,499
1026899167,569739259,100,399,51,447,299,396
1132972260,2238241460,62,436,0,499,374,499
1050124106,25148950,0,499,69,430,499,361
1275022889,4003833025,30,481,29,470,451,441
1243658952,3775275024,0,499,169,436,499,267
1062765896,544871044,162,336,100,399,174,299
1191518394,3107010634,0,499,71,428,499,357
1027012044,569674035,105,393,50,449,288,399
1027175607,569806501,108,391,50,449,283,399
1108738181,1878218279,110,389,51,447,279,396
1218786911,3518161999,109,389,0,499,280,499
941766532,207404801,0,499,115,384,499,269
933244756,190102374,179,320,150,349,141,199
1274492917,18517157,36,463,0,499,427,499
1177155167,2963672929,50,456,74,440,406,366
1156760398,2677318239,10,486,124,345,476,221
1215647312,156428355,179,315,150,345,136,195
1008001142,435851722,114,384,50,449,270,399
1035271639,436080704,100,399,113,385,299,272
1175359589,2947788207,175,408,72,411,233,339
1063094280,1122819387,128,389,60,451,261,391
1278988684,4037572020,20,476,54,452,456,398
1192263486,3121368656,0,499,109,389,499,280
1269778025,3962605778,0,499,0,499,499,499
1201835777,3155074874,22,479,20,479,457,459
972596053,265905236,0,499,62,436,499,374
1088186852,1534493269,0,499,62,436,499,374
1250258531,3831236617,57,464,23,483,407,460
1317122399,4211507991,35,451,103,365,416,262
1061149134,1101105913,43,464,24,483,421,459
1309986886,4181946205,70,412,107,395,342,288
1275653653,4006517003,32,460,51,499,428,448
1255143972,3868751699,75,433,124,353,358,229
997276362,86419416,190,309,166,333,119,167
65959030,2153451,190,309,170,328,119,158
1281974048,4050744603,80,417,40,458,337,418
1066647274,1170003663,45,447,30,475,402,445
1275033670,4003835055,35,477,36,469,442,433
1260127723,3890869345,0,499,0,499,499,499
1265307300,3930245510,49,458,34,467,409,433
1211983030,3414348110,177,325,183,316,148,133
1023134176,533003835,106,365,137,428,259,291
966155795,251905896,48,483,103,399,435,296
1109511011,336059830,158,341,100,399,183,299
987607475,294452712,56,445,46,452,389,406
1292781167,4108903787,48,459,74,487,411,413
1328324941,4250632504,40,499,10,454,459,444
1171179350,2904684013,0,499,88,411,499,323
1154470586,530863883,0,499,51,448,499,397
1255129517,1171973870,125,374,125,374,249,249
976532071,275889462,72,427,0,499,355,499
1201424358,541997142,185,314,150,349,129,199
1245135500,3789059398,185,292,240,335,107,95
966044929,251472309,85,414,0,499,329,499
949383838,212341827,90,409,130,369,319,239
1007644738,435158259,100,399,54,444,299,390
1128755355,2152658556,2,497,0,499,495,499
1261172767,3898707469,125,250,147,395,125,248
1308121822,4174411975,0,499,0,499,499,499
1314522323,4202304134,86,445,28,404,359,376
1248643602,3816940464,8,493,143,358,485,215
1008068395,435901906,106,393,50,449,287,399
1321305054,4226973543,0,499,1,499,499,498
1276095998,4010541190,74,423,0,499,349,499
1173360001,1856326689,62,436,0,499,374,499
998973920,338125974,0,499,62,436,499,374
875623625,75092869,72,426,0,499,354,499
1136681684,2332085125,62,436,0,499,374,499
1111834077,1915838839,49,450,0,499,401,499
1248855531,3817904929,57,455,146,336,398,190
22475230,1495577,140,359,145,354,219,209
1213603468,3450936712,32,464,15,489,432,474
1249535478,3819982768,183,342,133,366,159,233
1027399639,571115116,98,401,27,484,303,457
1027259043,570718393,100,399,59,440,299,381
1273611319,3992768717,69,436,74,426,367,352
1307196035,4170947781,114,384,73,343,270,270
1062372830,419773897,80,419,0,499,339,499
892270967,139266957,0,499,119,379,499,260
1235971066,278412101,100,388,88,486,288,398
499647005,51934873,63,438,0,492,375,492
997816663,86353138,190,309,160,339,119,179
1279554349,4040046760,18,428,125,345,410,220
939229890,201246734,0,499,113,386,499,273
862681306,102705656,106,402,66,437,296,371
1246394724,3798827755,8,495,193,313,487,120
885253492,124399923,137,370,105,407,233,302
848934245,80184846,66,432,0,499,366,499
1278375968,4033965090,0,499,83,415,499,332
939537369,202584834,13,499,15,484,486,469
1213776070,3453292980,150,349,116,383,199,267
1256954131,3875041657,27,485,59,369,458,310
1308442006,4176405317,0,499,0,499,499,499
1211738230,3409400303,47,485,10,488,438,478
985438867,290738052,72,426,0,489,354,489
846200129,75415902,154,345,144,355,191,211
1258682956,3883457315,11,498,1,498,487,497
987421167,294292969,164,336,42,454,172,412
1303078013,4157458307,0,499,0,498,499,498
1318333818,1494343166,86,412,151,347,326,196
1311456285,4187455115,0,499,0,499,499,499
1203072264,3266013015,0,499,62,436,499,374
1304162387,4160984813,106,388,51,463,282,412
1269758611,3962429604,26,453,63,464,427,401
1262334221,3906638594,91,414,86,414,323,328
1160481093,2724689437,63,438,65,431,375,366
1286717866,4071960516,29,461,69,457,432,388
1240862638,3750180668,42,473,45,467,431,422
1078109217,1391186151,68,431,0,499,363,499
1317002379,4211508173,22,488,81,412,466,331
1249534186,3819978767,130,369,170,329,239,159
1225887290,2253696334,148,351,158,345,203,187
887277297,133388410,78,444,34,478,366,444
1128714722,2153317856,121,425,34,386,304,352
1048423553,936491573,0,499,130,369,499,239
904388078,148970584,120,378,153,346,258,193
938787362,201163574,149,349,0,499,200,499
1252519737,3849952880,0,499,0,499,499,499
1109267551,1886474789,82,420,32,467,338,435
1090625969,1560461750,0,499,68,430,499,362
1087700877,1528192087,10,489,114,386,479,272
1190252732,2832752208,0,499,67,432,499,365
1313363446,4197667405,0,463,198,499,463,301
1301874353,4153639754,22,450,105,499,428,394
1215526855,3470063000,49,454,180,307,405,127
1314231859,4186217621,40,461,205,336,421,131
835422557,69509880,0,499,62,436,499,374
1066750229,1171468156,27,482,125,385,455,260
1136544256,2332095819,0,499,108,392,499,284
986152608,291880249,62,436,0,499,374,499
1246305852,3798250417,139,423,119,476,284,357
1032177305,108139713,79,419,0,499,340,499
870345072,114737456,175,324,150,341,149,191
1245427373,3792297496,104,395,0,499,291,499
1077860035,1145744400,166,338,80,418,172,338
1198144030,3212212978,143,356,100,399,213,299
862367077,55888820,86,413,0,499,327,499
1218385831,3510040581,126,330,21,446,204,425
1160748067,2725732691,9,487,36,447,478,411
1258650265,3885520982,35,477,36,469,442,433
1223383551,3580840661,32,467,0,499,435,499
1299709120,4143439539,0,499,0,499,499,499
1304033127,4160809602,200,309,187,319,109,132
1227400048,3607839957,0,499,62,436,499,374
874730614,60725900,74,424,0,499,350,499
1266913385,3940236280,27,452,31,408,425,377
1254564602,3860758817,170,330,194,285,160,91
1275656984,4006517655,0,454,0,476,454,476
937787415,199005521,179,320,206,300,141,94
1244540908,3785187782,0,499,62,436,499,374
1301526660,4150996551,217,300,150,332,83,182
1241423908,3756672481,214,286,196,304,72,108
1215212062,3469564887,0,499,70,428,499,358
1199513702,3230470137,0,499,83,415,499,332
1068211308,1190507035,0,499,83,416,499,333
1237594866,3721548371,36,456,105,386,420,281
1204249830,3287289952,120,391,34,477,271,443
1238323443,3721842966,0,499,62,436,499,374
1264108064,990465012,100,399,7,458,299,451
1225609604,4008271037,0,499,43,456,499,413
1136438157,2330691234,37,454,136,375,417,239
1301525622,4150996490,0,499,0,499,499,499
608520490,54866344,62,436,0,499,374,499
1242282025,3761462080,50,449,0,499,399,499
1008154508,436074949,150,349,104,394,199,290
930399282,184176511,134,364,92,409,230,317
874538674,103449671,71,427,12,499,356,487
1252627152,3850328324,0,499,154,436,499,282
875739791,65360371,38,461,0,499,423,499
871711265,709436,76,423,0,499,347,499
1287877650,4079525157,0,499,0,499,499,499
978861962,131435483,0,499,62,436,499,374
1221134329,431168795,0,499,61,437,499,376
1250882839,3836415925,31,475,70,409,444,339
1273760875,3992793861,95,410,96,421,315,325
1254699101,3863647061,0,499,0,499,499,499
1274681460,1434737,30,469,0,499,439,499
1315131861,4187268509,224,451,152,362,227,210
1031975356,616756725,51,448,1,499,397,498
1260234015,3894917331,71,435,73,421,364,348
930704270,184662184,0,499,143,355,499,212
1188538820,3067204187,130,369,130,369,239,239
1279264988,4037113033,0,499,0,499,499,499
1183256996,3012484990,14,484,10,489,470,479
1011682867,454519217,0,499,72,426,499,354
1275253679,4004119398,49,430,87,451,381,364
1237276848,3716305515,0,499,0,499,499,499
1026855052,569609998,106,393,50,449,287,399
1246395124,3798828086,0,499,228,275,499,47
1208662073,3360981359,156,346,5,485,190,480
1243659028,3775275152,0,499,177,436,499,259
964919937,248638406,69,430,0,499,361,499
1193025785,3136615747,196,303,51,447,107,396
1306804559,4167087537,106,388,51,463,282,412
1313364355,4197668184,41,455,32,425,414,393
1174591975,2940640222,143,358,141,360,215,219
1013242713,464100988,63,435,0,499,372,499
1007667138,435124392,100,399,48,451,299,403
1283636411,4061595357,139,351,56,286,212,230
1220605748,3543622005,139,364,48,472,225,424
1277776918,4026079929,11,476,104,418,465,314
1304093471,4160936310,106,388,51,463,282,412
1248838420,3817897829,7,492,0,499,485,499
1290987019,4098879800,84,466,10,486,382,476
1292292689,4108382685,67,419,49,452,352,403
1189217637,3079977402,21,481,34,469,460,435
987629721,294459022,160,358,32,476,198,444
1317996359,1951685676,0,499,40,499,499,459
1281518989,4051719886,0,499,5,494,499,489
969968694,257790791,0,499,62,436,499,374
1081722218,1458428261,48,450,0,499,402,499
1075711454,1351973162,43,419,16,483,376,467
1323873427,4234090851,127,371,118,358,244,240
1118389848,1983978296,135,358,201,295,223,94
1298617316,4139344557,0,499,0,499,499,499
1255761570,3871050497,148,319,72,368,171,296
1292502550,4108936934,99,413,48,430,314,382
1027101138,569697948,108,391,50,449,283,399
1191491685,3109429271,0,499,0,499,499,499
1280062108,4042479287,129,377,135,356,248,221
1190252955,2832752229,64,450,105,414,386,309
1307777811,4172824246,125,374,32,458,249,426
1243659110,3775275176,0,499,62,436,499,374
1256886336,3874574604,18,499,0,445,481,445
1251166317,445582602,121,399,66,453,278,387
1011017845,449729073,0,499,93,407,499,314
1223582598,3582303196,27,483,149,358,456,209
936395233,2921440,25,473,0,499,448,499
1243392083,3773729982,23,476,23,476,453,453
1288892783,4085920037,33,467,222,287,434,65
1282168827,4055588305,84,393,48,458,309,410
262945733,12207051,195,348,67,446,153,379
1188504910,3066593382,3,494,127,372,491,245
1093390865,1601069859,150,349,100,399,199,299
1246372961,3798818768,95,428,204,366,333,162
1318317348,176389389,0,499,40,499,499,459
962633551,6480578,52,447,0,499,395,499
1270925209,3974661858,0,499,0,499,499,499
999505621,5429645,62,436,0,499,374,499
867067974,109873694,64,429,57,435,365,378
1199377002,3162702623,125,379,56,445,254,389
1301059940,4150447241,0,499,45,499,499,454
934086636,191905059,63,436,0,499,373,499
1250268092,3831363192,26,485,176,361,459,185
1318501610,595304181,49,453,120,347,404,227
1316894145,4203080479,0,499,62,436,499,374
1302527182,4155420647,51,438,78,449,387,371
1229460246,3624745012,22,485,10,488,463,478
1139473840,2391340156,0,499,41,457,499,416
1259867490,3889169733,0,499,0,499,499,499
1041682112,831980314,17,479,20,490,462,470
1139702389,2398141719,20,482,27,428,462,401
1321055059,4221731249,133,370,184,327,237,143
1268943545,1859588110,100,399,50,449,299,399
1093442353,1602792907,0,499,62,436,499,374
1225663460,3460634516,130,244,165,338,114,173
1119060652,1992074707,126,379,66,491,253,425
1307292915,4171069826,85,433,115,420,348,305
1317266548,4210988576,119,362,16,478,243,462
862539722,102338709,72,439,165,351,367,186
1289200459,4086228346,0,499,0,499,499,499
1176505263,2958502275,62,437,62,436,375,374
1066366320,684518382,126,371,1,485,245,484
1249535045,3819980430,170,328,158,342,158,184
1261172736,3898707453,15,495,134,366,480,232
1064808370,1142218905,0,499,84,414,499,330
1321665960,4223013225,22,483,58,435,461,377
1145550956,2498009931,76,415,6,496,339,490
1286962023,4074703376,27,485,66,479,458,413
1218896096,8728760,87,412,0,499,325,499
1039335560,791062847,0,499,74,422,499,348
1100083829,1711729464,70,429,145,354,359,209
1189187400,3079783173,125,372,127,376,247,249
973627037,269671918,143,366,165,418,223,253
1305705814,4166584354,72,411,35,462,339,427
922170653,170807958,216,272,108,392,56,284
973033436,267425664,0,499,62,436,499,374
861730783,90775973,58,440,0,499,382,499
1239801792,3740652353,34,460,32,453,426,421
1042390273,839793751,0,499,241,255,499,14
1292257056,4108380796,23,491,66,417,468,351
1308786441,4177815626,52,414,115,438,362,323
1282830692,385700,87,411,0,499,324,499
1314349749,4202301400,0,498,41,468,498,427
1271175446,3766853545,100,399,38,461,299,423
1198900895,418205048,143,356,100,399,213,299
1071568447,1285496334,39,481,84,437,442,353
946890176,208944973,0,499,104,394,499,290
1319565755,4214558975,18,468,60,470,450,410
1322852859,4231938853,30,477,171,375,447,204
974038969,270494319,109,389,0,499,280,499
1023905213,538829889,101,426,130,362,325,232
1104323312,1830607463,81,429,130,394,348,264
1324035471,4235889685,2,499,0,494,497,494
1199260949,278587386,157,341,100,399,184,299
1095673999,1639068319,18,483,185,315,465,130
1304161697,4160984776,106,388,51,463,282,412
1274281411,3997828757,0,499,0,499,499,499
1288064205,4079554880,0,499,0,499,499,499
1289985433,4090787291,154,368,158,378,214,220
56822330,355004,89,411,0,499,322,499
1220844739,3556205017,0,499,62,436,499,374
1119970018,2003419173,62,436,0,499,374,499
922678322,171926687,149,326,144,359,177,215
1156654301,2675087223,137,349,132,366,212,234
1092313310,1548294544,86,489,142,369,403,227
1267489172,3943203799,0,499,128,436,499,308
882051569,126502706,181,327,227,349,146,122
958017441,226228442,4,495,10,489,491,479
1223782292,3584177197,22,439,44,439,417,395
1008998066,439737806,73,425,0,499,352,499
1217632507,3495992282,58,440,0,499,382,499
1054503556,375568388,0,499,62,436,499,374
971837004,263005036,0,499,62,436,499,374
1213681146,3451861688,126,372,97,405,246,308
1317475114,4213298928,15,485,27,446,470,419
1154380590,2635183132,154,344,100,399,190,299
1087330082,1522296811,0,499,11,488,499,477
201938230,6041494,0,499,62,436,499,374
1260386337,3893245756,45,478,25,486,433,461
1139132638,2379981019,0,499,83,415,499,332
1267115071,3941809033,30,470,8,495,440,487
1313515718,4197530056,0,499,0,499,499,499
1044788426,863052697,73,426,0,499,353,499
1269222531,3949193872,231,280,234,267,49,33
941450711,206613149,69,430,0,499,361,499
1053588380,1035122578,79,419,0,499,340,499
1323681949,4234147170,10,499,10,481,489,471
858012794,91984500,185,314,205,292,129,87
1026864925,569712845,114,385,50,449,271,399
1275109032,4004082907,17,459,60,467,442,407
1057845220,1082459563,92,407,0,499,315,499
1283398301,48367682,95,404,0,499,309,499
999689751,341551155,62,436,0,499,374,499
1287955580,4079698265,52,465,75,440,413,365
1005827465,418189460,0,499,115,383,499,268
1230553409,3635988471,86,412,0,499,326,499
1245673549,3793736074,19,480,21,479,461,458
1238297074,3727587301,0,499,19,499,499,480
939889509,201284470,25,474,100,399,449,299
1010749708,448238145,147,352,92,407,205,315
1273929875,3995665415,0,499,0,499,499,499
1126594156,2105123327,0,499,0,495,499,495
937788749,199005537,164,321,157,205,157,48
1295220794,4125633545,147,342,37,476,195,439
1190251561,2974260322,121,395,118,393,274,275
1283961092,4061637058,12,456,39,468,444,429
1242288514,3761323587,0,499,62,436,499,374
1109239046,1886035156,0,499,31,455,499,424
1269771119,3962600234,0,499,62,436,499,374
1276444325,4013275945,154,367,122,376,213,254
1026944293,569626304,50,449,116,382,399,266
1135466076,2309145793,32,400,19,412,368,393
1131229365,2193294613,153,346,120,378,193,258
452679630,50315040,133,366,98,401,233,303
1302888673,4156933981,75,410,69,386,335,317
874732464,70652816,74,424,0,499,350,499
1305474824,4165804191,7,490,90,405,483,315
1094705583,1613126183,152,347,100,399,195,299
1251658695,3835559463,62,436,0,499,374,499
1261418657,3898724749,0,499,0,499,499,499
1316964476,4211079134,35,444,49,433,409,384
1307366341,4171424704,19,499,0,499,480,499
988451685,295551318,150,361,63,414,211,351
1033366125,647189512,0,499,62,436,499,374
1121420078,2035478903,32,489,48,410,457,362
1310503785,4182248539,0,499,0,499,499,499
1039561889,551723436,173,330,125,378,157,253
1304098782,4160937813,106,388,51,463,282,412
1016429659,498871131,35,464,0,499,429,499
1318894290,4213592220,25,464,83,435,439,352
1177467708,2974270728,100,459,112,349,359,237
1323315915,4231696574,138,381,55,468,243,413
1174589683,2940639514,4,496,18,481,492,463
1209418282,3377170379,0,499,240,268,499,28
1168537243,2849238362,62,436,0,499,374,499
1270631993,3971762713,0,499,0,499,499,499
1137567914,2346692092,62,436,0,499,374,499
1187613152,3052058205,189,320,146,361,131,215
1273904529,3995356328,0,499,16,499,499,483
1191062112,3098284909,188,311,160,349,123,189
941678014,207257914,213,270,175,325,57,150
1269835447,3962804099,13,491,14,489,478,475
1265216806,3929900631,11,482,139,359,471,220
1307322676,4171216234,192,446,147,364,254,217
1257541141,3881234501,0,499,0,499,499,499
1144792054,2485825530,30,423,90,457,393,367
934177487,191938830,0,499,62,294,499,232
1230012461,3628010219,0,499,109,389,499,280
1312153368,4193611929,117,348,203,334,231,131
545686716,53353824,75,431,0,499,356,499
1276354033,4012864809,147,405,170,308,258,138
1316935002,4207178165,62,436,0,499,374,499
1231344875,3648123957,62,436,0,499,374,499
1267100241,1181278213,100,399,14,485,299,471
993930351,301926567,63,443,121,377,380,256
1315118468,4187258623,133,407,79,264,274,185
859298542,94464096,176,315,167,342,139,175
850801489,5211706,82,417,27,471,335,444
1286474551,4173400862,91,417,116,390,326,274
1292463674,4108921520,14,488,117,387,474,270
1015521730,484961773,55,464,94,406,409,312
1079163822,1415056185,57,455,135,366,398,231
1281610395,4052426626,22,497,86,412,475,326
1077394024,143553893,121,378,64,435,257,371
1184103836,3008140448,67,431,0,499,364,499
1068212395,1190505535,9,460,87,423,451,336
1314382153,4202301873,32,499,0,499,467,499
1275514177,4006491239,0,499,11,499,499,488
1274880649,4001420093,8,491,128,390,483,262
1133844206,2266527762,144,354,100,399,210,299
1027335448,570713660,100,399,55,444,299,389
1069640897,1253379128,0,499,0,499,499,499
1150598432,2577425865,137,361,100,399,224,299
1100081609,1711736031,180,319,153,346,139,193
1234447735,3684296894,110,382,14,458,272,444
1261402597,3898720651,1,496,49,499,495,450
1250224511,3831123755,79,419,0,499,340,499
925722104,177355163,143,355,141,355,212,214
1179788854,2985398831,0,499,62,436,499,374
1265222670,3929899378,18,483,128,366,465,238
1166492610,2817742990,150,348,123,375,198,252
1249535603,3819982825,149,342,137,353,193,216
999711923,345705186,43,455,15,489,412,474
1265602268,3931890101,0,499,0,499,499,499
1066929978,1173353241,29,458,89,402,429,313
1101608612,1777621257,0,499,109,389,499,280
937860174,198944213,0,499,62,436,499,374
494785698,51539011,62,436,0,499,374,499
1279133377,4037580408,0,499,0,499,499,499
1121420030,2035478888,18,474,21,486,456,465
1125135275,2088797037,88,401,138,422,313,284
1243410252,3773720552,31,469,30,468,438,438
1317101112,4211701192,0,499,0,499,499,499
1174591754,2940640151,47,460,50,457,413,407
1190251164,2041885673,156,383,131,407,227,276
1243392058,3773729977,23,476,23,476,453,453
962943580,242149654,90,409,130,369,319,239
1289986005,4090787585,160,340,70,433,180,363
1055467333,1057715102,0,499,62,436,499,374
1254452260,3861760372,88,443,106,355,355,249
1313160855,4182712510,35,472,138,336,437,198
1273978849,3995366151,40,435,159,499,395,340
1285841374,4070700004,0,466,0,472,466,472
1313632203,4183697658,130,363,47,454,233,407
1307386409,4171236618,0,499,0,499,499,499
1313466304,4197680286,95,403,24,445,308,421
848389373,67175240,75,424,0,499,349,499
1317564484,4213833540,110,389,54,445,279,391
1005831817,418197432,61,438,160,339,377,179
1186394393,3028261959,57,433,115,369,376,254
987346985,294178847,148,351,0,499,203,499
1223788118,1202511027,26,468,73,424,442,351
1320030415,4215332753,110,322,165,333,212,168
1051389917,971832965,87,411,0,499,324,499
1148324106,2541020629,110,389,54,445,279,391
1236711501,3712282665,0,499,62,436,499,374
1201814696,3249392496,217,347,98,493,130,395
1215445396,3470156883,0,499,99,399,499,300
1033138805,645588927,0,468,95,355,468,260
885912100,131692056,57,441,0,499,384,499
1229938192,3630258669,27,499,82,413,472,331
1283566982,4061481540,0,499,0,499,499,499
856772212,90396847,174,325,0,499,151,499
1241424059,3756672530,196,302,195,304,106,109
987498876,294315631,86,414,14,480,328,466
1276325387,4012664929,56,443,33,493,387,460
889136390,134997910,77,422,0,499,345,499
1310872401,4184608221,77,440,12,481,363,469
1102152953,1791625634,47,461,40,499,414,459
1317160401,4211707587,82,439,115,397,357,282
1109276587,1886495547,62,436,0,499,374,499
1083215473,47089349,70,429,0,499,359,499
1257842998,3883191186,40,458,63,458,418,395
1233386736,3678326778,0,499,62,436,499,374
984906417,290033370,129,370,164,324,241,160
896232540,142746095,87,412,0,498,325,498
966988531,138725412,73,425,0,499,352,499
1005838624,418199488,154,345,227,496,191,269
1165410857,2803563332,37,499,0,467,462,467
1235705759,3698201344,0,499,62,436,499,374
1204251864,3287292660,203,296,170,329,93,159
1251357273,3841334246,62,436,0,499,374,499
1077860285,1385300589,159,344,125,361,185,236
1101416493,1724461360,0,499,109,389,499,280
1128451728,2147095079,137,361,100,399,224,299
1235648215,3696867950,0,499,62,436,499,374
205269430,6099071,191,302,170,336,111,166
1311215575,4186473180,39,473,42,481,434,439
1192056947,3120611111,68,432,22,488,364,466
1235645740,3696735655,43,413,76,436,370,360
1307762276,4172822968,56,448,87,467,392,380
1007717824,435112525,60,439,0,499,379,499
1142229077,2447881018,109,389,0,499,280,499
1135542340,2309798659,152,350,38,458,198,420
381153095,49620151,58,441,0,499,383,499
1313906851,4186077117,187,344,102,464,157,362
1092432302,1582451232,152,346,89,410,194,321
1134388432,2275414675,62,436,0,499,374,499
1008107210,435919430,104,395,50,449,291,399
1196820114,3196259432,81,418,0,499,337,499
1093336239,1600314410,159,340,100,399,181,299
1303830254,4159426929,106,388,51,463,282,412
876564767,68594486,68,431,0,499,363,499
855749597,88435164,142,357,117,384,215,267
1266880377,3940227491,11,477,26,464,466,438
1253152337,3855161638,42,468,29,483,426,454
1306853210,4167092224,0,499,0,499,499,499
959275894,231493405,90,409,130,369,319,239
1250268378,3831364257,0,499,62,436,499,374
1213687848,3451986139,104,395,50,449,291,399
1113907088,278513322,140,358,100,371,218,271
1325252024,4240794635,148,351,44,455,203,411
1308730928,4177785283,0,499,46,444,499,398
933238805,190096544,76,423,0,499,347,499
1209717437,3382587262,44,462,17,470,418,453
1113102249,1832988771,142,357,2,498,215,496
1283940522,4061633831,112,148,166,334,36,168
1206419293,3324633270,0,499,0,491,499,491
1278745384,4036991880,31,481,31,470,450,439
1298367102,4138942141,0,499,0,499,499,499
1310653112,4182265443,3,497,4,496,494,492
1202881608,3265357235,6,488,82,408,482,326
1317273953,4210988851,0,499,0,499,499,499
893313474,141191361,191,312,196,312,121,116
919595078,165239626,109,389,0,499,280,499
1026988605,569963405,106,392,50,449,286,399
1085794752,1505776993,80,418,0,499,338,499
1313863238,4200276327,88,437,125,443,349,318
1282287264,4055998445,64,431,31,481,367,450
1019292425,516367685,214,301,47,475,87,428
1127268342,2120503514,9,468,86,415,459,329
1270219430,3969948695,0,464,212,398,464,186
941622152,207151461,160,332,170,324,172,154
1118231479,1980410635,76,423,69,431,347,362
854228231,85756516,70,429,0,499,359,499
1143981154,2473129360,2,498,79,409,496,330
1310550895,4182254733,0,499,0,444,499,444
1023455183,536754132,205,304,214,302,99,88
1313904985,4200414276,0,499,0,499,499,499
933253771,190106995,73,426,0,499,353,499
1303083896,4157459112,37,484,23,483,447,460
834587993,66835213,166,332,100,399,166,299
1070425473,1258655673,166,343,54,484,177,430
1172791556,2920940573,65,437,11,458,372,447
1250268100,3831364095,0,499,62,436,499,374
1322941948,4231791026,64,447,53,461,383,408
1261398640,3899875242,100,390,67,450,290,383
1171436051,2908563231,108,399,46,453,291,407
1261379324,3898717087,31,499,49,499,468,450
1278572121,4035925086,62,436,0,499,374,499
1112622979,1924163219,75,453,26,474,378,448
867803274,111016998,62,436,0,499,374,499
1032585378,626140414,87,411,38,499,324,461
1047565949,919160997,81,418,0,499,337,499
1176481945,2956358963,62,436,0,499,374,499
1299564074,1940509698,125,374,119,376,249,257
1311083782,4182134752,14,463,92,367,449,275
1280692202,4046437663,27,473,176,364,446,188
1152727614,2264787934,145,373,102,403,228,301
1282015512,4053879512,0,499,0,499,499,499
1164382451,2780596848,62,436,0,499,374,499
1205611286,3307772392,73,426,0,499,353,499
1192022444,3120502267,54,443,167,386,389,219
1248846206,3817902930,53,479,108,374,426,266
1209215726,3371403977,131,367,100,399,236,299
1255233234,3868409122,146,320,259,471,174,212
1027177631,569823793,101,398,50,449,297,399
1094644098,1625619105,382,490,204,296,108,92
1125052165,2088393903,0,499,63,436,499,373
1245929415,3795573075,69,425,46,445,356,399
1002973613,388567582,148,351,125,374,203,249
996049261,304620811,66,433,0,485,367,485
956395224,138732894,57,488,101,396,431,295
855773421,88472802,86,413,0,499,327,499
1190250682,1971696716,87,399,169,352,312,183
1186394422,3028261966,92,369,148,334,277,186
1193877363,3149507970,160,343,39,467,183,428
1123579472,2058032971,157,339,137,331,182,194
1131346948,2202159811,8,497,158,370,489,212
1212046794,3415934369,138,357,9,491,219,482
1291710867,4103182365,0,499,0,499,499,499
1285840320,4017666102,26,499,0,499,473,499
1131269636,2200057838,110,389,40,459,279,419
857461975,91521323,69,430,0,499,361,499
1158121311,2695198238,70,440,14,482,370,468
1296286735,4130122082,27,478,129,381,451,252
1240856908,3750156050,77,421,0,499,344,499
1278821628,4035366568,62,436,0,499,374,499
1109854019,1893898929,0,499,62,436,499,374
1325229687,4240793846,54,481,2,489,427,487
1283789924,4061614104,216,279,0,499,63,499
1058105322,1086313146,148,342,162,339,194,177
893311312,141190895,0,499,214,285,499,71
1101593678,1776886485,60,439,0,499,379,499
1307063027,472640647,100,399,27,496,299,469
1316093237,4200868676,18,477,19,491,459,472
1123579540,2058033011,223,229,267,275,6,8
1178126460,2981061356,16,490,130,372,474,242
1256077266,3873126937,40,463,64,464,423,400
1277945880,4023225747,0,499,71,428,499,357
1299292156,4141675921,45,454,52,448,409,396
1316244690,4200880257,52,463,104,367,411,263
912888566,157202884,0,499,83,416,499,333
1258839152,3887586014,143,365,165,343,222,178
1257247776,3879894535,11,483,64,466,472,402
1255040695,3867571308,45,469,2,494,424,492
1313399724,4197670848,66,442,22,477,376,455
1256498744,3874388433,132,383,55,452,251,397
1277075042,4019948339,135,365,186,316,230,130
1292307723,4108635397,73,264,144,332,191,188
1259871806,3889170183,47,427,35,448,380,413
1192013435,3120284917,50,457,159,340,407,181
1065997680,691885850,21,478,0,352,457,352
683387629,56885324,150,349,108,390,199,282
1077650101,1374426741,0,499,0,499,499,499
893311802,141191254,223,278,193,301,55,108
1157566245,2686855833,249,464,214,489,215,275
1127692896,2128790143,0,499,63,436,499,373
1283069180,4058378463,51,456,125,356,405,231
1262706998,3910478688,0,499,29,469,499,440
1237042649,3710063653,68,430,0,499,362,499
1067651742,1182611291,104,389,148,349,285,201
1202898965,3256289107,7,491,0,499,484,499
1229872472,3628926239,245,250,274,320,5,46
1213562805,3450457218,110,389,66,445,279,379
1250939823,3836830933,43,455,136,432,412,296
908716091,153302204,9,488,4,493,479,489
1035815111,689600886,0,499,0,499,499,499
844694032,73012289,67,432,0,499,365,499
1169009627,2271282777,92,386,32,466,294,434
1316185118,4200876497,60,443,132,387,383,255
1280462520,4045068488,0,499,0,499,499,499
1301518785,4151263208,0,499,0,498,499,498
1308858139,4177840094,0,499,198,300,499,102
1227169952,3607252479,12,499,0,377,487,377
1121063194,2027259861,0,499,62,436,499,374
1283515775,4061479449,0,493,0,499,493,499
1121891447,2044583649,108,391,43,457,283,414
1324059658,4236041566,27,473,31,473,446,442
1314395518,4202301997,72,454,9,341,382,332
1027189604,569997475,103,396,50,449,293,399
996144167,304747251,84,415,0,499,331,499
1266675620,3939552036,161,360,95,365,199,270
1282185935,4053387463,0,499,62,436,499,374
1003842662,394721535,86,412,50,449,326,399
970086719,257925763,62,436,0,499,374,499
1321397135,4227414660,0,499,0,499,499,499
1121269402,1118849542,164,336,2,491,172,489
930658107,184623465,229,273,247,249,44,2
1214146772,3455344770,61,438,0,499,377,499
981307584,284322868,71,428,0,499,357,499
1307371860,4171236178,202,288,60,165,86,105
1316980089,4205439850,109,389,0,499,280,499
1110846343,1905347453,0,499,86,413,499,327
1124257476,2074468027,155,344,100,399,189,299
1247849099,3813570932,0,499,62,436,499,374
1128330233,2142370863,21,478,86,410,457,324
1270072562,1910864304,100,399,21,477,299,456
1118443406,1984346526,66,433,0,499,367,499
1204612793,3226080401,109,389,0,499,280,499
985102363,285433982,132,359,36,489,227,453
1311329681,4182069051,0,499,0,499,499,499
1274444964,2943767,185,332,71,457,147,386
1308351160,4175953059,15,484,14,485,469,471
1328516592,4250644296,43,432,56,429,389,373
1283548791,4061584142,158,374,108,485,216,377
1321537455,4227996351,36,488,55,310,452,255
1260799621,3895436409,11,488,10,488,477,478
1283817584,4061615814,4,499,28,499,495,471
1248378936,3814871169,167,324,20,479,157,459
1261384447,3898717533,0,499,241,259,499,18
1272684523,3989840292,0,499,0,499,499,499
1279078711,4037091180,31,458,45,463,427,418
1192387813,3123003983,0,499,62,436,499,374
1177640577,2977626531,105,388,12,483,283,471
1276363042,4012870501,73,454,30,451,381,421
1277391030,4023069514,121,378,122,378,257,256
987825305,294697980,0,499,87,412,499,325
1261192279,3898711184,108,401,84,434,293,350
1249535574,3819982815,183,342,133,366,159,233
1157597941,2677392996,62,436,0,499,374,499
1282919283,4057768280,46,478,25,471,432,446
1196790429,2047166173,184,315,150,349,131,199
1253959021,3859437885,31,464,58,465,433,407
1100822506,1740612145,85,413,0,499,328,499
1275544933,4006494239,31,473,38,392,442,354
1243839569,3776676727,18,446,27,439,428,412
980512572,283631253,124,374,0,499,250,499
1264401687,3925282813,36,438,76,456,402,380
895445699,257251,129,374,50,443,245,393
1257861861,3883201977,53,441,68,444,388,376
1273168553,3993177902,10,492,107,410,482,303
1263628911,3919194996,0,499,62,436,499,374
1017049991,254492207,49,453,81,447,404,366
1315455460,4205930945,2,496,0,499,494,499
874535748,46469126,56,453,11,468,397,457
1283549750,4061480578,0,499,149,499,499,350
1261375293,3898716666,0,499,0,499,499,499
1274173112,3997816419,0,499,71,423,499,352
885694939,131473772,66,405,101,377,339,276
971625669,262771475,0,499,83,415,499,332
1045609645,870053114,17,486,61,444,469,383
1304036058,4160811023,16,485,21,473,469,452
1214158531,3459209334,29,456,90,434,427,344
1052839068,1000751210,74,424,74,424,350,350
1245044561,3788003052,62,436,0,499,374,499
127225830,3703608,78,421,0,499,343,499
941678701,207258057,184,320,188,308,136,120
1317404494,4212780792,163,322,56,471,159,415
1253519600,3857173133,20,457,136,344,437,208
1211887439,3312222342,0,499,83,415,499,332
1262524988,3908516208,134,389,66,439,255,373
1240820218,3745726099,62,436,0,499,374,499
1178465604,2356500880,66,450,8,491,384,483
1190257981,1876686934,16,432,112,413,416,301
1156654692,2675087555,59,430,188,343,371,155
1008228004,436164967,186,311,187,311,125,124
1007371411,416634844,64,434,0,499,370,499
911164835,153365080,164,338,80,417,174,337
908184916,152728964,74,421,137,404,347,267
1252948358,3854262236,90,439,12,359,349,347
1268780795,3953644183,0,499,0,499,499,499
1282775541,4058944914,0,437,86,399,437,313
1267993101,3944541901,61,437,60,434,376,374
1300064293,4144869318,19,499,21,499,480,478
1178124236,2981022926,85,415,9,486,330,477
1261407529,3898721400,35,467,111,436,432,325
1008044026,435904800,170,328,138,360,158,222
1254109364,3858498314,86,412,0,499,326,499
1153305881,2624840639,100,400,99,399,300,300
1003752645,292642537,114,388,124,387,274,263
1202283511,3253775466,71,427,22,499,356,477
1317977750,4215702993,12,487,126,436,475,310
1306194183,4167639717,73,425,0,499,352,499
1258986049,3887596593,79,438,107,456,359,349
969967008,202445445,0,499,62,436,499,374
1218330778,3509087565,187,307,173,370,120,197
1275115150,4003847715,88,433,73,413,345,340
1039022352,783819042,105,393,3,494,288,491
1146980280,3716121506,110,389,66,433,279,367
1310046499,4181952245,55,449,185,300,394,115
1169581953,2877039127,0,499,49,449,499,400
935385550,194634578,62,436,0,499,374,499
1260308597,1989824014,74,424,0,499,350,499
1264027412,3923101269,65,435,26,483,370,457
1102953906,547578751,61,440,76,416,379,340
940546590,138747059,144,320,183,312,176,129
968866285,253796704,70,429,0,499,359,499
1313491593,4183348366,49,450,101,383,401,282
1041682236,831980337,106,392,106,392,286,286
965048689,248738845,71,427,0,499,356,499
1262583147,3908518270,11,490,16,494,479,478
1257230721,3879897307,53,380,44,476,327,432
1258999497,3887598041,24,479,48,472,455,424
1225560664,86291688,178,320,160,339,142,179
1310041385,4181951169,6,467,9,495,461,486
1190251389,2697698992,0,499,62,436,499,374
1002978883,388572816,164,334,125,374,170,249
1230399015,3637248968,0,499,62,436,499,374
1163817719,2772089373,39,460,106,393,421,287
1297799211,4137061459,48,440,38,486,392,448
883883586,85623500,180,318,150,349,138,199
1068095206,1189061848,0,499,0,499,499,499
941710141,5064576,130,367,80,416,237,336
1190251695,2781594555,111,388,111,387,277,276
920493676,166605753,83,415,0,499,332,499
1078972014,1413003884,0,499,209,499,499,290
1301252707,4150969248,0,499,0,499,499,499
991207571,298602588,90,428,237,269,338,32
167235830,5347005,83,416,12,487,333,475
1158120721,2695197248,0,360,29,499,360,470
1232860662,3663842844,2,497,0,499,495,499
1211983965,3414349042,233,310,45,481,77,436
1261406985,3898721339,29,431,49,466,402,417
1316989315,4210982207,66,442,86,456,376,370
1233846726,3682507672,0,499,68,499,499,431
1264129219,3923186524,0,499,0,499,499,499
1248206898,3814504949,44,455,53,450,411,397
1241819322,3760784103,0,499,0,499,499,499
1260386487,3893205136,0,499,0,493,499,493
860440910,98372559,62,436,0,499,374,499
1186394435,3028261969,57,433,115,369,376,254
1275675539,4006528467,63,416,44,483,353,439
1295666517,4127461878,64,440,99,391,376,292
1251414191,3842577693,64,435,0,499,371,499
1024752739,547027623,202,360,229,335,158,106
1256003230,3872821597,53,450,0,499,397,499
1174591744,2940640150,47,460,50,457,413,407
1303062604,1434660599,4,495,111,400,491,289
1008180025,436075820,143,355,100,399,212,299
1258189041,3883965627,0,499,0,476,499,476
1313233208,4197497196,38,469,40,463,431,423
1320940536,4221623421,25,94,229,271,69,42
1109429768,1882654231,0,499,100,399,499,299
1252821651,3852098167,70,428,0,499,358,499
1312009530,4189050508,65,447,198,275,382,77
920902477,167504072,105,394,103,395,289,292
1296768485,4109958168,19,468,148,404,449,256
1083714569,1488800723,16,479,15,474,463,459
1027302377,570718902,105,393,50,449,288,399
1008189058,436077797,106,393,50,449,287,399
906490501,6965747,61,438,0,499,377,499
1042203230,838420698,69,432,110,399,363,289
1048712909,944401732,70,428,142,373,358,231
1027174299,569980974,100,398,50,449,298,399
1317732300,4213435883,0,499,0,499,499,499
1311355948,4187040350,0,499,0,499,499,499
1312711577,4195919489,3,458,160,338,455,178
1020015011,515711872,76,423,0,499,347,499
1323032391,4231803201,0,499,0,499,499,499
1169556545,2876276656,62,436,0,499,374,499
1321449799,4222997483,179,352,94,424,173,330
998473220,334573269,38,443,112,340,405,228
1313778436,4200504057,100,377,37,433,277,396
1186356757,3028006623,88,361,41,469,273,428
1325264145,4240795237,0,420,152,470,420,318
987340143,294177077,47,465,152,372,418,220
1225666831,3493235805,125,374,125,374,249,249
1288090610,4079556071,0,499,0,499,499,499
1252982649,3854407362,0,499,0,499,499,499
1285872419,4017684886,39,499,113,372,460,259
1100061710,1711735569,110,389,74,447,279,373
1317241359,4210986879,102,402,53,459,300,406
1265614908,3931863801,92,403,11,458,311,447
137526430,3702692,190,309,190,309,119,119
1240144543,3743585061,0,499,98,399,499,301
1182304133,1892606282,0,499,0,499,499,499
1077529429,1374044952,73,425,0,498,352,498
1055800370,1063521954,0,499,62,436,499,374
1301448561,4060924250,0,499,0,499,499,499
1273477489,3992736521,33,458,58,457,425,399
1307346322,4171233339,13,481,64,440,468,376
990635957,297712090,0,499,108,391,499,283
1243659405,3775275382,0,499,150,436,499,286
1255724960,3871103517,111,391,102,390,280,288
1123445662,628677032,144,354,100,399,210,299
913839910,124324618,85,413,0,499,328,499
1043841245,853456052,74,434,154,469,360,315
1061079265,1100198029,0,499,52,447,499,395
1201643069,3248346506,121,384,99,407,263,308
1314428192,4202302602,0,499,0,499,499,499
1273174534,3992526556,44,443,136,359,399,223
1268742754,3936353236,178,312,40,423,134,383
1177775870,2977694035,0,499,109,389,499,280
1264899486,3928053896,132,387,7,435,255,428
1257269204,3879903236,126,470,173,305,344,132
1265207619,3929900140,14,467,42,482,453,440
987493969,294334373,33,465,0,499,432,499
1223582521,3582303173,27,483,149,358,456,209
1027758809,575938303,103,393,31,474,290,443
1320806382,4221601241,119,378,15,493,259,478
1027144649,569954084,100,399,57,441,299,384
1027151329,569895005,111,388,50,449,277,399
1281728351,4052947935,0,499,0,499,499,499
1305332846,4165064902,0,480,0,479,480,479
1008049779,435905023,160,339,121,378,179,257
1316102336,4200869198,0,499,62,436,499,374
1007501213,435013699,100,399,57,442,299,385
1257600139,3881236806,49,415,39,462,366,423
1276069336,4009394223,183,303,20,494,120,474
1304182073,4160988583,106,388,51,463,282,412
1283542805,4061584006,25,476,108,356,451,248
1129175468,2162918085,109,389,0,499,280,499
1141657011,2425687497,42,457,0,499,415,499
1312712907,4187799604,62,436,0,499,374,499
1251503308,3843214351,0,499,62,436,499,374
1306638729,4168967862,0,499,43,499,499,456
1320884976,4221609497,128,371,17,481,243,464
833461742,61346288,63,435,0,499,372,499
937049735,197220196,128,369,234,353,241,119
884686730,130249603,0,499,78,421,499,343
1196212490,3182722308,50,450,135,438,400,303
1205254617,3305030899,197,347,99,397,150,298
1304007187,4160804879,118,383,110,394,265,284
1215529017,3470070793,32,480,100,398,448,298
1009332327,440702274,150,349,118,380,199,262
1192869472,3136222491,39,320,172,327,281,155
1257437877,3881467218,101,395,58,411,294,353
1227328930,3776165722,0,499,0,499,499,499
870789013,115433869,0,499,59,439,499,380
1061521199,146545262,132,409,209,412,277,203
1224857486,3513756310,16,490,137,371,474,234
1211983223,3414348343,130,369,130,369,239,239
1283818409,4061616953,89,413,88,499,324,411
1316377241,4209058819,28,463,49,441,435,392
1204142244,3284812161,73,426,0,499,353,499
1249535290,3819982144,130,369,125,374,239,249
1004573580,404130688,102,395,39,462,293,423
1238149274,3726578157,0,499,62,436,499,374
896665527,65351468,108,390,30,486,282,456
1265322211,3930247839,7,491,93,435,484,342
1213805144,3443606245,0,499,107,391,499,284
971423146,262159250,29,424,103,396,395,293
1310717777,4184543991,0,499,42,499,499,457
1069190759,1228315435,100,398,0,499,298,499
366170507,48430553,0,499,62,436,499,374
1104326386,1842307659,111,375,100,385,264,285
1103823186,1819862357,94,405,27,471,311,444
1283623767,4061593435,0,499,0,499,499,499
1226957466,3575915355,135,363,100,399,228,299
1311213923,4186472499,0,499,0,499,499,499
1030537654,598514127,36,466,209,399,430,190
1241767266,3760776460,369,379,120,130,10,10
1009761522,114441941,75,424,0,499,349,499
292841563,17833992,62,436,0,499,374,499
1289778009,4089721510,122,368,56,456,246,400
1325141218,4240466231,83,318,193,435,235,242
1136642786,2288640180,168,332,37,464,164,427
1267985594,3944993278,76,468,96,390,392,294
1228760925,3619493426,0,499,62,436,499,374
1324193249,4236297598,76,421,43,449,345,406
1257269012,3879903206,172,303,18,479,131,461
1254483921,3861779501,0,499,0,499,499,499
1278076282,4029444160,37,422,153,341,385,188
1249585839,3820235423,101,408,98,406,307,308
1299818727,4143639283,0,499,62,436,499,374
1269772165,3962600729,0,499,0,499,499,499
1288936908,4085949953,0,439,52,499,439,447
1300069929,4144875869,62,406,45,499,344,454
941885425,207632469,62,436,0,499,374,499
1295507394,505042345,88,410,0,499,322,499
1007659157,435076998,153,346,100,399,193,299
1282806716,4058578182,0,499,0,499,499,499
1325259153,4240794937,29,476,157,329,447,172
1204251476,3287292369,111,388,24,482,277,458
1133293058,282894511,114,429,132,364,315,232
1211983066,3414348134,13,480,52,471,467,419
1124369826,2076183127,24,476,30,473,452,443
462491830,50500747,150,349,122,377,199,255
1253502614,3856530361,67,430,9,489,363,480
1319705903,4214674457,38,464,116,439,426,323
1041682081,831980336,106,392,106,392,286,286
1278518733,4035628358,0,486,63,499,486,436
1240716892,3748199702,0,499,0,499,499,499
971481453,262246616,250,499,204,293,249,89
1257863771,3883190548,2,499,0,499,497,499
1299732763,4143441964,0,499,26,499,499,473
1126898311,278520920,155,343,100,399,188,299
1262430213,3908156517,52,443,72,462,391,390
1225663355,3460743968,125,347,130,367,222,237
1008103194,435913595,160,339,123,376,179,253
1149484855,2557973784,112,167,44,411,55,367
1231117556,3645192276,18,489,87,418,471,331
1244837412,3786949092,95,395,144,415,300,271
1037708441,736202581,62,436,0,499,374,499
1243659997,3775275639,0,499,136,436,499,300
1251481880,3842785666,101,432,164,485,331,321
966195146,252038714,17,486,150,350,469,200
1276354596,4012865019,84,427,56,449,343,393
1276128780,4011235630,0,499,60,499,499,439
1268846095,3953943859,0,499,0,499,499,499
1316243367,4200880036,62,427,50,466,365,416
1268718252,3951838519,0,499,0,499,499,499
1209286129,3369755835,100,399,28,472,299,444
1164383412,2783125744,24,426,151,347,402,196
1144425964,2481093180,120,385,142,407,265,265
941710864,80378291,166,338,139,366,172,227
1128402006,2143736826,0,499,63,436,499,373
1260336852,3893243011,30,414,153,389,384,236
1253465565,3856809985,43,419,23,476,376,453
846344772,74733418,73,425,0,499,352,499
1240720616,3748202614,0,499,0,499,499,499
862579600,102707106,60,436,108,391,376,283
1270458893,3971911091,21,477,86,413,456,327
1177010286,2967471730,0,499,62,436,499,374
870271775,114681459,14,484,115,383,470,268
1177782036,2977760662,61,425,96,399,364,303
1321613317,4223063168,106,388,150,409,282,259
889138755,6855077,11,487,0,499,476,499
1230830905,3642338198,116,378,41,453,262,412
1261390804,3898719492,0,499,0,499,499,499
1066486285,1168006930,0,499,66,433,499,367
1144931668,2482384266,24,475,24,474,451,450
1308864488,278520018,100,399,48,451,299,403
1009294211,440647587,100,399,19,479,299,460
1223401208,3580769041,112,382,154,351,270,197
1027919833,576862672,0,499,62,436,499,374
1043215091,848820434,16,484,164,361,468,197
1318271095,4217910253,178,300,31,470,122,439
1103572862,1161967703,63,444,150,367,381,217
1308854462,3350638006,100,399,11,488,299,477
1313028442,4197486275,58,435,121,431,377,310
1100070817,1711730610,70,429,145,354,359,209
1119408051,1998121901,0,499,145,342,499,197
1264783231,3901697898,140,381,160,355,241,195
290922730,17365424,25,489,195,421,464,226
1192040002,3120535666,63,435,101,426,372,325
1274562316,524187,74,408,0,499,334,499
1276307424,4012720909,22,476,126,401,454,275
750114370,60333676,64,434,0,499,370,499
1095880674,278569317,143,355,100,399,212,299
1212567596,3422439141,62,436,0,499,374,499
1198648059,499426298,150,349,100,399,199,299
1323685073,4234147228,23,475,120,376,452,256
1198705895,2571508219,145,351,105,399,206,294
1264517035,3925920949,0,499,83,415,499,332
1181358450,3002350330,179,316,215,286,137,71
1283827005,4061617569,0,499,0,499,499,499
1238984825,3731150743,0,499,62,436,499,374
1027079573,569684615,101,397,50,449,296,399
871516387,296865,109,389,0,499,280,499
1253215127,3854772572,71,433,128,339,362,211
1168886505,2822146282,199,299,462,495,100,33
1319530725,4214461542,77,433,108,397,356,289
1207821780,3346745472,115,384,148,350,269,202
1217336796,3493699664,79,487,132,356,408,224
1252501112,3849777964,13,482,89,422,469,333
1240241895,3744929595,35,464,0,499,429,499
1248733404,3816720094,0,499,0,499,499,499
981990352,285433824,11,490,38,458,479,420
1164058635,2779551501,0,499,0,499,499,499
1196811864,3198836728,0,499,80,418,499,338
1325958809,4234337337,113,386,158,341,273,183
1156718489,2676278720,7,493,64,436,486,372
1285284941,4068128062,13,486,160,389,473,229
1095243286,1297373354,38,457,154,381,419,227
1254102462,3858416336,0,499,62,436,499,374
1071867301,464688986,153,345,100,399,192,299
1021324124,526606393,71,427,0,499,356,499
1050195708,962150231,111,393,99,388,282,289
1281963352,4050741991,40,445,86,420,405,334
1215529198,3470071285,100,398,0,498,298,498
1304114002,4147744549,87,450,110,398,363,288
1284139094,4063419955,53,439,53,429,386,376
1300130972,4145099942,29,485,146,389,456,243
1309676397,4181533683,49,467,87,393,418,306
1257601788,3881714622,29,448,22,450,419,428
1007597558,435072921,100,399,32,466,299,434
1306342093,4168258928,112,399,37,471,287,434
1234768237,3690228641,274,455,216,370,181,154
1198913633,2761906508,154,344,100,399,190,299
1298930206,4141166989,0,499,0,499,499,499
1123396232,278582651,177,323,120,381,146,261
1263668199,3920516913,86,413,0,499,327,499
941870372,207132325,41,475,73,447,434,374
1305094406,4144857833,13,468,107,285,455,178
1190250785,2041884717,0,409,62,436,409,374
1287743165,4078708822,63,436,0,499,373,499
1135466122,2309145959,142,346,82,441,204,359
1104433821,1520528365,0,499,87,412,499,325
967535919,254417051,118,375,79,425,257,346
1307375010,4171236249,259,275,0,499,16,499
1093218687,1593010466,183,315,160,339,132,179
1108213487,1870991829,0,499,109,389,499,280
1251070582,3837516423,0,499,113,381,499,268
1255207781,3868889286,0,499,0,465,499,465
1141700332,2440545861,116,392,11,485,276,474
1248847763,3817903266,37,477,107,378,440,271
1262731189,3910821591,19,488,11,487,469,476
869846871,113122207,203,295,181,317,92,136
1121360272,1916821849,156,343,100,399,187,299
915511855,75096953,0,499,92,406,499,314
987589475,294374916,188,323,122,404,135,282
1152633911,2609810009,179,325,121,390,146,269
1280599579,4045476323,0,499,62,436,499,374
1249535517,3819982789,136,362,214,292,226,78
1008135293,436058798,150,332,109,384,182,275
1266603161,3938880731,0,499,0,499,499,499
890227180,136377895,166,343,156,325,177,169
1008087624,435913428,141,358,100,399,217,299
1279755059,4041456007,39,499,7,492,460,485
1213349320,3444148763,180,354,233,347,174,114
1255143970,3868751698,107,401,154,348,294,194
1267605710,1887688341,0,499,84,414,499,330
911997543,155980012,62,436,0,499,374,499
1323706535,4233746899,0,499,0,499,499,499
1242011952,3761348605,50,449,5,494,399,489
1151514340,2575257098,62,436,0,499,374,499
1262521286,3908851228,41,462,11,454,421,443
1264907375,3928057663,16,453,109,370,437,261
1019271905,516347548,41,453,125,439,412,314
1292385889,4108907506,0,387,145,369,387,224
1283891329,4061624941,24,469,108,416,445,308
1027183187,569987538,100,399,57,442,299,385
1211887732,3312222619,0,499,0,499,499,499
954359903,218392190,210,289,100,399,79,299
1296673218,4129049299,74,424,0,499,350,499
1263008641,3913253870,43,468,74,433,425,359
1182230447,3006003239,80,420,0,499,340,499
924847497,176189359,0,499,62,436,499,374
1204225014,3287237929,93,407,1,499,314,498
1181050293,2999631198,0,499,215,297,499,82
1262368066,3906641426,93,433,13,498,340,485
104332530,3185778,3,495,29,469,492,440
1192113747,3121335172,77,478,174,316,401,142
1268425980,3951006367,71,445,135,361,374,226
1192055571,3120609226,68,432,22,488,364,466
52335130,1941288,61,438,0,499,377,499
1052190003,983389302,16,496,164,407,480,243
1274259794,3997825003,78,421,8,491,343,483
1283610179,4061483479,0,499,0,499,499,499
1310672268,4182266629,48,499,53,499,451,446
872855391,118233005,0,499,62,436,499,374
887327326,133448378,48,469,63,421,421,358
1315095168,4204290687,3,469,27,490,466,463
1324189361,4236297326,59,469,140,313,410,173
1217586602,3495455918,236,256,427,482,20,55
1240409955,3747307063,15,484,84,414,469,330
1042217591,838528982,166,331,128,371,165,243
1284069084,4063401109,52,457,47,440,405,393
1250268096,3831364093,0,499,62,436,499,374
1294389546,4123083488,0,499,0,499,499,499
1096641836,1161960044,148,351,97,402,203,305
871301646,116002175,0,499,62,436,499,374
1219713787,1892586752,119,395,93,464,276,371
1030244837,596237774,110,389,145,354,279,209
1213688884,3452002210,113,385,73,425,272,352
1216450847,3268888078,50,449,86,412,399,326
1324051912,4236041372,6,499,0,480,493,480
1092327964,1581521065,0,499,12,494,499,482
1279205562,4037102797,18,459,61,464,441,403
1238731566,3728306519,0,499,62,436,499,374
1086094311,1508416182,22,468,78,426,446,348
1151870064,2591901925,0,499,0,499,499,499
991261909,298706662,102,401,30,447,299,417
1118573398,1986329295,60,484,70,412,424,342
1218511376,3512344659,7,488,79,415,481,336
846089886,75203827,65,433,0,499,368,499
1294973118,3804677172,50,449,0,499,399,499
1324221843,4235883814,0,498,8,493,498,485
1057808745,1081876603,85,414,0,499,329,499
891725326,138456960,156,342,100,399,186,299
309060935,46349811,50,449,49,449,399,400
1261389101,3898719219,51,449,74,433,398,359
931993898,187260608,187,312,165,334,125,169
1253519647,3857173158,6,492,146,357,486,211
1247994964,3814024598,99,433,2,493,334,491
1263166531,3914718102,0,499,88,410,499,322
969937281,258074658,147,351,76,419,204,343
946271075,208363010,169,334,135,369,165,234
1126245764,2101629852,78,418,0,499,340,499
1312153846,4193611969,162,365,125,320,203,195
46301030,1882694,118,381,50,449,263,399
1028888616,589264617,76,423,0,499,347,499
975957939,274783785,140,359,94,405,219,311
1027124187,569701102,106,392,50,449,286,399
1279145358,4037095604,22,459,62,467,437,405
1127164656,2113611788,150,336,164,335,186,171
1320747714,4221598361,63,470,176,393,407,217
901480177,136115303,0,499,62,436,499,374
1111282998,1910315298,0,499,62,436,499,374
1193638915,3148097712,76,435,102,401,359,299
1262419702,3907803340,0,498,1,498,498,497
1282552771,4057546079,0,499,14,499,499,485
1062486156,1115318896,70,428,0,499,358,499
750408434,1286598,202,296,190,309,94,119
1247488281,3810824215,0,499,83,415,499,332
1280346205,4044739963,4,484,67,476,480,409
1071869731,824877025,151,348,100,399,197,299
1294756294,4124109493,0,499,83,415,499,332
1072356527,1301297330,75,425,104,427,350,323
1200635834,3242449185,14,499,0,499,485,499
1227989750,3581164130,151,347,109,399,196,290
1158030043,2678248831,89,448,10,496,359,486
987354097,294183906,179,359,8,496,180,488
1215534141,3470086756,135,372,178,335,237,157
1240159264,3743741031,0,499,195,436,499,241
1010298059,445658613,0,499,62,436,499,374
1260386864,3893245762,37,463,34,481,426,447
1275669618,4006518879,145,398,53,476,253,423
1273153947,3992522418,62,439,68,441,377,373
976685827,276429882,0,445,63,434,445,371
1018670463,511223743,57,441,0,499,384,499
1261415132,3898723932,0,499,0,499,499,499
1202531466,3255626074,5,493,89,413,488,324
959150711,231179535,28,474,89,415,446,326
1256894591,3874926561,0,499,62,437,499,375
977463091,277800270,0,499,62,436,499,374
1225886230,547601759,125,374,125,372,249,247
1272688585,3989841198,156,315,159,333,159,174
873272219,118729995,71,427,0,499,356,499
1176505370,2958504322,3,463,93,386,460,293
1275590270,4006497913,54,453,30,447,399,417
871367357,116173265,207,291,191,307,84,116
1072012431,1299591025,0,499,62,436,499,374
1317255134,4210987216,123,358,34,436,235,402
1122771262,143989958,45,453,0,499,408,499
1027240293,570625541,100,399,56,443,299,387
891735423,138463925,111,399,114,384,288,270
1252627071,3850328248,0,499,62,436,499,374
858823865,93663045,95,404,167,332,309,165
1310045361,4181951431,45,449,129,406,404,277
1138907669,1892606342,180,317,145,344,137,199
1174591383,2940640068,130,369,130,369,239,239
1303798675,4159680367,24,474,24,475,450,451
1253467185,3856810014,0,499,0,499,499,499
1188437857,3064471498,17,482,51,481,465,430
1283505208,4061581395,78,427,121,387,349,266
1007823836,435299655,138,360,100,399,222,299
1298036170,4137782638,122,363,19,480,241,461
1118500385,1983185456,0,499,0,499,499,499
1188521827,3067034368,84,434,176,345,350,169
1227159675,3607250110,88,474,145,330,386,185
885444679,18400952,200,299,179,320,99,141
941597935,206832354,73,426,0,499,353,499
1038191718,747615711,154,347,125,372,193,247
1301543630,4150998117,42,482,65,465,440,400
937624700,198635251,0,499,71,428,499,357
1289492731,4088733563,188,435,179,408,247,229
1065485588,1152121983,93,405,6,492,312,486
1252815376,3851875633,74,424,0,499,350,499
1261980547,3902246051,157,342,186,313,185,127
1068874078,1204875122,151,347,100,399,196,299
856316736,89472096,49,421,0,499,372,499
1026009515,558486795,84,415,19,479,331,460
1007666476,435105950,53,445,0,499,392,499
1323265842,4231688172,0,499,0,499,499,499
1321215506,4221767230,42,460,129,416,418,287
1144402584,1892606228,147,353,211,285,206,74
1323313357,4233583797,46,426,105,356,380,251
1204253507,3287294729,8,488,73,422,480,349
1245643379,3793571266,35,471,69,439,436,370
984650151,289432124,79,438,230,267,359,37
1007805839,435273474,150,349,101,397,199,296
1302460381,4155416620,0,484,26,499,484,473
1088556288,278409918,159,339,100,399,180,299
1252377604,3848751594,50,449,50,449,399,399
1277753780,4023041354,0,499,0,499,499,499
1128535707,278540593,156,342,100,399,186,299
1164192951,2777249714,152,343,86,416,191,330
1258678177,3886252303,80,418,0,499,338,499
1245232193,3789609555,36,471,13,491,435,478
1192022449,3120502276,55,443,167,385,388,218
996078114,304796475,37,468,46,450,431,404
1189869857,3086202163,0,499,0,499,499,499
857103440,90898752,73,430,0,499,357,499
987565619,294378926,83,414,56,448,331,392
1310714187,4182271387,26,474,29,477,448,448
956364568,221622670,0,499,190,308,499,118
1307868721,4172854702,0,499,208,366,499,158
1264888972,3928049262,12,486,149,330,474,181
1197337581,3205647123,0,499,63,436,499,373
781435538,62076956,69,429,16,499,360,483
1301086087,4150480748,0,499,0,499,499,499
1178463684,2294174666,69,440,0,489,371,489
1275402394,4003972425,61,442,63,425,381,362
1037904867,741552990,152,346,100,399,194,299
1061545012,146549890,77,438,36,465,361,429
1261666243,3900591724,140,374,15,486,234,471
1107659870,1869200602,102,382,93,303,280,210
1282773345,4058944578,81,446,45,469,365,424
986956429,293457317,50,449,100,399,399,299
1256939266,3875029857,0,499,0,499,499,499
1076284990,1361426186,17,464,73,433,447,360
912046260,156139460,185,314,196,301,129,105
1092305585,1581390372,83,416,0,499,333,499
1324198379,4236297837,117,384,61,418,267,357
538083930,53244045,201,295,192,312,94,120
1289983289,4090713757,68,430,0,499,362,499
1102116177,1790605652,37,462,170,354,425,184
1206313316,3321833457,36,468,45,462,432,417
924348596,175482104,117,381,65,434,264,369
1124192582,1599849236,88,411,0,499,323,499
1225410292,3589914272,14,478,54,451,464,397
1106019766,1859918370,152,345,122,381,193,259
1270220462,3970002775,104,420,146,347,316,201
1280693009,4046437747,34,483,161,346,449,185
869950340,114069390,0,499,62,436,499,374
1317239582,4210986821,116,397,49,453,281,404
1251480759,3842784804,58,442,86,413,384,327
1133967950,2269047017,62,436,0,499,374,499
1273879930,3995551644,0,499,0,499,499,499
1282888514,245386058,78,413,14,485,335,471
1097133481,1662003210,62,436,0,499,374,499
1197629223,3203273516,0,499,62,436,499,374
1213806350,3453485496,150,349,118,380,199,262
1192052719,3120607030,68,432,22,488,364,466
1314016983,4201306751,23,487,107,412,464,305
1328598413,4250689742,52,469,77,434,417,357
1233027482,3639611086,100,399,11,487,299,476
940535435,138767808,198,302,175,323,104,148
1252067144,3842132171,46,478,54,467,432,413
1110393395,561676574,0,499,0,497,499,497
1268995083,3955072316,122,392,27,410,270,383
1282768710,4058943707,83,420,166,339,337,173
1026799217,569564911,102,397,50,449,295,399
1257444783,3881467426,126,357,117,361,231,244
1131050699,2192154377,34,461,75,379,427,304
1257260281,3879923002,0,499,0,499,499,499
911147792,155229034,70,428,0,499,358,499
941693648,207287170,167,352,199,311,185,112
1316996609,4210982495,0,499,62,499,499,437
1145870914,2506564513,0,499,62,436,499,374
1077988593,1041089638,58,440,0,499,382,499
949321038,212253901,4,443,41,459,439,418
1269332208,3958048014,131,370,6,490,239,484
1285832962,4017664858,62,436,65,478,374,413
939062821,201533860,134,365,100,399,231,299
988929275,295783857,0,499,131,367,499,236
1213866545,3454643377,52,448,69,431,396,362
1277650802,4025143713,217,272,226,268,55,42
251530874,6799519,175,324,140,357,149,217
1023612818,532230331,79,419,0,499,340,499
1139136595,2380216654,0,499,109,389,499,280
1158120560,2695196885,216,270,199,286,54,87
1231533686,3648044202,0,499,62,436,499,374
1255285314,3868624182,18,480,64,446,462,382
1045131159,865590962,0,499,62,436,499,374
1305528616,4165986607,0,499,93,405,499,312
1323585788,4234241026,0,499,0,499,499,499
1316262155,4200881244,79,405,53,477,326,424
982389494,286199900,0,499,83,416,499,333
1109294455,3808484604,79,367,119,379,288,260
296792431,18394068,62,436,0,499,374,499
848515060,79506977,59,439,0,499,380,499
1265929033,3935697076,7,491,6,495,484,489
1276531625,4014023605,0,499,63,437,499,374
1004992406,408654397,151,347,122,376,196,254
1223595728,3582312177,9,490,162,381,481,219
386536230,906382,61,437,12,486,376,474
1013874878,470682146,79,159,222,268,80,46
1271558601,3976953815,70,439,59,445,369,386
946233952,208307868,0,499,83,415,499,332
1309219817,4179859490,28,499,0,485,471,485
1174585757,2940638545,130,369,170,329,239,159
1157307535,2683994477,123,370,112,404,247,292
1275481790,4006488286,57,454,56,475,397,419
934305007,119551407,148,350,115,384,202,269
1316231507,4200879545,36,462,0,498,426,498
1292500188,4108936595,99,413,48,430,314,382
1184681277,3016841226,57,455,12,491,398,479
1039390837,793844361,109,389,0,499,280,499
1237582120,3721545357,27,467,31,465,440,434
987432604,294297569,0,499,62,436,499,374
924039980,175145508,0,499,62,436,499,374
1196666442,3187932848,6,468,78,420,462,342
1303175935,4157239762,0,499,0,499,499,499
1277060432,4019610951,62,436,0,499,374,499
1155890885,2659766423,0,499,0,499,499,499
1313629697,4183696764,145,442,109,438,297,329
1006103715,420166189,73,426,0,499,353,499
1169754920,2882744478,110,389,54,445,279,391
1270259633,1858347577,100,399,50,449,299,399
1309374547,4180435775,204,486,69,484,282,415
1324308052,4235891531,0,499,0,499,499,499
1248580444,3814574503,74,444,177,330,370,153
907836367,86188338,172,327,110,389,155,279
1148312231,2534068061,191,313,155,340,122,185
1309054257,4179408859,0,499,0,499,499,499
1000222973,351172420,0,499,75,424,499,349
1062134767,1105806108,0,499,62,436,499,374
988509236,295660504,67,482,234,270,415,36
1112862911,1925166799,0,499,109,389,499,280
1186698154,3030441912,0,499,62,436,499,374
1244016139,3766734147,131,366,178,346,235,168
1007466235,434918017,0,499,9,492,499,483
1078440695,1399018844,9,487,91,416,478,325
1255059568,3867034176,0,494,58,482,494,424
1123339951,278526920,153,345,100,399,192,299
1292479083,4108929794,46,448,35,440,402,405
1257230372,3879890050,0,455,0,473,455,473
1142651229,2454718805,62,436,0,499,374,499
940888269,205313808,36,442,32,444,406,412
1169254918,2871337348,62,436,0,499,374,499
1191987812,3120006242,191,306,224,274,115,50
1072569573,1299123004,0,499,0,499,499,499
1238981167,3731231040,0,499,0,499,499,499
1266965252,3940052736,72,185,160,350,113,190
566277539,1063297,0,499,62,436,499,374
1031493423,611640712,0,499,62,436,499,374
1108900568,1879459828,107,395,120,393,288,273
938201788,199843659,83,416,10,487,333,477
460912130,50484031,160,339,126,373,179,247
941676676,207196204,204,275,258,358,71,100
1125865294,2095141703,158,341,100,399,183,299
1260225488,3894914384,14,472,59,468,458,409
1075540524,1805032420,55,480,14,488,425,474
1248622542,3816502276,0,499,0,499,499,499
1256929098,3875025909,157,304,29,476,147,447
860171534,94930745,62,436,0,499,374,499
1204250823,3287291255,28,472,21,481,444,460
1261397825,3898720073,99,374,75,463,275,388
1233621786,3671699557,68,431,0,499,363,499
880486492,125347651,196,318,188,270,122,82
1082315395,1465615600,53,453,157,423,400,266
1236019441,3696263102,87,412,0,499,325,499
1207659651,3343921028,72,427,0,499,355,499
947731199,210138610,62,436,0,499,374,499
1178132901,2981151568,58,418,157,365,360,208
1273112636,3992402438,30,463,65,472,433,407
1094814589,1623758550,166,333,137,361,167,224
1286717396,4071960474,181,340,149,385,159,236
1301272259,4151248509,0,499,105,499,499,394
1238105379,532977483,163,323,201,338,160,137
1049133735,949049933,157,342,100,399,185,299
1323327890,4231812790,47,452,47,449,405,402
859269474,94360552,76,422,0,499,346,499
1261405202,3898721102,32,465,87,430,433,343
1272480785,3982209760,155,342,15,484,187,469
1190252943,2832752227,78,423,125,386,345,261
1053470006,464146787,12,487,75,422,475,347
1276525822,4014008170,67,444,102,361,377,259
1270258677,3970402337,110,393,48,451,283,403
1262593720,3909254536,74,425,0,499,351,499
1310545960,4182254572,24,470,30,483,446,453
1007379295,416649158,56,442,0,499,386,499
1178080463,2980667912,142,365,333,454,223,121
1311882842,4188964440,136,367,24,475,231,451
937492391,198029098,135,365,90,407,230,317
928331260,181663386,25,474,100,399,449,299
1041951427,835413255,0,499,45,454,499,409
1154516141,2640261128,19,499,110,445,480,335
1094409831,1600314957,159,340,114,399,181,285
1262383360,3907790361,62,436,0,499,374,499
1308141169,4174534515,32,343,158,345,311,187
1279179737,4037584635,0,499,0,499,499,499
941622174,207151570,154,346,189,298,192,109
1189352862,3081285383,29,470,47,453,441,406
1276223073,4012178770,150,337,113,407,187,294
1235224724,3692477364,33,473,60,460,440,400
1041467682,656697745,136,363,100,399,227,299
1256808782,3875047975,168,333,14,485,165,471
1292261009,4108381020,141,455,112,407,314,295
1324903489,4239175892,0,499,21,477,499,456
1316094506,4200868712,7,478,14,489,471,475
1036616466,711339120,4,494,0,499,490,499
991506414,298920797,62,436,0,499,374,499
1274392834,3999382458,19,488,121,408,469,287
1102366292,500602872,31,479,51,481,448,430
1009346091,440677906,102,396,50,449,294,399
1262732459,3910821634,326,334,144,224,8,80
1017007435,504144280,0,499,62,436,499,374
1034492422,677052979,162,303,114,381,141,267
1026910778,569596215,107,392,50,449,285,399
1233024059,3672922609,137,371,184,371,234,187
1294489037,4122565088,0,496,34,485,496,451
1276830215,4017265974,0,499,0,499,499,499
973161494,268056270,166,338,175,360,172,185
1087429985,1522259168,16,433,125,442,417,317
1314695922,4202234282,0,499,0,499,499,499
1066931053,1173353297,20,470,19,479,450,460
1245669163,3793734844,19,480,20,479,461,459
1243444924,3773724664,28,472,70,418,444,348
1299142470,4141571024,0,499,62,436,499,374
870367306,114780687,71,427,32,499,356,467
1299281207,4141675725,15,484,93,397,469,304
1278559087,4035895666,0,499,118,380,499,262
853996147,85263891,202,303,175,324,101,149
1137889980,2355988009,126,372,30,476,246,446
1245923270,3795447041,230,271,44,445,41,401
1102064217,1789152008,29,469,0,499,440,499
888700486,134921046,0,499,75,424,499,349
1253256753,3855562336,73,428,91,398,355,307
958568182,228489651,160,344,185,336,184,151
1274878625,4001270254,62,437,0,499,375,499
1295845244,4126967188,22,459,56,447,437,391
1151562044,1786018294,0,499,109,389,499,280
1207471472,3333151163,57,442,0,499,385,499
1282019433,4053879674,80,499,24,499,419,475
1055175741,1050718286,18,133,217,296,115,79
958568168,228489672,147,353,168,346,206,178
1268799174,3953940473,0,499,1,498,499,497
989522610,296768759,90,409,0,499,319,499
488906290,50758285,75,423,0,499,348,499
1118258298,1980965163,208,297,227,332,89,105
1272059708,3986438968,0,499,0,499,499,499
1116031895,1952522163,43,437,114,390,394,276
1088448672,1539461044,158,342,114,379,184,265
1054882399,1051091779,91,402,56,434,311,378
972384999,265159701,78,420,0,499,342,499
874538567,107645371,71,427,45,454,356,409
1289795647,4089925005,63,428,30,493,365,463
1290862054,4097293056,144,361,10,21,217,11
883758748,128837853,0,499,100,399,499,299
1158632995,2697789567,0,499,166,333,499,167
1246425329,3796918291,50,449,50,449,399,399
1307352093,4171233644,0,499,0,499,499,499
926229922,178180892,33,433,185,277,400,92
1307834511,4172828750,0,498,0,499,498,499
1215429975,3470153950,46,460,65,442,414,377
1320130518,4215411042,51,315,160,398,264,238
934573042,192572055,210,289,194,305,79,111
1288603025,4083919816,0,499,62,436,499,374
1302493474,4155419865,0,499,15,369,499,354
940072267,203391415,69,430,0,495,361,495
933236278,190093252,74,424,6,499,350,493
1287987561,4079553927,0,499,94,499,499,405
996077130,304789633,60,464,117,370,404,253
1313339293,4197512951,0,499,0,499,499,499
1162049765,2747070451,74,449,40,476,375,436
1296298840,4128339996,0,499,0,499,499,499
982251979,286003029,200,325,207,308,125,101
1105046856,1846471539,151,344,117,377,193,260
1169941638,2888199870,107,405,110,476,298,366
1285184243,4066274162,92,371,118,423,279,305
1273096090,3992972569,74,430,182,328,356,146
1176572758,2959212752,17,479,83,416,462,333
1146965395,2527037567,129,324,48,461,195,413
967585108,254419961,79,418,98,418,339,320
1275976405,4010220271,77,368,98,499,291,401
1289171829,4086221724,0,499,0,499,499,499
1305017061,4164610915,106,388,51,463,282,412
1310762266,4182106891,116,374,77,448,258,371
1198966253,2643271940,138,361,100,399,223,299
1283696524,4061598970,0,499,0,499,499,499
1261210727,3897550802,62,436,0,499,374,499
1259305903,3887626642,30,448,64,464,418,400
1323365049,4231825404,72,425,81,430,353,349
1293751162,4120420050,22,441,60,455,419,395
862083676,101390976,68,431,0,499,363,499
1075862833,1354758281,62,436,0,499,374,499
1100083073,1711734854,110,389,54,445,279,391
1124692002,2080358917,76,408,179,315,332,136
1246106815,3797081477,36,463,75,462,427,387
1192046208,3120577917,68,432,22,488,364,466
1323131931,4231826849,30,448,64,464,418,400
1207793551,2806785312,116,382,145,354,266,209
1147898341,2534654573,161,330,89,396,169,307
1314508192,4202303843,36,479,51,461,443,410
1320882101,4221609106,58,448,59,429,390,370
1004993295,404131010,0,475,62,436,475,374
1319243194,4214100051,190,318,87,476,128,389
830614722,62956020,187,311,140,359,124,219
1149826815,2557686807,62,436,0,499,374,499
1007744179,435078831,100,399,29,470,299,441
1027058077,569861027,100,399,51,447,299,396
1203068455,3265694576,79,383,23,499,304,476
1257256541,3879901547,82,414,86,414,332,328
981980440,285425663,17,480,173,333,463,160
1241427083,3756676062,209,289,176,328,80,152
1268743179,3937041952,32,476,46,462,444,416
1156658456,2675196840,132,378,7,484,246,477
890992050,137199959,80,419,0,499,339,499
970402812,258447885,0,499,56,442,499,386
1241295155,3755191632,80,418,10,489,338,479
1016531472,498214667,0,499,117,382,499,265
1327549698,4245331344,0,499,62,436,499,374
922170748,170808091,216,257,383,389,41,6
1266504869,3938616965,10,462,140,490,452,350
1243379294,3773711826,48,460,116,402,412,286
1312230361,4193796251,0,499,0,499,499,499
1124695366,456652757,151,348,100,399,197,299
1048058253,936646130,63,436,0,499,373,499
1266504704,3938616829,8,492,125,339,484,214
1249534114,3819978651,23,480,80,422,457,342
1005844921,418199485,7,484,81,424,477,343
1240813588,3743470252,109,389,0,499,280,499
901354593,146713596,100,399,101,397,299,296
1313863107,4200276326,0,499,0,499,499,499
1196662181,3193294767,85,414,0,499,329,499
1181523158,1540684464,65,458,81,449,393,368
1221338488,3561599358,110,377,102,392,267,290
1120230254,1960325834,62,437,0,499,375,499
1240613335,3748623750,125,351,103,411,226,308
1287492920,4076593832,72,425,78,433,353,355
991801438,299492742,177,308,137,361,131,224
1321665431,4223012817,61,396,191,354,335,163
927603132,180670092,64,437,85,418,373,333
1189475212,3077465970,78,421,0,499,343,499
1104050307,1826980323,145,337,232,268,192,36
1274360214,208895103,86,413,0,499,327,499
975704770,274265819,69,406,139,362,337,223
1223794130,3584276620,81,417,0,499,336,499
1019311553,516392576,150,366,32,464,216,432
874731862,77534787,71,427,45,454,356,409
1306132584,4150348822,75,423,24,478,348,454
1275463385,4006485673,152,359,11,472,207,461
1293836644,4120803384,0,474,180,401,474,221
1046085880,874063296,9,460,21,463,451,442
1301027077,4105632800,0,404,0,445,404,445
1248837602,3817897060,2,460,109,347,458,238
1005831965,418184751,15,471,120,387,456,267
1262866865,3910508644,0,499,29,469,499,440
1275474989,4006487947,81,416,90,432,335,342
1311063639,4182118314,25,498,8,439,473,431
292178685,1298182,197,302,175,324,105,149
1161684638,2741124012,62,436,0,499,374,499
1043841025,853456111,93,402,2,497,309,495
1322825038,4231772396,21,476,26,429,455,403
860116780,70093133,74,424,0,499,350,499
1264830100,3927675062,39,433,151,360,394,209
1276306507,4012720826,26,468,73,456,442,383
1212274007,3420705981,136,366,37,463,230,426
941177969,202947571,73,426,0,499,353,499
1275149504,4003925762,74,434,85,421,360,336
936658461,196322971,0,499,83,415,499,332
685556987,47094789,149,351,104,396,202,292
949321013,212253877,183,329,132,329,146,197
1257683382,3881724686,90,440,52,499,350,447
1217604288,3493318874,77,421,0,499,344,499
1148498856,2543756800,63,432,3,493,369,490
1306919845,4167097384,106,388,51,463,282,412
1246569265,3800558510,55,443,0,499,388,499
1298998527,4141463766,122,357,237,295,235,58
1303027894,4157406958,0,499,62,436,499,374
1181489890,3002517398,196,315,209,285,119,76
1318281272,4217911724,0,499,0,499,499,499
1093147889,1597974810,0,499,0,499,499,499
1257152495,3879365576,0,499,0,499,499,499
1228160087,2868203848,0,499,0,499,499,499
1283654538,4061596281,57,446,76,396,389,320
1261193413,3898711270,75,425,64,422,350,358
458629330,50456645,160,339,133,366,179,233
1295678999,4125756676,62,436,0,499,374,499
1058367087,1087093485,0,499,109,389,499,280
1326964668,4008640697,23,479,59,437,456,378
1148901985,2543097323,109,389,0,499,280,499
1092756049,1587035427,137,361,100,399,224,299
1295091024,4123243838,77,422,8,472,345,464
1269739993,3962161539,0,499,0,499,499,499
1198838176,3219289882,168,338,127,388,170,261
1261980866,3902246703,77,425,75,422,348,347
997885635,332557807,0,499,0,499,499,499
1065503942,278542659,143,356,100,399,213,299
1156673975,2675089184,0,499,62,436,499,374
1263697242,3920854279,0,490,82,499,490,417
1313485753,4197527405,0,498,0,499,498,499
1212997304,3438575703,154,342,17,455,188,438
1276801346,4016019991,0,499,0,499,499,499
895384165,99365009,69,430,0,499,361,499
1275984028,4010220684,57,458,30,478,401,448
1247849828,3813571473,0,499,62,436,499,374
1278823073,4037086973,0,499,0,499,499,499
1047801087,922320963,62,436,0,499,374,499
1277062107,4016413097,0,499,62,436,499,374
1223050975,3569424416,62,436,0,499,374,499
1019080065,514299107,0,499,62,436,499,374
1044730012,862445357,0,499,62,436,499,374
941678721,207257897,132,365,171,318,233,147
849096930,80394543,128,371,110,389,243,279
933256317,190109040,83,416,10,487,333,477
883882941,121703122,181,317,150,349,136,199
1289435029,4086099479,68,433,68,430,365,362
1188346578,3058260878,0,499,83,415,499,332
1009338708,440707602,110,389,50,449,279,399
1323053703,4231410345,81,426,146,386,345,240
1323998574,4235886996,59,425,7,499,366,492
1126008951,2098087376,103,489,229,272,386,43
1321274189,4221777986,25,452,21,468,427,447
1264148621,3923189027,0,499,0,498,499,498
1177468021,2974271062,112,333,207,292,221,85
1174416425,2753094329,62,426,68,413,364,345
1128724179,2153836774,154,344,100,399,190,299
1257308818,3879900380,70,410,61,421,340,360
1318888093,4218257430,0,499,0,499,499,499
1260350439,3893198018,0,499,0,499,499,499
1250268116,3831364103,0,499,62,436,499,374
963966948,244966353,70,429,0,499,359,499
1310087130,4182893179,157,335,153,430,178,277
1272876236,3991283905,103,396,14,492,293,478
1077981058,1388728398,85,414,0,499,329,499
1261413209,3898723384,0,485,102,425,485,323
1257236100,3879891608,14,442,16,473,428,457
1149349529,2557556623,0,499,84,415,499,331
883063196,127682902,0,499,62,436,499,374
1205867731,3070362391,170,333,5,496,163,491
1250631265,3834587081,78,421,1,438,343,437
973063900,48851990,92,406,0,499,314,499
1243387360,3773727709,19,480,95,404,461,309
1277352221,4022249041,10,491,92,412,481,320
998409653,334571819,41,465,86,424,424,338
1301072810,4150449013,0,499,21,499,499,478
1203355009,3272231575,87,444,20,488,357,468
1069189822,1228311241,80,419,0,499,339,499
1043227074,849040393,49,454,2,487,405,485
1045265692,868878317,73,426,0,499,353,499
1143165856,2457784857,62,436,0,499,374,499
1220345892,3543487483,153,346,100,399,193,299
916961015,162328691,81,423,1,499,342,498
1261430857,3898729903,97,442,47,425,345,378
1172507913,60093982,64,435,0,499,371,499
1258648714,3885519526,40,440,56,423,400,367
1271963052,3986429858,0,499,0,499,499,499
1273178390,3993179875,14,450,142,382,436,240
1231208208,3646580854,62,436,0,499,374,499
901920680,147181575,130,369,77,421,239,344
1007198472,433295779,125,374,125,374,249,249
1307416875,4171239099,123,367,82,440,244,358
1094841040,1629848498,129,369,50,449,240,399
918662051,106083513,62,436,0,499,374,499
1173641574,2929469603,109,389,0,499,280,499
1129720544,2170428572,12,474,25,448,462,423
1312622333,4193948166,124,383,92,387,259,295
1256851521,3875169504,26,461,117,382,435,265
1253330767,3856412563,11,489,145,346,478,201
858622977,93247554,207,292,189,311,85,122
1318384090,4217942237,0,499,0,499,499,499
1245923692,3795448368,106,409,20,483,303,463
908293055,119508317,175,323,168,342,148,174
1027034531,569783816,100,399,60,438,299,378
1278118546,4029704093,90,389,139,330,299,191
1258280924,3883968243,176,323,24,479,147,455
1110782687,1615013772,0,499,231,233,499,2
1026921053,569624681,108,390,50,449,282,399
717306176,59202056,180,302,207,268,122,61
1266674880,3939551974,187,311,20,483,124,463
1136544268,2332095824,0,499,152,392,499,240
1208136763,3351244799,220,277,99,365,57,266
859919596,68559617,62,436,0,499,374,499
1188521697,3067034303,91,401,151,351,310,200
1254908927,3866914360,30,462,56,441,432,385
1243430280,3773723270,19,480,95,403,461,308
933252548,190107047,86,411,20,474,325,454
1261915498,3901551763,99,403,445,484,304,39
1204430648,3468004386,31,467,81,418,436,337
1229263647,3623823592,105,398,181,391,293,210
1285965404,4071748473,1,498,1,498,497,497
1124435401,2077752287,158,340,137,361,182,224
1262364365,2829180682,18,482,89,435,464,346
1259881842,3889170883,0,499,30,469,499,439
1100083047,1711735987,110,389,51,447,279,396
1119406080,1998118698,65,439,68,437,374,369
1211983158,3414348324,155,305,215,282,150,67
1086050521,1507562602,33,471,56,499,438,443
1243659247,3775275183,0,499,62,436,499,374
1219794245,3527880459,62,436,0,499,374,499
1235403239,3693444234,66,432,0,499,366,499
1132749767,2230072266,0,499,62,436,499,374
1252627690,3850328530,0,499,62,436,499,374
1192049732,3120597343,71,431,255,486,360,231
1112282163,1922712267,184,314,68,499,130,431
859151915,94267277,96,430,15,499,334,484
1225886439,532978677,126,372,125,374,246,249
1276069740,4010225584,0,499,0,459,499,459
1241012390,3752128882,182,334,163,339,152,176
1211698716,3407756115,0,499,133,365,499,232
1176672160,2960503818,117,378,18,488,261,470
1175157802,2946498606,171,329,179,330,158,151
1178241599,2978845937,80,406,156,354,326,198
1123642731,2060141544,0,389,47,488,389,441
1289817122,4089730833,125,359,226,435,234,209
933241260,190099198,72,426,14,499,354,485
1282777820,4057520813,0,499,0,499,499,499
1132871045,3928359451,0,499,62,437,499,375
1301759809,4153216830,9,473,9,478,464,469
1053529999,542469933,198,310,139,457,112,318
1157701390,1960329197,42,458,14,489,416,475
1248391601,3814898516,29,462,67,421,433,354
332264824,7130015,71,427,0,499,356,499
1303398112,4158387995,20,477,21,478,457,457
1261171468,3898707177,3,495,178,317,492,139
1266675907,3939552179,25,478,39,468,453,429
1224365829,3470555873,0,499,109,389,499,280
947767534,209642981,62,436,0,499,374,499
1217174441,3490668425,185,316,220,277,131,57
1257411126,3881319624,170,355,204,467,185,263
1267306418,3942512050,134,367,163,350,233,187
1107660202,1869200418,0,499,0,499,499,499
1268466271,3951008374,23,471,164,359,448,195
972113405,263861906,0,499,104,394,499,290
1307079458,4170669255,58,440,0,499,382,499
1195083754,3164255881,117,382,0,499,265,499
1317927216,4213836308,109,389,43,499,280,456
1316006231,4207572361,117,381,117,381,264,264
1265475242,3931414316,0,498,83,499,498,416
1287879590,4079551085,0,499,0,499,499,499
1254887044,3866820834,77,432,22,481,355,459
1310064956,4181956742,0,499,35,462,499,427
1204825956,3298145335,0,499,0,499,499,499
1284747823,4065771379,32,472,75,414,440,339
1118584113,1986503299,140,359,100,399,219,299
1266694537,3939597033,110,400,42,246,290,204
1309608452,4152889195,34,473,30,469,439,439
1316195048,4200877118,0,499,83,415,499,332
1155885748,2661277312,45,456,133,376,411,243
1100972609,1744806069,0,499,62,436,499,374
1133293555,208300225,195,326,236,264,131,28
1281148560,4050294544,0,499,0,499,499,499
712393721,6911918,81,418,0,499,337,499
1231762277,3654032674,163,338,86,413,175,327
1221446547,3563519978,20,368,57,462,348,405
1176979015,2822293803,95,351,16,482,256,466
1169858739,70643147,0,499,73,425,499,352
1104305900,1827506854,0,499,62,436,499,374
1201839796,3249076721,109,389,0,499,280,499
1303497601,4158614939,0,499,240,260,499,20
1323695793,4234147769,11,480,11,490,469,479
1258098895,3884057438,163,332,162,370,169,208
979811106,282307611,62,436,0,499,374,499
1172791630,2920940599,12,472,98,427,460,329
359378450,48966883,169,330,0,499,161,499
1026848804,569610372,100,399,74,424,299,350
463299930,50511156,77,421,0,499,344,499
1239130685,3733406655,91,394,109,377,303,268
1119147195,1994597103,0,499,62,436,499,374
1295960149,4128274526,46,453,84,414,407,330
1092116281,1563620150,93,428,118,380,335,262
1034161493,671322046,93,425,90,419,332,329
1009011167,439808212,73,425,0,499,352,499
884897679,130374839,62,436,0,499,374,499
718086330,59242528,227,272,215,284,45,69
1116067375,1952783544,125,369,66,408,244,342
1258647276,3885518196,32,472,50,457,440,407
1151249400,2581686071,21,486,14,487,465,473
894181587,119004837,79,420,12,486,341,474
970954083,261002793,197,301,185,314,104,129
1314865152,4186808525,0,499,248,309,499,61
1283471825,4061476572,56,495,49,449,439,400
1133061297,2241871192,0,499,63,436,499,373
1101795352,1783995585,111,403,35,489,292,454
1101970779,1786313484,109,389,0,499,280,499
1211443232,3399804455,165,315,122,396,150,274
1118912228,1989272447,15,484,31,476,469,445
937053411,197231750,204,278,169,341,74,172
1040315638,810831795,0,499,63,436,499,373
1060917376,1098748631,156,343,100,399,187,299
1318477745,516416543,222,348,36,312,126,276
1261260625,3899189773,115,468,67,449,353,382
1027018623,569723067,108,391,50,449,283,399
1280499824,4045004689,40,499,45,450,459,405
1239531840,3621409581,177,322,150,349,145,199
1267361871,3942401284,10,487,102,394,477,292
1217961909,3501781438,84,395,104,416,311,312
1243389937,3773729137,19,480,20,479,461,459
956393387,138769649,50,448,99,397,398,298
974060688,270700619,1,497,26,497,496,471
1192477409,3128686861,123,401,5,486,278,481
1207485149,3341285467,213,284,215,278,71,63
1172181109,2906627496,0,499,62,436,499,374
1176503892,2958499796,33,473,104,391,440,287
1077736097,1381344322,134,357,120,426,223,306
1027062508,569732209,108,390,50,449,282,399
1289183341,4086224658,130,390,36,437,260,401
1261701897,3899233056,24,475,21,477,451,456
1254907919,3866917574,74,453,116,380,379,264
984415095,288724937,112,396,136,364,284,228
846133334,74543708,21,499,28,471,478,443
1241681713,3759514754,100,399,29,467,299,438
978734382,219962308,198,296,117,388,98,271
1136936859,2336063533,0,499,87,449,499,362
1322677121,4230268477,19,486,197,302,467,105
1011886816,292841928,0,499,62,436,499,374
1249536666,3819984742,138,364,151,345,226,194
1162390981,2753437972,110,389,54,445,279,391
1141375902,2430121484,176,323,150,349,147,199
1069319107,1212679042,73,425,12,486,352,474
1119408015,1998121881,110,389,57,433,279,376
1290610289,4093285514,16,439,15,455,423,440
1249758764,3821565982,0,499,62,436,499,374
907887888,152230038,209,296,205,297,87,92
1027095475,569758962,100,399,53,445,299,392
1262286491,3906573418,0,499,0,491,499,491
1009244695,440552451,113,386,50,449,273,399
1319527474,4214460949,53,433,112,410,380,298
1191618991,3111398412,130,381,59,456,251,397
1188312835,3062809082,0,499,62,436,499,374
970953266,261001603,47,459,144,378,412,234
1225887276,2101738989,139,357,136,361,218,225
1047752118,913686953,0,499,62,437,499,375
860116714,97405658,71,428,0,499,357,499
1271061626,3974955747,66,437,101,414,371,313
1007371659,416637822,65,434,0,499,369,499
1009249955,440559429,150,349,104,394,199,290
940533508,138762810,157,342,140,359,185,219
1130418886,2184281904,182,317,165,334,135,169
1191424274,3107233955,5,493,119,398,488,279
1089099743,278514275,156,343,100,399,187,299
1190252988,2832752233,33,475,93,410,442,317
1281704673,4052932183,20,499,26,499,479,473
1295939412,4127723125,30,473,22,464,443,442
1007780736,435301147,12,474,141,391,462,250
480261621,49299089,150,349,107,391,199,284
1243379214,3773711804,55,450,110,387,395,277
1227165380,3607251225,70,414,42,466,344,424
973247854,267884261,0,499,62,436,499,374
927643425,180711522,81,418,0,499,337,499
1317259104,4210987625,126,375,172,499,249,327
1221835048,3566608762,0,499,69,430,499,361
940717878,202799078,115,384,148,350,269,202
963074033,242231270,150,349,107,391,199,284
1314559766,4202304795,0,496,7,499,496,492
1317008359,4211513789,30,415,59,420,385,361
1266739217,3939934526,96,434,115,370,338,255
933243201,183831410,179,319,150,349,140,199
1262771449,3907816052,59,451,77,411,392,334
1100504727,1726905474,98,419,121,395,321,274
1264522343,896101,77,421,0,499,344,499
1245893537,3795289053,38,462,88,398,424,310
1241848880,3758032734,75,415,17,491,340,474
1219210865,3525027658,70,429,145,354,359,209
461348630,70040908,173,325,138,360,152,222
975988070,275021783,68,431,0,499,363,499
1196816023,3198841514,0,499,80,418,499,338
1307768710,4172823511,0,437,86,399,437,313
932823008,189298876,190,298,207,286,108,79
1115848195,1951685663,0,499,40,499,499,459
1115889482,1951951748,12,457,40,465,445,425
1103376742,1815734603,83,415,0,499,332,499
1243390112,3773729292,19,480,20,479,461,459
1073104002,1315936847,0,499,74,425,499,351
1254492406,3861224750,64,451,73,409,387,336
1263982718,3916925702,120,378,153,346,258,193
1273719495,3992778295,35,477,36,469,442,433
1026795508,569547498,113,385,50,449,272,399
1010482537,446888311,68,420,0,490,352,490
1244916907,3787485325,182,317,205,286,135,81
1174586822,2940638774,215,282,161,339,67,178
892966672,55526041,0,499,1,497,499,496
770761449,48709014,192,311,165,334,119,169
1077600355,1376112905,72,427,0,499,355,499
1265052461,3929340844,55,483,5,490,428,485
1318942621,4218261592,101,383,81,445,282,364
1179887454,2988262875,62,436,0,499,374,499
965532909,250583567,125,374,76,422,249,346
1295769962,4125617872,0,499,8,491,499,483
1012816649,460506378,137,361,165,333,224,168
1265216526,3929900619,135,479,180,342,344,162
1312324052,4194023104,32,499,0,499,467,499
1195043080,3164041761,80,419,0,499,339,499
1250911207,3836748951,20,480,84,427,460,343
1206164927,3320652821,20,454,145,465,434,320
1273207811,3992588155,29,470,110,393,441,283
1048166437,938368004,0,499,109,389,499,280
1299547086,4141703382,40,441,134,333,401,199
875899841,93256396,60,439,0,499,379,499
1275616044,4006501226,0,393,67,375,393,308
1294083895,4076634723,58,201,188,360,143,172
1276355467,4012866461,93,398,96,396,305,300
1283653536,4061596212,209,272,24,183,63,159
1098698407,1692144939,0,499,0,499,499,499
1238300427,3727588702,0,499,25,499,499,474
1193102637,3081167005,117,396,23,477,279,454
1239279047,3011123883,0,499,94,404,499,310
1018393713,510786627,179,315,53,443,136,390
1215990063,3476191751,29,463,105,408,434,303
1128009807,2134907701,0,499,67,443,499,376
1279152824,4037582034,72,397,62,470,325,408
1174777339,2942990875,5,494,150,351,489,201
906632227,151462305,0,499,83,415,499,332
1201820349,3249396471,25,474,48,405,449,357
1264896023,3928053503,129,260,171,324,131,153
1064660440,1140202674,122,378,150,350,256,200
859954157,86775167,62,436,0,499,374,499
1316296476,4200882945,14,486,74,449,472,375
1053704917,1031463323,16,464,104,398,448,294
1298840368,4112177264,113,420,66,454,307,388
957104790,223805274,0,499,62,436,499,374
1119407813,1998122334,12,474,78,431,462,353
1061511226,1103317842,81,417,0,499,336,499
633037142,55240538,88,411,0,498,323,498
1313418838,4197673543,188,380,16,480,192,464
1283529374,4061479618,61,466,134,429,405,295
1279549446,4040158701,30,403,112,388,373,276
1286844238,4074696670,66,428,65,425,362,360
1216781277,3480122873,0,499,59,438,499,379
1007709741,435114841,53,445,0,499,392,499
1194344700,3067094086,88,414,158,244,326,86
1004509416,406700659,83,415,0,499,332,499
1291966746,4105176355,62,436,0,499,374,499
1265506101,3931447470,25,457,56,448,432,392
1257465270,3881646443,130,428,72,476,298,404
1216089673,3477300099,0,392,86,471,392,385
1323154439,4232954999,8,490,87,408,482,321
903340509,92475185,179,319,150,349,140,199
874516600,120358196,62,436,0,499,374,499
1243660168,3775276272,0,499,62,436,499,374
1254986290,3866991657,75,442,95,420,367,325
1282895947,4057531052,0,499,0,499,499,499
1312742249,4195982583,0,499,0,499,499,499
1307788232,4172825020,50,499,19,499,449,480
1027109601,569873477,100,399,53,445,299,392
1269958719,3964950425,105,437,29,465,332,436
1278279785,4031242241,24,498,0,499,474,499
1305043660,4164658665,106,388,51,463,282,412
1193170717,3138561261,62,436,0,499,374,499
1062486576,1115319384,78,420,0,499,342,499
1244540761,3785187525,0,499,122,436,499,314
1323870340,4234090577,0,499,0,499,499,499
1273759541,3992793409,74,450,89,445,376,356
1282949487,4057769741,59,419,141,334,360,193
1261424285,3898727695,0,499,15,499,499,484
1317474409,4213276527,15,481,16,492,466,476
1038851968,767593027,0,499,0,499,499,499
1249617649,3820452388,101,397,120,217,296,97
1177998220,2979862781,7,493,12,487,486,475
1148503707,678181,61,438,0,499,377,499
1296182662,237953708,79,419,0,493,340,493
1282893705,55121126,103,396,0,499,293,499
1072557839,1306916296,12,479,129,355,467,226
922464152,171488614,0,499,62,436,499,374
1321438389,4227525465,134,360,23,473,226,450
1003540990,395137786,73,426,0,499,353,499
1100072523,1711736311,110,389,51,447,279,396
1044178853,856796465,77,421,0,499,344,499
1019389303,516301623,83,415,0,499,332,499
1064567465,1139231599,0,499,0,499,499,499
1282552284,4057546045,81,429,89,402,348,313
1019323617,516399991,7,462,81,422,455,341
1011365471,451674223,63,425,112,388,362,276
1104326958,1830621007,145,356,201,285,211,84
1027116427,569945481,106,393,50,449,287,399
1240812942,3745866477,62,437,0,499,375,499
1013152156,464487499,73,426,0,499,353,499
7805230,1217457,74,424,0,499,350,499
1302557889,4155424537,0,499,0,499,499,499
1040189154,809202260,0,499,26,473,499,447
1201831627,3249405442,64,435,0,499,371,499
1301502252,4150990359,46,460,126,384,414,258
1314062459,4186139981,0,499,166,363,499,197
1260378641,3893204769,51,435,103,397,384,294
931195421,185541652,122,376,100,399,254,299
1305846864,4166953948,106,388,51,463,282,412
1119407584,1998121302,201,360,136,343,159,207
1146409147,869126241,8,488,95,396,480,301
1106091067,1862348022,0,499,62,436,499,374
1295394860,4126328522,74,425,0,499,351,499
1307347082,4171370560,0,499,0,499,499,499
1296057085,3465611094,103,379,201,279,276,78
1306889932,4167095221,106,388,51,463,282,412
1276311689,4012724165,0,499,0,499,499,499
1258897144,3887572296,30,478,50,473,448,423
1128716882,2028920883,10,493,53,402,483,349
1301521883,4150996022,22,483,101,365,461,264
1237948816,3724602599,36,462,0,499,426,499
1262372908,3906865339,68,431,0,499,363,499
1289623401,4087658157,117,388,56,376,271,320
1215443625,3470248150,0,499,48,499,499,451
1026887207,569595760,103,396,50,449,293,399
1203467870,3277837179,63,435,0,499,372,499
1316212520,4200877831,0,499,0,461,499,461
1243238012,3766003556,127,371,79,420,244,341
1277407349,4023706109,39,475,57,439,436,382
914072409,158527670,12,490,9,488,478,479
1279165811,4037097566,25,486,28,470,461,442
1248855963,3817905031,45,480,105,380,435,275
1277909990,4023217317,0,499,0,499,499,499
1321459290,4227285450,192,419,73,484,227,411
1072881820,1309990443,10,489,0,499,479,499
1301846797,4151009610,0,499,0,499,499,499
1275508012,4006490997,48,452,51,434,404,383
908387188,119037244,208,290,185,314,82,129
1224475733,3586314949,228,264,8,493,36,485
1192287507,3125578672,45,467,71,400,422,329
1007836913,435302497,109,389,50,449,280,399
1306865470,4167093744,0,499,0,499,499,499
1192046073,3120541336,6,480,120,368,474,248
886941042,132797820,80,419,0,494,339,494
1041188341,824467477,105,393,0,499,288,499
1052190551,691647048,16,489,57,406,473,349
1265223593,3929899614,31,488,86,407,457,321
1275625305,4007155575,0,499,0,499,499,499
1225669870,3585564448,62,436,0,499,374,499
1031309856,608333451,0,499,62,436,499,374
850833596,82400156,219,281,210,289,62,79
1192287505,3125576826,168,429,152,365,261,213
1164825485,2795256264,3,496,0,499,493,499
1205825705,3312189744,26,459,16,476,433,460
1162473370,2754275919,180,319,150,349,139,199
1267522718,3943296098,47,474,17,487,427,470
1117498396,1974799510,68,430,0,499,362,499
1262497493,3908515582,23,476,25,474,453,449
1109298030,1881743313,184,327,201,308,143,107
458562430,50455869,160,339,130,369,179,239
1212477731,1993755510,183,315,150,349,132,199
957964464,226101706,56,421,28,491,365,463
847451624,76360775,100,399,134,365,299,231
1178441886,1672885804,39,474,30,455,435,425
1088220973,1531891554,37,483,20,464,446,444
1152773548,2611562094,148,330,79,362,182,283
1249758745,3821565968,0,499,62,436,499,374
1317745489,4213757530,14,483,106,351,469,245
1215409880,3470137853,71,428,3,496,357,493
977557994,278412472,102,408,22,477,306,455
1319726241,4214704166,96,410,43,471,314,428
1127009214,2114043440,5,493,0,499,488,499
1281913023,4049169457,62,436,0,499,374,499
1188522009,3067034440,69,407,123,398,338,275
1263448181,3918446250,0,499,9,489,499,480
1205149037,3303904263,32,465,49,488,433,439
1108332616,1875283293,0,499,109,389,499,280
1262480047,3908166319,64,440,67,418,376,351
1027242586,570624966,100,399,59,440,299,381
1316185660,4200876523,37,475,24,478,438,454
1139513815,2392539514,79,408,8,455,329,447
1275604687,4006500055,84,391,20,491,307,471
1261388180,3898718632,132,405,57,457,273,400
1170833614,2900216447,193,303,111,387,110,276
1324181094,4234337674,120,385,53,484,265,431
1190251908,2781594564,0,499,67,432,499,365
1266672644,3939550862,61,455,63,480,394,417
1308798154,4177860264,29,467,47,446,438,399
1182835709,3008709100,180,324,178,323,144,145
1263770704,3921350069,28,476,18,489,448,471
1316300683,4200883099,10,487,69,449,477,380
1294107020,4122227765,0,499,0,499,499,499
1132238390,2222550600,57,123,238,313,66,75
603982,929823,67,431,0,499,364,499
1225648227,3776171623,0,499,0,499,499,499
1268005827,3945115834,212,286,140,392,74,252
1299896752,4143838536,62,436,0,499,374,499
1257178266,3879630123,74,499,0,499,425,499
1275647292,4006510667,0,391,87,499,391,412
883578624,128548368,130,369,77,421,239,344
1244793499,2820224647,61,466,61,399,405,338
1317514903,4213422971,218,268,130,178,50,48
1306886370,4167095068,106,388,51,463,282,412
1311451681,4187454835,142,355,104,462,213,358
898727867,89938469,147,366,162,335,219,173
1174587073,2940638833,165,334,155,344,169,189
941558583,206956060,121,378,100,399,257,299
1267264506,3942393629,10,491,21,467,481,446
1056124989,1068651687,0,499,96,402,499,306
1172462148,833703864,12,485,43,413,473,370
1264105234,3923709339,110,389,50,448,279,398
1317667869,4211185518,89,422,13,493,333,480
1206166634,3320653131,103,435,143,457,332,314
1161772886,2743005198,112,380,66,402,268,336
1308778107,4177815307,0,499,0,499,499,499
1150602539,2577599595,180,319,152,347,139,195
1316266493,4200881443,50,452,54,444,402,390
1253637929,3857966826,100,411,23,482,311,459
1158045210,2694313750,74,424,0,499,350,499
1128487400,2148675334,0,499,117,382,499,265
1314582000,4186321235,30,468,72,423,438,351
1160747288,2725730941,17,442,135,406,425,271
1301686920,4151269306,0,471,0,411,471,411
1295412774,4126699696,115,401,12,486,286,474
1269501474,3959369705,9,495,32,454,486,422
881315870,125897873,0,499,62,436,499,374
1316210225,4209005339,0,499,0,499,499,499
1250494881,306789,60,438,0,499,378,499
1300462988,4146735798,0,499,0,499,499,499
1167634700,2841858179,11,447,44,456,436,412
1027072668,569686632,112,386,50,449,274,399
1310617315,4184531330,33,474,39,472,441,433
1277540463,4019817045,17,476,88,443,459,355
941622065,207151527,153,354,194,308,201,114
1297328313,4110541384,27,467,163,341,440,178
1128720111,741259911,246,246,352,489,500,137
1224493927,3521205630,52,446,116,395,394,279
76310630,2550065,165,334,166,332,169,166
1277399862,4023009808,0,499,56,444,499,388
984240666,288871669,47,492,222,282,445,60
1313959653,4186095165,27,450,28,486,423,458
1056159234,1070635442,158,342,132,367,184,235
1277542572,4019817539,0,430,91,499,430,408
1149446298,2559369055,28,455,39,474,427,435
1087438452,1522420927,63,436,0,499,373,499
1275628571,4006507875,0,468,28,492,468,464
1201895129,3246104450,0,499,0,499,499,499
1134392044,2274592712,0,499,62,436,499,374
875516891,121570048,0,499,62,436,499,374
446772430,50257408,100,399,54,445,299,391
1188462918,3065095740,0,499,62,436,499,374
1118915498,1989301228,62,437,116,382,375,266
988509445,295660472,0,499,221,292,499,71
1287747419,4079149825,140,357,111,389,217,278
1244540390,3785187328,0,499,62,436,499,374
923442019,107834863,146,356,127,376,210,249
1159753218,2719066171,66,458,149,361,392,212
1058855140,1082276276,72,426,0,499,354,499
580363394,54221094,71,427,1,497,356,496
1282035996,4053884844,23,477,111,358,454,247
1267317158,3942397697,0,499,0,499,499,499
1282953799,4057770087,81,444,128,422,363,294
941494250,206718148,87,411,10,489,324,479
500838220,52034743,0,499,62,436,499,374
1133481741,2252219095,0,499,120,499,499,379
1208183818,3352113039,68,431,0,499,363,499
1283836159,4061617938,49,439,63,455,390,392
1218169819,3506013674,0,499,11,499,499,488
1115453820,1938306392,69,386,97,386,317,289
1188953532,3075343282,128,375,108,376,247,268
1305107828,4164667104,106,388,51,463,282,412
874702434,111182196,20,474,86,399,454,313
1192478354,3128687940,207,293,91,474,86,383
1282009146,4050754357,0,499,0,499,499,499
1266656431,1659787591,100,399,25,475,299,450
1100064607,1711730613,70,429,145,354,359,209
1068989815,1161967665,129,369,118,381,240,263
748649687,60732002,62,436,0,499,374,499
1275689034,4006531203,92,481,92,431,389,339
1246374106,3798820597,68,394,131,388,326,257
833690421,65112222,76,423,0,499,347,499
1295959862,4128274485,62,437,145,353,375,208
1323312370,4231696302,107,385,32,464,278,432
1104325626,1830614402,131,380,94,292,249,198
1158267308,2688259622,68,431,0,499,363,499
1275199351,4004099889,0,499,0,499,499,499
1304043452,4160928591,106,388,51,463,282,412
1278213571,4030679310,102,396,5,463,294,458
1274129603,3997812276,0,499,0,499,499,499
254527360,9016868,66,432,0,499,366,499
1275756272,4008298993,0,499,0,499,499,499
867519844,110661981,63,436,0,499,373,499
1218043080,3503471980,5,494,70,435,489,365
1026810789,569554383,100,399,63,435,299,372
1277510500,4019799840,0,499,0,499,499,499
1320006523,4144912404,36,462,128,386,426,258
1264277658,3925134129,0,482,0,464,482,464
1269332142,3958048003,121,378,87,415,257,328
1298899342,4139509368,27,478,61,481,451,420
1299518359,4141587397,91,412,47,441,321,394
1305521231,267474562,84,414,0,499,330,499
1283885422,4061624466,0,499,82,499,499,417
1251239425,3789059399,182,319,220,288,137,68
1323311594,4231696272,0,499,0,499,499,499
872482652,117622575,64,434,0,497,370,497
1282030440,4053883743,37,464,102,431,427,329
1324150511,4236042868,0,499,0,499,499,499
835037434,68506871,83,416,129,369,333,240
879650424,125041028,51,447,0,499,396,499
836246300,70782744,15,498,26,474,483,448
1215515961,3470057913,2,497,94,402,495,308
1174131321,2931011125,71,427,0,499,356,499
865277056,107629772,0,499,118,380,499,262
1232859005,3660376801,50,448,0,499,398,499
1273900106,3975362634,35,465,9,484,430,475
1261403428,3898720865,70,423,49,444,353,395
1243659961,3775275622,0,499,148,436,499,288
1240227049,3745007612,27,473,168,333,446,165
937875505,199175591,68,441,14,479,373,465
1225646033,3776165741,0,499,0,499,499,499
835110474,68681150,30,469,0,499,439,499
980292894,283317072,9,475,68,432,466,364
1113097250,1832986981,182,303,0,499,121,499
940548929,138725236,120,216,234,266,96,32
1271695304,3979562875,0,499,0,499,499,499
1317275810,4210988884,0,499,20,499,499,479
1275609523,4006500611,0,499,83,419,499,336
1260370764,3893244878,56,450,190,363,394,173
1262576581,3908953276,0,499,0,499,499,499
1007547960,435061124,70,428,0,499,358,499
1115566629,1947170356,103,376,77,408,273,331
1323296850,4231695750,60,465,47,431,405,384
1161926309,2741123994,0,499,0,499,499,499
1306545079,4167076758,106,388,51,463,282,412
1266966788,3940053412,83,439,92,412,356,320
957570449,147807748,0,499,27,472,499,445
948000273,210533472,81,400,54,426,319,372
1005097637,411229262,156,337,138,499,181,361
1179068239,2989619585,0,499,9,491,499,482
976684480,276429185,98,401,6,492,303,486
1166743053,2820864096,137,356,30,449,219,419
1027120303,569760592,112,387,50,449,275,399
1204263749,3287309857,19,495,131,426,476,295
1296177451,4127010380,62,436,0,499,374,499
994012749,302009442,0,499,63,436,499,373
1318262508,3258697433,15,409,174,343,394,169
1317524280,4213766892,178,354,193,306,176,113
1177691077,2977610167,17,499,0,402,482,402
1164000197,2778350128,109,389,109,389,280,280
939161114,201804448,126,374,160,335,248,175
940696205,204552061,38,460,0,499,422,499
835721058,69904151,112,387,50,449,275,399
1261426616,3898728616,34,457,52,475,423,423
1276530714,4014019853,91,380,57,486,289,429
1276038164,4010224916,145,380,90,489,235,399
1007605903,435120172,100,399,38,461,299,423
932012869,70128220,36,463,10,489,427,479
1245967250,3795862129,0,499,79,436,499,357
955658922,220267266,53,446,4,495,393,491
1320200704,4215512767,67,416,133,372,349,239
1282747637,4058938894,0,499,0,499,499,499
1264891151,3928050356,12,488,31,466,476,435
1322080784,4229650276,0,499,0,499,499,499
1275528934,4006491985,26,465,112,418,439,306
1307820484,4172827094,167,341,33,477,174,444
1278560309,4035896647,18,481,80,411,463,331
1317008687,4211514020,14,493,69,422,479,353
1311362517,4186106714,62,436,0,499,374,499
706968416,58685705,210,289,220,279,79,59
1167511328,2837313396,0,499,62,436,499,374
1026840603,569612529,100,399,51,448,299,397
1279054752,4037576538,52,445,38,379,393,341
753072435,61028434,160,338,125,374,178,249
1305027939,4164612088,106,388,51,463,282,412
1267011543,278534634,100,399,9,490,299,481
1310223612,4183282764,86,399,117,422,313,305
1308648619,4177518522,0,499,0,499,499,499
1189869837,3086202144,0,499,0,499,499,499
1289741735,4087671112,0,499,0,499,499,499
1056950145,1064132822,0,499,62,436,499,374
1176186147,2950079188,0,499,109,389,499,280
858424055,88080437,196,302,175,324,106,149
1277794228,3702416553,112,387,0,499,275,499
1112089793,1915398275,0,499,62,436,499,374
1276007467,4010222226,44,446,139,440,402,301
1077659690,1377909599,79,419,0,499,340,499
938092395,12594453,0,499,62,436,499,374
1261415806,3898724477,65,392,68,453,327,385
1249536034,3819983856,126,373,126,373,247,247
1172206795,2910872421,0,499,73,425,499,352
1304009188,4160805366,0,499,0,499,499,499
1275571769,4006496960,28,485,26,457,457,431
1222858794,3575903506,109,390,0,499,281,499
1194344365,3157658919,126,390,14,477,264,463
1188521978,3067034425,69,407,123,398,338,275
1273145198,3993166051,20,482,165,345,462,180
1069475594,1251611669,0,499,62,436,499,374
1129569763,2168077187,123,377,2,498,254,496
1123810399,2062694550,152,346,100,386,194,286
1259908955,3889223441,16,499,97,499,483,402
1092258337,1580087298,26,473,95,401,447,306
1265881118,3935351018,2,498,7,494,496,487
1014698099,473962022,117,382,80,419,265,339
1196566057,3192137911,62,436,0,499,374,499
1062452986,1114748248,0,499,73,426,499,353
1100085538,1711733586,110,389,74,425,279,351
1005660825,415983157,85,414,0,499,329,499
1311149294,4182061279,171,321,33,441,150,408
1054459494,1044252956,0,498,0,499,498,499
1053459949,471746000,120,376,53,477,256,424
847156454,76520686,62,436,0,499,374,499
1252146776,3838117313,0,499,0,499,499,499
933255291,190108215,73,425,0,499,352,499
1323995187,4235886501,68,408,159,332,340,173
1114390622,1933148234,91,406,0,499,315,499
834132283,66361714,60,438,0,499,378,499
1249535817,3819983682,147,355,162,328,208,166
871479085,3463181,0,499,50,449,499,399
1038555811,752681086,62,436,0,499,374,499
1213654691,3451509210,150,349,121,377,199,256
162400530,5246198,143,356,100,399,213,299
1317016414,4201018286,27,471,81,445,444,364
1066670929,1170240420,5,492,179,351,487,172
857490533,91482069,73,425,0,499,352,499
1100446969,1720244345,54,446,15,482,392,467
1265216141,3929868035,0,499,0,499,499,499
1237244726,3718128256,0,499,77,430,499,353
846202385,75423355,98,401,0,499,303,499
1239448268,417932716,18,486,140,366,468,226
1255215911,3868889726,102,389,68,409,287,341
1217224773,3491747839,0,499,57,442,499,385
1096054940,1641858709,117,368,43,450,251,407
857059441,90864315,200,298,180,319,98,139
177898130,5555900,78,420,0,499,342,499
1303633734,4159071481,106,388,51,463,282,412
1126730120,2106409607,180,319,153,346,139,193
1191424564,3107241705,131,361,112,389,230,277
1306833094,4168956777,166,378,166,376,212,210
1240773313,3748229871,15,487,0,441,472,441
1323290529,4231691939,152,425,117,373,273,256
1323323586,4231808896,32,480,33,470,448,437
1289804326,4089926621,0,499,0,499,499,499
1251139293,3837260930,134,378,40,449,244,409
946424001,196888225,125,374,62,436,249,374
1283905929,4063327783,0,499,0,499,499,499
1034533084,677099788,142,357,92,407,215,315
1082671902,1471239517,7,474,74,422,467,348
1113061590,1926714921,23,475,24,480,452,456
1280384675,4044743415,0,499,0,499,499,499
988932636,296080329,0,499,74,425,499,351
922580839,171660352,0,499,10,488,499,478
1287880053,4079551097,60,428,73,406,368,333
1262449297,3904720647,28,474,22,469,446,447
1009256786,440563649,104,394,50,449,290,399
1294221854,4122562536,9,490,25,490,481,465
1275721773,4008135927,0,387,36,499,387,463
1198158678,3212451271,93,406,0,499,313,499
1273160429,1110370875,22,460,136,389,438,253
1315338628,4205111784,0,499,0,499,499,499
1294190765,4122554798,0,499,0,499,499,499
1147520005,2532700924,149,349,100,399,200,299
1123815952,2062702576,152,346,100,399,194,299
1266672627,3939550861,26,468,68,420,442,352
1281483647,4050863876,34,467,118,409,433,291
1313132839,4197654699,0,499,0,499,499,499
1276001664,4010221922,83,409,35,468,326,433
1121265479,1118849540,232,274,17,488,42,471
1246397153,3798828314,185,310,190,306,125,116
1276889894,4017993956,0,499,1,499,499,498
1137782801,2341991250,0,499,62,436,499,374
1117774079,1977034193,59,454,12,480,395,468
1102569367,1803407036,167,320,129,302,153,173
1068099362,1189075421,62,436,0,499,374,499
980535620,283682773,89,381,139,359,292,220
1306169681,576311552,84,414,0,499,330,499
1007668466,435152667,110,389,50,449,279,399
1079794474,1434660971,41,452,43,456,411,413
1154645388,2515141901,41,482,83,423,441,340
1078910175,1410911912,109,389,0,499,280,499
1235264992,541692254,134,358,154,346,224,192
927605286,180670150,18,483,112,384,465,272
1229154418,3621300796,90,394,12,499,304,487
1175217918,2946633641,100,399,0,499,299,499
1304747515,4144699390,149,337,69,438,188,369
1301564142,4151265150,112,386,45,454,274,409
1123006740,278582697,157,341,100,387,184,287
509041147,52367277,62,437,0,499,375,499
1253646356,3854535036,62,436,45,499,374,454
1282551584,4057545979,52,436,66,440,384,374
1040061915,806296494,154,345,100,399,191,299
1265898567,3935510074,32,449,47,403,417,356
1268229535,3946997890,67,427,4,498,360,494
853305411,84062886,145,354,100,399,209,299
1036774445,720118839,213,273,131,384,60,253
1313254951,4182859505,69,432,158,312,363,154
1275998536,4010221390,63,448,80,499,385,419
1127505783,2123821882,155,332,118,373,177,255
1324102780,4236042164,0,444,0,499,444,499
1260452299,3889490944,35,476,63,426,441,363
1310606225,4182262455,245,248,220,225,3,5
1265217482,3929900656,83,434,51,474,351,423
1276325608,4012664957,15,499,0,499,484,499
1273262386,3992547245,0,499,0,499,499,499
1208707060,3361719587,30,452,75,417,422,342
1289778647,4089721652,3,486,59,407,483,348
1304116869,4160950970,106,388,51,463,282,412
1287026796,4074711926,28,452,39,470,424,431
284575767,11904384,150,349,107,391,199,284
1254418091,3861646424,104,373,73,487,269,414
1243660144,3775276253,0,499,62,436,499,374
604922028,54810720,92,407,0,499,315,499
1228735369,3619453248,0,499,62,436,499,374
606409192,53114479,50,449,0,499,399,499
1162429397,2753792143,62,436,0,499,374,499
1256927151,3874796929,90,444,92,433,354,341
1321083823,4221738781,27,479,128,371,452,243
1309318804,3468402365,100,399,34,465,299,431
857093741,90848189,0,499,63,437,499,374
1281866741,4053487507,63,463,9,498,400,489
1303829522,4159426899,106,388,51,463,282,412
1305057010,4164660053,106,388,51,463,282,412
931974852,187230691,126,378,195,341,252,146
833615884,64727685,125,369,92,412,244,320
1274704579,178402096,90,408,32,480,318,448
1262499401,3908168530,12,481,108,391,469,283
1208158248,3352166352,112,457,157,331,345,174
1277946485,4023226514,83,416,0,499,333,499
1296379088,4130452068,0,499,0,499,499,499
1321563063,4227449424,0,499,0,499,499,499
977935016,278996708,225,351,159,347,126,188
1017444619,506017469,0,499,70,429,499,359
1324229119,4236298710,70,379,47,458,309,411
1260735665,3895298303,72,429,0,499,357,499
989258257,296315658,0,499,62,436,499,374
1277495085,4019796315,0,499,0,496,499,496
1270254055,2547266980,106,392,0,499,286,499
1218106415,3411111633,0,499,63,436,499,373
1310036188,4181950570,0,429,10,499,429,489
1075977294,1356370574,152,344,175,326,192,151
1292451741,4109481843,19,478,24,472,459,448
958279803,227085122,174,325,143,357,151,214
1009323695,440707548,100,399,55,443,299,388
378613815,7079620,49,449,0,499,400,499
933261191,190111511,75,423,0,499,348,499
1323080378,4231811160,31,467,112,385,436,273
1232482236,3663842754,63,436,0,499,373,499
1269772301,3962600787,0,499,62,436,499,374
1314317656,4186261614,36,475,173,340,439,167
1203565149,3279196905,112,398,28,489,286,461
1008133405,436059964,150,349,114,385,199,271
1308763837,4177808385,144,394,117,457,250,340
1255048448,3867033362,115,499,78,499,384,421
1265606233,3931891525,26,495,2,494,469,492
1271548063,278398935,147,267,50,306,120,256
1153390150,2625566397,14,473,147,333,459,186
1258574588,3883454674,0,499,0,499,499,499
1215527930,3470066409,54,483,106,364,429,258
1313492761,4183349188,111,386,29,472,275,443
920911218,149841737,50,449,16,483,399,467
350416858,48502398,149,350,99,400,201,301
1135473946,2309271981,10,490,80,421,480,341
1253151945,3855161616,86,331,11,488,245,477
1015534814,485094318,91,414,54,439,323,385
1273868943,3995250276,0,499,0,499,499,499
844145344,71668737,63,436,2,495,373,493
875126474,121048718,150,349,93,406,199,313
1217382585,3420709950,136,367,281,466,231,185
1324226775,4236298652,26,460,88,369,434,281
1262958727,3513757417,37,457,141,347,420,206
1043828600,852699803,6,493,46,455,487,409
1007985118,435845190,160,339,133,365,179,232
872751636,118058482,68,431,0,499,363,499
1010714771,446061980,0,499,62,436,499,374
989271741,296338557,0,499,62,436,499,374
1301071060,4150448789,63,485,84,464,422,380
1220509436,3547027779,71,427,14,499,356,485
1265215113,3929900542,113,439,216,302,326,86
935045022,193841742,163,326,155,355,163,200
1118237614,1611048146,108,385,158,401,277,243
1216315355,3479943575,106,393,0,499,287,499
1225875433,3591941854,0,499,0,499,499,499
1295220341,4125633172,45,451,133,323,406,190
1299289100,4141675863,72,426,50,411,354,361
1301846432,4153622608,62,436,0,499,374,499
1282522260,4057540488,85,431,83,427,346,344
1031258879,610804735,0,499,62,436,499,374
1263745257,3921264854,79,420,18,484,341,466
1313703648,4197553219,45,479,11,466,434,455
1298803142,4139506717,0,499,0,499,499,499
970953362,261000946,212,280,231,273,68,42
671979554,56386896,72,427,9,490,355,481
1170182477,2892529480,183,335,32,428,152,396
1026942763,569599186,116,383,50,449,267,399
1032591546,626140420,137,365,56,379,228,323
1158032974,2682777348,0,499,0,499,499,499
1270130093,2548492426,120,390,51,451,270,400
1252510283,3849901037,66,417,17,464,351,447
1299305645,4141676750,48,433,40,461,385,421
1282843362,4058580031,0,499,0,499,499,499
1129066026,2162121650,85,413,8,499,328,491
306899236,36335150,62,436,0,499,374,499
1235357217,1526306,81,418,12,486,337,474
1205283211,3303139878,0,499,0,499,499,499
1263200836,3913251763,50,449,0,499,399,499
1236165236,3703570736,0,499,62,436,499,374
1241433779,3756731998,0,499,84,415,499,331
1250268248,3831364229,0,499,99,436,499,337
1273085040,3992556773,0,499,0,499,499,499
1274229460,54888331,66,432,22,499,366,477
1211397558,3397443744,105,397,182,319,292,137
1309560661,4179929718,0,499,73,499,499,426
1301449682,4151259717,0,498,0,499,498,499
934422515,192570973,0,499,62,436,499,374
1182380140,3006781446,17,493,21,476,476,455
1255758370,3871050289,25,473,76,423,448,347
1296294915,4130122728,0,499,0,499,499,499
1010610470,447823391,175,324,210,289,149,79
1217224535,3491747610,175,325,172,326,150,154
1215365449,3470033252,104,384,3,496,280,493
1054163674,1028771974,62,436,0,499,374,499
1248833710,3817891138,9,492,0,499,483,499
883651844,128627626,62,436,5,499,374,494
1113102732,1832989011,139,359,4,497,220,493
1305321876,4165063859,116,407,128,376,291,248
1320005484,4215328108,37,458,146,385,421,239
1174584824,2940638413,22,476,2,484,454,482
1265224326,3929899816,11,489,60,440,478,380
1198963593,3222461337,0,499,80,418,499,338
1198440824,290049715,144,355,100,399,211,299
1305167619,4164674249,106,388,51,463,282,412
1040598003,816202305,144,355,100,399,211,299
1269770181,3962599784,0,499,62,436,499,374
1008806268,439124555,73,425,0,499,352,499
1304089921,4161093600,134,367,148,363,233,215
1223517463,3581767592,14,477,127,358,463,231
1209179387,3370141572,31,475,330,471,444,141
1102363799,845432910,2,498,63,435,496,372
1238298953,3727588077,175,463,172,410,288,238
1246089428,3797080895,110,424,54,443,314,389
1216627387,3482009738,0,499,0,499,499,499
1116996357,1967299571,0,499,0,499,499,499
1320005473,4215328107,300,472,150,384,172,234
1009299623,440651420,150,349,119,380,199,261
671619,1063259,175,267,175,324,92,149
1283663889,4061597095,20,476,109,394,456,285
1308934937,278520234,100,399,6,492,299,486
1176503984,2958500036,33,473,104,391,440,287
1061543895,146547328,110,367,40,473,257,433
1201772198,3249192982,25,471,167,374,446,207
1070736577,1274886992,0,499,0,499,499,499
1227388919,3606647898,62,436,0,499,374,499
1312196852,4193577813,0,499,62,436,499,374
1008185124,435986828,170,328,130,369,158,239
1299564776,4141734276,70,461,86,377,391,291
1288916828,4085923727,30,465,95,423,435,328
1112558475,1638135895,145,372,72,399,227,327
1017747576,402061371,147,355,78,410,208,332
1272074495,3986439379,37,453,22,477,416,455
1262461734,3908160547,23,468,18,457,445,439
1153206426,2621721016,241,258,0,499,17,499
1225886841,532978711,173,325,137,360,152,223
1191223023,3104300623,94,404,0,499,310,499
1275594381,4006498042,185,327,61,480,142,419
964839806,248296348,18,489,43,462,471,419
1072881777,547930808,31,375,109,394,344,285
1223086053,3570386886,62,436,0,499,374,499
1024556354,50547538,68,431,12,499,363,487
1308914001,4177867902,173,318,85,452,145,367
1009300198,440651292,100,399,58,441,299,383
1171932680,2914053135,107,390,168,330,283,162
835760967,70014964,150,349,124,375,199,251
1299062870,4139720636,80,434,151,346,354,195
1112599467,1923649470,0,499,0,499,499,499
871051721,115653012,0,499,62,436,499,374
1149925868,2567140688,154,344,203,296,190,93
1196305749,584408840,179,320,150,349,141,199
1313292647,4197504262,0,499,40,463,499,423
1274894505,4001821124,10,485,130,332,475,202
1126170666,2100741239,144,354,100,399,210,299
1243212394,3770729956,38,489,65,399,451,334
1196277452,3184758802,41,486,92,414,445,322
1071538010,1293698500,0,499,2,496,499,494
1144459010,2482252287,0,499,62,436,499,374
1193260084,3139446843,0,499,109,389,499,280
1307707866,4172506073,1,499,92,407,498,315
1027187756,569816023,100,398,50,449,298,399
1174579224,2940636407,62,381,16,478,319,462
1026886803,569739945,121,378,50,449,257,399
1158121156,2695197990,134,357,79,443,223,364
1255434250,3868426746,0,499,0,499,499,499
1170441930,2896717977,189,425,122,421,236,299
1153461572,2628619212,166,329,115,384,163,269
1260354970,3893199017,18,472,28,492,454,464
1309675195,4181533567,121,399,153,362,278,209
1037685764,736884874,155,343,103,392,188,289
1275472781,4006486349,40,477,15,484,437,469
1248580165,3816380021,220,340,72,457,120,385
1199002479,1859588052,137,361,126,397,224,271
1269836664,3962805283,24,468,6,482,444,476
1094820931,1621939136,62,436,0,499,374,499
1064628751,1139767604,213,286,205,298,73,93
1286963323,4076975917,69,440,72,442,371,370
1262732407,3910821631,112,443,123,370,331,247
987626626,294480200,219,277,204,307,58,103
981380213,284458780,93,405,23,492,312,469
835785922,70095900,150,349,111,387,199,276
862539164,102340175,109,389,52,448,280,396
1205825893,3312189801,28,472,99,392,444,293
1242776112,3765557219,0,499,62,436,499,374
1276438675,4013274375,223,324,148,327,101,179
1067511245,1174870927,0,499,109,389,499,280
1267333592,3942397997,17,481,67,422,464,355
997384438,67911125,190,309,160,339,119,179
1312831492,4196275734,82,403,27,435,321,408
1319412668,4214354264,177,325,18,480,148,462
1275599740,4006499573,18,471,148,380,453,232
1073768024,278582981,159,340,100,399,181,299
1220123177,3538253256,21,484,137,416,463,279
911742421,87172106,187,311,150,349,124,199
1310809187,4185159339,83,415,0,499,332,499
1254815332,3866427767,218,422,168,355,204,187
1283609807,4061483472,0,499,0,499,499,499
1320945972,4221627784,150,397,35,473,247,438
1282517966,4057540148,26,472,0,499,446,499
878453331,123754790,152,343,175,376,191,201
1303730970,4158983087,69,430,0,499,361,499
1168302913,2856393600,0,499,83,415,499,332
1321348356,4227136750,47,467,79,421,420,342
1312601721,4195543093,42,454,116,435,412,319
1006332075,423099009,78,420,0,499,342,499
1317996357,1951685675,0,499,40,499,499,459
1053451736,458214071,123,377,0,499,254,499
1032163199,619258645,41,480,66,446,439,380
1307879893,4172855014,195,288,15,483,93,468
1298630968,4139344949,0,415,57,499,415,442
1260276528,3893193878,51,352,102,375,301,273
1247658814,3812248115,37,469,135,311,432,176
1165633815,2778978025,110,389,0,499,279,499
1277498115,4019796540,101,416,96,375,315,279
1275977059,4010220337,0,499,0,499,499,499
1070247175,1266183784,0,499,0,498,499,498
939080973,201572182,0,499,62,436,499,374
1288987952,4085956569,101,398,132,398,297,266
879351234,124739983,74,425,10,489,351,479
1156552317,2672632318,109,389,0,499,280,499
966058610,251502243,0,499,62,436,499,374
1283931657,4061633450,212,286,133,204,74,71
1276073024,4010225685,79,433,107,445,354,338
1075760043,1352145822,98,402,83,390,304,307
1315576087,4206495706,68,418,77,412,350,335
1255757950,3871285824,31,469,61,458,438,397
1138512848,1370234670,72,430,38,461,358,423
1138259375,2362542569,108,393,8,491,285,483
1275223352,4004110366,0,499,0,499,499,499
1277883195,4023206251,0,499,0,499,499,499
1097113137,1666634311,193,313,206,288,120,82
1055661944,1524880610,52,391,137,378,339,241
328755277,6890413,145,353,101,398,208,297
867459249,110330461,0,499,6,492,499,486
1312644077,4195555999,0,499,40,418,499,378
1011830301,455546486,99,399,0,499,300,499
1282588095,4057555856,0,499,0,499,499,499
1265176534,3929867349,110,390,146,367,280,221
905747946,150375960,181,313,163,333,132,170
568198981,53999416,62,436,0,468,374,468
1074825863,1337246472,62,436,0,499,374,499
1199472152,3230429612,20,478,34,455,458,421
1265884881,3935352020,19,473,86,451,454,365
1211777146,3409999743,28,383,27,472,355,445
1318467161,1070458076,55,398,19,479,343,460
1100070261,1711729783,70,429,145,354,359,209
1113114994,1832996224,59,419,30,451,360,421
893310758,141191163,192,312,216,302,120,86
1318921972,4218259952,0,499,0,499,499,499
1313820584,4200624279,0,499,0,499,499,499
1107660404,1869200322,73,442,11,496,369,485
1053085531,1022623650,0,490,75,424,490,349
1317974209,4215702137,15,487,100,391,472,291
255509017,329990,50,448,0,499,398,499
1142625421,2453616992,165,389,217,274,224,57
1308928884,4177868540,111,379,24,473,268,449
742964150,60448125,163,336,125,374,173,249
1270220018,3969948855,43,461,100,394,418,294
1232369484,3660534473,9,499,176,405,490,229
1279606964,4040158745,109,389,0,499,280,499
1244541072,3785187842,0,499,129,436,499,307
1244293564,3782270095,361,431,156,277,70,121
1316143950,4200873814,28,474,153,347,446,194
882042131,124889387,71,427,0,499,356,499
1156925726,2678802000,67,407,97,391,340,294
1287498745,4076595298,14,473,59,468,459,409
1136544127,2332095809,0,432,153,379,432,226
1121503280,2036073018,0,499,0,499,499,499
1249536288,3819984292,126,373,126,373,247,247
320062415,46698562,150,349,107,391,199,284
1273272830,3992550585,56,449,64,446,393,382
1258319745,3881732920,112,377,200,431,265,231
1251488927,3842787433,20,468,27,446,448,419
1302920705,4012160208,197,300,214,285,103,71
1283778769,4058941348,96,405,9,484,309,475
1112217329,1831144173,163,324,105,390,161,285
1300069493,4144870686,38,466,73,433,428,360
1279056260,4037879912,0,499,6,499,499,493
713533587,59112304,0,499,62,436,499,374
1101321978,1762539670,0,499,36,463,499,427
956368238,138719533,93,440,227,271,347,44
1118395946,1983970947,0,499,241,251,499,10
348857903,48059561,62,436,0,499,374,499
1048417919,134164974,62,436,0,499,374,499
960353212,235538988,0,499,62,436,499,374
1249535048,3819980431,182,310,209,307,128,98
1007453121,434909291,81,418,12,486,337,474
1282553236,4057546103,10,491,118,465,481,347
1318007082,4216512282,122,372,43,454,250,411
1260343085,3893243235,175,462,69,348,287,279
901532160,46638965,105,394,0,499,289,499
1039390926,794067071,0,499,62,436,499,374
1190254076,1876686854,0,499,67,432,499,365
1156265763,284150528,150,331,3,445,181,442
1142474753,2449937124,0,499,66,432,499,366
1232192060,3653940391,62,436,0,499,374,499
1151625303,2587153592,71,441,125,369,370,244
894354891,142086590,121,378,126,362,257,236
1326151938,4244021259,190,293,167,367,103,200
1108738836,1878218194,110,389,60,439,279,379
689613271,336313,68,431,0,499,363,499
1193558536,3146084887,0,499,129,223,499,94
937609576,198613161,127,367,161,341,240,180
1199597659,3230470082,0,499,63,423,499,360
906050495,134884538,0,499,62,436,499,374
1264761495,3926982899,14,485,141,360,471,219
923443632,120493794,62,436,0,499,374,499
1258596448,2810134374,120,378,153,346,258,193
1275492731,4006488889,41,485,112,387,444,275
1269573158,3959930240,0,499,0,499,499,499
1321893429,4227758503,0,499,59,486,499,427
987525292,294394807,16,481,71,439,465,368
1289041908,4086042346,95,396,16,488,301,472
1217194838,3491046431,0,499,0,499,499,499
1078972016,1413007172,0,499,209,499,499,290
1252264202,3844136667,0,499,128,370,499,242
846397256,75707598,123,376,50,448,253,398
1244540912,3785187784,0,499,62,436,499,374
1275998034,4010221364,119,420,30,476,301,446
940788162,205122641,86,413,30,471,327,441
1282959188,4057770433,48,418,22,484,370,462
1235368506,3693294071,65,411,144,334,346,190
1087518611,1524704189,61,440,131,346,379,215
1099705269,1706102308,133,348,134,379,215,245
1194095119,3154689688,110,389,50,449,279,399
1271463815,3976922265,0,499,2,499,499,497
1124955407,278511466,157,341,115,399,184,284
941678666,207257920,157,344,205,294,187,89
1140321870,3808511202,0,499,0,499,499,499
1007578745,435063788,100,399,45,454,299,409
1201838146,3249409960,71,428,8,493,357,485
1102567715,1854738598,18,461,89,422,443,333
1200894422,1888340335,105,402,42,247,297,205
1244403655,3783486576,64,435,64,440,371,376
1286963853,4076975941,56,447,65,442,391,377
1224401300,3585682493,62,436,0,499,374,499
1123464038,284589680,0,499,63,436,499,373
1203647787,3281330305,123,490,150,353,367,203
1194380686,3154951260,73,426,0,499,353,499
1005836156,418197397,7,491,57,441,484,384
1075248495,1344240194,109,389,0,499,280,499
946714544,208715289,165,327,172,347,162,175
986087616,291413580,168,330,144,361,162,217
987432265,294312552,34,471,117,396,437,279
1026875736,569619357,103,395,50,449,292,399
1277547752,4023136791,0,499,0,488,499,488
1325235502,4240794132,0,499,100,478,499,378
1307430958,4171503435,0,499,0,499,499,499
1280515197,4045078191,137,362,104,413,225,309
1273154888,3993171470,7,489,104,370,482,266
1243785567,3775997587,210,291,77,432,81,355
905305265,119043005,71,427,91,407,356,316
1231393943,3648434979,0,499,62,436,499,374
1254414441,3861821296,0,491,11,461,491,450
1089485043,1372652791,156,342,100,399,186,299
916671959,142811500,0,499,68,431,499,363
1093700536,1609602627,100,404,94,386,304,292
1236465048,3707088648,0,499,0,499,499,499
1016882530,503698153,0,499,109,390,499,281
1301493541,4150987800,0,499,0,499,499,499
1077572723,1161952159,18,486,65,376,468,311
1108739394,1878218254,110,389,52,446,279,394
285172116,5878882,145,354,100,399,209,299
1315508625,4206199285,56,431,0,411,375,411
938168773,123127374,0,499,62,436,499,374
1310078781,4181962031,0,499,0,499,499,499
1041613626,828001335,0,499,62,436,499,374
1258496573,3885602285,60,499,9,483,439,474
1220200442,3540915768,0,499,96,402,499,306
1190251160,2041885672,140,384,73,412,244,339
835781917,70075607,100,399,43,456,299,413
1060059699,1095145160,42,456,19,480,414,461
1217248143,3492293737,40,470,53,469,430,416
1303176643,4157519925,0,499,0,499,499,499
1188522032,3067034451,69,407,123,398,338,275
1320129136,4215410533,19,471,98,366,452,268
1004989826,406203831,0,499,62,436,499,374
1281291595,4050813138,138,346,26,490,208,464
1177149335,2970576369,70,445,13,482,375,469
987617180,294476902,160,350,18,487,190,469
1220067885,745393166,176,322,150,349,146,199
1164455559,2785253937,110,389,145,354,279,209
1289471866,4088579326,63,435,87,411,372,324
1265216485,3929900617,55,452,32,479,397,447
1245673640,3793736080,19,480,21,479,461,458
1007390016,416649874,76,422,0,499,346,499
1227230739,53158427,179,320,150,349,141,199
1252627980,3850328784,0,499,62,436,499,374
1276005120,4010222093,0,499,0,499,499,499
1046550220,584416652,30,468,41,457,438,416
1027127467,569941889,113,385,50,449,272,399
1263819395,3921185233,0,499,0,499,499,499
1077841036,1383439175,180,319,161,349,139,188
1276300825,4012661369,28,484,65,435,456,370
970919348,222624593,45,387,30,493,342,463
999369243,342118963,48,471,69,437,423,368
941678560,207258162,158,344,159,336,186,177
1311359368,4187199323,139,374,167,374,235,207
1265221905,3929898801,38,475,72,455,437,383
1174593643,2940640508,17,484,28,488,467,460
1249546393,3820060892,132,363,42,479,231,437
996995846,320873766,76,422,0,499,346,499
1120200475,2010839874,0,499,62,436,499,374
1181662563,3003920284,14,491,88,390,477,302
1248846133,3817902829,53,479,108,374,426,266
1289808310,4089927283,31,495,44,477,464,433
1248468112,3814960658,5,494,14,479,489,465
970740249,258529277,71,427,0,499,356,499
1312251229,4194045160,0,499,62,436,499,374
847035073,70363257,53,445,0,499,392,499
874700385,120559359,175,324,145,354,149,209
1267987292,3944541455,0,499,0,499,499,499
1289348417,4087642245,75,381,142,347,306,205
1308925873,4177868441,80,434,40,445,354,405
1182304055,1852548872,5,485,26,494,480,468
1155891418,2661354693,31,453,51,455,422,404
1272863841,3813572036,0,499,129,436,499,307
1237139679,3716556459,0,499,0,499,499,499
1322777120,4231405874,0,499,0,499,499,499
1132599097,2229415406,92,382,7,491,290,484
1295960055,4128274501,159,371,155,344,212,189
1150288909,2572664394,101,401,3,497,300,494
1308329710,4152030697,28,475,65,457,447,392
1238769877,3729548475,14,486,104,392,472,288
1073525676,1322561805,105,388,46,421,283,375
672413725,56411649,220,292,224,303,72,79
1040626872,816893167,124,376,132,361,252,229
1027903624,577491716,52,446,0,499,394,499
1166968696,2827810966,30,469,65,438,439,373
1295960474,4128438390,286,365,156,335,79,179
1237935997,3724226991,86,412,0,499,326,499
1323331504,4231757585,27,470,21,473,443,452
1144105870,2476115317,147,351,100,399,204,299
1254367057,3861448857,161,337,85,414,176,329
1009252221,440576504,150,349,119,380,199,261
1261310932,3899234099,156,341,121,376,185,255
1008196293,436097476,106,393,50,449,287,399
1096606551,1657064518,27,455,81,426,428,345
991498623,299019172,126,366,33,455,240,422
1261366468,3898715642,5,489,144,343,484,199
1008611816,439017580,73,425,0,499,352,499
340740702,48129163,145,354,163,335,209,172
1317996393,1951685739,0,499,40,499,499,459
1311405095,4187117469,0,485,22,494,485,472
1196792139,3198581327,7,490,95,401,483,306
1093064772,1595746053,90,403,111,403,313,292
1261467635,3900386558,115,379,81,427,264,346
1040537664,815162682,158,350,45,482,192,437
1196632397,3195328777,36,465,46,470,429,424
1292835895,4114172716,0,499,0,499,499,499
958334341,227183369,62,436,0,499,374,499
1274933028,4002354772,73,426,0,499,353,499
1244326365,3782771616,0,499,126,436,499,310
1151562117,2585832921,0,499,109,389,499,280
1276002942,4010221989,124,370,54,450,246,396
1241838430,3755236719,62,436,0,499,374,499
1178456134,2772685952,18,472,29,461,454,432
1100064025,1711735674,110,389,51,447,279,396
971348093,261788929,0,499,32,466,499,434
1174594550,2940640745,140,350,171,335,210,164
1259557271,3889143700,0,499,0,499,499,499
1309815597,4182065013,40,467,132,358,427,226
1145918048,2508173477,11,490,0,418,479,418
1166709808,2823853943,0,499,177,341,499,164
1269866116,1099446742,100,399,30,476,299,446
1304160334,4160984702,106,388,51,463,282,412
1275154443,4003927023,20,477,33,463,457,430
1156654223,2675087180,142,371,139,365,229,226
1079873431,1437691607,0,499,47,453,499,406
1292397650,4108945826,0,499,0,499,499,499
1075711254,1351973068,70,394,13,490,324,477
1297378402,4110651996,42,454,118,399,412,281
1167669755,2843164994,20,479,0,499,459,499
906397676,150621840,76,419,11,475,343,464
1034588826,678376718,75,438,124,415,363,291
1314492633,4202217359,0,499,0,499,499,499
1297921778,4137648530,151,450,70,419,299,349
1033698948,657799489,0,499,135,363,499,228
1040081650,807341282,75,423,0,499,348,499
1308872628,1599300589,100,399,25,474,299,449
1191239278,3101208069,0,499,83,415,499,332
1301819900,4151009200,84,412,43,467,328,424
1292166753,4107597060,58,439,1,498,381,497
1283488826,4061580694,0,490,0,447,490,447
1079155842,1414869645,78,425,66,426,347,360
1113106383,1832990580,161,333,26,493,172,467
1166976756,2827900814,107,396,35,469,289,434
1269631702,2746891855,257,399,99,439,142,340
1115777584,677359727,163,336,132,384,173,252
1313686635,4199858892,82,418,41,472,336,431
1313364851,4197668221,5,494,22,461,489,439
1252429598,3849012361,61,448,111,356,387,245
977115322,277423676,51,456,171,373,405,202
1265207525,3929890076,30,499,0,499,469,499
1318327931,4217938634,1,499,1,499,498,498
1097315225,1670260257,164,339,121,378,175,257
1308911577,2205322428,100,399,11,487,299,476
1319787046,4215028013,33,469,73,427,436,354
1251140595,3837261124,0,499,0,499,499,499
1314578341,4186320865,83,476,81,409,393,328
1304129452,4158323027,0,499,0,499,499,499
1285859034,4017676835,153,499,0,499,346,499
1102251528,1793266265,129,371,11,492,242,481
1032428572,622613613,7,483,110,391,476,281
1075743760,1352138044,6,469,79,431,463,352
1025671439,554019794,174,325,121,382,151,261
863096653,103520199,100,400,53,445,300,392
892322465,139599993,200,299,180,319,99,139
1095882315,1643645705,93,406,143,355,313,212
1255024485,3867016424,19,499,28,474,480,446
1127977187,231453073,165,334,56,443,169,387
729383548,59922346,67,431,7,499,364,492
1323801002,4234275947,166,369,120,390,203,270
1055369871,1056166265,68,431,0,499,363,499
1217414906,3494065292,167,337,210,339,170,129
1279066275,4037577276,0,499,0,499,499,499
1260610947,3894559114,9,486,110,395,477,285
1096698990,1657678533,0,499,0,499,499,499
980255062,283122222,0,499,62,436,499,374
1222864794,3565122675,50,449,100,399,399,299
1197820438,3209838469,0,499,0,499,499,499
1302552430,4155424388,0,494,30,499,494,469
1040820556,819671584,0,499,240,261,499,21
988509618,295660562,72,312,232,266,240,34
1079797286,1427991039,35,463,105,403,428,298
891503960,138215772,125,374,125,374,249,249
1299515154,4141587214,31,481,106,343,450,237
1288950536,4085930475,0,499,0,499,499,499
1102015517,1788021995,0,499,62,436,499,374
1256536768,3874328657,0,499,0,499,499,499
868752470,112472734,87,397,72,359,310,287
1127692645,278517003,141,357,100,399,216,299
890709200,136952073,0,499,62,436,499,374
1276975188,4018145829,0,499,0,499,499,499
1262346572,2807586358,83,414,96,421,331,325
1268006554,3945014141,0,499,0,499,499,499
1251599557,3844057528,15,480,79,458,465,379
1316958147,4211305676,100,399,100,399,299,299
1281929327,4044227116,81,488,20,434,407,414
1323989054,4235886068,0,499,0,499,499,499
1296369442,4128431611,71,427,0,499,356,499
99638230,1080207,55,438,136,365,383,229
1261385969,3898718412,0,499,241,259,499,18
1320516197,4224555084,62,436,0,499,374,499
1005548903,412929615,95,415,65,440,320,375
1312399886,4194758184,80,373,126,383,293,257
1078063491,1390963722,179,319,130,369,140,239
1144285864,2471508029,124,374,72,427,250,355
1269343661,3957457260,11,488,10,488,477,478
1323282717,4232535158,26,470,14,490,444,476
1324142598,4236042725,19,483,33,486,464,453
464523430,50524101,56,443,0,499,387,499
1318462282,4164647184,97,403,0,499,306,499
1192151282,3122661721,68,432,22,488,364,466
40154930,1785377,92,406,20,478,314,458
1308921845,4177868287,0,479,0,499,479,499
1174589999,2940639571,6,493,42,481,487,439
1280710023,4046439190,58,470,112,461,412,349
864369213,97898563,62,436,0,499,374,499
1282910294,4057767591,51,451,152,448,400,296
1204267008,3219917594,5,490,48,449,485,401
1181662252,3003919891,10,488,104,411,478,307
1100072561,1711735774,110,389,52,446,279,394
1319719223,4214695645,95,407,39,464,312,425
1273916897,3995359519,92,411,14,440,319,426
937910219,198979141,62,436,0,499,374,499
1274902382,4001607402,62,436,0,499,374,499
996086226,304801184,62,411,112,378,349,266
1037742757,737744142,0,499,62,436,499,374
1301519817,4150995802,33,473,81,418,440,337
1277798232,4026282056,0,499,58,441,499,383
1274427173,46477545,68,430,0,499,362,499
1139580111,2391557991,0,499,109,389,499,280
910922058,155131803,0,499,62,436,499,374
1225663281,3460971635,125,359,125,338,234,213
1198683750,1100134507,157,341,100,399,184,299
1242902491,3766853870,100,399,11,488,299,477
1150609368,2577424718,62,436,0,499,374,499
914096411,138317161,62,436,0,499,374,499
1288918816,4085924277,63,464,89,390,401,301
1262350598,3906639519,0,499,0,499,499,499
1283725906,4058016942,26,499,2,345,473,343
971051289,261235890,50,449,115,384,399,269
1192391640,3127820811,0,499,62,436,499,374
1093996623,1611875203,90,408,0,499,318,499
1189729234,3085098011,0,478,0,499,478,499
1286532413,4074816657,58,436,90,450,378,360
974366178,271613761,181,330,200,343,149,143
1169913483,1892606239,51,479,141,355,428,214
1266725622,3939903848,40,482,49,438,442,389
1309703809,4179733373,43,426,51,427,383,376
1053829594,1033859600,99,400,0,499,301,499
1071308418,1286826968,146,353,125,374,207,249
935599934,195069214,68,428,0,499,360,499
1087426819,1520697037,6,493,0,499,487,499
1264024084,3923099207,0,499,0,499,499,499
706765181,58672875,59,440,0,499,381,499
1111276304,1910330379,0,499,109,390,499,281
1322856176,4231939868,91,431,96,390,340,294
1104584455,1838575203,196,294,112,431,98,319
1002981321,388575193,174,327,140,360,153,220
1121029973,2028952339,0,499,62,436,499,374
1301865679,4153663586,0,499,0,499,499,499
963304617,243132982,68,430,0,499,362,499
1026999807,569603579,101,398,50,449,297,399
1181550587,3003421886,83,415,0,499,332,499
1289804869,4089926672,27,473,125,396,446,271
910963982,155191859,0,499,83,415,499,332
1241677202,3759460012,187,325,169,311,138,142
1169867048,2883886221,109,389,0,499,280,499
1269490209,3957848119,0,499,0,499,499,499
1158121402,2695198584,8,488,89,406,480,317
1250058927,3766473419,100,399,3,495,299,492
1283482280,4061580355,0,499,102,499,499,397
1065540481,508629209,0,499,114,384,499,270
1259761680,3889175885,65,469,56,447,404,391
1318944591,4213831473,92,425,92,446,333,354
1276298788,4012661274,10,486,49,471,476,422
1274880896,4001421916,98,401,27,475,303,448
1243380930,3773712954,55,446,20,479,391,459
1241706161,3759633478,100,399,137,361,299,224
1060299953,1096801603,96,389,111,374,293,263
1282814370,4057525345,70,432,110,426,362,316
1276963901,4018581172,9,499,124,372,490,248
1282802878,4057523451,25,488,60,484,463,424
923239265,173532301,125,374,62,436,249,374
1174592030,2940640242,134,361,133,356,227,223
1231345262,3648014066,109,389,0,499,280,499
1246113657,3797081715,0,499,0,478,499,478
1289815354,4089927951,41,451,37,358,410,321
1261379936,3898717111,25,480,56,475,455,419
1119405803,1998118316,32,472,107,397,440,290
1129567542,2168076424,84,417,27,474,333,447
1316306332,4200883248,33,461,121,429,428,308
1215334561,3470007608,146,353,110,389,207,279
1121671138,2038190764,109,389,0,499,280,499
1289922589,278563869,100,399,36,463,299,427
1311282268,4186852021,106,391,167,363,285,196
1123579327,2058032772,190,309,165,333,119,168
1317204586,4212301251,0,499,190,436,499,246
1244540449,3785187464,0,499,114,436,499,322
1307854323,4173232265,73,426,0,499,353,499
1157056991,2681035915,45,488,134,418,443,284
1060854949,192289174,68,430,67,437,362,370
1261211330,3897550811,62,436,0,499,374,499
1007576473,435086774,100,399,50,449,299,399
1002971368,388575018,174,327,140,360,153,220
1300202280,4145195997,68,431,20,473,363,453
1300134519,4145101908,14,485,32,498,471,466
1265209176,3929890117,11,489,12,488,478,476
854179044,85756825,70,429,0,499,359,499
1175231035,2946633648,82,424,46,499,342,453
1316164527,4200875778,0,499,62,436,499,374
1261167038,16502265,90,409,0,499,319,499
1243379845,3773711932,19,480,95,402,461,307
1271558937,3976954177,179,311,232,394,132,162
872885700,81531871,34,465,0,489,431,489
1254411857,190399994,83,415,0,499,332,499
1190250974,2041884745,137,373,173,341,236,168
921946671,170155886,93,416,0,488,323,488
1305915708,4145060301,0,499,0,499,499,499
1282545084,4057545244,39,462,159,377,423,218
1092472753,1505855728,100,382,8,491,282,483
1295426332,4126737657,0,499,0,451,499,451
1100067416,1711734457,110,389,53,445,279,392
965259243,250094361,50,449,110,390,399,280
1323079709,4232650819,11,454,29,365,443,336
1299837919,4143786414,0,499,0,499,499,499
1108215883,1871867515,0,499,109,389,499,280
879768973,90679788,99,400,10,489,301,479
1282860309,4057766320,0,499,0,499,499,499
1201833967,3249406818,0,499,0,499,499,499
1299070189,4141632315,118,393,34,465,275,431
1043062047,846544946,0,499,109,389,499,280
1192165351,3122724158,68,432,22,488,364,466
1223044846,3578486410,143,398,60,420,255,360
996400553,308054002,156,342,48,452,186,404
1283889049,4061624880,0,499,0,499,499,499
1269490181,3957848109,0,499,0,499,499,499
994335127,200700125,63,436,0,499,373,499
1317940488,4215698551,7,491,69,428,484,359
1105046274,1846471796,152,344,114,377,192,263
1299714531,4143441270,0,499,0,499,499,499
1301679388,4151002163,0,499,0,499,499,499
1235597965,3638923922,95,459,80,479,364,399
586027260,54334283,70,425,126,433,355,307
898579956,144801658,62,436,0,499,374,499
1283705056,4061599274,0,499,0,499,499,499
966341550,252511296,34,465,0,499,431,499
1133871033,2267516494,0,499,54,466,499,412
1257546092,3881706991,14,499,6,495,485,489
1285871025,4017683158,0,499,0,499,499,499
1001449328,367260156,62,436,0,499,374,499
338740607,48049232,61,436,0,499,375,499
754459252,61093333,65,434,0,499,369,499
1321193727,4221761468,0,499,0,499,499,499
1258614361,3883455383,53,492,27,494,439,467
1264636188,3925558556,0,456,51,403,456,352
1010336302,446021357,42,460,52,406,418,354
1254811258,3866396460,0,499,0,499,499,499
1215491239,3470039211,150,346,115,386,196,271
1127347937,2121747395,0,499,19,479,499,460
1227330538,3609018971,80,418,0,499,338,499
1054765731,1048132532,29,467,169,331,438,162
988505997,295651512,181,366,219,283,185,64
1276223097,4012178775,18,499,162,377,481,215
1112085246,1035063007,74,424,1,483,350,482
940526400,204359524,163,333,143,369,170,226
1119407391,1998121721,16,482,82,419,466,337
1269499063,3959362925,100,418,176,396,318,220
1310938644,4184551433,9,486,115,463,477,348
1107660275,1869200436,183,381,139,388,198,249
1051559397,979415132,79,419,0,499,340,499
1019250842,292548390,0,499,62,436,499,374
1054068526,1034535683,68,431,0,499,363,499
1308388139,4176106695,32,484,83,401,452,318
1240720608,3748202612,0,499,0,499,499,499
1096607970,1657064876,35,468,175,326,433,151
1117501038,1974800182,68,431,0,499,363,499
1314017019,4201306833,17,477,14,484,460,470
844868627,73407835,78,419,0,499,341,499
1127654569,278527009,176,269,174,384,93,210
1182250477,3002341861,101,430,3,489,329,486
1121182629,2031769575,62,436,0,499,374,499
1323287081,4231691427,42,398,16,494,356,478
969837437,257809603,0,499,62,436,499,374
1249585915,3820235576,77,420,135,338,343,203
1169935380,2888059482,98,400,108,391,302,283
1123822608,2062707036,152,346,100,399,194,299
1255186687,3868366287,90,432,0,432,342,432
1293177519,4116840186,0,499,0,499,499,499
1241427555,3756676182,202,298,193,307,96,114
1190253111,2833039399,0,499,67,432,499,365
1269836984,3962805347,26,464,9,499,438,490
1287989103,4079553943,0,499,0,499,499,499
1174590507,2940639699,19,482,65,455,463,390
1207289157,3328111572,62,436,0,499,374,499
1040616571,814180689,125,373,75,423,248,348
1275542922,4006494185,36,441,111,437,405,326
1254869465,3866911946,19,477,53,452,458,399
1248223934,3814581056,12,472,156,364,460,208
1246138038,3797245165,0,499,83,415,499,332
1178126921,2981073444,32,498,190,306,466,116
1089482606,1553200199,53,492,171,331,439,160
316979643,18060110,68,430,0,499,362,499
1196610413,3194211320,0,499,85,414,499,329
909796492,154137566,146,347,130,380,201,250
1119407282,1998121665,54,386,183,377,332,194
1301533286,4150997026,87,438,109,378,351,269
1100201599,1714991641,123,393,100,384,270,284
1288422330,4081544093,88,410,0,499,322,499
927603897,180669888,16,478,108,386,462,278
1062211035,589551511,60,438,1,479,378,478
1008654270,439043702,73,425,0,499,352,499
1101832324,1783727568,58,441,0,499,383,499
921821603,169883109,62,436,0,499,374,499
1146808629,2524481042,85,413,17,499,328,482
530396830,52991028,75,423,0,499,348,499
1240592067,3748051212,11,457,7,482,446,475
1279247992,4037107080,28,469,53,472,441,419
1279178026,4037099096,129,427,152,423,298,271
915097425,159603816,240,297,62,426,57,364
1055578368,1056885990,62,436,0,499,374,499
1169885187,2850653550,45,454,29,469,409,440
1276266776,3897271665,123,378,111,394,255,283
1316297705,4200882988,23,474,74,437,451,363
1297354667,4110595127,53,450,51,430,397,379
1303079676,4157458629,0,499,0,453,499,453
1223584289,3582304640,2,496,139,370,494,231
1238293655,3727585922,72,443,96,405,371,309
1039808863,802361883,109,389,0,499,280,499
1033869463,667567014,91,408,39,457,317,418
1314542373,4202304512,20,409,16,484,389,468
1235514166,3694375048,67,432,0,499,365,499
1189966009,3082859861,109,389,0,499,280,499
1020456541,516891413,0,499,77,422,499,345
941622248,207151515,140,359,167,332,219,165
1260352799,3893198342,225,301,171,318,76,147
276828830,4709690,184,311,134,375,127,241
1244540527,3785187487,0,499,128,436,499,308
1316231515,4200879548,35,474,102,402,439,300
1226938835,3597654464,62,436,0,499,374,499
537963530,53239714,197,301,182,317,104,135
1195308584,3167172506,0,499,0,499,499,499
1059698163,471530236,74,425,0,499,351,499
1274356303,1108088953,84,414,0,499,330,499
988521196,295679194,90,408,27,467,318,440
1294837697,186891951,78,420,0,499,342,499
1268115170,3945741385,206,293,66,434,87,368
1013199933,464655783,0,499,79,420,499,341
859091781,232798,138,359,0,499,221,499
1323812091,4234278368,63,439,60,440,376,380
1290506360,4094013751,62,429,185,374,367,189
1295328848,4125823507,62,436,0,499,374,499
1117496256,1974797274,76,422,0,499,346,499
1273928101,3995361622,0,499,27,499,499,472
876356317,121032311,90,408,0,499,318,499
1124252081,2074172095,20,481,18,475,461,457
1223599410,3582313905,18,482,168,408,464,240
1196212778,3182722378,37,450,112,423,413,311
1082923640,1473987804,79,420,0,499,341,499
965107678,249378796,186,312,160,339,126,179
1057308951,1077635714,133,372,193,327,239,134
1323501507,4231854824,0,499,0,499,499,499
1300454104,4138299603,107,399,129,323,292,194
1256073421,3873126722,166,327,20,484,161,464
987598643,294373698,111,388,0,499,277,499
1225410265,3589914264,14,485,56,456,471,400
1104185645,1817776294,82,416,0,499,334,499
1321020594,4221664612,54,410,19,464,356,445
1115889432,1951951727,37,467,121,398,430,277
858820579,18982873,62,436,0,499,374,499
1299746804,4140796022,62,436,0,499,374,499
1123660178,2059868714,79,434,65,440,355,375
1032828672,632970995,98,400,0,499,302,499
1279699347,4041070467,168,297,12,486,129,474
1301199615,4150964439,31,461,60,441,430,381
1292906112,4113737605,84,416,86,415,332,329
1107660385,1869200792,42,457,27,464,415,437
987698855,294546121,14,480,91,404,466,313
1303092829,4157459837,1,499,0,497,498,497
1027417759,533886775,56,387,7,495,331,488
1156934525,2667141730,0,499,140,300,499,160
1313482243,4197527115,0,499,2,499,499,497
972193372,264546163,110,393,153,346,283,193
1154957444,2635928218,0,499,0,485,499,485
1226156983,3596128185,7,490,107,389,483,282
1247745062,3813211466,0,499,58,455,499,397
1311406305,4187117537,92,399,136,344,307,208
1283971231,4061638079,34,476,125,465,442,340
1288029960,4079554369,0,499,0,499,499,499
1281997364,4050750201,94,458,54,430,364,376
1312743145,4195564386,0,499,0,499,499,499
1258498282,3885602327,60,441,13,489,381,476
1275674136,4006527477,35,459,49,445,424,396
904687739,149449453,0,499,83,415,499,332
1323296908,4231695753,17,482,151,405,465,254
1292538107,4108944209,99,413,48,430,314,382
1309683565,4152927752,35,456,61,431,421,370
1100061052,1711730581,70,429,145,354,359,209
275412614,12288396,87,396,14,481,309,467
1310394643,4181901886,0,499,0,499,499,499
1119894639,2002922289,62,436,0,499,374,499
1041535645,827186451,63,436,0,499,373,499
1307883390,4173008799,1,499,0,499,498,499
1224506601,3513757166,2,495,167,336,493,169
1077309030,1372021370,118,362,113,402,244,289
1232556316,3665608677,94,407,82,403,313,321
1295960144,4128274524,46,453,84,414,407,330
1218329591,3509087558,46,446,137,354,400,217
1190259077,1876687698,110,377,102,392,267,290
1211984031,3414349271,50,466,110,363,416,253
1244326342,3782771605,0,499,126,436,499,310
1217979487,3502199032,143,355,90,409,212,319
871723668,116612839,0,499,62,436,499,374
869618540,113701784,86,413,0,499,327,499
1158664521,2702363256,17,493,46,452,476,406
284536268,16275551,69,429,0,499,360,499
981645164,270666918,120,379,140,355,259,215
1270381640,3971354772,68,430,81,434,362,353
1144934104,1484690862,139,359,100,399,220,299
1232369732,3660534499,0,499,62,436,499,374
1201853632,3249439479,62,436,0,499,374,499
846327471,75450044,198,304,174,322,106,148
1270258696,3970402343,124,376,71,428,252,357
1010648680,447528239,68,431,0,499,363,499
1307849009,4172911863,29,449,100,360,420,260
1299278171,4141675660,39,462,97,390,423,293
1260603307,3893662365,49,446,17,480,397,463
1201839046,3249410597,57,429,144,350,372,206
993393087,249773417,0,499,115,384,499,269
1217175332,3490669397,152,430,65,396,278,331
59377830,1373411,73,426,75,421,353,346
1173358541,2927330023,21,478,33,455,457,422
1269772515,3962600310,0,499,0,499,499,499
1007997943,435872110,160,339,108,390,179,282
1265207153,3929890063,0,499,46,453,499,407
1251872811,3846091252,0,499,2,497,499,495
1269950347,3964906385,134,361,23,444,227,421
966082668,222624155,0,499,156,342,499,186
1317898168,4215692407,203,385,10,341,182,331
1271030108,3974952086,0,499,0,493,499,493
1230769666,3641432879,125,374,155,374,249,219
1143606641,2469126063,0,499,62,436,499,374
1174587238,2940638858,100,389,33,476,289,443
1270603203,3972162678,43,449,60,464,406,404
1324191366,4236297472,41,337,142,364,296,222
1088232280,1535075888,0,499,236,265,499,29
874732461,90062128,102,395,0,499,293,499
962668145,241783911,83,424,77,412,341,335
1236846489,3707735208,106,383,76,445,277,369
1248839810,3817898521,9,492,0,499,483,499
1027773566,576043320,160,339,190,317,179,127
1273096170,3992972572,59,423,168,335,364,167
1324207961,4236298138,84,399,68,458,315,390
1064080517,1133869092,134,408,122,388,274,266
1204246344,3287286574,0,499,134,364,499,230
1258669819,3885539514,0,499,0,499,499,499
1127000705,2114189724,25,481,109,395,456,286
1249764696,3821773109,83,415,0,499,332,499
1008030983,435878166,150,349,100,398,199,298
1109506043,132976813,73,426,0,499,353,499
1260265874,3893191875,40,499,123,433,459,310
1305167982,4164674358,106,388,51,463,282,412
1271244909,3976690416,27,466,51,449,439,398
1220226521,3541023449,66,467,94,417,401,323
1319756314,4219606098,70,429,5,493,359,488
1105410727,1848933703,166,332,8,486,166,478
1303696391,4159373280,106,388,51,463,282,412
1247849811,3813571462,0,499,62,436,499,374
1323306351,4231696157,0,499,0,499,499,499
1287906410,4079552519,27,460,20,472,433,452
1311938459,4190904653,174,324,38,448,150,410
1318946537,4213832529,91,418,57,430,327,373
1032804137,632178993,114,386,102,391,272,289
1255764663,3869139768,69,430,0,499,361,499
1178086594,2978098536,57,442,0,499,385,499
1276308249,4012661896,30,448,21,464,418,443
913663707,124334482,121,378,50,449,257,399
1241684611,3759522699,137,361,6,493,224,487
1192737098,3131133643,81,386,45,499,305,454
1131793049,277513691,85,489,231,277,404,46
1270731480,3973779819,129,381,81,388,252,307
1274098253,3997565198,135,341,162,371,206,209
1211054340,3384689206,62,436,0,499,374,499
885226402,130883946,0,499,62,436,499,374
1291293695,4101477568,47,451,130,389,404,259
1242502119,3930063027,22,477,67,426,455,359
1133293805,102343034,116,373,134,382,257,248
1240949842,3751572922,0,499,71,428,499,357
1189949096,3085451795,46,470,159,350,424,191
1192149870,3122647232,68,466,64,434,398,370
1283947062,4061636153,48,425,132,428,377,296
956285983,218501862,0,499,56,442,499,386
1321897347,4223054654,138,386,44,489,248,445
1258005643,3883871418,49,462,91,413,413,322
1101588962,1776430227,141,358,100,399,217,299
895977755,142750162,0,499,88,411,499,323
1304044231,4160928767,106,388,51,463,282,412
1308733122,4177821932,0,499,0,499,499,499
1277743830,4023039182,56,469,164,361,413,197
1257239227,3879893538,0,499,28,499,499,471
1273014015,3992381885,39,449,45,436,410,391
1274000175,3995367563,111,115,383,421,4,38
1235639411,3696489833,63,436,0,499,373,499
1328819447,4252010105,14,484,13,492,470,479
1188546778,3067344475,154,330,15,480,176,465
1289027379,4085961705,168,338,155,448,170,293
1266448702,3938554070,91,353,84,476,262,392
1276361918,4012870338,6,383,130,391,377,261
1261695410,3900593258,35,478,93,456,443,363
1269455601,3958959524,50,461,30,465,411,435
1126656037,2105652255,0,499,62,436,499,374
1268264034,3202866815,85,414,0,499,329,499
1307865848,4172854520,164,369,139,352,205,213
1127123480,2115143347,122,361,9,479,239,470
1209545787,3378337416,73,426,3,499,353,496
1141952862,2442750603,72,425,4,484,353,480
971427767,262164830,71,427,0,499,356,499
1026749981,567642047,12,489,37,481,477,444
1249535661,3819983352,136,365,168,337,229,169
1303082774,4157459042,17,471,156,348,454,192
845000709,73651006,74,424,0,499,350,499
1275531800,3653498839,2,488,2,497,486,495
970885953,253688430,0,499,62,436,499,374
1314714111,4186598393,135,335,38,475,200,437
1294211762,4122559939,168,337,143,354,169,211
1267248651,3942392578,9,489,81,399,480,318
1262733594,3910821662,41,458,141,400,417,259
1036760742,719378399,102,396,27,476,294,449
1219737951,3528768434,109,389,0,499,280,499
1314559469,4202304784,76,480,123,400,404,277
1105047452,1846470793,157,339,115,389,182,274
1074677123,1335602712,39,483,112,421,444,309
1267082043,3941727348,4,438,41,420,434,379
1216951478,3487260203,0,499,166,389,499,223
1190251453,2644695722,117,499,87,436,382,349
1127118283,2116391330,37,454,136,375,417,239
1303188373,4157521796,0,499,0,499,499,499
1188546429,3067343918,13,481,146,357,468,211
1309133844,4179726164,62,426,23,455,364,432
1276360337,4012869601,24,483,20,499,459,479
1265208690,3929890104,0,499,0,499,499,499
1110810038,1904422821,180,319,153,346,139,193
1176503307,2958499365,14,490,117,346,476,229
1239404376,3737632176,0,499,0,499,499,499
1097583261,1670746788,8,495,104,405,487,301
1272648683,3989834202,7,488,87,452,481,365
1214040048,3457902573,17,472,84,381,455,297
1275480780,3999651583,42,460,94,407,418,313
1309987033,4181946215,34,464,143,332,430,189
1290470111,4093720877,21,486,114,392,465,278
1236898506,3692994383,100,399,81,417,299,336
1312714061,4190186000,62,436,0,499,374,499
1301891394,4153221925,0,499,0,499,499,499
923244756,124662692,125,374,62,436,249,374
1275623726,4006501715,18,499,52,499,481,447
1039022348,783820956,113,387,1,466,274,465
883962099,129167337,117,381,65,434,264,369
1269043394,3955084415,51,446,4,499,395,495
1310184195,4182224720,0,499,0,499,499,499
1177147346,2970573417,51,469,28,471,418,443
1271040806,3974952598,168,296,49,468,128,419
1279764500,4041457410,0,499,63,445,499,382
345262170,5590953,123,375,50,449,252,399
1314017050,4201307117,64,478,27,475,414,448
1005828034,418185692,73,419,3,492,346,489
1068057996,1188155899,80,418,0,499,338,499
1281305235,4050818160,32,494,114,497,462,383
946699881,208686942,147,353,156,347,206,191
1061586678,511837086,131,366,1,486,235,485
847874198,76457004,22,458,104,391,436,287
1295220811,4125633548,90,398,23,483,308,460
1322777543,4231405880,114,386,35,471,272,436
1313609842,4197535645,0,499,0,499,499,499
1312720043,4185681253,0,499,83,415,499,332
1006331572,423109148,75,424,0,499,349,499
1257228130,3879897232,0,499,52,499,499,447
1257866720,3883203501,46,446,67,437,400,370
1214296817,3460655815,0,499,8,499,499,491
1317174585,4211708857,48,481,77,495,433,418
1042342993,839569259,0,499,62,436,499,374
1305186051,4163226838,84,414,0,499,330,499
1285918553,4071502562,79,419,0,499,340,499
1206220459,3309185859,0,499,0,499,499,499
882803023,112420795,190,308,160,339,118,179
1211427877,3398859693,43,447,214,374,404,160
1324001806,4235887251,140,418,9,499,278,490
1323629596,4231864921,50,443,45,456,393,411
1244453600,3784071950,0,499,109,389,499,280
1101803054,1409598925,161,337,100,399,176,299
321689703,47081019,0,499,62,436,499,374
1261467627,3900386557,115,379,81,427,264,346
1307781880,4172824625,0,499,0,497,499,497
1270394785,3971817006,0,499,0,499,499,499
1018394601,510784095,58,442,122,379,384,257
1244541321,3785188007,0,499,62,436,499,374
984686676,289483299,63,129,232,267,66,35
883802548,128723048,191,309,187,325,118,138
862632365,102704816,96,402,55,443,306,388
1130789060,2188248086,10,490,180,319,480,139
1102718398,1801541018,138,361,109,399,223,290
969720376,257403293,185,313,192,308,128,116
1268999176,3953966619,132,376,87,483,244,396
1280343686,4044247247,138,376,24,479,238,455
1236460347,3707079696,0,499,0,499,499,499
874732322,68443304,86,427,91,407,341,316
1261173484,3898707821,11,479,164,339,468,175
1098947882,1697956703,100,397,27,393,297,366
1265209059,3929890112,11,489,60,440,478,380
970739717,258450200,70,429,0,499,359,499
1309687723,4179732085,0,499,0,499,499,499
1029511513,591829992,2,487,86,491,485,405
1250268194,3831364142,0,499,167,436,499,269
1223596159,3582312294,10,489,162,382,479,220
1275642534,4006509749,0,469,88,428,469,340
1251437526,3842662770,0,499,0,499,499,499
951564733,61912172,71,428,0,499,357,499
987665827,294485556,174,317,28,487,143,459
1294221324,4122562470,152,459,357,442,307,85
1285987322,4071897376,44,499,19,499,455,480
1323320915,4231696960,10,499,0,499,489,499
1282347535,1270074546,100,399,30,468,299,438
1276018453,4010223196,140,390,200,426,250,226
1244540393,3785187329,0,499,62,436,499,374
1234811014,3684243273,0,499,109,389,499,280
1311417745,4187452411,0,499,0,499,499,499
1323299769,4231801578,21,477,119,380,456,261
440427030,50155751,125,374,81,418,249,337
1308849230,370550105,100,399,9,490,299,481
985549388,290746728,91,408,0,499,317,499
1222854080,3575763733,0,499,0,499,499,499
1257262273,3879923198,0,499,0,499,499,499
548172299,53444791,180,322,163,350,142,187
622938810,1172613,62,436,0,499,374,499
1269473320,1100409547,100,399,18,480,299,462
1257233893,3879885548,61,432,69,440,371,371
984543156,289188876,88,419,27,499,331,472
1223180917,3579182513,31,468,85,414,437,329
1188545939,3067159041,0,499,109,389,499,280
1262535422,3908516620,51,421,40,470,370,430
495798969,5655660,80,426,0,478,346,478
1243659637,3775275566,0,499,62,436,499,374
1308882607,4177866523,0,499,2,499,499,497
1048604927,943655121,240,291,198,260,51,62
1191040517,3101162963,36,467,143,356,431,213
1191822606,3117410387,0,499,10,489,499,479
1274735421,1048555166,0,491,77,472,491,395
742960883,85289393,62,436,0,499,374,499
862304014,101988781,216,282,200,287,66,87
854609578,52210803,196,303,175,324,107,149
1260399113,3893246195,0,499,0,499,499,499
1066931166,1173353188,43,468,19,476,425,457
1232981680,3672635460,8,487,207,335,479,128
1158990035,2706264696,169,333,118,389,164,271
1044073949,856306678,143,356,100,385,213,285
1206474765,3328204390,18,391,60,439,373,379
987346283,294178786,88,411,0,490,323,490
961980647,239279025,156,320,169,322,164,153
1282563145,4057547661,35,464,113,386,429,273
983834744,287997666,89,410,125,374,321,249
1253441817,3856809309,57,441,54,445,384,391
1311078842,4182133766,37,446,103,396,409,293
1211697941,3407896899,0,499,81,417,499,336
1241012938,3752137362,171,322,216,367,151,151
1069680878,1253949463,79,419,25,469,340,444
1299696896,4143428867,195,306,225,290,111,65
1281480330,4050863789,13,394,53,457,381,404
1255380541,3868423017,0,499,0,499,499,499
872187712,117291431,0,499,8,491,499,483
1040574957,812540907,62,436,0,499,374,499
1192514683,3128811426,224,317,161,286,93,125
526680730,52865709,201,297,170,329,96,159
1140204272,2405378053,83,416,0,499,333,499
1174592048,2940640251,158,337,132,368,179,236
1124720231,2081102287,156,343,100,399,187,299
1194593292,3152691591,0,499,109,389,499,280
1088416714,1539031576,76,422,0,499,346,499
862539177,102342697,107,391,66,441,284,375
977999020,278578617,56,443,0,499,387,499
833203576,47363231,62,436,0,499,374,499
975308620,273368872,108,391,0,499,283,499
1324210672,4236298214,124,381,39,461,257,422
1174587282,2940638872,51,462,39,458,411,419
326511238,8234750,58,441,0,499,383,499
1136100383,2311917627,119,386,158,341,267,183
1260373394,3893471851,138,355,184,312,217,128
1053583766,1035094861,80,419,0,499,339,499
1047809465,927924967,109,389,0,499,280,499
1123926026,1118849513,96,478,80,422,382,342
1284166711,4063431015,0,427,93,499,427,406
9264430,929067,185,313,169,330,128,161
977747446,278786393,86,412,0,499,326,499
1027903098,577491834,99,434,21,498,335,477
1193568810,3146491155,55,438,44,453,383,409
1025799646,555160565,85,415,59,493,330,434
1281991364,4050747987,31,474,136,368,443,232
926639610,178942374,22,470,37,472,448,435
1191029412,3101158222,51,469,102,435,418,333
1204208262,3287147668,84,421,83,422,337,339
1173360635,2702871774,64,434,0,499,370,499
1310871380,4184608182,136,356,104,393,220,289
1237273984,3716304930,24,480,78,349,456,271
1119920097,2005092425,62,436,0,499,374,499
1108218435,1872090466,3,495,65,434,492,369
1310106456,4182927188,0,499,68,431,499,363
1088173408,1534178452,59,407,130,400,348,270
1323845275,4231421849,0,499,0,499,499,499
1313608676,4198479675,0,499,0,499,499,499
1256929277,3874797205,141,361,51,454,220,403
1031548966,612506524,25,458,214,386,433,172
1285836950,4017665559,0,499,0,374,499,374
1283077659,342433,84,415,0,499,331,499
1079222880,1414732585,62,436,0,491,374,491
1254318297,3861223364,260,285,0,499,25,499
1273101764,3992559354,87,459,101,407,372,306
1261368866,3898715932,0,499,0,499,499,499
1100083913,1711729096,110,389,48,450,279,402
877028675,122364847,77,421,0,499,344,499
1283718335,4061606197,0,499,0,499,499,499
1085927756,1506305845,143,354,72,429,211,357
981387395,284333205,71,427,0,499,356,499
1009342798,440657491,100,399,51,447,299,396
1110089875,1892616482,0,499,62,436,499,374
1276014657,4010222877,0,499,0,499,499,499
1052470974,985494948,120,381,90,401,261,311
1268518079,3951937022,0,499,195,283,499,88
1259111295,3887605473,79,414,85,438,335,353
1280758677,4046756715,57,423,28,442,366,414
1121336450,2029356945,149,349,100,399,200,299
251879428,7859753,69,429,12,493,360,481
1129758342,2171461678,8,491,128,433,483,305
990622610,56360053,22,476,0,499,454,499
1297215303,4110415054,28,479,25,473,451,448
1121419859,2035478861,5,442,143,347,437,204
1133586463,2257196500,0,499,109,390,499,281
1264355837,3925250665,0,499,62,436,499,374
1027758054,575938239,14,485,27,471,471,444
998491856,334575154,118,334,169,318,216,149
1178124682,2981027851,209,291,12,442,82,430
1087918672,1527106337,99,399,0,499,300,499
1260237786,3894918329,31,482,30,470,451,440
1219187523,3524538963,99,381,142,370,282,228
1282007393,4050753664,150,349,41,474,199,433
987445636,294330153,152,349,165,349,197,184
1323068814,4231410767,182,302,55,456,120,401
1281108329,4049577149,0,499,62,436,499,374
1037542687,731555053,146,336,117,398,190,281
1029714083,594418954,68,446,0,499,378,499
1302455867,4153301726,0,499,0,499,499,499
1265217731,3929900665,23,469,176,370,446,194
1172649193,2916182515,62,436,0,499,374,499
1301370820,4151252641,37,467,124,397,430,273
1225886739,532978832,147,364,152,351,217,199
1238294799,3727586470,118,416,98,499,298,401
1198735953,340303733,157,342,100,382,185,282
1054265253,1041078141,33,480,124,378,447,254
1319217506,4214077503,21,485,84,448,464,364
965177099,249806632,9,488,26,473,479,447
1265216812,3929895953,63,432,59,458,369,399
53384330,363389,126,373,101,355,247,254
1323416620,4231416339,19,441,12,492,422,480
1266344290,3938140395,25,478,39,468,453,429
1073304522,1320362472,27,435,196,308,408,112
1012323876,459100053,70,428,1,499,358,498
1283819123,4061616991,0,499,0,499,499,499
1013183244,464622914,89,410,0,499,321,499
1190251440,2713620176,15,466,91,434,451,343
1065719684,1153678538,254,322,101,242,68,141
1316135092,4200872864,42,460,50,448,418,398
1269490213,3957848121,0,499,0,499,499,499
1146396459,586203518,64,439,25,467,375,442
1319430726,4214364256,54,451,142,384,397,242
1289796157,4089724298,0,499,0,499,499,499
1324143084,4236042741,163,327,170,466,164,296
1263900137,3921319357,125,378,10,499,253,489
925422488,176849885,0,499,62,436,499,374
1054217622,1033729634,62,436,0,499,374,499
969932976,258075806,212,385,232,265,173,33
941621879,207151521,171,302,184,332,131,148
1280137883,4042487596,27,477,7,490,450,483
1303986304,4014004271,78,421,5,494,343,489
1142659822,2454463425,31,480,100,407,449,307
987674347,294489755,224,363,27,401,139,374
996742293,317499713,18,472,48,452,454,404
1276065781,4010877734,79,452,22,470,373,448
1289806748,4089927018,0,499,0,499,499,499
871299426,90995392,62,436,0,499,374,499
930661804,15786858,0,499,62,436,499,374
1245077377,3788587376,111,390,71,447,279,376
1159930378,2721702614,65,421,74,424,356,350
1208961356,3365989493,0,467,34,485,467,451
1173084819,2922958639,117,381,41,415,264,374
1263064006,3913803483,157,337,140,343,180,203
1275714849,4006539995,134,353,81,499,219,418
1259273362,3887621912,61,446,65,446,385,381
1247150487,3805390893,73,426,0,499,353,499
1299725441,4143441875,164,361,195,378,197,183
1196639529,3195337048,14,479,7,468,465,461
1213696772,3452089760,150,349,114,385,199,271
1016900096,504091953,0,499,62,436,499,374
996945375,324171186,53,471,9,494,418,485
890483938,136570753,45,453,0,499,408,499
1307762991,4172823033,0,499,0,499,499,499
984270484,288908882,0,499,83,415,499,332
1181444009,3002934118,2,497,38,471,495,433
1253339178,3856415361,21,476,114,395,455,281
1282294376,4056001974,17,488,63,447,471,384
1252193980,3847769653,0,499,0,499,499,499
1282562329,4057547578,0,499,0,499,499,499
1249535136,3819981973,179,317,198,298,138,100
1275484956,4006488482,85,428,32,480,343,448
1057738349,1081247966,0,499,239,260,499,21
1319134822,4214006451,45,440,59,455,395,396
1310582182,4184447727,45,426,156,360,381,204
940547234,204371077,0,499,82,416,499,334
987670300,294488258,33,470,11,484,437,473
1305050170,4164659150,106,388,51,463,282,412
1235498945,3694373319,32,473,60,460,441,400
1027759189,575937870,75,424,6,492,349,486
1294106423,4122227665,57,463,104,410,406,306
1196420213,3188541840,0,499,0,499,499,499
1004990593,408351913,0,499,62,436,499,374
1041118547,823773231,0,450,92,415,450,323
1127147390,2116850265,96,421,97,412,325,315
1318065182,384824532,9,489,41,453,480,412
1301426261,4151258645,0,499,0,499,499,499
882341959,126916715,109,375,184,333,266,149
1151898659,2592247131,0,499,117,381,499,264
1240731069,3748207838,98,403,103,458,305,355
1260349753,3893197954,52,444,66,435,392,369
1298356619,4111868956,66,447,144,396,381,252
1283495325,4061580965,0,498,184,499,498,315
1239708305,3738941737,0,499,62,436,499,374
1273607711,3992768331,46,447,46,448,401,402
1014882486,475980396,73,425,0,499,352,499
957572865,224646556,72,426,0,499,354,499
874537818,107645205,97,416,146,349,319,203
1186692404,3030316539,99,399,2,499,300,497
1318875663,4218256668,0,499,0,499,499,499
1323017168,4232485249,153,337,140,359,184,219
1319863142,4215098986,124,375,66,386,251,320
1319663544,4214661503,56,448,79,421,392,342
1319869014,4215101127,41,454,47,458,413,411
875625407,76199010,83,415,0,499,332,499
1300060257,4144868044,0,499,0,499,499,499
1027841704,575549001,62,436,0,499,374,499
1131456788,2205070289,109,389,0,499,280,499
1026369210,562802349,0,499,52,447,499,395
1323311875,4231805668,27,481,31,470,454,439
1258486908,3885600802,82,449,87,419,367,332
1276432685,4013273128,42,466,24,470,424,446
1193879112,3148957235,1,499,59,441,498,382
1193261850,3139917358,0,499,62,436,499,374
1181407613,3002757056,103,399,43,466,296,423
1068217130,1190563967,44,454,8,489,410,481
1317823918,4186262102,177,333,28,465,156,437
1200869911,3930060266,83,454,134,374,371,240
1267302069,3942360781,82,410,55,438,328,383
1278384711,4034607634,137,358,29,364,221,335
1273140855,3993163974,50,429,149,343,379,194
1156926437,2678806384,49,449,153,415,400,262
1024771753,544574059,62,436,0,499,374,499
928621070,182091311,90,409,130,369,319,239
1237131969,3716554653,0,499,0,499,499,499
1215210006,3469563640,48,450,5,493,402,488
1289715047,4087668886,0,498,0,497,498,497
1128455116,278582472,132,367,114,367,235,253
1166178144,2810277438,53,446,70,433,393,363
1215532375,3470082141,19,486,89,414,467,325
1310193310,4182225275,32,462,112,378,430,266
1313535623,4199252550,74,426,153,345,352,192
1269050171,3955107283,0,499,0,499,499,499
1204211324,3287151726,17,469,103,407,452,304
1026865741,569666470,100,399,52,446,299,394
1273782265,3992810667,33,473,26,463,440,437
1323327039,4231757361,27,485,14,485,458,471
1283939783,4061633804,14,483,28,392,469,364
836456691,71250683,86,413,0,499,327,499
1073061814,1314966754,79,419,10,488,340,478
1188462927,3065096150,0,499,62,436,499,374
1317493437,4213277025,0,499,0,499,499,499
981951814,284905019,1,498,106,393,497,287
1310237866,4182227352,44,466,145,354,422,209
1241680266,3759513187,68,424,100,430,356,330
1241853040,3760909773,60,438,0,499,378,499
872703399,117975352,69,429,0,499,360,499
1265216554,3929900620,17,435,98,437,418,339
995102714,303052219,46,456,35,462,410,427
1309090552,4093794989,145,451,83,405,306,322
1245219643,49018729,62,436,0,499,374,499
1105996582,1859530972,88,410,0,499,322,499
1321946337,4229777689,125,374,125,363,249,238
1257396337,3881318950,90,418,19,495,328,476
1077737935,1381366398,71,428,1,499,357,498
1222712486,3574057570,62,436,0,499,374,499
895236184,85467427,83,415,0,499,332,499
696390730,57694662,150,349,107,391,199,284
1250900626,3836623052,0,499,0,499,499,499
1133776183,2265172680,0,499,63,436,499,373
1181407705,3002757129,67,428,15,487,361,472
1306419184,3155075317,77,421,0,499,344,499
1113061680,1926714967,11,488,23,487,477,464
1301541950,4150997951,0,498,0,499,498,499
1305025407,4164611784,106,388,51,463,282,412
1046696499,877696242,76,441,148,344,365,196
1273106182,3992400757,40,440,52,474,400,422
1219932680,3533720140,64,435,0,499,371,499
1308956974,4173044248,62,436,0,499,374,499
1280068015,4042479408,58,432,80,415,374,335
871517633,108233363,128,371,79,419,243,340
1305748540,1977501376,86,413,0,499,327,499
1294661825,1485053853,100,399,14,484,299,470
998491305,334574039,84,414,23,487,330,464
1301837577,4153600463,38,472,34,482,434,448
1265221888,3929898800,38,464,58,475,426,417
975302064,211378343,36,461,0,499,425,499
1314537798,4202304421,52,433,137,469,381,332
1306584871,4167083372,106,388,51,463,282,412
1316095284,4200868736,21,473,11,477,452,466
276304764,13955463,119,380,25,448,261,423
1027063410,569660401,100,399,56,442,299,386
1243412314,3773721068,31,469,30,468,438,438
1276309253,4012721157,21,451,163,382,430,219
1256870640,3874569749,66,480,117,402,414,285
1276530988,4014022395,11,482,3,486,471,483
1276026223,4010224422,0,430,81,488,430,407
1136109464,2316130327,62,436,0,499,374,499
1176503944,2958499987,33,473,104,391,440,287
1255738997,3871036475,57,441,74,436,384,362
919286780,5279211,74,425,0,499,351,499
1323099545,4231816353,20,459,61,469,439,408
1190252412,2003461827,164,355,86,426,191,340
1251443595,3842712780,75,405,89,433,330,344
1273122559,3992403313,46,417,106,459,371,353
1305084773,4164663209,106,388,51,463,282,412
1075786626,1352567126,152,347,100,399,195,299
967021271,121344603,98,401,0,499,303,499
1282515058,4057539882,135,365,142,383,230,241
1260611216,3894559332,72,426,172,339,354,167
977997229,278575954,79,412,0,499,333,499
1257087916,3878313966,81,421,80,323,340,243
923243838,173536273,98,401,50,448,303,398
1111491159,1910569735,62,436,0,499,374,499
1270419061,3971904799,0,499,0,499,499,499
528779030,52929189,204,295,180,310,91,130
1188560813,3067699565,0,499,62,436,499,374
874732434,75653724,78,427,91,408,349,317
1084423254,1495806250,0,499,62,436,499,374
1126530031,2104717994,0,499,33,466,499,433
987654181,294483731,37,462,0,499,425,499
1245535951,3793182404,128,362,107,338,234,231
1310512055,4182250170,209,288,387,390,79,3
1094069235,1612973685,30,476,74,450,446,376
941621896,207151307,125,393,155,333,268,178
1082479412,1468033449,82,416,0,499,334,499
1204213545,3287154018,100,398,0,499,298,499
1075758434,1352145850,28,464,70,434,436,364
1208586261,3359148990,33,468,20,480,435,460
1075711220,1351973073,0,499,0,499,499,499
1165473490,2804200186,58,441,0,499,383,499
1268101263,3945636287,110,389,54,445,279,391
1257150061,3879365183,127,309,69,400,182,331
1254628796,3863324129,35,485,0,465,450,465
1125183834,278510903,157,341,100,399,184,299
1264904509,3928057382,25,477,20,376,452,356
1023827846,526248504,0,499,83,415,499,332
1027759154,575938312,6,493,6,492,487,486
1027348781,570728623,112,387,50,449,275,399
979016137,281098409,170,329,118,396,159,278
1130390478,2183457816,126,350,88,406,224,318
1298286660,4130368616,63,436,0,499,373,499
1249827655,3823579790,62,436,0,499,374,499
1230484492,3638251943,0,499,62,436,499,374
1320130472,4215411037,194,443,191,301,249,110
1287880142,4079551099,0,499,0,499,499,499
1075977404,1356370677,90,349,122,362,259,240
1318657721,4215326970,43,499,15,494,456,479
1141404456,2430097545,0,499,109,389,499,280
1323702580,4233746453,0,499,0,499,499,499
1283560941,4061481476,22,485,49,423,463,374
1241423845,3756672460,205,293,192,310,88,118
1190250938,2832752183,65,451,190,321,386,131
1100797100,1739549370,167,349,57,494,182,437
1136884713,2333016300,93,409,203,387,316,184
1104381727,1830267426,0,499,62,436,499,374
1261389831,3898719451,68,423,83,413,355,330
1160921984,2727544727,62,436,0,499,374,499
1131065008,2192172135,51,464,138,358,413,220
1307441884,4171079932,98,401,231,482,303,251
1007608665,435042818,56,443,0,499,387,499
1126009535,278549598,205,293,119,386,88,267
978906240,280635385,155,372,29,431,217,402
923151901,138732908,0,499,62,436,499,374
1252601668,3630995925,109,389,0,499,280,499
1075644253,1346159209,102,397,0,499,295,499
1285874377,4017685230,20,479,61,476,459,415
1269455586,3958959507,131,365,77,484,234,407
992106347,299577822,1,497,0,499,496,499
1254204923,3860766161,160,338,335,398,178,63
1280321852,4044739366,33,462,174,331,429,157
1243659678,3775275581,0,499,62,436,499,374
1269761019,3962430654,33,479,33,470,446,437
1261382129,3898717395,0,455,0,465,455,465
1302453753,4155416390,0,499,0,499,499,499
1217967051,3502024079,111,392,176,329,281,153
1027115389,569880786,100,399,55,444,299,389
977698077,278688453,44,455,0,469,411,469
1323628534,4231864781,13,491,14,490,478,476
844149522,71672932,0,499,71,428,499,357
1253519580,3857173120,11,499,76,407,488,331
1264480854,1858663209,67,431,0,499,364,499
436509742,50033875,123,375,68,413,252,345
1318422271,778945031,16,486,163,356,470,193
1064541565,1138452300,0,499,109,389,499,280
1159313588,2708548424,0,499,83,415,499,332
1203548060,3277072870,0,499,62,436,499,374
1106190262,1859796451,74,424,0,499,350,499
1007487255,435016656,55,444,0,499,389,499
1169061633,2870459335,77,429,140,378,352,238
1152576522,2608616570,83,415,0,499,332,499
1283608667,4061592292,0,499,0,499,499,499
1310678816,4182267012,0,499,0,499,499,499
1279059534,4037090152,0,499,0,499,499,499
1223587533,3582305698,59,437,165,365,378,200
1164661380,2789608213,79,419,0,499,340,499
1246718724,278413370,100,399,11,488,299,477
948539948,211266614,159,320,52,473,161,421
1278257596,4031254001,13,478,5,494,465,489
1265217663,3929900663,16,467,193,372,451,179
1180994137,2988909076,0,499,109,389,499,280
1046857999,879905674,140,358,108,391,218,283
999076761,334123411,74,424,0,499,350,499
291762104,16775602,73,425,0,499,352,499
1292442739,4108915025,8,485,109,408,477,299
1047431236,838397237,116,381,23,477,265,454
1170182453,2892529475,174,337,135,359,163,224
1100063507,1711735918,110,389,63,435,279,372
844409475,5296665,77,421,0,499,344,499
1256041738,3872894436,66,432,0,499,366,499
1320394268,4224253307,19,476,29,471,457,442
1273782569,3992810761,44,453,62,459,409,397
1079157727,1414930438,78,426,115,408,348,293
1121420176,1118849543,106,399,14,496,293,482
1105618047,1853223742,0,494,190,305,494,115
1075711431,1351973160,71,425,10,489,354,479
932821783,55174628,174,318,136,354,144,218
987558166,294381278,133,405,70,344,272,274
1284799710,4066220453,6,493,63,459,487,396
1212565154,3418079608,62,436,0,499,374,499
1156971801,2679537638,83,414,63,436,331,373
1125726894,302769346,143,355,100,399,212,299
1102718392,1806369564,139,360,100,399,221,299
1284836357,4066221750,85,431,86,430,346,344
1004004832,401108837,75,423,7,491,348,484
1313464754,4197680090,0,499,0,499,499,499
1215374660,3470039145,213,295,214,324,82,110
1225887569,532978844,164,331,151,362,167,211
1040702735,817218064,82,416,0,499,334,499
1283995029,4063342378,24,483,48,472,459,424
1324673133,4238135222,0,499,0,499,499,499
1289802170,4089926261,169,337,144,355,168,211
1282706312,4058713310,20,428,90,411,408,321
969936100,258074320,113,393,73,422,280,349
1314608319,4203062847,123,404,116,400,281,284
987645269,294484143,72,426,0,499,354,499
1262256143,3906299415,0,499,104,395,499,291
1298444553,4139334321,26,468,114,397,442,283
1143276782,2459717602,62,436,0,499,374,499
1255221938,3868406746,49,406,72,438,357,366
1229878587,3628891438,110,389,54,445,279,391
1308857438,1540124315,100,399,15,483,299,468
1279200722,4037102312,0,499,0,499,499,499
1291986136,4105610803,85,411,28,482,326,454
1232184466,3657882180,29,479,43,468,450,425
1188546846,3067344764,156,342,15,486,186,471
1324028567,4235889318,0,466,9,491,466,482
1265215969,3929900589,37,465,109,406,428,297
1189869827,3086202137,0,499,0,499,499,499
1157129931,1122541281,150,348,100,382,198,282
1275116844,4003847909,40,444,73,461,404,388
985544542,290202758,62,436,0,499,374,499
1316192085,4200876946,28,461,139,347,433,208
135829030,1467882,72,426,0,499,354,499
987581379,294370070,6,489,12,486,483,474
1089084176,1547293303,0,499,160,338,499,178
1287502567,4076595843,85,436,80,423,351,343
1328495433,4250642983,0,499,0,499,499,499
1248831400,3817887797,21,482,5,490,461,485
1319047542,4218291167,26,472,93,419,446,326
1037703437,735229688,204,284,153,355,80,202
1251220593,3838164360,56,437,46,462,381,416
1282613050,4057847246,0,499,0,499,499,499
1304101336,4160938010,106,388,51,463,282,412
1267278605,3942384459,38,457,60,284,419,224
1095378991,1636383474,33,466,0,499,433,499
1192283946,3122940176,153,341,194,302,188,108
1190252968,2833039394,92,398,128,432,306,304
1249536289,3819984297,126,373,126,373,247,247
941622057,207151296,164,335,189,290,171,101
847721255,77030395,109,391,36,472,282,436
1328406779,4250685264,0,499,145,437,499,292
939501526,202479673,80,418,14,485,338,471
921249454,168345064,1,496,97,402,495,305
1215143237,3458955619,62,436,0,499,374,499
1103753728,1818578128,146,352,100,399,206,299
1041528079,826656205,73,426,0,499,353,499
1275680001,4007844333,158,340,107,395,182,288
1065540942,1118849556,1,499,63,438,498,375
1095856225,1639303171,62,436,0,499,374,499
1007389433,416642530,100,399,68,446,299,378
857102692,90899059,72,430,1,499,358,498
1007737730,435135636,100,399,50,449,299,399
934915634,193526504,0,499,83,415,499,332
1028868937,587639231,55,444,0,499,389,499
1247866392,3810438858,68,431,0,499,363,499
891781724,138516039,56,443,0,499,387,499
1008082263,435911240,139,360,100,399,221,299
1026944953,569718523,103,396,50,449,293,399
1158121382,2695198565,2,492,71,421,490,350
941621990,207151488,234,257,0,499,23,499
1203490252,1232682006,161,340,64,487,179,423
1061542575,567637229,31,480,81,424,449,343
971429454,262164155,4,495,48,450,491,402
1075758189,1352146003,57,436,69,433,379,364
470274130,50583966,150,349,103,396,199,293
869401628,113307494,55,445,160,334,390,174
1173806280,2932055305,122,372,1,495,250,494
987546718,294403133,102,394,156,342,292,186
1321341249,4224243815,149,361,31,467,212,436
1186698788,2227114176,10,485,20,427,475,407
1076160635,1355171309,62,436,0,499,374,499
1262758596,1176418929,85,414,0,499,329,499
1008205231,436076627,160,339,122,377,179,255
1160747791,2725731987,177,326,189,366,149,177
987434557,294323001,116,437,168,347,321,179
1262527033,3908176144,158,332,23,492,174,469
869431458,113400755,0,499,54,445,499,391
1243386143,3773726837,29,472,28,471,443,443
1236622068,3710076803,20,484,10,493,464,483
1322368129,4228968935,0,499,0,499,499,499
1219232913,3518364778,62,436,0,499,374,499
1212616279,3430303950,0,499,109,389,499,280
1240206771,3567855343,100,399,8,491,299,483
1040712594,818011768,95,405,97,406,310,309
1323068427,4231809217,26,482,48,472,456,424
1100250202,164769930,25,474,90,406,449,316
946269034,56442955,153,351,114,389,198,275
1253459579,3856809798,193,346,138,451,153,313
1093297250,1600057199,0,499,22,477,499,455
1309065617,4179411100,83,404,28,455,321,427
834252309,66685584,56,445,1,497,389,496
938404749,16979909,0,499,108,390,499,282
1322674912,4230268118,28,480,156,346,452,190
1261425325,3898728553,0,499,0,499,499,499
1248641975,3816940142,28,478,121,364,450,243
1030184558,594176722,0,499,59,440,499,381
1280707076,4046495384,139,373,67,446,234,379
1100063401,1711731924,70,429,145,354,359,209
1292495852,4108935854,99,413,48,430,314,382
891692978,138458155,144,354,100,399,210,299
1252627217,3850328344,0,499,154,436,499,282
876260083,93241957,66,392,5,403,326,398
1244540473,3785187472,0,499,138,436,499,298
990647255,297697889,138,360,95,404,222,309
1307455544,4168852061,50,444,78,456,394,378
1282851484,4057765961,0,499,0,499,499,499
1323314342,4231696481,14,395,120,355,381,235
471704630,50600423,150,349,105,394,199,289
1279360228,4037129143,28,477,45,483,449,438
1317993846,4215705132,11,491,153,374,480,221
1008876437,439615340,73,425,0,499,352,499
964061385,245744177,81,422,0,499,341,499
976684317,276429582,75,424,6,492,349,486
1208550439,3358226054,32,465,115,384,433,269
1195260111,3079667218,101,407,68,437,306,369
1026799237,569568956,107,391,50,449,284,399
1127761831,73821041,82,416,0,499,334,499
1307823827,4172827456,129,376,80,413,247,333
1279084996,4038321206,0,499,18,481,499,463
1300141789,4145102233,0,499,0,499,499,499
911676861,155884406,61,437,0,499,376,499
1041765955,833005459,158,341,122,399,183,277
1282945290,4057769581,99,433,61,473,334,412
1304031399,4160883969,106,388,51,463,282,412
1108731505,1878091154,54,445,80,401,391,321
1038001396,742631562,17,386,108,398,369,290
1317252594,4211715713,0,499,0,499,499,499
1237107731,1681883224,8,494,147,335,486,188
1008880250,439613075,73,425,0,499,352,499
1275234256,4004113109,0,437,0,499,437,499
1269921516,1992543025,100,399,36,462,299,426
1027037861,569654868,100,399,50,449,299,399
969931749,258075812,128,364,139,383,236,244
1284149094,4063228620,13,499,25,484,486,459
982013328,285472353,14,483,2,496,469,494
1250645190,3834647944,125,365,180,325,240,145
862579515,102706921,83,418,145,361,335,216
1283957696,4061636862,67,426,80,440,359,360
1014838703,475588667,73,426,0,499,353,499
1323282578,4231797128,76,429,82,429,353,347
1033231960,645527277,36,463,10,489,427,479
1205825871,3312189785,73,429,121,496,356,375
1289147171,4085981576,0,499,0,499,499,499
1318785809,4217852891,71,444,53,438,373,385
1300311241,4143545397,109,389,0,499,280,499
1102684996,1701261154,157,342,109,377,185,268
1313883764,4200414032,58,444,97,441,386,344
1292902510,4113733954,0,499,0,499,499,499
1289877844,4090269269,50,452,54,454,402,400
197327630,5917078,73,425,0,499,352,499
1222330817,3569856701,28,490,11,489,462,478
1283533680,4061583764,0,499,0,499,499,499
1287879979,4079551095,147,351,32,430,204,398
1239701063,3739045268,131,368,93,405,237,312
1143348907,2464758772,79,419,0,499,340,499
1318532260,4215221897,0,499,0,499,499,499
1131199917,2197896183,65,435,0,499,370,499
981947570,284905121,86,431,41,474,345,433
1262173148,3905724693,24,474,48,453,450,405
967567784,254416976,176,322,70,429,146,359
1093652476,98845044,94,409,158,341,315,183
1033878714,667821033,62,436,0,499,374,499
1273887685,3995598250,49,481,76,484,432,408
1305099662,4164665848,106,388,51,463,282,412
1289815479,4089927960,56,458,136,361,402,225
1255747460,3871039907,22,480,29,467,458,438
1243381183,3773713054,55,446,20,479,391,459
1215140201,3460955785,62,436,0,499,374,499
913865604,158124951,0,499,49,450,499,401
1288515022,3775998181,178,328,182,328,150,146
1123886168,2061029611,19,479,0,499,460,499
1265224484,3929899872,83,434,51,474,351,423
1323471158,4231853418,30,466,43,465,436,422
1186356880,3028006811,148,345,98,402,197,304
1274580984,76910659,54,445,0,499,391,499
1307361497,4171235499,0,499,75,424,499,349
1315645387,4204370199,0,499,0,499,499,499
1294186982,4122553567,6,474,15,489,468,474
1291738292,4097939057,217,283,217,282,66,65
471957330,50603227,150,349,117,381,199,264
1083754719,1483661950,85,425,0,499,340,499
1144458546,2482252036,143,356,0,499,213,499
1288987703,4085933018,8,473,100,470,465,370
1287966825,4079553625,93,437,25,475,344,450
1075454052,278582501,149,350,137,399,201,262
1304050612,4160813098,42,472,58,387,430,329
1125531084,2089420134,0,499,62,436,499,374
1209802369,3380317092,62,436,0,499,374,499
1043157329,848292009,136,355,167,335,219,168
1035251113,259895703,0,490,25,474,490,449
1012494015,460444826,66,433,0,499,367,499
1248443418,3814937922,139,369,31,480,230,449
1215790495,3473402490,10,482,12,479,472,467
893539907,48728580,15,484,12,486,469,474
1241425331,3756673408,185,314,207,292,129,85
205270730,6099075,188,309,189,388,121,199
1131052053,2192154700,172,322,17,478,150,461
1323291503,4231800422,0,499,0,499,499,499
1271792221,3981256461,38,472,79,412,434,333
1080528050,921004999,149,352,221,464,203,243
1289984514,4090784667,315,315,0,499,500,499
1271478194,3976924172,154,361,130,355,207,225
964207395,246215096,117,381,65,434,264,369
875714203,73672034,68,431,0,498,363,498
1260400402,3893581048,151,352,188,307,201,119
1077758742,1382151074,19,439,167,370,420,203
1036340418,695587712,7,491,193,305,484,112
1322514184,4229980253,15,490,161,433,475,272
1261174073,3898707890,0,499,130,369,499,239
1112678782,1924580441,15,482,80,426,467,346
1324210010,4236298195,124,381,39,461,257,422
1225886308,532978661,163,337,152,351,174,199
1008603435,438677689,73,426,0,499,353,499
1258188032,3883965618,0,499,0,499,499,499
1199475502,3230486747,90,409,90,409,319,319
1316149590,4200874245,103,407,58,449,304,391
1276306516,4012720832,38,463,115,429,425,314
1124370032,2076183130,98,470,49,441,372,392
330770570,2612685,67,432,0,499,365,499
1009288642,440645274,150,349,106,393,199,287
1276029016,4010224650,131,380,73,483,249,410
1004556281,406836223,66,432,0,499,366,499
995296979,303052204,4,478,115,364,474,249
1211634804,3406759277,36,469,8,451,433,443
1172791720,2920940633,13,484,77,431,471,354
1260333266,3893242791,0,499,0,499,499,499
1026367166,562801874,0,499,52,447,499,395
1325149836,4240471654,17,485,36,463,468,427
1253151812,3855161609,113,439,216,302,326,86
1218169694,3505997206,2,499,166,350,497,184
1169449861,2875392169,21,477,135,363,456,228
1301531585,4150996869,30,473,162,363,443,201
1308917266,4177868128,38,499,120,499,461,379
1056872779,696515868,47,451,0,499,404,499
1027052478,569632923,109,390,50,449,281,399
1257294272,3879896036,0,499,41,499,499,458
964676725,247277685,72,426,0,499,354,499
1221233686,2206054288,174,359,57,465,185,408
1151562041,1784713910,0,499,109,389,499,280
1269015983,3953860563,0,499,0,499,499,499
1005833496,418197018,38,498,215,283,460,68
979454023,269950809,0,499,62,436,499,374
1290712492,4095617133,110,389,54,445,279,391
1105635714,1849843948,0,499,78,420,499,342
1318825096,4220195099,31,499,29,499,468,470
1197743188,2950240147,142,323,122,372,181,250
1120846030,2024186269,0,499,70,427,499,357
1279132747,4037094805,79,410,91,436,331,345
1282286629,4055998091,69,430,23,479,361,456
1271568015,3978105982,33,464,154,361,431,207
1193893655,3149855910,74,422,2,496,348,494
303071494,19696406,81,418,0,499,337,499
1324196723,4236297763,99,407,34,476,308,442
1244540356,3785187315,0,499,62,436,499,374
1202213449,3253103487,0,499,0,499,499,499
1190250757,1940303067,23,487,149,406,464,257
869372365,113236646,201,298,180,319,97,139
1004656922,407767613,93,406,26,472,313,446
1091784966,1568764342,63,435,0,499,372,499
1066093214,1161097484,126,372,0,499,246,499
1256893044,3874578628,0,499,0,499,499,499
1022641056,518609650,0,499,62,436,499,374
1029511497,591829983,2,487,86,491,485,405
1309122549,4179727327,196,297,225,276,101,51
998812657,85741209,190,309,153,345,119,192
1285863481,4017680685,0,499,0,499,499,499
997552764,330203999,62,436,0,499,374,499
986272911,291979065,126,376,83,423,250,340
1309321634,4180304876,197,309,210,289,112,79
1265222460,3929899359,40,470,19,453,430,434
1309621575,4181402552,79,418,46,452,339,406
1316188302,4200876826,14,485,123,411,471,288
868406067,111763587,51,393,0,477,342,477
983012573,287013312,174,325,142,357,151,215
1223938767,3584934664,25,465,160,340,440,180
1309987740,4181946249,60,430,53,424,370,371
1247484166,3810735701,0,490,89,442,490,353
1320927957,4221620065,7,459,57,446,452,389
938161000,199726630,122,377,5,494,255,489
1072907749,1936994248,62,436,0,499,374,499
1094363630,1611570786,38,457,60,431,419,371
1095730806,1639573639,0,490,45,448,490,403
1264598709,3925557144,20,492,101,418,472,317
1102078083,1789637284,189,310,188,311,121,123
1001402858,365786524,62,436,0,499,374,499
990791072,298019973,0,499,220,251,499,31
1258056155,3883883597,108,389,22,479,281,457
1269505307,3959402395,0,499,0,499,499,499
1129283127,2160576205,0,499,78,420,499,342
1040627868,816865048,0,499,62,436,499,374
1306538047,4165309082,76,422,4,499,346,495
941678588,207257898,132,365,171,318,233,147
1078071689,1391654593,0,499,25,473,499,448
1139263777,2379124857,0,499,109,389,499,280
1276030563,4010224713,36,490,10,487,454,477
1039792077,802815894,49,449,0,499,400,499
1271294007,3848479122,79,419,6,499,340,493
872406308,113623557,142,366,56,445,224,389
1191039844,3101162724,25,466,94,411,441,317
1260348028,3893243866,54,446,36,460,392,424
1284899041,4066482059,68,430,0,499,362,499
1319608338,4214628106,157,338,32,464,181,432
1121334766,2010568859,157,342,100,399,185,299
1025104103,548996425,69,430,0,499,361,499
1260720165,3894771645,26,464,85,413,438,328
1080251706,1444069177,62,436,0,499,374,499
946714538,208715284,223,264,165,207,41,42
1172791553,2920940572,65,437,11,458,372,447
1293325080,4104740759,64,367,72,394,303,322
1213291057,3442954783,98,401,0,499,303,499
1176505053,2958501281,72,427,72,426,355,354
1254336756,3861223935,87,412,91,448,325,357
1277352794,4022481290,0,499,0,499,499,499
1275087661,4004074661,41,455,48,456,414,408
1187359718,2806785504,0,499,236,240,499,4
1097547195,1672813984,170,329,149,350,159,201
847904232,77402246,4,491,43,461,487,418
1300059854,4144867989,28,417,16,459,389,443
1295960064,4128274504,178,321,70,429,143,359
1278795206,4037083801,36,449,54,466,413,412
1088294079,1536225524,411,494,229,269,83,40
964963752,248846463,0,499,62,436,499,374
1278218683,4030685522,3,496,115,381,493,266
1009332530,440706296,100,399,60,438,299,378
1289821159,4089928709,21,460,15,454,439,439
1050921357,967991400,61,437,0,499,376,499
1273171607,3993178454,40,461,114,376,421,262
1077738049,1381366361,78,421,1,496,343,495
988479745,295604692,164,173,252,320,9,68
1084468927,1328068199,161,335,121,399,174,278
1283624643,4061593565,188,394,190,305,206,115
1017414770,67979859,190,309,160,339,119,179
1225887188,2846816575,125,374,125,363,249,238
1311048089,4184405624,42,468,54,499,426,445
1307329590,4171232576,38,474,128,385,436,257
897882434,144207179,74,425,15,499,351,484
1273133625,3992569828,0,499,0,499,499,499
1224193167,3585682909,132,366,166,333,234,167
891099807,76203656,89,410,35,464,321,429
1318317340,1951685664,0,499,0,499,499,499
1254778077,3865658306,126,373,86,412,247,326
1093328944,3928357002,14,461,112,371,447,259
1275162365,4003928543,66,445,67,450,379,383
964540494,247379686,30,471,20,488,441,468
885728370,131504512,178,322,104,438,144,334
1296380242,4130471810,95,408,32,470,313,438
1112170500,1921327147,54,424,159,495,370,336
1288693941,4084413744,0,499,109,389,499,280
1202133915,3252383068,0,499,15,484,499,469
1260369255,3893244818,54,336,188,283,282,95
1176504849,2958500803,24,475,100,398,451,298
892970261,141026361,0,499,54,445,499,391
1214456786,3461631852,178,309,19,469,131,450
1273042337,3992542984,0,499,0,499,499,499
981307538,284201916,72,426,0,499,354,499
919643672,48806422,96,402,0,499,306,499
1075759983,1352146043,186,312,152,431,126,279
1244541218,3785187881,0,499,145,436,499,291
1307355655,4171235086,0,499,0,499,499,499
1261416376,3898724521,0,499,0,499,499,499
1308786002,4177815617,25,309,148,337,284,189
1233541267,3680659769,31,468,125,375,437,250
1190248715,1833185816,0,499,62,436,499,374
1173594314,2929478166,0,499,62,436,499,374
976037531,275149156,89,410,0,499,321,499
1265235417,3929959251,7,499,38,475,492,437
1232807270,3669409224,126,385,26,366,259,340
1102369928,1395204093,185,319,158,343,134,185
1253124156,3854435664,63,311,88,425,248,337
1276346839,4012862047,0,499,228,307,499,79
1319081737,4217966915,161,396,57,497,235,440
1275403216,4003972783,25,469,48,458,444,410
1287888115,4079551932,0,499,0,499,499,499
1244944903,3787449330,9,480,39,484,471,445
1281785363,4050844044,15,484,23,478,469,455
1290594517,4095099659,19,482,33,474,463,441
1251408343,3842550700,160,350,163,393,190,230
956038258,220506294,0,499,62,436,499,374
1007358971,416612689,84,414,0,499,330,499
1281134615,4050249994,35,462,64,433,427,369
871447686,116243256,0,499,62,436,499,374
1176307603,2956036856,0,499,133,366,499,233
875147146,121044024,189,304,8,492,115,484
1265911402,3935623370,135,300,55,317,165,262
895043297,1351937,97,401,12,486,304,474
1027262386,570650576,118,381,50,449,263,399
1255518190,3868446332,55,444,0,499,389,499
1261425849,3898728579,0,499,0,499,499,499
1030445698,597598981,51,444,24,478,393,454
1195257798,3166433634,108,418,123,384,310,261
1079774214,278582122,154,344,100,399,190,299
1055246776,1056052194,35,464,35,464,429,429
1229275805,3615068613,0,499,59,438,499,379
1306536531,4167075448,106,388,51,463,282,412
971431312,262168993,112,384,128,371,272,243
1323339491,4231757954,100,400,20,475,300,455
1211634731,3406759274,149,415,75,365,266,290
1310043014,4181951292,39,470,20,482,431,462
1273169538,3992525843,62,439,67,441,377,374
885122170,130653556,70,429,0,499,359,499
1294251069,4122794831,58,436,136,419,378,283
1265196360,3929887804,11,362,82,441,351,359
1280502657,4045004865,33,473,42,476,440,434
1019130671,514594020,28,483,95,354,455,259
1075760678,1352145745,7,489,124,364,482,240
1192191377,3123096527,68,432,22,488,364,466
1311362905,4187040446,0,499,0,499,499,499
1321125399,4221742055,33,472,91,387,439,296
1045774053,871888693,62,436,0,499,374,499
1220256664,3541040410,74,443,86,446,369,360
1132059974,2218903255,48,492,228,272,444,44
1123907588,2063031715,87,412,0,499,325,499
1293176503,4116507118,21,476,49,445,455,396
1285954907,4071436783,0,499,0,499,499,499
1283678837,4061597732,0,499,0,499,499,499
1181449168,3002962628,247,251,0,499,4,499
882043140,126463479,76,423,0,499,347,499
1120638965,2015950399,0,499,0,499,499,499
1205742736,3310018688,70,429,145,354,359,209
1034540849,677062130,56,442,0,499,386,499
1292727846,4110053462,0,499,62,436,499,374
873598564,119339648,163,332,195,302,169,107
1283863274,4061620386,40,480,42,466,440,424
763167344,61327902,73,426,0,499,353,499
1253120163,3855081848,198,365,152,342,167,190
915097861,159603830,0,499,0,499,499,499
1233288807,3521205635,110,370,176,303,260,127
1125082597,2088824794,77,421,0,499,344,499
846611366,73816952,76,422,0,499,346,499
941676712,207258062,101,397,163,326,296,163
1275128477,4004555832,4,493,12,499,489,487
1147000030,2527015387,84,415,82,416,331,334
1058113503,1086346559,153,367,216,281,214,65
868245818,111668869,62,436,0,499,374,499
1277587485,4024817861,144,354,137,372,210,235
995610754,303885126,107,409,21,499,302,478
1303633457,4159071468,106,388,51,463,282,412
1276345248,4012861733,60,439,81,418,379,337
1084088664,1488248762,73,426,0,499,353,499
900327947,145853030,55,444,0,499,389,499
1257933799,3883412821,16,481,14,483,465,469
1121158763,1524369808,171,328,112,399,157,287
1323063595,4232573383,134,374,155,366,240,211
1271714892,3979569709,51,449,95,417,398,322
1146414122,1848475769,14,469,92,424,455,332
910955738,155233261,0,499,84,415,499,331
1231128728,3645558281,0,499,9,489,499,480
1313340602,4197512975,0,499,0,499,499,499
986944518,293306183,4,491,18,482,487,464
1312707624,4187684013,0,499,24,475,499,451
868215737,111612290,63,436,141,358,373,217
1303217512,4157446195,0,499,0,499,499,499
1266512358,3938620511,171,291,184,316,120,132
1189467842,3082204241,84,411,2,493,327,491
1305829824,3693879765,83,415,0,499,332,499
1204247821,3287288042,172,326,117,385,154,268
1147838191,2529816771,0,499,62,436,499,374
987423695,294292623,0,499,44,455,499,411
931974545,187230712,156,342,129,361,186,232
1304174281,4160987456,106,388,51,463,282,412
746771330,60594380,175,324,183,316,149,133
1009705903,237377166,187,311,150,349,124,199
1262368443,3906641565,91,408,119,404,317,285
1015553412,485556394,0,499,0,499,499,499
1277511296,4019800022,113,433,95,341,320,246
888792679,134989312,147,242,238,297,95,59
1113061555,1926714906,14,486,99,402,472,303
818013912,62390706,154,344,140,359,190,219
877342850,122750627,120,379,76,422,259,346
1263779507,3921460944,0,499,0,499,499,499
1277437140,4022744982,204,282,127,447,78,320
1094617048,278526848,138,360,100,399,222,299
1172190567,2908355975,62,436,0,499,374,499
1323813948,4235341113,131,326,208,286,195,78
1207344235,2779858878,136,362,152,375,226,223
856608618,89950576,77,422,26,499,345,473
1027212613,570610767,100,399,64,435,299,371
1026615831,567673954,7,490,91,399,483,308
1317977610,4211228059,0,499,0,499,499,499
647515744,55518300,74,425,0,499,351,499
1277336591,4022183429,154,389,33,466,235,433
1065104305,1146460874,50,431,119,363,381,244
1007541766,435081552,69,430,0,499,361,499
1272029897,3986643491,68,430,0,499,362,499
1322089242,4230313529,175,327,153,329,152,176
1328706146,4250701437,110,488,9,458,378,449
1063667643,1129893550,14,481,133,364,467,231
1251476383,3842783218,14,309,85,362,295,277
1128649535,2152081861,0,499,0,499,499,499
1276021028,4010224020,0,499,0,499,499,499
1237460174,1086269713,149,344,154,354,195,200
1243393457,3773730497,33,466,35,467,433,432
1244326354,3782771611,0,499,126,436,499,310
1145170090,2492406987,34,475,175,474,441,299
1217175252,3490669364,196,308,208,290,112,82
1088058073,1531934323,71,426,1,499,355,498
1255500416,1099446500,100,399,1,497,299,496
1283320898,4060882694,0,499,0,499,499,499
921250039,168344968,1,496,97,402,495,305
1178448151,2772685436,144,354,67,345,210,278
1318423532,4217943927,0,499,0,499,499,499
996778966,317591576,0,499,62,436,499,374
1198734701,1181278139,154,344,100,399,190,299
1273057718,3992392099,0,499,0,499,499,499
884187328,124563282,114,445,162,360,331,198
1243398575,3773716373,27,472,49,447,445,398
1037318969,727740760,99,403,44,449,304,405
1283871893,4061620857,230,450,193,337,220,144
1284045422,4063215151,0,498,84,419,498,335
1318873280,4218256540,0,499,0,499,499,499
1252509218,3849860375,0,499,0,499,499,499
1208628901,3352112992,88,411,6,492,323,486
873118394,118618753,0,499,62,436,499,374
1231005099,3619493416,62,436,0,499,374,499
1279766302,4041457960,16,499,82,478,483,396
1217414865,3494065277,192,310,133,285,118,152
1250268202,3831364146,0,499,167,436,499,269
1302561095,4153308195,72,461,21,472,389,451
977868377,278548075,62,436,0,499,374,499
1269775949,3962605314,0,499,0,499,499,499
1194186741,3155506821,65,451,190,321,386,131
1303932647,4160361317,129,368,107,396,239,289
1265109815,3929568690,0,499,62,436,499,374
1077280291,116019697,87,412,0,499,325,499
1153301591,2624686836,66,433,139,355,367,216
1271341595,2068260028,83,415,0,499,332,499
1099587559,1704974549,66,417,60,443,351,383
1280065123,4042479342,62,449,28,411,387,383
1269836503,3962805250,25,459,14,480,434,466
1269525413,3959446957,0,499,0,499,499,499
1100072133,1711730656,110,389,52,447,279,395
1061149136,1101106065,130,403,19,192,273,173
1112670648,1919406057,106,426,16,499,320,483
1320077106,4215359028,150,340,70,463,190,393
1311616585,4188735701,1,498,0,499,497,499
1276073263,4010225704,81,437,73,440,356,367
1213617563,3451135409,150,349,112,386,199,274
1104319766,1842304963,132,354,82,468,222,386
1154467543,2638006795,68,431,0,499,363,499
1071867097,841867643,147,351,100,399,204,299
1316348514,4209054250,29,478,51,367,449,316
1274621109,909236,75,423,0,499,348,499
977983753,278570753,157,353,174,499,196,325
1292351650,1555380527,35,464,94,355,429,261
961548130,237885283,160,352,129,383,192,254
1289416472,4086097771,98,413,90,499,315,409
1108943563,1879839861,116,382,23,470,266,447
1241643968,3758817155,2,489,72,400,487,328
1174593470,2940640483,151,358,147,316,207,169
1178460371,2356500346,22,491,9,490,469,481
1306641213,4169002124,54,444,10,496,390,486
1174592988,2940640409,62,440,30,486,378,456
1252568437,3850132420,84,442,82,451,358,369
1131063993,2192171109,97,415,21,484,318,463
1108420387,1876478574,134,353,33,417,219,384
1156654573,2675087409,159,324,138,378,165,240
1271563202,3976960451,0,498,2,499,498,497
169750230,5420962,179,319,150,349,140,199
1096626337,1657145788,0,499,0,499,499,499
1264897041,3928053779,20,481,156,361,461,205
1264128474,3923834756,0,499,62,436,499,374
1176503900,2958499813,40,469,137,358,429,221
875505527,116114188,69,430,0,499,361,499
1324193468,4236297608,54,457,129,384,403,255
1258517700,3885492949,47,452,47,449,405,402
1283514966,4061479437,0,432,126,388,432,262
912611741,156747435,63,436,0,499,373,499
1168303473,2856008839,64,434,0,499,370,499
1048093726,937196107,0,499,63,436,499,373
1275105825,4003846813,46,456,66,465,410,399
1252627766,3850328579,0,499,154,436,499,282
846534875,64318908,59,439,0,499,380,499
1108215830,1871867485,0,499,109,389,499,280
1319624751,4214635826,461,467,266,359,6,93
1264861952,3927675401,122,379,16,484,257,468
1083215475,1475372435,73,426,0,499,353,499
1260373430,3893471853,146,351,179,313,205,134
1269503475,3959371814,24,484,60,462,460,402
1261414614,3898723734,0,499,0,499,499,499
1249535435,3819982718,190,308,166,344,118,178
1275383609,4004156687,80,417,90,437,337,347
1270545799,3972160272,157,422,101,366,265,265
1226405747,3591581812,0,499,142,436,499,294
1043841044,853456113,93,402,2,497,309,495
1197337572,3205647128,0,499,63,436,499,373
1317485794,4213343663,138,370,113,436,232,323
1008046989,435881883,150,349,113,385,199,272
1271246473,3976681439,163,353,175,353,190,178
1283594519,4061482643,78,441,25,481,363,456
1027019441,569731075,106,392,50,449,286,399
1312143169,4193588917,73,343,170,323,270,153
1133700253,2195093415,9,491,9,491,482,482
1175388292,2947952065,78,427,91,408,349,317
910183597,154435884,61,445,91,406,384,315
996998811,326605297,0,499,79,420,499,341
1118934188,1989592773,24,483,104,401,459,297
1007799544,435289866,160,339,135,364,179,229
1211983939,3414349038,215,281,59,72,66,13
1273162129,3992573832,30,462,67,472,432,405
1244541247,3785187890,0,499,120,436,499,316
937591715,198420157,28,478,102,399,450,297
1102574846,1803716725,78,445,74,415,367,341
1102089531,1790001977,120,439,63,429,319,366
1231027551,3643836623,62,436,0,499,374,499
1254933384,3866915294,0,498,0,499,498,499
1255485547,3868439860,50,471,38,499,421,461
1323152464,4232954456,10,489,142,388,479,246
1198702615,3219878446,132,363,42,479,231,437
1100085891,1711735257,110,389,64,434,279,370
1053416222,292642377,23,476,8,490,453,482
844439051,64401994,125,374,66,432,249,366
1222835073,3575906990,0,499,62,436,499,374
1249365366,3816684711,9,484,97,401,475,304
1039977497,805747370,63,436,0,499,373,499
1108085902,1869276289,0,499,109,389,499,280
1310003243,4181948179,94,407,141,470,313,329
1225663363,3559010213,125,374,130,374,249,244
914685319,159177528,91,423,10,499,332,489
1027026181,569965686,100,399,59,439,299,380
1184095480,3014589503,0,498,0,499,498,499
1263064606,3913803537,89,339,254,390,250,136
1256971007,3876189465,36,464,36,464,428,428
1105047296,1846469534,206,324,120,372,118,252
1242760446,3765672467,21,478,111,393,457,282
936886573,196418748,81,418,0,499,337,499
1275625756,4006502070,95,402,92,427,307,335
1243389691,3773729071,19,480,84,414,461,330
1262968759,3910598405,0,499,29,469,499,440
1249533248,3819977560,198,329,208,334,131,126
1266506361,3938617751,11,491,182,344,480,162
1145982552,2500361663,0,499,62,436,499,374
1250921463,3836828482,111,473,20,478,362,458
1235603305,3690800715,30,464,160,348,434,188
1167195297,2830936398,190,326,139,346,136,207
1289336236,4087641097,45,440,35,477,395,442
483646,927274,196,303,183,316,107,133
864734371,106521088,117,393,173,341,276,168
1269493413,3959360984,0,465,75,499,465,424
1241415996,3756663088,201,297,179,322,96,143
1272248557,3988483849,122,377,0,499,255,499
956732793,223024637,72,426,0,499,354,499
1027413995,571259396,54,443,5,494,389,489
1148782789,2547472231,185,305,205,290,120,85
1324148922,4236042846,67,341,47,476,274,429
1316303531,4200883192,33,469,47,472,436,425
1211402558,3290284040,44,469,37,460,425,423
1049268578,946825730,94,405,27,471,311,444
1245172853,3789529050,12,433,138,486,421,348
1265223382,3929899560,53,407,100,359,354,259
928131326,181116937,62,436,0,499,374,499
1262961482,3913053694,135,369,165,351,234,186
1311399511,4187115775,5,449,10,476,444,466
1129574047,2168084455,123,376,1,499,253,498
1313704266,4198493289,137,364,59,245,227,186
1285122987,4063773784,66,455,65,445,389,380
1294217143,4122561859,87,410,40,466,323,426
1032804118,632178995,42,491,73,441,449,368
1235827248,3700330501,0,499,62,436,499,374
688575884,57497724,62,436,0,499,374,499
1289287909,4086087634,169,328,54,460,159,406
1027287682,570636262,106,392,50,449,286,399
1302552952,4155424411,34,497,55,499,463,444
1047161842,166669236,26,397,125,370,371,245
1083521743,1476252970,0,499,84,415,499,331
1284082409,4063405544,44,446,48,444,402,396
1310575219,4182256654,90,373,47,451,283,404
959504936,232650458,50,449,116,381,399,265
1255699605,3870964192,100,399,100,399,299,299
1305618495,4144964105,26,470,151,344,444,193
1121210937,2033308724,82,416,5,486,334,481
1301287327,4150972676,0,499,0,499,499,499
1260391906,3893245965,81,461,87,451,380,364
927142796,179661854,72,427,0,499,355,499
1315219840,4205043119,5,492,31,465,487,434
1324048191,4236041287,0,499,0,499,499,499
1324908600,4239117783,62,436,0,499,374,499
864527125,70447992,0,499,233,267,499,34
1257839035,3883216854,62,436,0,499,374,499
1278472488,4035421018,53,445,0,499,392,499
1038251553,748282185,132,367,101,398,235,297
1265610347,3931862947,16,476,194,342,460,148
1270466755,3971721985,0,499,0,499,499,499
1240862943,3750181000,150,356,114,391,206,277
1243785555,3775997581,183,322,64,435,139,371
1257063277,3877767591,0,405,0,499,405,499
1324202971,4236297973,35,463,98,407,428,309
1227139697,3603545269,0,499,62,436,499,374
1252790331,3851702024,213,279,188,303,66,115
1174591101,2940639865,130,369,170,329,239,159
1307855122,4172854120,86,404,104,393,318,289
1024219954,542298974,104,408,165,383,304,218
1257267896,3879903034,15,462,106,428,447,322
1309656353,4181431228,42,407,204,295,365,91
1244541267,3785187895,0,499,120,436,499,316
1283990253,4063341775,26,473,59,472,447,413
1297011556,4110151880,0,499,0,499,499,499
1245643816,3793571668,35,471,69,439,436,370
1323338295,4231757826,183,331,35,472,148,437
1283678429,4061597708,71,430,120,372,359,252
916824168,160284580,71,427,0,499,356,499
1310157912,4182223293,0,499,0,499,499,499
1009287911,440643853,150,349,182,316,199,134
1023816936,538144653,131,379,126,387,248,261
1306857198,4167092522,0,499,0,499,499,499
1193391316,2806785268,129,368,153,343,239,190
1328404504,4250685008,70,447,65,432,377,367
1138087905,2359712873,3,497,93,411,494,318
987323220,294087937,0,499,109,389,499,280
1247711290,3812896540,0,499,0,499,499,499
844455794,72562559,142,354,102,393,212,291
1087803262,1524814253,109,390,0,499,281,499
965122822,249667099,79,419,0,499,340,499
1037619235,734253150,62,436,0,499,374,499
1318962007,4213869627,54,466,93,431,412,338
1203458596,3277598545,227,273,435,462,46,27
1035813829,692423936,136,363,119,380,227,261
1309654128,4179727022,0,499,0,467,499,467
1282521662,4057540429,0,499,0,499,499,499
1270219606,3969948713,162,371,124,399,209,275
1005840309,418199731,155,344,69,497,189,428
1230834643,3642389426,148,351,100,399,203,299
1232966534,3652549177,23,473,130,398,450,268
894900521,98964084,80,419,0,499,339,499
1190259013,1876687656,81,429,84,420,348,336
1178081317,2980671899,18,480,0,499,462,499
1268927048,3954702866,23,473,174,348,450,174
1309698588,4152945174,29,439,37,472,410,435
1112110427,1917434037,50,449,0,499,399,499
1269134118,3953982041,117,398,117,446,281,329
1279902947,4040244175,0,499,62,436,499,374
1007368135,416624840,62,436,0,499,374,499
1230733266,3640969392,87,428,11,485,341,474
1019306500,516381131,27,472,70,451,445,381
1310048655,4181953001,31,490,69,443,459,374
1100069097,1711734660,180,319,151,347,139,196
1260222210,3894912022,49,450,47,448,401,401
1105414652,1848933875,33,483,102,416,450,314
1313759802,4184042456,37,456,87,396,419,309
1118910528,1989222289,0,499,84,415,499,331
1174586810,2940638772,30,491,8,477,461,469
1270055876,3967127215,107,438,55,392,331,337
956422969,221719385,185,314,175,323,129,148
1301318632,4151250206,0,499,0,499,499,499
1300144961,4145102417,0,499,0,330,499,330
846455793,68496367,62,436,0,499,374,499
1082332440,1465921007,61,437,4,495,376,491
1275418071,4004200979,72,430,76,438,358,362
1283867470,4061620600,0,499,0,499,499,499
1100067603,1711732979,70,429,145,354,359,209
1097217552,1668619262,132,359,76,420,227,344
1250249159,3831234261,18,443,125,445,425,320
1057640525,1078622837,0,499,62,436,499,374
1301532477,4150996956,39,470,20,482,431,462
1304065972,4160931018,106,388,51,463,282,412
1264891690,3928050667,0,499,0,499,499,499
1174445890,2866367283,6,490,77,429,484,352
1258185643,3883886723,101,395,63,499,294,436
1039196894,786041105,0,499,62,436,499,374
1144032724,2466863645,76,423,14,492,347,478
896638588,74729897,98,362,12,486,264,474
1186601783,3034465189,45,454,0,499,409,499
1311612683,4188732009,1,498,0,499,497,499
1275145836,4004087939,39,446,122,353,407,231
1297899383,4137582508,0,499,0,499,499,499
1265030597,3929339184,37,499,8,476,462,468
1247041865,188312141,0,499,60,430,499,370
1258883083,3887568761,43,445,88,456,402,368
1249535649,3819982846,155,342,162,346,187,184
1242828870,3764204914,8,490,22,459,482,437
1253256760,3855562339,232,259,82,424,27,342
1253141222,3855142522,28,461,19,485,433,466
846101702,75214145,0,499,0,499,499,499
1314394852,4202301989,194,304,62,452,110,390
1028142120,581390992,10,489,141,358,479,217
1322121576,4228956599,0,499,0,499,499,499
1246329394,3798646037,102,394,101,346,292,245
1270848451,3974249817,0,499,0,499,499,499
1062843571,207298257,71,428,0,499,357,499
1290322850,4079210629,62,436,0,499,374,499
1323091948,4231812654,0,499,0,499,499,499
1254124471,3860353426,52,453,110,483,401,373
1159751993,2718762699,0,499,109,389,499,280
1203055707,3268316436,0,499,62,436,499,374
912135160,156148082,0,499,83,415,499,332
849040164,80319974,78,420,0,499,342,499
956754061,958058,0,499,0,499,499,499
1103768457,1818961259,37,460,20,475,423,455
964841829,248359205,75,424,5,494,349,489
1004575542,405111024,65,433,0,499,368,499
1309066890,4179411187,67,434,67,432,367,365
1271563456,3976960496,96,383,142,365,287,223
1275473069,4006487868,0,499,0,499,499,499
847904279,77402413,82,416,107,397,334,290
984270744,288908881,0,499,18,481,499,463
1028040691,579274604,61,422,109,440,361,331
1245135438,3772633489,149,352,178,323,203,145
859744938,95634950,152,374,78,427,222,349
1310069614,4181960667,40,432,26,399,392,373
1237137251,3716555883,0,499,0,499,499,499
1250079782,3829088732,0,499,62,436,499,374
909726570,47952356,71,427,1,497,356,496
1280132741,4042487091,10,499,26,495,489,469
1309485811,4180774729,160,361,137,334,201,197
1312151727,4193611838,130,349,158,332,219,174
1273992369,3995366746,0,499,11,499,499,488
1196620835,3195194713,104,378,29,473,274,444
1286407846,3117670413,97,392,108,414,295,306
1314541269,4186310238,42,460,126,384,418,258
1084423005,1495379286,0,499,62,436,499,374
1267232041,3942390860,0,499,0,499,499,499
1135205656,2302478894,15,473,44,471,458,427
1239446376,2953771785,40,459,131,361,419,230
917084780,157558551,0,499,63,436,499,373
1278333561,4033032382,73,426,0,499,353,499
1151304655,2572632058,60,439,0,499,379,499
1311445278,4187125454,56,448,87,467,392,380
1226405698,3592383071,0,499,142,436,499,294
354471808,48783274,0,499,77,421,499,344
1264039542,3923102280,0,492,0,499,492,499
1221318873,3561328686,116,363,9,494,247,485
1190250967,2041884744,103,423,90,390,320,300
1304064853,4160930729,106,388,51,463,282,412
1211823363,3401076044,62,436,0,499,374,499
1030984324,605807377,72,427,0,499,355,499
1186356461,3023862902,42,423,98,421,381,323
1082307282,192675123,0,499,62,436,499,374
1295960408,4128438381,18,474,114,377,456,263
861330741,99617735,70,430,0,499,360,499
1313637774,4197539087,0,499,0,499,499,499
1054265482,736053639,160,301,223,350,141,127
1007746484,435114222,73,425,0,499,352,499
1276819076,4017210196,12,487,12,487,475,475
1248593779,3816446001,0,499,0,499,499,499
1078349390,1397308749,112,387,0,499,275,499
927077589,179590765,62,436,0,499,374,499
1262607481,3908521681,31,488,11,436,457,425
1282617145,4057847422,27,477,107,361,450,254
1265215378,3929900556,10,489,150,357,479,207
891743753,138468520,146,353,100,390,207,290
987429458,294296548,86,403,100,381,317,281
1131308513,2197849446,92,393,51,466,301,415
1265712586,3933281300,87,440,2,471,353,469
1117429630,822492433,74,425,0,499,351,499
1299885723,4140889874,83,415,0,499,332,499
1328376296,4250636772,60,439,69,448,379,379
1167839413,2846686308,138,361,106,392,223,286
874729042,55125394,71,427,0,499,356,499
1310332556,4182235647,182,322,179,450,140,271
1285073838,4063755517,21,486,21,476,465,455
1272121631,3987618358,43,455,0,499,412,499
1282080506,4055222193,68,463,20,360,395,340
1217175853,3490669622,43,462,33,457,419,424
1282293953,4056001906,10,492,10,493,482,483
907246493,74519004,165,334,121,378,169,257
1212558272,3420061550,62,436,0,499,374,499
1310071263,4181960989,101,465,31,380,364,349
1156009389,2233036291,100,399,34,464,299,430
1274357502,135453590,76,423,0,499,347,499
1026004859,558486113,20,477,19,478,457,459
1209717725,3382587326,8,493,93,404,485,311
1282809148,4057524491,35,473,52,474,438,422
1211427882,3398859697,43,447,214,374,404,160
1163006751,2761298960,40,485,53,450,445,397
1311500237,4187459181,125,372,44,486,247,442
1136942072,2336065607,88,421,98,426,333,328
1313787746,4184083511,191,300,20,484,109,464
857502834,91555704,62,436,0,499,374,499
1186394479,3028261977,92,369,148,334,277,186
1026881880,569615311,102,397,50,449,295,399
1023565257,524615200,74,425,0,499,351,499
1172791646,2920940606,90,347,25,453,257,428
1188833125,3073421196,184,315,147,356,131,209
1133292862,138715735,105,393,68,434,288,366
1269492378,3959399977,0,499,0,499,499,499
1158121464,2695198646,10,491,8,489,481,481
1193619926,3147525272,128,365,199,457,237,258
1262722120,3910807448,227,271,25,488,44,463
1273726950,3992778969,21,458,61,467,437,406
976142883,275032707,87,392,11,475,305,464
928802853,182303187,124,383,157,337,259,180
1174585203,2940638461,206,300,168,336,94,168
1007837522,435302026,105,393,50,449,288,399
1092302566,1581293488,157,340,158,438,183,280
1093140667,1597646114,0,499,62,436,499,374
1281999367,4050750488,0,499,4,499,499,495
1302637425,4155459697,0,499,1,498,499,497
1309566044,4181136956,180,320,16,485,140,469
986743508,292709766,68,430,0,499,362,499
1316215789,4200877983,0,499,62,436,499,374
1316115448,4200871082,29,439,37,441,410,404
1168603595,2859483823,83,416,0,499,333,499
1269947243,3964906647,21,472,62,429,451,367
1114635039,1935016431,36,467,35,465,431,430
1135303004,2305709363,62,436,0,499,374,499
1117692688,1976176268,111,392,18,479,281,461
1265157862,3929775225,0,499,0,499,499,499
1127145183,2116508343,14,485,0,499,471,499
234303430,6648556,0,499,62,436,499,374
1082977842,181635643,91,408,0,499,317,499
1221635170,3565361506,78,428,204,436,350,232
1169860126,2881304856,62,436,0,499,374,499
977583548,278508842,92,407,0,499,315,499
1079342794,1393060195,0,499,90,409,499,319
1007698612,435050550,77,421,0,499,344,499
1268630915,3951728967,24,485,74,405,461,331
1036725471,718763466,71,469,78,422,398,344
1277525062,4019807577,40,455,51,434,415,383
1260699513,3891810137,44,452,84,414,408,330
1275636092,4006902447,0,499,0,499,499,499
1176333160,2955165880,62,436,0,499,374,499
1064309028,1135490197,58,440,0,499,382,499
1135527607,2309605486,32,467,127,371,435,244
1066930150,1173353246,26,469,21,476,443,455
1280162928,4043727441,218,308,196,272,90,76
976484889,275971989,0,499,246,248,499,2
1004656237,91587601,74,425,0,499,351,499
1303176822,4157519941,0,499,0,499,499,499
1273536164,3994362507,155,344,2,498,189,496
987665838,294487438,149,428,126,427,279,301
1316146356,4200873962,44,448,83,416,404,333
1114671608,1935687078,48,446,14,477,398,463
1023540835,536499276,0,499,62,436,499,374
1000092894,353108104,0,499,83,415,499,332
1051854304,933796992,187,305,32,487,118,455
1118500406,1984491129,93,417,73,453,324,380
1308922711,4177868334,155,341,137,382,186,245
1099702435,1706097289,127,372,127,371,245,244
859073293,48269735,79,420,0,497,341,497
1277150867,4020124520,159,341,168,328,182,160
1317126820,4211706048,14,499,128,499,485,371
1319206530,4214054904,58,452,64,443,394,379
1200589042,3242278056,70,429,145,354,359,209
949304463,212230370,64,367,107,406,303,299
1274240893,3998351175,62,436,0,499,374,499
1312586339,4195542653,0,440,55,409,440,354
1207713360,3344835089,0,499,63,436,499,373
1149422494,2550021364,0,499,109,390,499,281
1037789438,75982577,62,436,0,499,374,499
1262733231,3910821649,40,460,72,456,420,384
1065997654,1158987680,110,389,145,354,279,209
1236944637,3716249162,180,319,153,346,139,193
1050813988,964352164,0,499,62,436,499,374
1299835618,4143423251,87,396,45,450,309,405
1165226123,2791299164,30,472,29,475,442,446
1123911839,2062689545,59,450,87,417,391,330
947921366,209976619,70,428,0,493,358,493
1274272639,3997826767,0,499,0,499,499,499
1276342995,4012705238,0,499,0,499,499,499
1178210436,2982329447,84,417,167,331,333,164
1308729010,4177785143,47,444,0,499,397,499
1100074109,1711736134,180,319,153,346,139,193
1240246665,3745248228,89,407,23,491,318,468
1077529011,1374045057,72,427,0,499,355,499
1003988848,399088355,208,284,162,324,76,162
1277531542,4019812939,0,470,15,494,470,479
1319412482,4214354255,32,474,90,425,442,335
1008137682,436061343,160,339,125,373,179,248
1275118342,4003848071,64,457,63,435,393,372
1165410877,2803563335,52,442,60,438,390,378
723237369,59657214,85,414,0,499,329,499
1108323036,1871393703,38,478,72,455,440,383
963035391,242401402,143,343,153,330,200,177
1267865206,3944511138,48,450,128,391,402,263
1244293369,3782268401,20,477,153,363,457,210
1090712157,1548294895,22,479,120,363,457,243
1108737855,1878218232,110,389,52,447,279,395
1261409958,3898722434,0,499,0,499,499,499
1322840524,4229320433,25,470,94,420,445,326
1246305850,3798250416,61,447,74,463,386,389
1190257543,1833186827,0,499,67,432,499,365
1232860253,3659618799,62,436,0,499,374,499
1285838335,4017665697,0,499,0,499,499,499
1013447546,236419368,169,329,150,349,160,199
1322273611,4230956136,41,492,0,489,451,489
995294584,303484359,62,436,0,499,374,499
910256627,154501793,104,395,0,499,291,499
1097284632,1669352309,113,385,50,449,272,399
911745582,86506377,186,312,160,339,126,179
1108965541,1880031883,73,426,51,499,353,448
1030552224,598806753,211,369,174,339,158,165
913239692,157538984,67,432,0,499,365,499
1009255199,440551663,170,328,136,362,158,226
1203546865,3275161275,59,439,0,499,380,499
1193623444,3147609780,73,425,1,498,352,497
1274283897,3997829217,0,499,0,499,499,499
1012321510,457597493,70,429,0,499,359,499
1220234589,3541437463,1,499,82,415,498,333
1251980105,176755685,12,486,31,468,474,437
1244873909,3787206814,237,257,134,199,20,65
1265583777,3931856717,55,443,57,457,388,400
1042733925,844534389,0,499,0,499,499,499
1292477407,4108929473,46,448,35,440,402,405
1311272881,1668117917,100,399,37,474,299,437
1317946602,4215699328,84,408,54,329,324,275
1257725894,3882642595,104,395,147,352,291,205
1275022724,4003832961,35,477,36,469,442,433
1019311913,516393461,75,424,0,499,349,499
846503493,75832170,0,499,62,436,499,374
1188396857,3064238322,0,499,0,499,499,499
998557914,52978414,190,309,161,338,119,177
963942985,242798355,62,436,0,499,374,499
1207474210,3341101550,139,359,165,399,220,234
1241450994,3757271758,75,414,155,381,339,226
1275206424,4003935031,29,471,53,477,442,424
1256953936,3875041447,0,499,0,499,499,499
988974910,296115446,80,430,65,415,350,350
1311424748,4187120846,176,322,35,463,146,428
1262584163,3908954156,0,499,0,499,499,499
912895793,157237284,130,369,77,421,239,344
1250905059,3836684538,40,474,62,435,434,373
933842533,191356623,16,488,44,448,472,404
1009314528,440682483,133,346,83,416,213,333
1243408378,3773720132,31,469,30,468,438,438
1238295546,3727586662,0,499,0,499,499,499
1273216630,3992589474,12,487,104,401,475,297
1289793049,4089924531,0,499,98,499,499,401
1120872255,2025727272,144,354,100,399,210,299
1085972189,1506890596,132,367,0,499,235,499
1318869672,4220197916,0,499,0,499,499,499
1205825889,3312189799,0,499,264,344,499,80
979529813,282004412,62,436,0,499,374,499
1033738670,659213247,0,499,86,413,499,327
1203513921,686549898,200,299,177,321,99,144
1263008035,3913253828,13,480,10,477,467,467
1255657616,3870814208,22,455,62,464,433,402
1268927330,3954702879,30,462,63,460,432,397
926315033,176360610,71,427,0,499,356,499
1288126240,4079557046,0,499,0,499,499,499
1310087134,4182893183,145,367,42,443,222,401
1323013696,4231800802,50,435,73,442,385,369
1269751173,3962427780,40,444,73,461,404,388
1264047604,3923103970,0,499,0,499,499,499
1310337682,4182236104,0,499,0,499,499,499
1191027897,3101157332,10,495,62,434,485,372
1308326328,4152006695,63,436,69,425,373,356
974857228,272137626,0,499,126,373,499,247
957162089,223825315,0,344,120,415,344,295
1040615227,284226178,92,415,13,477,323,464
1295483823,4126958767,86,499,7,485,413,478
913785254,5997990,191,307,165,334,116,169
1213313304,3443376118,196,337,251,409,141,158
1007507227,435011031,100,399,57,441,299,384
1158121460,2695198643,10,491,8,489,481,481
1202900096,3258615254,0,490,31,499,490,468
1255381517,3868423103,83,423,115,447,340,332
1154825010,2626776680,62,436,0,499,374,499
1115880515,1951685723,0,499,40,499,499,459
926925067,179386579,65,435,73,422,370,349
1141763995,288908764,128,348,26,482,220,456
333432431,47791519,55,443,0,499,388,499
1324121704,4233706011,0,492,0,499,492,499
931765933,186545550,0,499,62,436,499,374
1161485087,2739440577,0,499,0,499,499,499
1317739407,4213757148,0,499,0,499,499,499
849068550,80366200,136,362,89,410,226,321
1026616561,567674086,4,495,85,401,491,316
1273758647,3992792965,69,430,72,431,361,359
1244540603,3785187507,0,499,122,436,499,314
1100078354,1711731513,70,429,145,354,359,209
1113835676,1925949333,134,365,100,399,231,299
1310406010,4182240416,0,489,82,412,489,330
1309964165,4181943529,15,499,18,499,484,481
1253381147,3856253681,63,399,122,489,336,367
1013124656,464256732,81,397,176,487,316,311
1261408807,3898721899,0,499,36,417,499,381
1249535570,3819982813,149,354,141,359,205,218
455765377,50372091,200,299,190,289,99,99
1233288653,1233521151,164,335,92,493,171,401
1312260648,4193922559,38,418,34,474,380,440
1318503125,778945038,8,483,125,378,475,253
1115620884,1948251867,79,409,123,376,330,253
1272119183,3986440935,121,388,40,475,267,435
1150253672,2570092715,0,499,0,499,499,499
903338019,145072182,183,316,150,349,133,199
926075662,177989761,62,436,0,499,374,499
908820104,149017675,74,424,4,484,350,480
1239003982,3731584359,10,489,144,369,479,225
1268665215,3951731941,169,342,62,448,173,386
1168080786,2851702888,164,340,167,352,176,185
1100085524,1711731508,70,429,145,354,359,209
1248838417,3817897828,7,492,0,499,485,499
1288377927,4081476125,149,364,57,435,215,378
1186356892,3028006878,177,290,17,476,113,459
1321335828,3470013725,195,303,216,274,108,58
1100086312,1711730725,70,429,145,354,359,209
1209451702,3377587515,182,313,105,405,131,300
1287146643,4077160324,0,499,0,499,499,499
959845998,233920162,110,404,163,336,294,173
869184887,112978808,115,384,149,351,269,202
1079246598,1418027199,86,412,0,499,326,499
1286530820,4075337846,96,410,4,254,314,250
1179779989,2993341132,97,420,15,481,323,466
1066930236,1173353240,29,458,89,402,429,313
1311420686,4187452638,0,499,0,499,499,499
1134779238,2286683805,32,468,101,398,436,297
1075758342,1352145986,99,436,94,418,337,324
1299674273,4140736793,81,418,0,499,337,499
895718509,142360570,165,332,128,371,167,243
1328821910,4252010799,14,484,13,492,470,479
1243660225,3775276398,0,499,148,436,499,288
1324123639,4236042465,55,488,23,484,433,461
1262594390,3908518821,8,492,5,487,484,482
1188521833,3067034371,84,434,176,345,350,169
933254257,190108451,101,417,4,488,316,484
1190258135,1876686954,45,456,165,348,411,183
296626108,18392235,62,436,0,499,374,499
1261265042,3898719711,64,436,40,447,372,407
1082479423,1467901354,126,388,225,356,262,131
1288916109,4085947465,114,386,48,481,272,433
1231226435,3646506714,73,426,0,499,353,499
1289504084,4086136552,37,471,10,462,434,452
946714543,208715309,147,373,175,332,226,157
1272165005,3986443130,156,350,36,472,194,436
1274143001,3997813106,112,359,30,457,247,427
821759710,62551916,150,348,152,343,198,191
1255734113,3871142981,201,377,25,479,176,454
1250742845,3831788710,88,411,0,499,323,499
1226405704,3591581799,0,499,142,436,499,294
1225663294,3456711296,125,359,125,338,234,213
1270596810,3972162576,11,499,0,499,488,499
1191052782,3101167035,45,462,127,436,417,309
1192043649,3120575874,68,432,22,488,364,466
1313306484,4182987620,126,366,24,471,240,447
1149028255,2547197866,110,388,109,390,278,281
1112932174,1925949315,150,349,100,399,199,299
1289411098,4086542895,106,418,12,489,312,477
1007981178,435847352,161,338,125,374,177,249
1105815462,289189072,178,297,198,308,119,110
910927700,155189923,0,499,62,437,499,375
1279009540,4037800327,8,480,22,481,472,459
893128783,141206980,180,319,198,301,139,103
1044824927,863366720,22,478,91,407,456,316
1031824921,614018285,108,389,0,499,281,499
1250838556,3835758383,17,484,138,246,467,108
1174590288,2940639658,22,477,72,453,455,381
1286058860,4072318666,64,435,0,499,371,499
1303746303,4159400719,2,497,3,499,495,496
1305468237,3965536153,75,424,0,499,349,499
1311133276,4181904209,0,499,0,499,499,499
1292275262,4108382001,10,491,114,419,481,305
1158009847,1962186930,100,399,50,449,299,399
1312048856,4189099610,0,499,0,499,499,499
1303401605,4158394400,14,485,0,499,471,499
1007562597,435037256,58,440,0,499,382,499
1300708955,4148103298,45,454,0,499,409,499
1141959185,2442690976,74,421,16,491,347,475
1243392632,3773730250,19,480,35,468,461,433
987678292,294488698,137,398,83,451,261,368
1275614185,4007155337,0,499,0,499,499,499
940721025,204822385,0,499,13,485,499,472
1253658421,3858328127,117,378,64,435,261,371
1124687403,2079967200,56,446,0,498,390,498
1299995820,4141078786,83,415,0,499,332,499
858451685,92807132,69,430,0,499,361,499
1253059103,3854420175,78,407,34,462,329,428
1307193738,4170894249,0,499,0,499,499,499
1275549944,4006494487,47,466,72,439,419,367
985101768,285433991,71,427,53,374,356,321
1255753591,3871041415,0,499,0,499,499,499
1225886451,532978682,125,374,139,360,249,221
1052452645,985118796,41,460,155,354,419,199
1273918903,3995255694,0,499,0,498,499,498
1215790525,3473402516,68,393,37,484,325,447
1025671234,554019798,175,326,121,382,151,261
1062243631,1028073276,88,411,0,494,323,494
1323256970,4231686949,83,414,41,472,331,431
1093511366,1602363401,62,436,0,499,374,499
1278441828,4035289788,0,499,0,499,499,499
947777598,210192148,0,499,62,436,499,374
949387202,212342051,140,327,141,349,187,208
1190852857,3098192323,94,404,0,499,310,499
1189244340,3079639404,62,436,0,499,374,499
1061556085,511835931,343,361,234,264,18,30
1128895845,2156712841,156,343,109,393,187,284
1027696013,572389370,34,465,0,499,431,499
1283901544,4063203077,78,417,50,430,339,380
1123811425,2062695855,155,343,100,399,188,299
1027195596,569995834,100,399,51,447,299,396
1168809273,2865142058,0,499,62,436,499,374
1208918680,3362349677,62,436,0,499,374,499
983732211,288021276,111,388,103,391,277,288
1174586204,2940638645,2,495,15,406,493,391
1105474464,1851084894,111,388,45,498,277,453
1110265949,1901214035,23,482,107,403,459,296
1074198509,1326712640,0,485,115,369,485,254
1078506290,1399189454,80,419,1,499,339,498
1280446874,4044821887,0,499,0,499,499,499
1315216690,4204294014,112,374,41,452,262,411
1053710941,1032753440,0,499,70,429,499,359
1273037240,3992490997,47,425,102,434,378,332
1310422272,4182242987,87,410,65,445,323,380
866326391,3366571,174,324,137,358,150,221
893673161,141665986,73,308,0,338,235,338
1276343134,4012861408,15,483,55,445,468,390
1003467677,393436956,225,365,179,373,140,194
1295959873,2041884721,62,437,145,353,375,208
1306806252,4167087631,106,388,51,463,282,412
1027287126,570717075,114,384,58,440,270,382
1223124820,3570546150,7,492,0,499,485,499
1128553762,2150443164,150,349,129,387,199,258
1174594370,2940640714,171,331,214,287,160,73
1262544308,3908875945,0,488,0,499,488,499
1316130499,4200872435,9,489,97,406,480,309
1267220382,3810740104,0,499,62,436,499,374
1301671844,4151002040,32,469,22,488,437,466
1257471509,3881701354,16,455,167,332,439,165
1135001302,2295316375,0,499,62,436,499,374
1275110743,4003847241,36,465,106,398,429,292
1323513776,4231856324,97,411,96,403,314,307
1133019996,2240597698,69,429,0,499,360,499
1174593598,2940640498,137,358,147,352,221,205
927602683,180669845,20,488,145,369,468,224
1252628217,3850328890,0,499,62,436,499,374
1257525687,3881701788,0,499,0,499,499,499
1004091942,401567084,93,405,26,473,312,447
1115174795,1940510740,149,348,82,419,199,337
1209261685,3320138113,63,436,0,499,373,499
1253106691,3854906469,1,499,0,487,498,487
1244541233,3785187884,0,499,121,436,499,315
1127122166,2109053936,86,440,220,489,354,269
1131909227,2214290652,0,499,0,499,499,499
1238295887,3727586999,8,489,8,490,481,482
1274897770,4001879241,77,423,90,409,346,319
1189448875,3082185810,0,499,0,499,499,499
1100061530,1711735932,110,389,51,447,279,396
1000493207,353771623,71,427,86,413,356,327
1313552161,4183490248,35,469,157,405,434,248
961973956,239251191,101,393,173,317,292,144
941678552,207257912,215,282,173,222,67,49
1244540573,3785187499,0,499,122,436,499,314
1262973806,3045339031,83,415,0,499,332,499
1225676840,3586425233,0,499,62,436,499,374
1252627521,3850328451,0,499,62,436,499,374
1064042746,1133599532,108,389,104,392,281,288
1176505487,2958505263,4,494,112,427,490,315
1318071529,1410192005,50,411,57,455,361,398
1243442362,3773724207,28,472,70,418,444,348
1264039235,3923102253,54,452,14,499,398,485
1007504725,435017091,70,428,0,499,358,499
1260268936,3893192141,39,469,44,475,430,431
1285119523,4063771146,69,443,76,446,374,370
1230829556,3639922860,71,428,0,499,357,499
867760074,1800862,78,421,0,499,343,499
1202135210,3252294825,0,499,116,499,499,383
1250928949,3836939999,64,435,0,499,371,499
971427420,262163993,88,493,225,275,405,50
845410968,74198980,76,423,10,489,347,479
914536732,158962737,84,414,0,499,330,499
1188462887,3065095710,0,499,62,436,499,374
927357672,179609083,62,436,0,499,374,499
1291737969,4099129285,88,411,0,499,323,499
1303704177,4159374147,106,388,51,463,282,412
1069977980,1260112178,67,429,15,482,362,467
1317256353,4210987249,41,393,25,480,352,455
981976337,285423697,12,486,138,385,474,247
977999046,278580884,90,408,0,499,318,499
1257990065,3878784984,49,444,8,491,395,483
1115848229,1951685673,0,499,40,499,499,459
1273798915,3992307667,62,436,0,499,374,499
1275750375,4008293483,20,476,51,451,456,400
1231768994,3651411117,0,499,63,436,499,373
1288919346,4085924293,6,497,60,474,491,414
1313390547,4197670316,157,312,65,440,155,375
1181442260,3002932932,104,400,28,492,296,464
1293315093,4104715311,33,447,124,377,414,253
1303078459,4157458333,117,373,125,351,256,226
1007586100,435096074,58,440,0,499,382,499
1273638354,3992770877,42,449,60,447,407,387
1066219896,1162842920,58,449,86,386,391,300
1035165352,610611245,141,375,153,350,234,197
1027353134,570728767,108,390,50,449,282,399
1187560527,2806785258,147,356,157,329,209,172
1007977652,435842699,100,399,146,352,299,206
1273058792,3992501000,0,499,0,499,499,499
873814641,119654639,80,418,0,499,338,499
1287873733,4061666356,0,499,135,378,499,243
834628652,67463796,172,326,116,383,154,267
1252915794,3853518925,151,347,89,406,196,317
1201814087,3249392264,31,468,8,484,437,476
1023962924,532293893,0,499,62,436,499,374
1323319122,4231696796,196,312,52,473,116,421
1276828455,4017264928,0,499,0,499,499,499
1248634622,3816939322,68,454,8,475,386,467
1317724263,4213268894,136,375,149,457,239,308
966677055,252971169,88,410,0,499,322,499
969097485,255442836,0,499,62,436,499,374
1066930005,1173353268,29,463,36,461,434,425
1260625515,3894611649,86,413,0,497,327,497
1252627024,3850328135,117,375,80,409,258,329
1051028406,969443995,68,430,0,499,362,499
1267525198,3942928426,123,375,82,416,252,334
1275130778,4004556216,0,499,0,499,499,499
836375454,71096979,86,413,0,499,327,499
1268672081,3951732304,26,419,63,435,393,372
1146391779,2033308607,141,386,126,387,245,261
1325897967,4237188591,10,488,0,499,478,499
1158647820,2702192223,0,499,0,499,499,499
1189449003,3082185814,197,313,137,365,116,228
987289664,293697186,77,421,0,499,344,499
987178672,293733323,71,427,0,499,356,499
1310331460,4182235349,29,466,73,428,437,355
1310992600,4182113698,0,495,13,489,495,476
915401755,159974114,0,499,62,436,499,374
1230442837,3637731570,37,461,125,373,424,248
1323696997,4234147797,0,499,0,499,499,499
1208107651,3350587161,0,499,62,436,499,374
1318328090,4217938640,62,499,86,499,437,413
1300923078,4149772089,174,325,194,259,151,65
862362663,102075783,125,374,0,499,249,499
1138259364,2362542564,109,394,8,495,285,487
970335389,259086713,1,495,136,363,494,227
1254366958,3861448451,28,447,115,393,419,278
1306853561,4168957329,0,499,0,499,499,499
1088828790,646733245,152,346,100,399,194,299
951840781,138768867,120,389,124,377,269,253
1261625599,3900590974,0,499,0,499,499,499
981816537,285044015,100,399,0,499,299,499
1078971993,1413003866,0,499,209,499,499,290
853995855,85257278,204,303,175,324,99,149
1300217462,4145197127,0,499,0,499,499,499
1307831919,4172828438,28,477,41,480,449,439
1010128590,428053659,109,389,0,499,280,499
1215506278,3470052832,113,398,16,496,285,480
1286447556,4072318702,0,499,62,436,499,374
1317134385,4211276381,0,499,0,499,499,499
970088641,257980972,69,429,0,499,360,499
1142603398,2453238511,73,426,0,499,353,499
1016903563,504056333,147,348,189,269,201,80
1100081043,1711734973,110,389,51,447,279,396
1277075045,4019948340,135,365,186,316,230,130
1213026040,3439087503,144,352,166,348,208,182
1156077110,2664721789,234,265,0,499,31,499
919755374,165348274,62,436,0,499,374,499
1103758416,1816434208,58,441,58,441,383,383
1169004204,2724906655,59,446,157,307,387,150
1182304116,3006401214,173,329,214,291,156,77
1322119657,4228958251,74,437,75,447,363,372
1307790356,4172825201,0,499,0,499,499,499
1243320941,3773071116,0,499,11,488,499,477
1204261284,3287306215,95,404,34,468,309,434
1267261251,3813572002,0,499,140,436,499,296
996283690,305191205,196,297,165,331,101,166
1262355381,3901678140,19,486,68,403,467,335
1324215563,4236298364,140,352,60,456,212,396
924591675,175787601,0,499,0,499,499,499
1263900118,3921319355,125,378,10,499,253,489
1241029002,3752454676,0,499,0,499,499,499
775663507,1995553,172,326,145,354,154,209
1169866704,2886259704,47,459,191,317,412,126
1231797326,3654500419,173,320,69,449,147,380
1107659923,1869201266,152,353,12,487,201,475
1267186948,3941811721,0,499,0,497,499,497
1209717287,3382587125,39,472,100,433,433,333
998473662,334571979,67,435,51,454,368,403
997858628,332155130,82,417,5,498,335,493
1279051530,4037089680,0,499,0,499,499,499
1299662838,4143344453,88,400,31,458,312,427
964886628,248251387,107,398,121,394,291,273
1200633432,3241922236,30,468,0,499,438,499
1176503876,2958499764,33,473,104,391,440,287
1323988992,4235886064,25,449,96,413,424,317
1278213977,4030627191,127,370,31,461,243,430
1026802006,569547088,104,394,50,449,290,399
990785510,298015632,38,466,72,484,428,412
1319530679,4214461537,69,430,95,400,361,305
1248632804,3816939256,14,481,171,350,467,179
1260371543,3893244895,100,405,103,380,305,277
1283800262,4061614697,0,499,0,499,499,499
1072894003,1309692521,62,436,0,499,374,499
1068068554,1188461034,0,499,109,389,499,280
1192460886,3128636167,164,333,0,498,169,498
1032006528,615398735,211,289,220,276,78,56
1277959431,4023230653,55,443,129,467,388,338
884242868,129573568,0,499,62,436,499,374
1249535671,3819983391,0,499,219,275,499,56
1020457289,519808169,70,428,0,499,358,499
1253519535,3857173092,17,434,98,437,417,339
862117631,101512786,84,414,0,499,330,499
924800363,176044079,68,431,0,499,363,499
1283932633,4061633480,52,369,60,317,317,257
1241819111,3760784045,0,499,0,499,499,499
1275627315,4006502124,0,499,0,499,499,499
1287430164,4076848296,65,439,68,440,374,372
1027028823,569652725,104,394,50,449,290,399
143770030,4367772,48,450,0,499,402,499
1211847725,446886670,156,342,100,399,186,299
1302527965,4155420867,0,426,139,420,426,281
1113114580,1832995786,173,326,34,467,153,433
844142202,71667736,68,430,0,499,362,499
1133294459,290502691,199,357,140,298,158,158
1275065526,4003838789,15,472,59,468,457,409
933366467,190311939,0,499,114,384,499,270
1133147636,2243922135,120,405,30,479,285,449
1176504132,2958500205,7,492,83,414,485,331
1209717121,3382587063,126,374,66,482,248,416
941693634,207287177,167,352,199,311,185,112
1246119083,3797081947,0,499,4,499,499,495
977849727,278540808,83,416,53,479,333,426
1256059815,3873075232,45,439,25,435,394,410
1069190206,1228311298,79,419,0,499,340,499
1240729110,3748075160,0,499,0,499,499,499
1311958297,4188997955,0,499,0,499,499,499
1275499542,4006490455,31,447,81,470,416,389
882094461,126529935,76,423,0,499,347,499
1323586537,4234241172,0,424,8,499,424,491
1282709855,4058426507,0,499,62,436,499,374
1037534231,731549390,166,337,113,385,171,272
1316213501,4209015043,100,399,100,399,299,299
1070945563,1035133871,0,499,0,499,499,499
1313331825,4197508223,23,460,85,438,437,353
1005104268,411209272,54,444,0,499,390,499
1026373279,562801838,0,499,52,447,499,395
1165642830,2805988585,49,435,44,473,386,429
1156862417,2678302235,150,349,174,318,199,144
1281432328,4042976729,51,499,0,499,448,499
1216268328,3479475229,95,403,27,499,308,472
1248836471,3817895884,8,491,0,499,483,499
1267237036,3942389843,12,488,105,400,476,295
902812529,147641038,188,311,167,332,123,165
1146822717,2524551557,0,499,0,499,499,499
1164498544,2786150056,71,428,70,428,357,358
1308353588,4175939698,187,312,8,499,125,491
1255465004,3868433850,0,499,0,499,499,499
1253136763,3854439308,154,347,91,410,193,319
1270113707,1472355280,100,399,49,478,299,429
901535856,7019482,68,431,0,499,363,499
1134610016,2287610195,0,498,0,499,498,499
1255946969,3872799193,100,399,100,399,299,299
1114010054,1929966384,0,499,160,339,499,179
1225410289,3589914271,14,478,54,451,464,397
1293404962,475480922,100,333,16,463,233,447
1257402378,3881319201,0,499,0,499,499,499
1312707949,4188898532,0,499,0,499,499,499
1261173339,3898707806,51,484,161,351,433,190
1311535851,4188101245,0,499,0,499,499,499
853508656,60516418,114,385,126,375,271,249
1011694504,454398494,0,499,62,436,499,374
1229330838,3624023638,25,470,114,414,445,300
1304021831,4160807936,93,461,76,472,368,396
1108365772,1875804558,110,389,51,447,279,396
1296956838,4129616174,58,440,0,499,382,499
1170182675,2892529517,85,410,76,426,325,350
934578506,192917509,78,432,0,493,354,493
1273096102,3992972571,51,448,116,381,397,265
252387518,3910850,70,428,0,499,358,499
1279752177,4041425521,41,460,146,364,419,218
1261192960,3898711232,48,429,83,430,381,347
1069680890,1253948127,90,406,19,472,316,453
1237278363,3716307651,76,425,136,398,349,262
956846165,209606852,0,499,62,436,499,374
1266966760,3940053408,151,354,210,450,203,240
1304126718,4149004018,0,499,83,416,499,333
1178350290,2984787238,110,387,45,460,277,415
1040938207,821945598,163,332,154,337,169,183
1280341128,4044739651,81,434,29,474,353,445
1265604111,3931890614,105,387,18,413,282,395
1092255189,1580023990,73,426,0,499,353,499
1115655897,1948844352,0,499,62,436,499,374
1284070183,4063401863,56,436,73,436,380,363
1217660144,3496487483,8,479,123,382,471,259
973606416,269653640,87,424,66,416,337,350
1037578684,731934012,75,423,0,499,348,499
977849504,278543851,75,424,35,499,349,464
1277407520,4023706246,34,465,0,499,431,499
1043181531,848472723,105,364,12,496,259,484
1318802291,4217855276,3,496,89,407,493,318
1116204213,1955366993,165,342,118,406,177,288
1299777563,1645913248,92,404,35,499,312,464
1299558534,4141724068,92,104,226,272,12,46
872395561,113882183,76,422,0,495,346,495
1283967109,4063210294,18,481,120,445,463,325
1281941748,4050717020,95,410,62,431,315,369
1283644579,4061595843,149,353,90,455,204,365
1301418649,4060898005,0,495,0,432,495,432
1190252930,2832752225,50,444,111,397,394,286
1265606415,3931891090,59,442,12,455,383,443
1047726770,189277838,83,415,0,499,332,499
1189005757,3075459133,78,409,0,483,331,483
1265214336,3929900506,243,272,255,483,29,228
1148781959,2004787626,109,389,0,499,280,499
1218825214,3519890843,95,333,47,428,238,381
1078012196,1389277880,53,446,0,499,393,499
1104324888,1842307939,72,428,140,420,356,280
1219682967,3525548690,62,436,0,499,374,499
1103855102,1820227356,240,258,112,130,18,18
1028428691,584414437,24,490,84,374,466,290
137570830,3890917,141,357,100,399,216,299
1255143959,3868751694,30,468,87,413,438,326
1266969044,3940054051,0,499,0,499,499,499
1251641725,3844518637,183,315,76,419,132,343
1298822306,4139507420,0,499,0,499,499,499
1171294635,2906423185,110,389,54,445,279,391
1030922577,605412806,0,499,62,436,499,374
1007035059,431307987,0,499,62,436,499,374
1169591146,2877000459,62,436,0,499,374,499
1115457600,1944920268,0,499,109,389,499,280
1156971785,2679537630,98,418,72,434,320,362
1253519716,3857173188,26,468,68,420,442,352
1007654230,435102063,61,438,0,499,377,499
1161118088,2732797015,70,429,145,354,359,209
1270219647,3969948725,55,452,32,479,397,447
934571582,193049915,141,358,177,322,217,145
1256969724,3876188970,0,499,0,499,499,499
1134377104,2281969256,113,380,23,366,267,343
1100812328,1711333300,0,499,62,436,499,374
466962830,50545607,150,349,105,394,199,289
1204193526,3287116231,136,362,0,499,226,499
696395430,57694767,150,349,107,391,199,284
861728295,100382752,0,499,62,436,499,374
1102536029,1798964316,0,499,0,499,499,499
1221392185,3562935040,6,481,80,422,475,342
1234822396,3691244186,151,347,56,446,196,390
1316167416,4200875827,0,499,0,499,499,499
1209809067,2087556321,11,478,17,497,467,480
987508622,294314994,169,329,132,366,160,234
1131804483,2168076576,60,411,58,396,351,338
1222842852,3566516087,77,421,0,499,344,499
876809883,12847637,104,394,0,499,290,499
493690441,51460138,193,290,142,391,97,249
1250948868,3836750857,14,495,8,495,481,487
1307872402,4173007674,64,433,21,453,369,432
1316942453,4211077807,27,440,21,475,413,454
993211216,301052076,0,499,108,390,499,282
1307884432,4172855113,5,490,8,489,485,481
1251592710,3844081426,127,374,163,351,247,188
936566918,196226701,0,499,75,424,499,349
1011772750,234314548,35,466,149,415,431,266
1094846514,1629867492,14,342,230,274,328,44
1026777514,569540693,102,396,50,449,294,399
1289011650,4085959704,56,444,132,440,388,308
1008163912,436105980,109,389,48,451,280,403
878175590,123409197,0,499,62,436,499,374
1276428712,4013272266,0,474,117,385,474,268
150427230,3408563,90,409,50,449,319,399
1239446537,2956594442,41,458,113,361,417,248
1175374864,2947233244,117,446,123,394,329,271
1084112585,1493497359,62,436,0,499,374,499
9011930,1399050,86,413,0,499,327,499
851436819,83449203,150,349,107,391,199,284
1248695601,3817387947,84,416,14,486,332,472
1318718387,4212979981,44,420,147,372,376,225
1283403770,4061577028,0,499,0,499,499,499
1298083820,4111435571,44,482,57,433,438,376
1077108458,18645455,101,397,0,499,296,499
1017151369,413170467,190,309,153,345,119,192
1323689642,4234147417,0,499,0,499,499,499
1253471173,3856810170,68,435,99,437,367,338
1325276450,4240795432,102,383,122,403,281,281
1196319156,1444859010,181,317,150,349,136,199
1174518550,532978746,12,488,153,384,476,231
1267233685,3942389753,100,381,85,407,281,322
864310120,105675192,68,431,0,499,363,499
1323315304,4231696533,0,499,0,499,499,499
1244541034,3785187832,0,499,129,436,499,307
1147719018,2528526696,0,499,62,436,499,374
1236621902,3709636154,0,499,109,389,499,280
1084422809,1495670791,31,468,92,408,437,316
1282343631,278687472,99,399,26,471,300,445
1254478410,3861825628,15,486,74,414,471,340
1299295312,4141676123,120,389,46,442,269,396
1317241007,4211714381,83,425,138,457,342,319
1306577350,4167082341,106,388,51,463,282,412
1323725983,4234269612,9,499,0,499,490,499
1259377014,3887634286,0,499,0,499,499,499
1075761785,16609267,51,448,0,499,397,499
1301143063,4150865160,110,389,54,445,279,391
1117991654,1978506018,208,298,184,265,90,81
1258508649,3885602751,82,403,67,435,321,368
1322046001,4230102447,125,374,125,354,249,229
1294390529,4123083550,0,499,0,499,499,499
1123660408,2060555281,126,373,142,363,247,221
1316260113,4200881193,27,474,84,418,447,334
1303684371,4159315986,106,388,51,463,282,412
1291092298,4098857446,62,436,0,499,374,499
249116286,2923030,173,326,180,319,153,139
1133292598,138715863,98,406,82,408,308,326
1317999792,4211231726,112,395,13,481,283,468
1238292912,3727585573,0,499,0,499,499,499
1251599310,3844057460,74,442,45,478,368,433
1205708197,2757712412,56,433,218,411,377,193
1253152045,3855161622,13,481,145,387,468,242
1039791252,802854305,103,395,2,497,292,495
1276446759,4013276239,7,499,0,493,492,493
97780330,3085256,102,396,55,436,294,381
1078767239,1404701945,0,499,0,499,499,499
1311552990,4187540913,0,499,72,426,499,354
1275611666,4007155254,0,499,0,499,499,499
1310230398,4182227110,114,364,110,364,250,254
1257415827,3881319805,165,393,84,413,228,329
587174923,51102856,150,349,107,391,199,284
1239517528,3267020532,181,318,150,349,137,199
1100080791,1711735678,110,389,52,446,279,394
861362372,99620456,64,434,0,499,370,499
1274140347,3997449018,0,499,1,498,499,497
1240189515,3744198244,30,479,160,358,449,198
1282996118,4057856060,0,499,0,499,499,499
940608611,204554892,0,499,70,429,499,359
1258794671,3883743822,68,431,0,499,363,499
1152226363,2602083098,0,499,62,436,499,374
1047752039,914451293,0,499,63,436,499,373
889997274,136138580,180,340,112,383,160,271
1283577911,4061482251,0,499,0,499,499,499
846544982,75870816,0,499,62,436,499,374
1251035724,3837112235,0,499,0,499,499,499
1261192292,3898711186,247,269,88,98,22,10
1069756056,1237001324,0,499,62,436,499,374
1065239039,1149598183,77,421,6,492,344,486
1325966939,4239813041,0,499,0,499,499,499
1087119576,1519198853,0,499,62,436,499,374
1020106648,519569055,24,478,29,473,454,444
1293152488,4116332139,0,499,62,436,499,374
1242936208,3768023158,0,499,83,415,499,332
1240145563,3743594821,103,382,107,309,279,202
1244541036,3785187833,0,499,129,436,499,307
929737268,183374530,72,447,135,409,375,274
1317921012,4215804458,65,423,144,360,358,216
1276288935,4012660130,67,372,14,478,305,464
1003160003,390987066,92,406,0,499,314,499
1277764646,4026047378,42,456,23,498,414,475
830617969,62968293,62,436,0,499,374,499
1288092241,4079556140,0,499,0,499,499,499
1319053272,4220469951,169,321,170,327,152,157
1007198585,433295429,73,425,0,499,352,499
358685876,48946969,65,434,0,499,369,499
954360049,218391904,181,315,122,392,134,270
1200732073,3243349622,0,499,83,415,499,332
1174584773,2940638405,79,440,49,446,361,397
1299206307,4141881820,0,499,128,370,499,242
1175701500,2950063385,0,499,62,436,499,374
1247693624,3812644314,80,499,126,408,419,282
1277494917,4019796309,45,442,69,401,397,332
1062827362,1112747959,62,436,0,499,374,499
1188528045,1952783538,28,462,51,428,434,377
1324223318,4236298583,71,415,39,453,344,414
1235302171,3692387878,0,499,0,499,499,499
1026970875,569650072,106,393,50,449,287,399
1274005278,3995367813,0,499,0,499,499,499
1286626924,4075753300,142,357,99,400,215,301
1268742760,3937054936,146,342,50,397,196,347
1282290183,4056000817,19,480,97,402,461,305
1320481231,4224687466,0,499,0,499,499,499
1324143801,4236042752,0,499,0,499,499,499
987676291,294489014,8,476,18,474,468,456
1304111497,4144863248,23,459,161,330,436,169
457047496,50418756,84,415,57,441,331,384
1313212914,4182793872,45,440,104,434,395,330
1188427101,3064472454,96,402,0,499,306,499
1250268188,3831364139,0,499,167,436,499,269
1238999596,3731557292,0,499,103,395,499,292
1263668448,3920517119,46,452,0,499,406,499
1165616005,2805735805,10,489,199,376,479,177
971430951,262169780,99,394,154,422,295,268
989673999,296816914,68,430,0,499,362,499
874731005,75809949,85,427,91,407,342,316
1275604253,4006499838,0,499,0,499,499,499
889298940,135492704,30,472,114,386,442,272
398457950,6439501,85,414,0,499,329,499
881910958,126380399,145,354,100,399,209,299
1189873476,3067183360,228,411,71,429,183,358
1152181588,2601268653,41,461,117,385,420,268
1316211924,4209014358,147,337,137,382,190,245
1287430325,4076848304,48,456,110,380,408,270
1303119841,4157460346,34,471,101,397,437,296
1310579966,4182257154,172,325,5,492,153,487
1190865550,3098367911,83,415,0,499,332,499
1038351154,749152053,38,462,143,358,424,215
1240714531,3748198924,0,499,0,499,499,499
1299183055,4141562789,49,417,105,456,368,351
1190251103,1987347630,231,277,93,409,46,316
1154645645,2515142192,27,476,66,439,449,373
1249535249,3819982113,130,369,170,329,239,159
1305107006,4164667037,106,388,51,463,282,412
1211375009,1831158676,88,412,23,473,324,450
1311213283,4186472108,55,425,87,413,370,326
1307232994,4170969406,0,499,0,415,499,415
1156265977,1173126404,18,479,142,359,461,217
1231930239,3655750600,79,435,12,486,356,474
1104437720,1712822741,149,349,104,375,200,271
1076353144,1361968513,182,312,169,331,130,162
1270519763,3972159781,91,408,0,499,317,499
1257250371,3879892309,0,499,0,499,499,499
1305529797,4165987044,31,484,113,397,453,284
1098083598,1678580998,0,499,109,389,499,280
1293331789,4104740926,37,467,91,420,430,329
1268414184,3951005076,0,499,83,416,499,333
1322094857,4229651018,23,478,30,468,455,438
1131358872,2202609474,67,431,0,499,364,499
1308711929,4177589364,36,482,55,426,446,371
876616631,121964490,105,393,104,394,288,290
1100082188,1711732737,110,389,50,448,279,398
1260373383,3893471850,138,355,184,312,217,128
1018124337,508471847,0,499,18,481,499,463
1109107815,1882348326,72,425,71,432,353,361
1243389287,3773728834,19,480,20,479,461,459
1026796573,569569318,102,397,50,449,295,399
1275398175,4003970447,26,470,64,458,444,394
1259290786,3887624277,12,483,24,470,471,446
1242873990,2621044881,100,399,8,490,299,482
1273025759,3992386534,0,499,0,499,499,499
1196819017,3198847979,0,499,80,418,499,338
1317940301,124198600,64,434,67,432,370,365
1308818805,4177837804,0,498,0,499,498,499
1309805529,4182051795,124,439,24,453,315,429
1324210637,4236298213,63,441,55,457,378,402
938022511,199331426,25,474,94,403,449,309
965153568,249773455,0,499,62,436,499,374
1185532769,3020500112,62,436,0,499,374,499
858043318,92234449,69,424,0,499,355,499
1286428088,4071552251,0,499,0,499,499,499
1237260892,3716298874,0,493,16,499,493,483
1308904386,278395352,124,381,37,447,257,410
1261193352,3898711258,15,479,98,410,464,312
1260917794,3896311866,31,468,70,429,437,359
1121420247,2035478955,13,488,118,403,475,285
1317642826,4213260422,0,499,0,499,499,499
744443889,60506068,0,499,49,450,499,401
1285055435,4063744039,0,499,0,499,499,499
1319539722,4220840858,162,415,82,420,253,338
1321893684,4229382182,40,465,114,386,425,272
1261241033,3898889219,53,464,93,384,411,291
1250963058,3836805031,0,499,0,499,499,499
1110456793,1902744738,74,456,91,420,382,329
993492294,301509171,73,366,93,394,293,301
1257699852,3881725155,29,478,91,417,449,326
1254304690,3859876635,65,451,129,359,386,230
1275711010,4006539138,0,499,0,499,499,499
1100054826,1709708524,201,290,163,338,89,175
911177868,155426110,78,421,0,499,343,499
1308893661,278381924,100,399,61,438,299,377
1109471956,1889745307,116,491,158,493,375,335
1265563607,3931849848,0,499,0,499,499,499
1115683186,1949020190,0,499,117,382,499,265
1307848547,4172911602,48,425,56,443,377,387
1244537798,3785102022,0,475,105,499,475,394
887949546,134199353,199,299,180,319,100,139
1290544529,4094575987,10,490,57,381,480,324
1019342860,516409253,24,460,13,486,436,473
874731798,74272344,86,410,6,496,324,490
1146395799,159034855,31,483,195,305,452,110
1193169003,3138442284,7,493,106,412,486,306
925230892,176733416,0,499,61,437,499,376
1283920915,4061632087,61,377,29,470,316,441
1321053446,4221677504,7,495,77,426,488,349
876652310,121842876,79,421,2,497,342,495
1053580543,1035080797,81,417,0,499,336,499
1279088096,4037091859,0,499,0,499,499,499
1254297849,3861170515,0,499,0,499,499,499
1258030718,3883414665,96,418,36,467,322,431
1038312219,748729131,156,343,100,399,187,299
1145296941,2494378487,0,489,12,491,489,479
986505619,292559284,218,301,223,291,83,68
1262621469,3908525798,0,499,0,499,499,499
1255623978,3808938166,0,499,62,436,499,374
1193173180,3138603439,0,499,109,389,499,280
1107660058,1869200657,127,350,70,428,223,358
867921233,5130517,81,417,0,499,336,499
1201839441,3249410707,63,447,112,383,384,271
1178304750,2983212926,0,499,101,397,499,296
1242116810,3762612213,186,314,195,305,128,110
1255947398,3872799281,117,388,145,364,271,219
1097548157,1672814079,56,442,0,499,386,499
1265217462,3929900655,0,499,0,499,499,499
1237651293,3722110999,235,276,56,250,41,194
1263009890,3069717073,162,329,208,300,167,92
1301321103,4151250272,142,283,149,371,141,222
1303400084,4158391455,45,455,88,437,410,349
1248226516,3814581099,24,478,24,473,454,449
1309056613,288980835,171,333,28,465,162,437
844688452,73010124,69,430,0,499,361,499
1179031066,2990110441,75,423,0,499,348,499
1282803778,4059280585,38,431,69,452,393,383
1280524968,4045105213,0,499,21,437,499,416
1018046571,507975843,0,499,63,436,499,373
1260714123,3895345121,56,472,78,351,416,273
1133293014,203642958,116,159,321,380,43,59
183203130,5640264,92,407,0,499,315,499
1213821882,3449765212,62,436,0,499,374,499
1260224191,3894913099,0,499,68,499,499,431
1299495598,4141571389,20,469,96,411,449,315
1248032987,3813729847,0,499,0,499,499,499
1191804997,3116680185,127,375,177,320,248,143
1258314724,3881732539,0,499,0,466,499,466
1070610177,1270015109,17,499,17,498,482,481
930569629,184529845,89,409,0,499,320,499
1253331779,3856413077,93,390,159,329,297,170
1283486456,4061580446,24,474,97,444,450,347
1250925064,3836884807,10,485,161,478,475,317
1093417712,1599701174,68,431,45,453,363,408
1019394503,516549199,0,499,109,389,499,280
1258857195,3887562226,118,499,51,429,381,378
1116377665,1960222816,84,414,0,499,330,499
996082037,304796694,8,477,202,296,469,94
1261380749,3898717156,0,499,1,499,499,498
1227217601,102678621,188,310,156,342,122,186
1192147197,3122610844,68,432,22,488,364,466
1317332365,4122566124,89,406,125,307,317,182
1251439086,3842663137,19,474,75,404,455,329
1239356217,3737245460,0,499,0,499,499,499
1010794356,448478992,62,436,0,499,374,499
1284755373,4065771552,176,321,66,458,145,392
1204201575,3287128142,0,499,109,389,499,280
1312755914,4196037637,76,420,9,444,344,435
1209717470,3382587271,43,487,16,468,444,452
310345046,6909446,126,372,71,428,246,357
893017928,140393813,50,449,122,369,399,247
1261172793,3898707488,180,321,62,418,141,356
1283468478,4061476316,0,499,0,499,499,499
1275456546,4006485080,63,446,96,383,383,287
1254913605,3866822992,20,477,54,452,457,398
1115744952,1949766384,0,499,0,499,499,499
1309574940,2706264656,108,391,120,393,283,273
507951089,52325741,62,437,0,499,375,499
1312855528,4196057548,14,491,65,430,477,365
1243751427,3775263747,90,409,25,475,319,450
1266170130,3935902487,0,499,0,499,499,499
1256861331,3874567405,0,499,1,498,499,497
1240226407,3745006188,25,481,148,352,456,204
1273303768,3992610029,19,482,43,467,463,424
1260711709,3895283112,0,499,0,499,499,499
1133771016,2265174122,42,439,100,420,397,320
958236983,227183356,0,499,62,436,499,374
1282939500,4057769221,41,460,118,435,419,317
1275192287,4005135455,84,415,0,499,331,499
1297070659,4110237483,19,479,105,431,460,326
1317445760,4213176895,127,370,116,410,243,294
1269778640,3962608414,0,499,0,499,499,499
1311612615,4188731975,1,498,0,499,497,499
1323274260,4231688847,24,469,17,448,445,431
1093057672,1595544470,69,429,24,474,360,450
1318959640,4213868749,0,499,191,221,499,30
1256785247,3875046445,97,418,123,427,321,304
1254747137,3864929659,0,499,0,499,499,499
1220236404,3541028482,64,445,163,362,381,199
1285919114,4071502986,79,419,0,499,340,499
1204227399,3287243482,36,461,125,381,425,256
1192460794,3128635763,167,333,18,473,166,455
1064796125,278533404,153,345,119,385,192,266
1309965243,4181943812,56,431,72,400,375,328
1313453771,4197678054,0,499,0,499,499,499
1187560801,2806785369,149,358,156,325,209,169
867574706,81700007,70,429,10,489,359,479
1277953455,4023228266,0,499,0,499,499,499
1304141555,4160953062,106,388,51,463,282,412
1211878920,3412268043,164,347,15,424,183,409
917919887,163556337,0,499,72,426,499,354
1264434293,3847254406,97,365,90,414,268,324
1198253220,3213321992,0,499,0,499,499,499
1279492460,4037936814,19,492,70,442,473,372
1158399693,2462193779,171,360,122,372,189,250
1107660035,1869200542,18,488,59,474,470,415
1322981860,4231798115,120,389,92,404,269,312
1301011932,4150114277,150,341,161,342,191,181
1015522038,484961755,94,411,171,348,317,177
1279047294,4038117749,130,365,122,402,235,280
1304048805,4160929205,106,388,51,463,282,412
1252595251,3848479281,78,421,0,499,343,499
1108247469,1872730619,0,499,109,389,499,280
1288126342,4079557049,85,372,18,490,287,472
1161823782,2743658729,69,429,0,499,360,499
1308832473,319488038,100,399,8,490,299,482
1280495115,4045004400,52,486,72,493,434,421
1296373589,4130471042,79,424,110,378,345,268
1062766743,1119375728,139,359,123,399,220,276
1260248728,3893011609,130,365,157,343,235,186
1174374129,2937221055,89,413,115,329,324,214
1282528952,4057542985,53,471,21,469,418,448
1186526075,3031830953,0,499,0,499,499,499
1250615459,3834243504,0,499,62,437,499,375
1271567631,3976965901,22,481,164,347,459,183
1267324018,3942319235,0,499,0,499,499,499
1078628532,1401200183,0,499,83,416,499,333
1008227603,436163977,20,467,34,444,447,410
875433387,121470816,69,429,0,499,360,499
1277534657,4019813958,0,499,0,499,499,499
955941592,95685657,0,499,84,415,499,331
283242710,73468742,45,454,0,499,409,499
1273036027,3992539257,0,499,0,499,499,499
1221765880,3566351118,44,450,126,373,406,247
1283716687,4061605926,245,267,0,499,22,499
1178481854,2986685915,20,479,10,458,459,448
1121534211,2037676577,0,499,0,499,499,499
1246404077,3798830208,123,379,75,481,256,406
1287196629,4074486162,0,499,0,499,499,499
855899556,88722473,204,294,185,314,90,129
1250465090,47838216,69,429,0,499,360,499
1026951289,569770878,110,389,50,449,279,399
1065003296,1144859174,82,416,0,499,334,499
1065729079,1153791262,0,499,62,436,499,374
1254432259,3861647900,322,477,251,295,155,44
937368210,197619892,94,405,27,471,311,444
1088677402,1539249213,112,386,0,499,274,499
1100067666,1711734657,180,319,151,347,139,196
1231550009,3652373573,67,417,89,441,350,352
1241400378,3756588687,200,298,191,314,98,123
1260239952,3894921610,69,429,73,430,360,357
1235438928,292570914,49,426,144,364,377,220
1102444402,1798549015,79,405,4,466,326,462
1293343269,4104734453,94,413,114,412,319,298
1248862345,3817906406,94,405,69,430,311,361
1240729036,3748207087,68,429,100,438,361,338
977574192,278493607,104,395,0,499,291,499
1273368318,3992624993,40,455,53,448,415,395
1272459121,3978978453,128,370,0,499,242,499
1316108775,4200870053,4,496,30,445,492,415
1219888327,3532976259,0,499,0,499,499,499
1276060641,4010225412,2,499,0,499,497,499
1293193843,4116849098,0,499,0,499,499,499
1278035349,4029137015,14,491,122,423,477,301
1049127928,948822747,71,428,0,499,357,499
1073309673,1317345625,62,436,0,499,374,499
1211817372,2135101407,0,499,75,424,499,349
1027036775,569735388,116,383,50,449,267,399
1061547406,567636630,14,499,136,362,485,226
862426573,102155486,195,304,172,326,109,154
956385723,138733648,10,494,130,368,484,238
1174591600,2940640127,59,415,18,490,356,472
1009309255,440694316,102,397,50,449,295,399
1305769152,4166642933,106,388,51,463,282,412
1267232854,3942390942,0,464,14,469,464,455
1273709866,3992776819,77,429,82,431,352,349
250116059,7370806,68,430,0,499,362,499
1189546106,3082699314,114,372,10,473,258,463
1274679950,53589790,115,383,0,499,268,499
1269380926,3957780451,0,499,0,499,499,499
1027049713,569859125,100,399,55,444,299,389
1259855142,3889219710,0,499,0,499,499,499
1255655156,3870708653,0,499,0,499,499,499
1261414753,3898723749,0,499,0,499,499,499
1068691582,1190602802,0,499,86,412,499,326
1295220302,4125633104,0,499,0,499,499,499
1280129806,4019916183,4,494,5,493,490,488
1192460931,3128636211,0,499,233,266,499,33
835773662,69887248,100,399,64,434,299,370
1279999698,4042587906,1,486,18,497,485,479
1285847794,4070701386,0,499,0,499,499,499
1288121062,4079557001,30,473,107,427,443,320
1008047496,435903366,150,349,107,391,199,284
1095856559,1640503462,0,499,62,436,499,374
1272146704,3986442015,140,336,54,454,196,400
1053371297,1030760477,90,408,0,499,318,499
1133544831,2254848300,0,499,111,387,499,276
1131804287,2168076450,32,455,75,427,423,352
941678711,207258154,158,330,161,311,172,150
987485190,294325415,95,405,67,431,310,364
469983430,50580922,110,389,50,449,279,399
1026848774,569578034,110,389,50,449,279,399
1276314554,4012724247,0,499,0,499,499,499
996052728,78883637,62,436,0,499,374,499
1130322304,2179745341,0,499,99,399,499,300
905285705,149878710,199,300,203,299,101,96
1132081700,2219573769,108,377,48,459,269,411
1260350721,3893243974,52,499,0,499,447,499
1275329892,4003960848,26,482,48,472,456,424
1278245007,4031159030,42,457,52,446,415,394
1009887353,241257913,105,393,150,349,288,199
1277972366,4028500471,19,479,109,353,460,244
1278838470,4037445483,19,467,24,484,448,460
1026374880,562802098,0,499,52,447,499,395
1125638642,2093594557,128,367,177,321,239,144
931184419,185514691,0,499,83,361,499,278
964629458,247668820,224,271,216,283,47,67
1261233200,2985669498,15,483,32,444,468,412
1028874689,589111355,4,498,110,384,494,274
1008881787,166263922,77,421,0,499,344,499
891738253,138464469,112,399,116,383,287,267
1261192077,3898711163,172,326,73,434,154,361
1235404548,3693444395,66,433,0,499,367,499
1198826662,1616874550,144,354,100,399,210,299
1253217570,3854773002,169,495,3,494,326,491
1264044539,3923103521,0,499,0,499,499,499
1088621081,1540829448,109,389,0,499,280,499
1156074002,2664721342,236,264,195,222,28,27
1324744121,4238069984,128,370,5,484,242,479
1251644783,3844296262,25,474,76,412,449,336
1109858616,1894610390,0,499,62,436,499,374
1257238840,3879893493,90,411,13,472,321,459
1267522716,3943296097,47,458,23,475,411,452
876569362,82572088,68,431,0,499,363,499
1027231319,570615876,120,379,50,449,259,399
1167619730,2829568841,116,383,0,499,267,499
1192648102,3130315384,62,436,0,499,374,499
1260623407,3894608057,44,455,0,499,411,499
1032428534,622613635,20,475,246,445,455,199
989470437,296194913,117,381,65,434,264,369
1014674195,473934347,76,422,0,499,346,499
1245210742,3789601023,35,443,120,396,408,276
975808605,71404637,75,423,0,499,348,499
1066924349,1173287384,68,431,0,499,363,499
1262071758,3139068567,163,336,70,429,173,359
1273246636,3992593962,75,436,71,460,361,389
1009244931,440550842,160,339,130,369,179,239
306394630,46553296,82,416,14,485,334,471
1040410750,812540360,30,467,8,494,437,486
922170752,170807972,215,269,109,392,54,283
1243658939,3775275019,0,499,169,436,499,267
1323331381,4231413448,0,499,16,499,499,483
1319184981,4219551553,171,332,145,395,161,250
1260610733,3894558905,71,449,112,416,378,304
1249533492,3819977623,54,449,18,491,395,473
1185806238,2724076412,156,343,174,296,187,122
1322830147,4169062459,0,499,0,499,499,499
1192013394,3120284888,167,332,30,460,165,430
1078333491,773359036,137,361,100,399,224,299
1267256048,3942392924,10,489,112,368,479,256
1016637264,484659852,80,418,0,499,338,499
1136543352,2332095154,222,271,0,499,49,499
1311977122,4189037316,0,499,0,499,499,499
1042183210,838247696,59,436,7,499,377,492
1008017936,435892780,124,374,50,449,250,399
1314540640,4202304486,144,344,29,437,200,408
1299551690,4141712170,53,476,222,397,423,175
1311513495,4187649748,78,420,0,499,342,499
857305295,91103195,57,393,130,407,336,277
1228122159,3610187193,62,436,0,499,374,499
1272737703,3990162552,0,499,0,499,499,499
1260237486,3894918259,33,479,36,470,446,434
1117719129,1976628865,101,428,70,444,327,374
1283792723,4061614378,0,499,0,499,499,499
1172682949,2920144171,0,499,0,499,499,499
1290892531,4097667978,136,362,195,449,226,254
1016657537,500872423,6,491,82,416,485,334
1316225509,4200879102,36,475,30,403,439,373
1007620576,435045531,73,425,0,499,352,499
1316215266,4200877967,6,493,89,440,487,351
1271766402,3980363790,42,462,63,433,420,370
1265000523,3928961198,179,356,275,350,177,75
1264315592,3925255067,73,426,0,499,353,499
969730693,256421997,0,499,62,436,499,374
1322777730,4231405882,0,499,0,499,499,499
906120328,150563765,101,398,0,499,297,499
1270302458,3970693707,100,399,100,399,299,299
1316100616,4200869150,38,475,64,499,437,435
862781054,93161189,67,432,13,499,365,486
1000812600,358964915,103,397,20,464,294,444
1277803036,4023048851,0,499,0,499,499,499
1275613423,4007155304,40,446,67,462,406,395
1258327836,3883424230,0,499,0,499,499,499
1052071145,978486198,51,435,174,401,384,227
1079189377,1415289164,58,441,0,499,383,499
1257837874,3883210732,0,499,7,499,499,492
1044092669,856450841,90,408,0,499,318,499
927792266,181043657,57,441,0,499,384,499
1071869204,298735628,158,340,100,399,182,299
987435541,294329316,154,394,35,475,240,440
1089473794,1553194087,61,72,202,302,11,100
966459027,252973393,0,499,62,436,499,374
1013189902,464629380,95,299,33,478,204,445
863570809,104394122,0,499,83,415,499,332
1243000394,3769329870,0,499,62,436,499,374
1253462884,3856809877,130,456,41,481,326,440
1301418478,4060897742,0,467,0,499,467,499
1292556889,4108951470,2,498,130,362,496,232
1311054376,4182118038,0,499,0,499,499,499
1195318908,3167242570,0,499,62,436,499,374
1255308943,3868417261,0,499,0,499,499,499
1268985348,3955070592,0,499,0,499,499,499
977043136,277298179,110,387,58,486,277,428
1313198828,4198225221,157,343,74,403,186,329
1301245511,4151247162,6,497,111,379,491,268
1244541427,3785188032,0,499,62,436,499,374
1235686237,3697784398,32,474,60,460,442,400
1282522790,4057540538,49,499,0,499,450,499
80954530,1706654,179,320,165,334,141,169
1276728744,4014994971,0,499,46,453,499,407
1318061316,2825545509,31,474,78,419,443,341
1225873343,3593528167,110,401,100,394,291,294
1318278081,4186857431,42,440,23,476,398,453
1298277623,4139237432,92,406,70,381,314,311
1174590151,2940639611,206,300,183,302,94,119
1282836433,4057527129,152,385,25,446,233,421
1301346835,4150979627,39,468,23,417,429,394
977846864,278814082,100,349,200,299,249,99
1250250910,3831234589,0,499,0,499,499,499
1234873302,956850827,191,241,207,398,50,191
1291738314,4098209752,63,450,17,495,387,478
1266079156,3936746364,0,499,62,436,499,374
1274714947,449685,74,424,0,499,350,499
897293892,143303357,76,423,0,499,347,499
1088173470,1534178385,19,486,126,313,467,187
1282003601,4050752604,67,467,93,471,400,378
1241367582,3755852010,62,436,0,499,374,499
974060920,270700691,0,499,62,436,499,374
1063893803,1070841396,9,478,145,316,469,171
1293172665,4116506934,26,475,20,470,449,450
885868793,131621155,95,403,3,499,308,496
1026155746,560343262,62,437,0,499,375,499
959275806,231485444,91,402,148,360,311,212
1282963975,4057770668,0,499,0,499,499,499
1323995114,4235886492,86,409,163,337,323,174
974272857,271071646,0,499,62,436,499,374
1307828300,4172827940,36,409,70,458,373,388
1309998804,4181947924,68,378,173,346,310,173
1239700068,3739040386,85,407,132,377,322,245
1317363937,4212779625,102,484,134,396,382,262
1203079045,3268903908,121,381,28,471,260,443
1275565896,4006495357,65,432,91,442,367,351
1162689658,731620960,155,344,100,399,189,299
1268709508,3951838223,6,481,16,479,475,463
1302567796,4155424874,151,396,56,454,245,398
1181408050,3002762051,130,368,7,492,238,485
850675715,82250181,106,407,11,493,301,482
1292901805,4113733812,21,473,103,452,452,349
1313053500,4197487206,0,499,0,499,499,499
1255299325,3864099169,0,499,62,436,499,374
1085969584,1503599775,62,436,0,499,374,499
1244326352,3782771610,0,499,126,436,499,310
1248832369,3817888850,9,492,0,499,483,499
1138921659,2377602450,156,342,100,399,186,299
1310986872,4182113356,0,499,0,499,499,499
961601050,238057877,73,425,0,499,352,499
854502630,87135396,186,313,140,359,127,219
1161617887,2740418476,0,499,62,436,499,374
1211398571,3397449858,111,388,98,398,277,300
1040282940,810493442,9,490,109,383,481,274
1215374576,3470039126,68,416,6,488,348,482
1276014707,4010222883,148,359,157,488,211,331
1291865711,4104159310,88,429,49,379,341,330
1256870770,3875262590,0,499,55,443,499,388
1061574452,3808501090,137,334,157,474,197,317
908472851,152877253,0,499,62,436,499,374
1323336430,4231815170,91,425,95,426,334,331
1267934284,3944537023,0,499,0,499,499,499
941622096,207151567,153,354,194,308,201,114
1324031366,4235889435,32,464,137,350,432,213
1301631724,4151267260,0,499,0,499,499,499
1302806805,4156327020,154,344,121,373,190,252
1034457290,674334886,62,436,0,499,374,499
1275495496,4006489082,0,499,0,499,499,499
1264043996,3923103453,22,470,25,477,448,452
1174593421,2940640470,9,491,92,467,482,375
862579164,102704485,92,408,60,438,316,378
869272581,113120457,0,499,47,451,499,404
1244548375,3785102806,98,393,116,421,295,305
1211789697,3410000392,39,455,153,326,416,173
1273046313,3992496617,77,411,73,394,334,321
1275611610,4007155252,6,490,53,465,484,412
1108737609,1878218188,110,389,36,463,279,427
1308783079,4177860149,0,499,0,499,499,499
1154825008,2626776675,62,436,0,499,374,499
1256449946,3871910061,77,421,0,499,344,499
1278197165,4030618028,158,324,162,344,166,182
1262299685,3906636695,0,499,0,499,499,499
1140976816,1892600277,87,357,57,465,270,408
1309181692,4178755252,0,499,62,436,499,374
1301529489,4150996734,166,346,133,347,180,214
894939592,85731190,89,409,0,499,320,499
1285873629,4017685039,171,309,58,443,138,385
1178384263,2985332445,137,361,122,375,224,253
1262280846,2553366839,73,426,0,499,353,499
966845879,252613947,0,499,3,496,499,493
1286966180,4076976209,35,465,48,465,430,417
1006331850,423099044,77,422,0,499,345,499
1061002474,1099802751,100,399,19,479,299,460
1033640553,657327320,42,452,161,381,410,220
1017283426,505389020,149,350,68,431,201,363
1117934831,1978150392,150,349,132,387,199,255
1066245381,1133038115,84,415,0,499,331,499
1190252615,2832752203,0,499,67,432,499,365
1308897623,278680561,125,375,27,468,250,441
1282544788,4057545209,48,459,154,378,411,224
1233221910,3675575391,0,499,62,436,499,374
1117498613,1974799599,69,430,0,499,361,499
1047757480,914111031,69,429,0,499,360,499
975261522,273178111,0,499,32,466,499,434
197400630,2923035,4,492,0,498,488,498
1035158998,610611141,141,346,156,347,205,191
1276431883,4013272965,1,393,38,450,392,412
1146981211,2527236622,70,429,145,354,359,209
1311396665,4187115522,0,499,0,377,499,377
987913959,294822036,85,412,26,475,327,449
308097718,19210278,0,499,62,436,499,374
946530575,203948672,177,322,156,342,145,186
865305881,107577925,121,378,129,370,257,241
1290118651,4091770295,71,428,199,312,357,113
1015721689,58466465,0,499,109,389,499,280
1221992902,3567915228,26,459,126,428,433,302
1027023915,569919938,118,381,50,449,263,399
941678684,207196225,215,282,173,222,67,49
1279235071,4037103386,147,368,28,462,221,434
1106360456,1864410054,22,489,28,472,467,444
1275982919,4010220618,59,413,67,464,354,397
999365772,342122194,91,408,174,316,317,142
1238742928,3729479324,19,492,70,442,473,372
215074430,6180009,165,335,126,374,170,248
661702433,5283896,80,422,18,490,342,472
848112793,2437026,68,431,0,499,363,499
940544089,138731059,194,307,190,342,113,152
1320750179,4224768492,0,499,0,499,499,499
1053585149,1035104196,80,419,0,499,339,499
1275186839,4003932365,24,489,22,465,465,443
1061612085,1104280875,57,442,0,499,385,499
1195811726,3171082987,0,499,83,415,499,332
1309648956,4179726909,122,416,155,363,294,208
1287514509,4078699828,50,440,59,444,390,385
1165477634,2800614771,62,436,0,499,374,499
1258615799,3883455425,111,480,0,499,369,499
1273681774,3992774781,27,486,32,470,459,438
1100068679,1711732125,110,389,48,450,279,402
1262732650,3910821637,84,350,98,376,266,278
1063052186,1122402028,0,499,62,436,499,374
949386765,212342805,224,289,158,358,65,200
1279765680,4041457873,22,388,60,459,366,399
1251479459,3842784520,15,491,13,495,476,482
1301340417,4151250997,37,438,107,404,401,297
1292596202,4111745982,81,433,97,385,352,288
1267939984,3944874192,69,447,59,460,378,401
1316250438,4200880349,37,472,30,414,435,384
958568184,228489654,160,344,185,336,184,151
1292771013,1974917167,154,349,79,413,195,334
1222597019,3571601661,0,499,63,435,499,372
1075731307,1351305503,0,499,0,499,499,499
988506012,295651448,227,358,141,299,131,158
1241408888,1964580455,186,308,163,335,122,172
1269723611,3961997552,0,499,0,499,499,499
1244540571,3785187498,0,499,122,436,499,314
1305166925,4164674234,106,388,51,463,282,412
1318488755,4219136980,0,499,25,474,499,449
937458607,197915781,73,426,0,499,353,499
1099156901,1700478264,0,499,118,380,499,262
941678600,207258102,140,359,140,359,219,219
1306795397,4167085691,106,388,51,463,282,412
1275160858,4003928308,0,499,0,499,499,499
1192188597,3123055845,68,432,22,488,364,466
1273170526,3993178256,38,451,130,361,413,231
1057220914,1072680436,21,478,0,499,457,499
956536559,222490407,204,300,185,319,96,134
862578908,102703575,93,405,57,447,312,390
868924717,112716136,101,398,0,499,297,499
1134499519,125100658,0,499,109,390,499,281
1278118459,4029703855,0,499,0,499,499,499
970954166,261002951,73,426,0,490,353,490
1009258490,440565136,104,395,50,449,291,399
1175970573,2952310783,0,499,12,486,499,474
1123054237,2045150036,19,483,38,462,464,424
1209404831,3376805391,39,458,211,304,419,93
1255117528,3868369559,0,499,0,499,499,499
1202887605,3264802420,23,470,71,466,447,395
1213861284,3454779874,38,468,31,468,430,437
1234703667,3689151356,0,499,0,499,499,499
1253351853,3856416525,13,485,87,413,472,326
1313313280,4197507417,50,499,163,499,449,336
1324199982,4236297882,64,431,29,479,367,450
1277463011,4022748305,0,499,0,499,499,499
931974485,187230735,122,375,151,354,253,203
1301018725,4105613973,24,475,78,426,451,348
1307623701,4172394124,11,484,38,456,473,418
1235206205,3692468357,32,474,60,460,442,400
1314596203,4186340423,37,465,37,474,428,437
1190251411,2697698996,20,428,132,367,408,235
960244692,235400615,78,459,79,359,381,280
1132071782,2219513036,137,361,100,399,224,299
1295220285,4125633101,0,499,0,499,499,499
1256823968,3875155522,24,477,148,352,453,204
1222794484,3575785886,30,462,24,461,432,437
1010030825,443748930,88,410,0,499,322,499
1278219001,4030685575,6,484,126,368,478,242
1161823660,2743658707,71,428,0,499,357,499
1316251624,4200880713,44,476,79,415,432,336
900683566,146241148,14,484,0,499,470,499
1029758969,593243998,0,499,62,436,499,374
1223048220,605219074,0,499,62,436,499,374
1257670433,3881791315,93,391,83,425,298,342
1304150815,4160953670,106,388,51,463,282,412
1155223388,2638937238,68,431,7,499,363,492
1199342835,3227291405,150,349,134,387,199,253
1178360014,2985056914,209,289,5,494,80,489
1275469983,4006486254,40,481,136,435,441,299
1310485602,4182246495,174,325,47,475,151,428
1309970095,4182588748,62,436,0,499,374,499
940469140,77731465,70,429,114,385,359,271
1027093585,569661021,112,386,50,449,274,399
987619593,294474197,142,363,135,368,221,233
863464252,104184856,62,436,0,499,374,499
997153828,67641883,190,309,160,339,119,179
1155030256,47493403,162,336,103,395,174,292
1248499897,3815324929,132,368,188,339,236,151
1187457242,3045694724,62,436,0,499,374,499
1027372406,570738578,100,399,58,441,299,383
1245077135,3788587096,124,380,31,438,256,407
1154002013,1118849569,71,434,11,489,363,478
987514477,294317554,101,341,60,439,240,379
1323631827,4234247834,219,279,101,396,60,295
1282638145,4057850066,116,499,125,382,383,257
1194553908,3160888260,84,415,15,485,331,470
1257721952,3881729135,37,455,65,467,418,402
1134420740,2283180990,99,438,21,478,339,457
1248543062,3815831712,185,299,32,384,114,352
1256016712,3872861275,14,486,13,485,472,472
1252627564,3850328466,0,499,62,436,499,374
1170267022,2894042291,87,411,10,489,324,479
1156626687,2675011110,70,429,145,354,359,209
1246609701,3801197391,0,499,62,436,499,374
1308300717,4151638707,47,459,114,415,412,301
949385521,212343152,161,338,139,359,177,220
911492450,155644958,54,431,16,489,377,473
1262555723,3908517216,24,482,143,419,458,276
1078629601,1402484309,145,354,100,399,209,299
1316193117,4200877070,59,433,32,499,374,467
1024786230,74065851,47,451,0,499,404,499
1277511313,4019800024,51,352,102,375,301,273
1258417661,3883434771,32,466,87,453,434,366
1162913303,2757570349,175,324,139,359,149,220
1233288834,1832994874,135,278,49,470,143,421
1274721828,152739188,94,375,45,461,281,416
1295960245,4127725641,15,471,59,468,456,409
1023304514,535811541,8,490,216,280,482,64
1034384640,675676569,84,415,0,499,331,499
893311918,141190747,197,300,208,299,103,91
1323260892,4231789878,16,471,59,468,455,409
1300897938,4149437718,142,356,93,409,214,316
1313931361,4200630626,55,418,27,476,363,449
976870463,276285526,117,381,65,434,264,369
1194217896,3155688324,0,499,0,499,499,499
1322847663,4229321585,196,309,139,358,113,219
1323251110,4231686567,11,497,70,383,486,313
898831463,142945549,150,349,107,391,199,284
1101219649,1754685774,27,471,79,422,444,343
1215373969,3470038821,19,475,96,413,456,317
1289559768,4088657423,43,483,19,486,440,467
858104868,92310638,125,374,73,426,249,353
1274586179,538604,76,422,0,499,346,499
911164983,153365133,278,299,236,287,21,51
1027213081,570608919,126,373,50,449,247,399
1121419941,2035478874,4,499,70,411,495,341
480912173,50879795,79,420,0,499,341,499
1233295858,211377831,20,474,81,455,454,374
1192165240,3122724030,68,432,22,488,364,466
902372156,147574218,103,396,163,351,293,188
1276525836,4014008177,124,376,25,478,252,453
1286944455,4076971596,43,456,46,459,413,413
1279761253,4041456950,76,432,176,357,356,181
1311889575,4188966782,82,410,124,405,328,281
1116517434,1959657740,0,499,0,499,499,499
1254536239,3861227383,0,499,0,499,499,499
1308905125,4177867293,17,479,40,428,462,388
1261226075,3898712874,0,499,0,499,499,499
1190253203,2832752244,0,499,67,432,499,365
1319429942,4214364239,91,338,46,216,247,170
1239238587,3735686047,0,499,80,419,499,339
1053410979,1031457651,59,440,0,499,381,499
1113112269,1832993995,120,407,67,485,287,418
1255757846,3871285785,20,469,139,383,449,244
1076213336,1360058732,167,334,131,365,167,234
1264217525,3924748971,22,486,105,471,464,366
987486922,294315417,32,466,0,499,434,499
995102526,303051141,180,317,58,411,137,353
1007992388,435853570,150,349,106,392,199,286
1289934846,4090280928,0,499,64,434,499,370
1023091524,532440031,75,424,5,494,349,489
1279181265,4037099558,55,449,63,443,394,380
1024559163,543855212,62,436,0,499,374,499
1265205861,3929890022,0,499,0,499,499,499
1307457485,4168852202,50,444,78,456,394,378
1257571790,3873781726,21,478,123,358,457,235
1288982722,4086032951,0,499,0,499,499,499
1319429617,4214364229,54,447,62,433,393,371
1274098293,3997565207,163,341,161,371,178,210
1158045665,2533497329,155,344,100,399,189,299
1031856324,614496287,157,344,153,344,187,191
1275105466,4003846783,25,454,62,464,429,402
1285863703,4017680725,20,487,0,435,467,435
947746850,179668963,120,364,181,314,244,133
1029610290,592903604,109,389,0,499,280,499
1321544177,4223024343,132,396,127,390,264,263
1075891940,880229157,154,344,100,399,190,299
1247852572,3813437334,19,492,70,441,473,371
1158121339,2695198400,21,472,81,408,451,327
1308815008,4177837711,0,499,0,499,499,499
977410478,278154496,0,499,62,436,499,374
891743863,138469512,145,354,100,399,209,299
949272377,211787644,71,427,0,499,356,499
1300192542,4145173823,0,499,38,499,499,461
1316292567,4200882799,32,476,43,488,444,445
1007750041,435252538,150,349,110,389,199,279
1324196907,4236297770,214,287,29,462,73,433
962445836,240767428,91,408,0,499,317,499
1192461211,3128637057,69,454,67,434,385,367
1284061076,4063397678,44,461,44,440,417,396
1295075925,4124517987,40,465,26,466,425,440
1260071557,3889369877,0,499,0,499,499,499
1309574107,1997516486,100,399,25,474,299,449
1273037107,3992539812,37,465,33,444,428,411
1236710880,278536105,100,399,19,479,299,460
1042765356,844684375,100,331,99,383,231,284
1310879915,4184608889,121,380,44,454,259,410
1002986209,388576232,157,342,159,356,185,197
1283794639,4061614557,111,426,190,397,315,207
1250348150,3832300433,28,470,29,423,442,394
1008053516,435903910,118,381,50,449,263,399
1261395716,3898719804,0,499,0,499,499,499
1324202902,4236297971,76,393,34,475,317,441
1282884603,4057530699,85,417,76,442,332,366
1057663400,1080853434,158,355,122,373,197,251
1237105427,3707716347,38,451,130,361,413,231
941678719,207196198,96,404,152,343,308,191
1027326277,570661339,127,372,50,449,245,399
1314478561,4202578664,0,499,62,436,499,374
1283584528,4061482329,0,499,0,499,499,499
873585535,119303894,218,278,218,296,60,78
1273428493,3992640994,54,456,49,456,402,407
1239170953,3734536051,166,332,115,384,166,269
1193628329,3147737782,57,441,0,499,384,499
1038787271,765491080,98,400,0,499,302,499
1289062322,4085964158,97,433,23,471,336,448
1243659121,3775275178,0,499,62,436,499,374
1270184599,3969253372,2,499,1,499,497,498
1276328666,4012665385,69,430,27,480,361,453
1241441504,3757026653,0,499,109,389,499,280
1295961857,4127725865,72,447,63,428,375,365
1283448183,48845202,81,417,0,499,336,499
1323997714,4235886826,27,486,84,398,459,314
998279682,334563248,129,372,47,472,243,425
1299832613,4143423159,54,439,147,388,385,241
1174594502,2940640731,1,493,84,481,492,397
1304464608,4162788591,41,457,0,499,416,499
1267297131,3942395599,26,464,148,387,438,239
1156966902,2679467905,96,439,67,469,343,402
1181337401,3002192807,161,335,70,466,174,396
881984078,125001663,0,499,62,436,499,374
1282567250,4057550125,0,499,19,499,499,480
1271265906,3976954762,41,457,41,458,416,417
916510385,154431923,121,378,71,428,257,357
1308907688,4177867481,0,485,7,487,485,480
1278708304,4036971715,77,429,82,431,352,349
1323996213,4235886688,45,490,34,499,445,465
1107916870,1869938549,110,389,54,445,279,391
1275684643,4006530569,0,487,0,472,487,472
1257436430,3881467167,0,499,0,499,499,499
907789556,85858815,165,334,115,383,169,268
1191987842,3120006579,0,499,62,437,499,375
1310017950,4182657179,110,389,54,445,279,391
1141795008,2430128731,62,436,0,499,374,499
1204224260,3287236456,182,317,139,361,135,222
1128459299,2141213792,0,498,0,499,498,499
1248415913,3814872539,31,462,19,467,431,448
859654367,70645072,30,468,137,361,438,224
1252627685,3850328520,0,499,62,436,499,374
1283720500,4061606454,0,499,0,499,499,499
1313567685,4199253025,77,369,110,368,292,258
1031548430,612506505,75,409,100,434,334,334
1096609611,1657063160,61,439,190,302,378,112
1201837667,3249409855,78,424,121,430,346,309
1319412222,4214354241,92,433,140,447,341,307
1259097695,3887604667,0,499,0,499,499,499
1275662142,4006906417,0,499,0,499,499,499
1036159582,696725038,19,480,23,462,461,439
1151927833,2593623775,0,499,91,407,499,316
1230866174,3642604587,62,436,0,499,374,499
1209716276,3382584810,209,301,67,464,92,397
869408055,113148465,77,423,0,499,346,499
1255070471,3867157210,31,449,35,471,418,436
987628003,294458743,27,480,151,354,453,203
1299051707,4139720613,20,499,60,447,479,387
1241868828,3760921186,68,431,0,499,363,499
1308910729,278530494,100,399,35,464,299,429
1289110101,4085968939,0,499,0,499,499,499
1063680758,1120877104,0,499,83,415,499,332
987594445,294374642,145,354,152,319,209,167
1099701551,1706101596,145,316,58,455,171,397
964867268,204680496,100,399,50,449,299,399
1008029042,435858126,100,399,58,440,299,382
1223585563,3582305235,6,489,105,386,483,281
1270224814,3969256850,0,499,0,499,499,499
1283975965,4061638656,139,288,311,473,149,162
1234768239,3690228642,12,471,75,434,459,359
1275250106,4003948773,21,479,33,477,458,444
1244059127,3778391792,21,479,62,456,458,394
1301501736,4150990121,43,455,33,456,412,423
940346290,203714659,28,470,32,468,442,436
1121387127,2034868485,110,389,52,447,279,395
963782423,244615482,0,499,62,436,499,374
1283566427,4061584744,128,396,76,384,268,308
1041960805,835657568,48,451,114,385,403,271
1023021752,523191646,62,436,0,499,374,499
1289032544,4085961988,0,468,28,492,468,464
1074174818,1328989938,59,440,0,499,381,499
1036722896,62067355,0,499,0,499,499,499
1123926951,2033720402,23,461,30,476,438,446
1238516753,3715373101,0,499,62,436,499,374
1327706770,4248815875,14,427,77,419,413,342
1286981114,4076979151,24,421,112,455,397,343
1250671397,3834908206,0,499,72,427,499,355
1265214033,3929895436,108,410,3,493,302,490
1287496060,4078699556,36,465,153,346,429,193
1310755373,4182274930,14,485,75,438,471,363
1294531357,3819500857,116,382,5,496,266,491
1143269572,2460140629,80,418,0,499,338,499
1054785413,1048456091,141,364,161,423,223,262
1204264485,3219902873,0,499,0,499,499,499
1273443417,3992726755,66,436,70,441,370,371
979809807,282713517,100,399,141,357,299,216
1250268150,3831364120,0,499,62,436,499,374
1152150530,2600255649,73,425,0,499,352,499
1117114883,1967928734,37,450,109,387,413,278
1289326046,4087910394,75,420,84,419,345,335
1251873283,3846094023,27,469,21,472,442,451
1313531327,4183467464,113,462,155,345,349,190
1227053910,3545848950,152,347,100,399,195,299
1192478706,3128688389,140,350,84,450,210,366
1273050284,3992546253,0,499,0,484,499,484
1282023665,4050758456,39,456,88,422,417,334
1316989616,4210982221,40,458,129,410,418,281
1288126167,4079557044,0,499,0,499,499,499
1253537580,3857466919,30,441,176,355,411,179
1007062786,432195973,0,499,62,436,499,374
1186357191,3028007698,0,498,30,467,498,437
1282346452,1554314229,100,377,72,451,277,379
1250248948,3831234225,17,481,0,499,464,499
1053592374,1035134176,79,419,0,499,340,499
1303156217,4157452414,0,499,0,499,499,499
1298545373,4139985762,38,460,89,407,422,318
1309699224,4179732930,8,483,20,450,475,430
1267134802,3941809531,80,444,70,453,364,383
1194554048,3160894206,80,303,262,457,223,195
1248832384,3817888868,9,492,0,499,483,499
1052652993,991282994,22,481,92,408,459,316
1252627068,3850328247,0,499,62,436,499,374
283886718,2073335,67,432,0,499,365,499
1259325926,3887628491,12,476,32,482,464,450
1312264732,4193922802,20,476,56,451,456,395
1099074540,1923129475,0,499,0,499,499,499
1310543974,4182254429,96,410,56,445,314,389
1195816000,3177195497,0,499,58,440,499,382
1116825389,1965523470,99,445,123,467,346,344
990642421,297718185,36,461,31,481,425,450
1299147956,4141843550,10,488,13,489,478,476
1009953426,443647982,125,374,125,374,249,249
1117990770,1978505425,114,280,152,356,166,204
1302489847,4155419789,16,472,124,383,456,259
1289879736,4090297813,0,499,0,499,499,499
1235353129,187657,94,405,12,486,311,474
1283482503,4061477597,66,450,133,403,384,270
1020010378,513643934,68,431,0,499,363,499
1313479295,4198464064,0,499,0,499,499,499
1272210472,3988269476,0,499,62,436,499,374
1265222908,3929899398,40,431,56,454,391,398
1284901937,4066224435,191,306,55,457,115,402
1027902964,577491802,56,443,0,499,387,499
1132434311,2223447503,0,499,62,436,499,374
935148049,193690146,80,418,0,499,338,499
1011687162,340428970,168,334,133,399,166,266
1292017814,4105747427,60,427,130,413,367,283
933266353,190122086,72,426,14,499,354,485
1265096765,3929344215,58,426,145,391,368,246
1267294908,3942384859,13,487,81,453,474,372
1080846117,1449200769,0,499,109,389,499,280
1282021420,4050757761,0,499,0,499,499,499
1257250835,3879892332,7,499,0,499,492,499
1196811921,3198836898,0,499,80,418,499,338
1063558497,1128730012,0,499,62,436,499,374
1282023804,4050758490,40,469,58,415,429,357
1282026467,4050759585,100,408,40,448,308,408
1118512172,1984384823,68,431,0,499,363,499
1127261845,2113411880,21,479,92,453,458,361
1305526688,4165985080,78,371,214,285,293,71
941622086,207151543,153,354,194,308,201,114
1259272450,3887621668,0,499,0,499,499,499
1249413301,3816462783,32,467,60,453,435,393
1240731013,3748207825,53,419,79,463,366,384
1124434653,2077720573,0,499,88,411,499,323
1178384812,2985330545,57,434,22,478,377,456
1274087223,3997501359,0,499,0,499,499,499
1311500126,4187459171,134,360,30,483,226,453
957959153,226072653,4,495,10,489,491,479
1319278618,4214121614,79,439,43,437,360,394
1276834380,4017270515,101,388,42,466,287,424
1226564265,3601160977,109,389,0,499,280,499
1235949950,3702171971,114,394,39,361,280,322
987574241,294418046,74,424,129,372,350,243
1297908976,4111297824,18,412,101,385,394,284
1147517161,2531612807,62,436,0,499,374,499
1203502510,154858067,167,332,150,345,165,195
1032459656,623170313,14,427,232,269,413,37
1285116470,4063769746,54,450,63,446,396,383
1042326514,839304036,61,447,94,440,386,346
1265222500,3929899365,113,439,216,302,326,86
1252588576,3850185302,84,442,82,451,358,369
1189869830,3086202138,0,499,0,499,499,499
1256427510,3874304140,20,480,66,440,460,374
1087480346,1524073323,19,453,159,389,434,230
1307883189,4173008788,39,457,137,359,418,222
1308875746,278494644,100,399,10,489,299,479
1225666769,532978846,148,355,144,347,207,203
1318950084,4220451940,47,452,19,480,405,461
1294094640,4122139240,32,471,8,494,439,486
1260348034,3893243867,33,472,33,460,439,427
1003950992,399727751,117,381,65,434,264,369
1075760422,1352145682,273,316,143,409,43,266
915098367,159603885,0,499,0,499,499,499
1249535107,3819981958,177,322,188,318,145,130
1296581268,4128725367,56,442,0,499,386,499
954359988,218391982,185,317,112,387,132,275
1158121487,2695198687,16,482,17,483,466,466
1061691063,1105868047,73,426,0,499,353,499
1139513797,2392539477,0,499,30,468,499,438
1259378347,3887634606,0,499,0,499,499,499
1236935207,3716121743,180,319,153,346,139,193
1163025610,1940498718,54,440,21,485,386,464
1124546494,2071105903,62,436,0,499,374,499
1190251385,2697698991,142,363,81,291,221,210
1313849208,4200628064,5,494,42,486,489,444
1053012654,1013581309,0,499,62,437,499,375
875826433,116422283,69,430,0,499,361,499
1064140371,1134317697,0,499,0,499,499,499
1325218405,4240473820,0,499,28,476,499,448
1282749927,4057515133,0,499,0,499,499,499
941693567,207287172,167,352,199,311,185,112
1275374117,4003965259,0,499,0,499,499,499
1067556305,1182074014,62,436,0,499,374,499
913989402,2109132,75,424,0,499,349,499
1250268338,3831364249,0,499,62,436,499,374
874537569,107645083,152,380,31,467,228,436
1258409507,3885033301,11,467,14,499,456,485
1320114528,4215394317,73,405,19,469,332,450
1026780461,569542181,102,396,50,449,294,399
1251489773,3842787543,113,384,23,387,271,364
1321345163,4219080526,0,499,62,436,499,374
1122015146,2043299509,62,436,0,499,374,499
1313454193,4197678079,0,456,51,403,456,352
1178734150,2987928577,0,499,20,499,499,479
1270389701,3971705975,0,499,0,499,499,499
1007661754,435123575,110,388,50,449,278,399
1319496205,4214430615,100,372,34,368,272,334
1178129971,2981089258,164,334,1,499,170,498
1303065577,4157455101,51,413,145,413,362,268
696395630,57694769,150,349,107,391,199,284
1100250245,286845877,39,471,211,281,432,70
1163061478,2763460574,110,389,145,354,279,209
1296895971,4129524130,73,426,0,499,353,499
1034868537,681620077,93,405,28,499,312,471
862537850,102358884,114,384,66,434,270,368
1298652700,4140188812,0,498,22,475,498,453
1262496246,3908515534,0,499,0,499,499,499
1094645001,1625634929,378,484,209,292,106,83
907573939,152447917,0,499,105,394,499,289
1155138412,2649520217,0,499,57,499,499,442
983012569,286979106,158,341,130,369,183,239
1204202089,3287130184,62,436,0,499,374,499
1281992748,4050748118,0,499,0,496,499,496
1307879953,4173008669,71,422,59,453,351,394
1261173849,3898707861,0,499,174,377,499,203
1247849125,3813570947,0,499,62,436,499,374
1055273108,1053274160,13,486,48,450,473,402
1165765040,2444240191,79,419,0,499,340,499
1305103541,4164666503,106,388,51,463,282,412
1254710846,3863649349,138,380,96,466,242,370
1309576954,278567829,100,399,14,484,299,470
1256912899,3875021287,0,449,0,442,449,442
1252637766,3850386819,0,499,84,415,499,331
1308942110,4177868875,0,499,0,499,499,499
1281332641,4050827250,46,455,43,458,409,415
977874096,278551904,82,416,0,499,334,499
1107659720,1869198620,15,484,66,428,469,362
1130101636,2176200321,0,499,63,436,499,373
1133452768,2249585958,0,499,62,436,499,374
1252359034,3848478690,55,453,33,452,398,419
941676206,207258056,110,379,187,321,269,134
1276318348,4012662770,0,499,36,462,499,426
1313700325,4197552597,126,371,9,492,245,483
1283077351,4058378831,18,463,16,464,445,448
1306912240,4167096249,106,388,51,463,282,412
904549866,73469912,62,436,0,499,374,499
886994621,133083887,130,369,77,421,239,344
1204177185,3286509349,4,495,51,447,491,396
1247849834,3813571477,0,499,62,436,499,374
622937359,55104564,58,437,135,364,379,229
1287884642,4079551854,26,467,109,431,441,322
1295898908,4127717799,51,449,40,456,398,416
1311054262,4182118036,0,499,0,499,499,499
1027562014,572721104,0,499,0,499,499,499
1258572426,3883454637,19,487,21,499,468,478
1249535174,3819981992,0,499,0,499,499,499
970949183,260967373,0,499,62,436,499,374
1252121120,3846831477,0,499,0,499,499,499
1250926430,3836885285,22,477,103,399,455,296
1196212773,3182722377,37,450,112,423,413,311
1165410680,2803563311,29,472,16,499,443,483
1301530329,4150996783,0,499,61,499,499,438
1274456922,201071636,95,403,14,484,308,470
1251508804,3843245256,0,499,62,436,499,374
1255358593,3868421084,0,499,0,498,499,498
1015521393,484961797,95,425,106,369,330,263
963697781,244301413,117,381,65,434,264,369
1032931216,632475063,0,499,62,436,499,374
1199972843,3239296879,160,319,97,410,159,313
1246520987,3799946251,0,499,195,436,499,241
1276762517,4016004876,0,499,0,499,499,499
1008791023,439180816,73,425,0,499,352,499
1003709341,396252514,0,499,62,436,499,374
1301050683,4105663830,78,373,39,499,295,460
1043998209,855291741,68,431,0,499,363,499
1260238349,3894921170,22,484,96,406,462,310
1270200839,3969254346,0,499,0,499,499,499
1282774904,4058944865,170,499,0,499,329,499
1199739842,3218983777,149,349,100,399,200,299
1118654962,1983972608,125,375,156,343,250,187
1310879088,4184608872,32,461,111,437,429,326
1110077763,1889378644,50,449,100,399,399,299
1292409414,4108947372,161,290,226,311,129,85
1265223494,3929899604,19,491,102,419,472,317
1229571876,3621884562,0,499,109,389,499,280
1318197152,3458150352,20,477,83,416,457,333
1252627879,3850328648,0,499,62,436,499,374
1282287367,4055998537,14,482,24,475,468,451
1322760743,4193690756,0,499,0,356,499,356
1292735760,4108561970,0,499,0,499,499,499
1243234415,3765194003,0,499,62,436,499,374
1038136931,470181741,0,499,109,389,499,280
1023148028,533120441,51,465,82,428,414,346
1042990769,846366961,46,472,70,367,426,297
1010336342,446142253,53,59,234,266,6,32
941622208,207151541,166,338,153,347,172,194
1240229128,3745011445,85,413,10,489,328,479
850384116,81977043,196,302,175,324,106,149
922402538,171316473,89,409,26,473,320,447
923241014,173533203,137,351,187,354,214,167
1174594531,2940640736,37,460,18,485,423,467
1319352481,4214310302,69,474,123,387,405,264
1172641374,2919811581,73,426,0,499,353,499
1227587243,47091574,64,435,0,499,371,499
1281138941,4046992771,0,499,9,490,499,481
1201826471,3249398054,45,433,23,485,388,462
1274369562,3366751469,83,415,0,499,332,499
1026778340,569540366,101,398,50,449,297,399
1143504627,2273880178,106,405,22,482,299,460
1253467888,3856810042,2,499,7,491,497,484
1089022830,823998012,31,469,66,442,438,376
1248832888,3817889636,9,465,35,187,456,152
1324119512,4236042315,128,323,38,470,195,432
1269501816,3959370685,165,355,96,425,190,329
1262473415,3900765156,0,499,62,436,499,374
1176503836,2958499701,71,427,164,336,356,172
1112169500,1857572554,45,459,73,427,414,354
1284119065,4063221773,13,499,23,480,486,457
1247455623,3801210793,9,461,5,495,452,490
1321016395,4221663647,73,426,53,445,353,392
1223526385,3576683813,0,499,84,415,499,331
1274109633,3997447147,35,447,49,456,412,407
1275589651,4006706059,0,499,0,499,499,499
1189452003,3082185822,4,491,85,481,487,396
949395708,212375870,113,390,95,395,277,300
894119563,141926857,74,424,0,499,350,499
1262300327,3906636709,38,460,84,409,422,325
1213761989,3453165621,8,483,12,372,475,360
867067526,109877937,169,337,170,329,168,159
1148601177,1921866739,50,449,15,483,399,468
1318391496,2935343490,10,489,70,429,479,359
1281992386,4050748092,25,496,1,499,471,498
876569199,76859630,68,431,0,499,363,499
1221154076,532978716,54,419,15,466,365,451
1281971258,4050992502,19,485,29,468,466,439
937788739,199005584,171,316,147,226,145,79
1233616374,3681851700,70,429,145,354,359,209
1075759920,1352145887,13,488,107,405,475,298
1201838071,3155073338,148,351,119,380,203,261
1290010037,4090631959,0,499,0,499,499,499
1141128976,642147846,133,365,100,399,232,299
1311891183,4188967656,0,499,0,499,499,499
1322337683,4228968795,0,446,0,472,446,472
866298616,109147267,75,424,5,494,349,489
956646427,222740726,60,439,0,499,379,499
1324081537,4236041891,0,499,0,499,499,499
1244540947,3785187796,0,499,62,436,499,374
1322271790,4230954607,67,483,18,479,416,461
1047980081,934795490,142,356,119,399,214,280
1292399530,4108946104,0,499,0,499,499,499
979016139,281098410,170,329,118,396,159,278
1053375373,1030803672,0,499,135,364,499,229
939110737,201676014,150,350,164,339,200,175
1313994291,4201218274,0,499,109,389,499,280
1316318085,4200885072,42,467,46,452,425,406
918518445,48214830,0,499,62,436,499,374
958568490,228540091,0,499,87,411,499,324
1178310126,2984373215,13,477,53,450,464,397
834873346,68265068,52,409,152,392,357,240
1154752184,2643238041,0,499,0,499,499,499
935027142,193790247,68,431,0,499,363,499
1209717478,3382587273,76,385,61,444,309,383
1222872865,3576416968,118,380,100,399,262,299
1163717865,2767891403,32,471,127,362,439,235
1303628792,4159071247,106,388,51,463,282,412
1117936159,962118246,155,343,124,385,188,261
1209210898,3371080369,203,298,167,194,95,27
1273766117,3992801635,100,425,92,411,325,319
939218392,144024891,120,383,147,354,263,207
1008228715,436164883,187,309,187,309,122,122
1145366468,2494082733,36,454,64,433,418,369
1223601713,3582314482,11,486,211,362,475,151
987578487,294421156,112,386,100,399,274,299
887854850,134032689,200,299,180,319,99,139
1278766560,4037079090,40,440,30,483,400,453
1319357174,4214310872,59,461,45,455,402,410
1007763596,435169253,170,328,149,350,158,201
1269716423,3961982660,0,499,72,499,499,427
1237393744,3719229174,15,484,28,478,469,450
1115843209,1951592429,75,410,25,475,335,450
1036556952,159603848,0,499,0,499,499,499
1316156369,4200875151,16,481,138,367,465,229
1322852926,4231938877,28,462,118,389,434,271
1283559584,4061481454,0,499,0,499,499,499
1247849572,3813571331,0,499,123,436,499,313
1253519546,3857173102,11,467,120,402,456,282
1026904695,569722776,100,399,59,440,299,381
1310579228,4182256742,41,449,26,471,408,445
1158850946,2704432314,110,389,145,354,279,209
1243239439,3771895808,73,426,0,499,353,499
1166578121,2820643909,0,499,78,421,499,343
1307843257,4172829834,60,473,89,409,413,320
1312138594,4193534977,62,436,0,499,374,499
894731455,142132601,150,339,115,381,189,266
1214804199,3463015666,117,382,73,437,265,364
1275450150,4006097215,0,499,83,415,499,332
1310038845,4181950890,74,424,85,456,350,371
1275692033,4006535341,31,420,144,347,389,203
1205931561,3314026348,100,388,66,466,288,400
1305349615,4165405810,0,499,0,499,499,499
1093530112,1606738267,140,359,148,344,219,196
1081575204,1458788859,141,360,156,467,219,311
1122364746,143699043,80,419,0,499,339,499
1243659022,3775275049,0,499,177,436,499,259
1313408805,4197672692,0,490,41,499,490,458
1031412263,609987028,79,419,0,499,340,499
1243660201,3775276385,0,499,148,436,499,288
1307233790,4171009405,0,499,0,498,499,498
1279764899,4041457464,0,499,0,499,499,499
1265197476,3929888490,89,414,15,486,325,471
854179884,85756737,70,429,0,499,359,499
1273929315,3995665385,0,499,0,499,499,499
971482168,262246562,74,498,146,353,424,207
1026811942,569605433,106,392,50,449,286,399
1176505084,2958501341,72,427,72,426,355,354
1128292978,2140542456,80,418,0,499,338,499
1298792696,4140100781,61,437,0,499,376,499
1316652545,4200950944,59,439,59,463,380,404
1272041025,3986438203,92,458,38,496,366,458
1293748298,4120419988,68,462,84,487,394,403
1274668303,1315558,86,413,0,499,327,499
1203041782,3268206106,118,369,24,436,251,412
1181486187,3003150831,0,499,62,436,499,374
1130801916,2188613455,138,360,94,404,222,310
1008127683,436058964,160,339,123,375,179,252
1115859964,1951739926,61,473,143,359,412,216
1282566370,4057549039,114,360,145,339,246,194
1168014939,2761056880,36,471,96,439,435,343
1174587728,2940638974,57,434,115,411,377,296
1225887223,3058032424,125,374,125,374,249,249
1280048988,4042765839,70,429,145,354,359,209
1247382254,3808926221,65,434,0,499,369,499
971420820,262158331,118,382,102,395,264,293
1300199735,280995678,0,499,10,489,499,479
1267972562,3944982014,12,489,75,454,477,379
1041950284,835322761,37,463,164,304,426,140
1017845435,64179979,190,309,165,333,119,168
1160944488,2728299397,226,275,205,268,49,63
1238730011,3729468856,168,362,113,404,194,291
1324144324,4236042760,0,438,84,388,438,304
1325150032,4240471659,68,415,59,445,347,386
1192043752,3120575900,71,431,258,486,360,228
1161766480,2742933272,28,340,25,467,312,442
1313028963,4197486319,87,420,94,408,333,314
1218641450,3515188118,97,404,386,491,307,105
1256076890,3873126913,1,498,0,498,497,498
853995636,85256603,205,303,179,324,98,145
1317081947,4211267109,94,386,137,388,292,251
1256823579,3875154300,45,431,147,363,386,216
1233578250,3680718311,0,499,133,365,499,232
1038475987,751540010,17,417,12,472,400,460
1277101111,4020035669,62,436,0,499,374,499
1313655810,4197543945,45,479,11,466,434,455
1250908509,3836743643,122,373,92,421,251,329
1238309639,3721225920,208,291,190,309,83,119
1319196598,4214053554,30,468,91,449,438,358
1310680337,4128368070,81,448,115,379,367,264
1305054526,3173061244,83,415,0,499,332,499
1100619923,1733868893,52,424,72,449,372,377
1008170561,436088380,109,389,50,449,280,399
1265216034,3929900593,18,426,71,412,408,341
1202890918,3265481474,0,499,0,499,499,499
1248221884,3814580818,146,354,102,379,208,277
1265222846,3929899392,21,478,153,386,457,233
1007622357,435069909,112,386,50,449,274,399
926827474,178331941,87,412,26,479,325,453
1244540379,3785187324,0,499,62,436,499,374
1033285328,648921068,62,436,0,499,374,499
1265191133,3929867723,91,425,99,408,334,309
974242814,271400873,0,499,105,394,499,289
1028352110,583543817,82,410,138,399,328,261
1275594191,4006498027,172,389,76,475,217,399
1241398571,3756588251,220,277,172,317,57,145
939579671,202613323,0,499,62,436,499,374
1081604021,1459252241,143,355,111,391,212,280
1252628148,3850328873,0,499,62,436,499,374
954454957,218465780,2,496,0,499,494,499
1268555101,1100670369,100,399,18,480,299,462
1282768305,4058943667,0,499,0,499,499,499
1260248313,3894926517,20,459,61,464,439,403
1256497875,3874388412,0,499,0,499,499,499
1253211013,3854772195,59,479,96,386,420,290
1075912889,1352069605,88,417,13,484,329,471
875359014,121316499,102,396,0,499,294,499
1323334681,4231757759,0,499,0,499,499,499
1042480934,841245052,134,373,125,360,239,235
1213817257,3445332216,128,363,35,473,235,438
1092487732,1567203711,32,467,0,499,435,499
1189726790,3085097482,0,459,0,499,459,499
947482007,209743462,218,287,166,336,69,170
1133946805,1935131362,25,483,81,414,458,333
969929898,258076953,155,352,180,314,197,134
1233150057,3613438006,179,319,150,349,140,199
1236040922,3703791679,109,389,0,499,280,499
1269220681,3957410726,215,280,202,297,65,95
906524949,150939879,0,499,62,436,499,374
975267664,273333612,10,489,10,489,479,479
1328620049,4250690408,80,448,27,476,368,449
1283987396,4063211551,32,499,70,499,467,429
1289901343,4089741334,0,499,0,499,499,499
1269772240,3962600754,0,499,62,436,499,374
1260341530,3893243168,10,482,89,411,472,322
1309374048,4180435564,153,349,38,457,196,419
1307891770,4173305307,36,463,62,439,427,377
1126717255,2106246828,116,383,100,399,267,299
1301149782,4150922871,160,354,143,369,194,226
1277505966,4019799125,12,498,18,495,486,477
1069081385,1221493033,145,343,62,438,198,376
1235711334,3698275919,19,469,119,380,450,261
1287367677,4076593631,25,486,29,470,461,441
1049845305,956149716,79,419,0,499,340,499
1299961520,4141045849,84,393,22,460,309,438
920085862,165911657,0,499,0,499,499,499
1109030138,1880177342,83,415,0,499,332,499
1254865257,3866926524,0,499,0,499,499,499
1008055619,435922076,150,349,113,385,199,272
1278633572,4036324284,19,479,27,470,460,443
1293747005,4120408250,0,499,0,499,499,499
940889868,205319346,158,332,140,342,174,202
1251231915,3838170342,16,478,127,227,462,100
1323730213,3813572032,0,499,129,436,499,307
1281983448,4050745681,36,426,26,420,390,394
1225887552,532978882,153,346,149,347,193,198
1321826781,4229449268,0,499,1,499,499,498
1324044757,4235890163,51,451,63,436,400,373
892672788,139590330,150,349,107,391,199,284
1098600584,1690091792,92,406,0,499,314,499
1275382697,4003966391,39,458,55,455,419,400
1317906745,4215693156,8,491,86,410,483,324
1244997516,3787995207,80,499,50,499,419,449
239010230,6701232,68,431,0,499,363,499
1242108672,3762539662,192,306,124,406,114,282
1244541304,3785188003,0,499,62,436,499,374
1100070481,1711732968,180,319,151,347,139,196
1250268112,3831364101,0,499,62,436,499,374
872507676,117632883,76,423,0,486,347,486
847646435,77253968,0,499,86,413,499,327
1127347837,2121747367,0,499,0,499,499,499
1166682122,2815959017,109,389,0,499,280,499
1252627574,3850328469,0,499,62,436,499,374
308334391,10100830,150,349,107,391,199,284
1231202327,3646496176,27,367,136,347,340,211
1313040930,4197486786,0,499,53,428,499,375
1273218506,3992590122,28,470,37,477,442,440
1244134220,3779484589,62,436,0,499,374,499
987462174,294315323,30,465,32,462,435,430
1306847337,4167091787,0,499,0,499,499,499
1319385352,4214348415,54,185,201,337,131,136
959940533,65149232,83,417,0,499,334,499
1262314887,3906637181,0,499,0,497,499,497
1007163370,430138935,0,499,62,436,499,374
1265207716,3929890082,0,499,0,499,499,499
1023853783,538267670,149,350,200,374,201,174
871008913,115728880,73,426,0,499,353,499
1258657899,3885525503,65,439,68,440,374,372
959275688,231491700,90,355,130,361,265,231
1245667406,3793733586,19,480,20,479,461,459
1225869483,3591724182,0,499,46,452,499,406
1248844919,3817901713,23,476,127,375,453,248
1317919480,4215694199,64,444,12,482,380,470
1188953495,3075343256,126,388,111,379,262,268
1140971624,2409689486,0,499,62,436,499,374
1241102319,3752819362,0,499,109,389,499,280
910676453,154755034,10,489,0,499,479,499
1236305281,113107529,128,370,81,418,242,337
1192057202,3120611246,71,431,238,486,360,248
1112945882,1118849572,156,333,16,452,177,436
1234869213,3691441491,0,499,102,397,499,295
1069056503,1194896304,61,437,0,499,376,499
1153084654,2617710604,82,416,0,499,334,499
1262412497,3907982121,21,470,16,499,449,483
1197006693,3159640505,120,472,14,487,352,473
1212733879,3432933682,126,376,2,499,250,497
1296479931,4130807382,126,353,172,360,227,188
1233628997,1784308376,40,476,113,385,436,272
1006102917,419824552,22,476,0,499,454,499
1175251930,2946947310,68,431,0,499,363,499
1251226917,3838155642,0,499,216,281,499,65
1280269671,4044241978,0,499,0,499,499,499
1273364719,3992570272,10,491,11,489,481,478
1190096451,2585237696,62,436,0,499,374,499
1155682440,2658215736,0,499,207,292,499,85
1218568758,1529791095,17,477,19,489,460,470
1118456394,1984541457,181,314,67,403,133,336
1220905300,3558257887,176,320,161,353,144,192
960165353,125299586,73,430,76,423,357,347
1215220087,3469569529,122,376,125,363,254,238
927603726,180669966,110,379,77,416,269,339
1249536304,3819984338,176,370,194,292,194,98
845169718,73879961,108,391,174,325,283,151
1215475810,3470028153,83,415,90,499,332,409
1072089073,1300034167,54,444,0,499,390,499
1313679554,4197546006,0,499,0,499,499,499
1229527517,3619814561,62,436,0,499,374,499
1191491219,3109429116,0,499,0,499,499,499
984269304,288908614,22,479,143,373,457,230
1027174505,569984697,120,378,50,449,258,399
1309183323,464689012,100,399,25,474,299,449
1253926236,3858276627,46,470,93,441,424,348
1268740920,3936362817,0,499,0,499,499,499
1281727735,4052947914,0,499,0,499,499,499
1119889936,2004246550,18,483,87,389,465,302
1310339460,4181899858,0,499,0,499,499,499
1308116880,4174411871,71,429,69,420,358,351
1276222886,4012178735,0,499,0,499,499,499
1273366848,3992624672,26,464,49,457,438,408
1158668194,2702373361,58,440,0,499,382,499
1282976420,4057771233,143,357,70,436,214,366
959118894,231089686,0,499,62,436,499,374
1276579496,4014158131,0,499,0,499,499,499
1271691719,3979561479,2,459,12,490,457,478
1255351518,3868684877,0,499,0,498,499,498
1007713652,435161320,100,399,50,448,299,398
1039579403,798901375,28,476,18,489,448,471
1117495643,1974797131,77,421,0,499,344,499
1298553379,1970839220,83,415,0,499,332,499
1190252618,2832752204,0,499,67,432,499,365
1270451566,3971908120,56,459,91,419,403,328
1228932447,3621628808,0,499,64,438,499,374
1258654323,3883456332,91,429,106,437,338,331
1295220700,4125633525,172,324,16,486,152,470
1313165912,4182713840,23,481,67,430,458,363
1237149210,3717172123,16,484,25,499,468,474
1262302379,3906636831,66,475,23,436,409,413
1063141704,1111121726,0,499,0,499,499,499
1316102396,4200869199,0,499,0,498,499,498
1191123819,3102119303,58,436,129,379,378,250
1252627103,3850328285,0,499,154,436,499,282
1253152173,3855161632,83,434,51,474,351,423
1038957491,779272969,0,499,106,361,499,255
1219107063,3522869717,137,361,100,399,224,299
847787578,77384810,60,438,0,499,378,499
1292390193,4108908440,0,387,145,369,387,224
1304143928,4160953262,106,388,51,463,282,412
1307839414,4172829376,186,204,0,499,18,499
1019341486,516407043,135,364,66,425,229,359
1239355524,3737242085,0,499,0,499,499,499
1087851123,1530512701,218,306,88,421,88,333
1024693435,546182377,149,350,114,384,201,270
1190257716,1876686876,70,393,84,425,323,341
1313443891,4197677391,99,396,98,392,297,294
1308622077,4177411681,81,418,0,499,337,499
1278120582,4029711016,178,310,40,422,132,382
1304165511,4160985294,106,388,51,463,282,412
920898270,150714057,65,433,0,499,368,499
1136995935,2337052098,0,499,62,436,499,374
1243659665,3775275577,0,499,62,436,499,374
1191041207,3101178986,137,356,3,464,219,461
1272605950,3989829027,116,430,124,470,314,346
891735685,138465845,145,354,100,399,209,299
1247292674,3801308955,62,436,0,499,374,499
1305137226,4164671281,106,388,51,463,282,412
203312830,3719470,89,437,0,499,348,499
1028145325,2920176,125,374,124,374,249,250
1292512230,4108939028,99,413,48,430,314,382
1042869074,843910015,145,303,119,408,158,289
1047498949,911408215,0,499,62,436,499,374
1147298380,2530659289,51,448,86,413,397,327
108122630,1597480,45,454,67,432,409,365
1304049909,4160813022,60,473,89,409,413,320
1283437225,4061578186,26,430,132,398,404,266
1176512063,2958742198,106,377,143,363,271,220
958662422,70222992,62,436,0,499,374,499
1309552802,4180147924,169,479,87,372,310,285
1198926990,3213025967,60,439,0,499,379,499
1328489360,4250642594,0,499,0,499,499,499
858393752,90684607,62,436,0,499,374,499
1325992166,4236542705,62,436,0,499,374,499
1087298254,1518742620,0,499,101,399,499,298
878820060,120328094,117,381,65,434,264,369
1118512536,1984477325,84,431,9,499,347,490
1143111128,2460233790,33,466,0,499,433,499
1280697034,4046438188,24,468,34,472,444,438
1284187168,4063437566,0,499,0,499,499,499
933233675,190091299,73,426,0,499,353,499
1256969942,3876189004,0,499,0,499,499,499
1302498746,4155411001,62,436,0,499,374,499
1007981536,435847178,100,399,60,439,299,379
1043841094,853455920,7,491,104,409,484,305
833361093,63995098,16,499,25,474,483,449
1217982073,3502394212,0,499,0,499,499,499
1108035984,1868314153,0,499,0,499,499,499
1249764710,3821773116,159,313,105,369,154,264
1296422378,4130473719,0,499,0,499,499,499
977208915,277623326,81,442,200,299,361,99
1007493528,435018117,64,434,0,499,370,499
1145354696,2494071913,28,476,24,471,448,447
1253462683,3856826174,110,389,59,440,279,381
1323167757,4231832429,17,469,25,467,452,442
1030669579,601916297,148,353,188,321,205,133
1127369348,2122041173,110,389,77,445,279,368
1144934518,1484690850,139,359,132,394,220,262
1313911432,4186085392,45,471,56,423,426,367
1008188244,436096309,123,375,66,432,252,366
1310529212,4182251252,22,475,70,443,453,373
1277331728,4022157623,48,443,5,473,395,468
1295960606,4128438413,204,294,202,299,90,97
1257878001,3883347820,0,475,0,469,475,469
1276429164,4013272319,0,498,0,499,498,499
1146255748,2514710005,11,482,73,423,471,350
1115865948,1951685678,0,499,40,499,499,459
1324000414,4235887124,44,497,1,499,453,498
1204239741,3287278775,200,308,203,284,108,81
931684957,186340564,0,499,68,430,499,362
1249535270,3819982123,130,369,170,329,239,159
853883728,85112086,0,499,62,436,499,374
1279589232,4040309683,70,417,168,461,347,293
1250542622,3833266374,0,499,0,499,499,499
1279149311,4037095902,30,448,64,464,418,400
1273982064,3995262566,25,476,32,463,451,431
866688980,5171091,62,436,0,499,374,499
1245643949,3793571854,35,471,69,439,436,370
921947864,170165529,168,311,120,306,143,186
961863977,238515791,0,499,62,436,499,374
1219037784,3523183570,39,466,112,433,427,321
1133061282,2241871201,0,499,63,436,499,373
1308937622,278382589,100,399,31,468,299,437
1242019730,3761588772,70,429,49,499,359,450
1209035197,2678801980,0,499,74,429,499,355
873029255,118484596,0,499,39,459,499,420
1156076738,2664721742,242,258,0,499,16,499
995303686,303051112,173,317,51,431,144,380
1301750119,4153215952,26,440,98,410,414,312
937751910,198691275,71,428,10,493,357,483
868861186,112630595,204,294,185,314,90,129
1260252020,3894928167,73,426,79,427,353,348
1271663155,3979490335,73,425,48,457,352,409
903057282,80025071,42,456,1,497,414,496
1039791281,802854290,152,299,110,464,147,354
1275995611,4010221262,49,457,0,499,408,499
1015777930,486672461,62,436,0,499,374,499
1321526815,4227939556,87,409,14,470,322,456
1305483423,4145064247,122,380,19,471,258,452
1196612659,3194519489,62,436,0,499,374,499
1174591405,2940640080,130,369,130,369,239,239
1307374707,4171335716,73,425,0,499,352,499
1278796363,4037029182,0,499,109,389,499,280
1092757237,1586992644,0,499,62,436,499,374
1312901274,4196712531,49,486,88,408,437,320
1193444366,3144712471,43,384,11,486,341,475
1263855368,3921989857,0,499,80,419,499,339
1174589933,2940639556,134,364,172,341,230,169
1323078728,4231810737,117,422,104,399,305,295
1053451149,736053474,174,331,44,455,157,411
1325914477,2662239113,0,499,0,499,499,499
1100077681,1711730652,70,429,145,354,359,209
1255231470,3864139895,148,350,103,397,202,294
1119407270,1998121659,115,406,133,372,291,239
1260637278,3893468947,0,499,0,498,499,498
1296375676,4130471403,70,424,88,424,354,336
1290470090,4093720874,23,481,22,475,458,453
1305567082,251379080,139,361,51,421,222,370
976550214,276074222,75,423,171,327,348,156
1277001151,4017757632,116,376,76,407,260,331
1295220274,4125633099,0,499,0,499,499,499
927606611,180670875,27,478,28,455,451,427
987731042,294578223,133,413,74,422,280,348
964272816,246271758,0,499,62,436,499,374
1113100623,1832988189,18,463,73,432,445,359
1273016485,3992382961,49,454,63,441,405,378
908235283,148768663,187,311,156,342,124,186
1062677343,1118452861,15,481,86,399,466,313
1317248033,4211715222,85,368,82,412,283,330
1325963360,4237034369,109,389,0,499,280,499
1292021570,4105728008,98,412,61,482,314,421
1267084103,3941727431,60,445,79,415,385,336
1258102766,290249119,100,399,30,468,299,438
1279078738,4037091182,28,460,41,467,432,426
1015000690,248225281,27,431,169,333,404,164
986611038,292754212,136,363,99,399,227,300
1262771450,3907816053,43,496,4,484,453,480
1250184819,3830393069,8,491,8,475,483,467
1027049721,569863539,100,399,61,438,299,377
1026880678,569595513,119,380,50,449,261,399
1227835314,3613428284,138,365,150,355,227,205
1291734757,4101655753,0,499,62,436,499,374
1253469336,3856810089,0,499,0,499,499,499
1105045680,1846469478,184,329,179,322,145,143
901534709,7018370,105,394,0,475,289,475
1234449840,3684355790,62,436,0,499,374,499
1324225541,4236298623,211,329,169,375,118,206
1304710852,745789761,84,415,0,499,331,499
1313895261,4200414119,34,479,23,484,445,461
1026806335,569552429,110,389,50,449,279,399
989482128,296705543,40,447,235,271,407,36
1321799444,4227452934,26,472,8,499,446,491
1274791258,118561631,94,404,0,499,310,499
1066664750,1160491946,0,499,62,436,499,374
1033178543,646626600,0,499,62,436,499,374
886936896,126237569,108,390,53,446,282,393
1296979446,4129660090,79,420,0,455,341,455
1148324094,2541020627,110,389,51,447,279,396
998510724,334573427,119,420,66,465,301,399
1257238251,3879893434,28,499,9,499,471,490
1324286712,4235890448,0,499,0,490,499,490
902043639,147248141,0,499,60,438,499,378
1275699727,4006535674,0,494,7,493,494,486
1261420480,3898726289,0,316,3,479,316,476
1186762544,3037608965,0,499,142,357,499,215
966041162,250606604,83,416,0,499,333,499
835266768,69273506,0,499,62,436,499,374
1132480508,2227023061,0,499,62,436,499,374
1311968606,4189026478,0,499,0,499,499,499
1317142955,4211278538,0,499,0,499,499,499
1073190640,1313772742,62,436,0,499,374,499
987617465,294476903,151,348,40,490,197,450
1159838467,2720289758,0,499,109,389,499,280
1244286192,3782160108,102,456,58,438,354,380
1190251260,2465220371,113,382,91,400,269,309
1013907177,468060015,16,483,0,499,467,499
1275156914,4003927667,0,499,0,499,499,499
1148262522,278675636,156,342,100,399,186,299
1132578763,213235646,0,499,62,436,499,374
1323336750,4231757807,166,334,31,468,168,437
1225886485,2826110226,198,347,190,368,149,178
901366156,146693992,53,445,0,499,392,499
1320180894,4215452503,54,467,34,475,413,441
1041735426,829951879,0,499,46,452,499,406
1301815437,4173399584,138,357,29,478,219,449
1260374578,3893244937,73,428,141,324,355,183
1318965627,4213870319,17,422,126,386,405,260
1282971211,4059900243,0,499,27,466,499,439
1320395797,4224253670,21,471,32,470,450,438
1277918460,4027523092,0,499,0,499,499,499
1305392091,4165541018,196,313,145,351,117,206
1283260145,4057340454,0,499,0,499,499,499
1283969081,4061637901,45,479,11,466,434,455
1246328799,3798631827,103,391,19,395,288,376
1123921096,2065450201,10,489,27,471,479,444
966987277,138727393,72,426,0,499,354,499
1066783741,1165107163,12,486,2,497,474,495
1308946854,4178505290,221,284,202,298,63,96
1146152620,2512869649,120,383,44,452,263,408
1123006513,278565094,166,341,112,391,175,279
888387099,134390744,87,412,0,499,325,499
1027758406,575937477,43,473,132,399,430,267
1285447296,4069210325,0,499,88,400,499,312
1276014639,4010222875,0,499,0,499,499,499
1317915880,4215693788,29,467,67,456,438,389
938381374,199675989,78,421,0,497,343,497
1244995422,3787995039,36,499,25,499,463,474
1308076599,4174239765,5,492,45,433,487,388
1237400661,3718860005,100,399,7,491,299,484
1242241420,3763514510,100,399,25,474,299,449
1311620421,4188743188,1,498,0,499,497,499
1026617438,567679308,36,474,33,484,438,451
1325147399,4240508533,84,403,35,493,319,458
1088183379,1532587711,0,499,0,498,499,498
1017449293,218923645,190,309,173,326,119,153
1295960582,4128438407,43,442,54,472,399,418
1006234772,421484600,36,463,142,356,427,214
1292536132,4108943756,99,413,48,430,314,382
1182846487,3008961654,62,436,0,499,374,499
933248005,190101180,73,426,0,499,353,499
1231030852,3639525496,0,499,22,477,499,455
1182306659,3006087626,71,427,44,454,356,410
1253264353,3855868524,168,328,18,482,160,464
1324067637,4236041691,19,485,20,494,466,474
1058972548,1089685811,62,436,0,499,374,499
1282769060,4058943759,131,356,58,461,225,403
57963830,2063120,66,433,0,499,367,499
833845887,1464374,84,415,0,498,331,498
1312715147,4191054792,127,371,79,420,244,341
1317469485,4213276419,126,365,29,466,239,437
1267341151,3942400228,35,476,120,354,441,234
1257275102,3879892010,84,398,88,400,314,312
885196357,122672336,149,377,90,413,228,323
1168325446,2856595990,0,497,7,492,497,485
1308836960,1193434925,100,399,50,449,299,399
1208586273,3359149311,77,423,10,483,346,473
1007491569,435017068,65,433,0,499,368,499
1256073954,3873126764,83,371,153,387,288,234
1185282974,3018740281,0,499,62,436,499,374
1100076174,1711736242,110,389,52,447,279,395
1306535058,4167075252,106,388,51,463,282,412
871954876,89299543,91,408,0,499,317,499
1275601480,4006499635,153,370,59,284,217,225
1300037217,4144712214,0,499,0,499,499,499
1174589032,2940639405,137,358,147,352,221,205
1260342130,3893243191,282,454,49,343,172,294
1128650680,2152044393,0,499,0,499,499,499
1249535169,3819981989,179,310,194,318,131,124
1236935267,3716121816,180,319,153,346,139,193
1280111897,4042482919,47,474,26,466,427,440
1120859205,2024976786,58,437,112,398,379,286
1287757387,4079114478,0,499,0,499,499,499
1233802702,3682181205,0,499,109,389,499,280
1217181366,3490627837,165,334,186,313,169,127
1064908268,278562712,159,339,112,399,180,287
1240861636,3750176227,71,428,0,499,357,499
1018516329,511226134,66,433,0,499,367,499
1126257054,2101620029,0,499,116,383,499,267
1261174102,3898707894,0,499,157,345,499,188
1166637046,2823144149,0,482,41,456,482,415
1316377514,4209239081,19,463,16,483,444,467
977590937,278509584,62,436,0,499,374,499
1176020910,2947295666,0,499,83,415,499,332
1307498914,4170895440,19,492,70,442,473,372
1272563124,3990223404,155,325,208,309,170,101
1267306230,3942385086,0,499,0,499,499,499
1209394032,3376434910,0,499,60,434,499,374
1009755027,439919668,120,379,76,422,259,346
865047824,17180826,62,436,0,499,374,499
936395265,195766025,0,499,58,440,499,382
672493209,56437004,164,334,172,361,170,189
1053710961,1032818981,0,499,70,429,499,359
1144522936,2270490856,52,427,95,404,375,309
891732671,138460493,120,378,100,399,258,299
1236934325,3716121053,180,319,153,346,139,193
1273041526,3992494458,16,487,44,468,471,424
1040583132,518151177,0,499,62,436,499,374
1258500831,3885602476,40,447,96,367,407,271
1254629461,3863507008,138,355,58,367,217,309
1246428226,3793866879,175,332,19,456,157,437
916497984,154453124,130,368,84,410,238,326
1264043230,3923102981,0,499,0,499,499,499
1244326095,3782771534,0,499,126,436,499,310
1252627639,3850328493,0,499,62,436,499,374
1275670612,4006519261,19,482,75,475,463,400
1222826446,3575759905,0,498,11,499,498,488
1243830201,3776580873,0,499,62,436,499,374
1318331846,4213600729,233,276,216,275,43,59
976536629,276065704,0,499,46,453,499,407
1309320943,4180354637,79,420,0,499,341,499
1130548409,2185384970,139,359,10,493,220,483
1299922985,3111497074,65,433,0,499,368,499
1167702540,2835474136,70,429,4,494,359,490
937953146,199163000,70,428,0,498,358,498
1215807016,3473993314,64,443,60,441,379,381
1283598284,4061482892,0,499,0,499,499,499
1249586374,3820235933,78,422,175,307,344,132
1232936058,3669317195,53,490,22,487,437,465
1285456048,4064670219,62,437,0,499,375,499
1275634306,4006508775,56,451,117,382,395,265
1316226854,4200879357,85,423,89,432,338,343
1156134164,1053274982,68,431,0,499,363,499
1287061270,4074716846,0,448,59,484,448,425
1195284677,3160038615,105,463,95,418,358,323
1048373220,840669401,62,436,0,499,374,499
1306570950,4168873469,0,499,0,499,499,499
1202954068,1898222743,145,353,100,399,208,299
1237131176,3716554395,38,382,163,390,344,227
1255109929,3868320892,134,371,148,394,237,246
1270407387,3971706801,0,472,28,497,472,469
891741086,138465229,112,399,116,382,287,266
1243659411,3775275384,0,499,150,436,499,286
866593744,2626155,62,436,0,499,374,499
1191040305,3100469288,0,499,43,456,499,413
1304034396,4160884325,106,388,51,463,282,412
1069035365,1218187020,86,412,0,499,326,499
987623247,294478775,50,449,115,384,399,269
1301181334,4150963092,56,435,29,469,379,440
1077738019,1381366467,73,426,0,499,353,499
1324224245,4236298599,129,404,55,434,275,379
864527876,105810034,0,499,62,436,499,374
1255694549,3870821017,87,409,87,410,322,323
980303164,283332749,94,330,14,462,236,448
960343670,235456216,0,499,62,436,499,374
1019420941,511690075,155,326,161,355,171,194
1141939626,409976875,310,311,228,271,1,43
1265180221,3929867469,28,478,18,209,450,191
1249758780,3821565995,0,499,62,436,499,374
1259127174,3887606757,17,461,60,467,444,407
1027330123,570660653,61,438,0,499,377,499
873032854,118529971,71,427,1,497,356,496
1314681653,4186561537,40,464,20,485,424,465
1265215801,3929900579,107,429,29,475,322,446
1026367029,562802222,0,499,52,447,499,395
1303681150,4159315680,106,388,51,463,282,412
1183479706,3012809099,0,499,0,499,499,499
1267221957,3942379204,13,479,70,406,466,336
1314520547,4186296781,148,432,6,494,284,488
1260313105,3893329359,220,259,0,499,39,499
1038807087,766482973,0,499,0,499,499,499
871353596,116187707,0,499,151,347,499,196
1313456562,4197678328,0,458,46,492,458,446
1030796822,603818450,97,400,84,437,303,353
1174584808,2940638412,22,476,2,484,454,482
883745990,116400583,230,270,210,289,40,79
1256503777,3874388551,104,396,24,469,292,445
1290860506,4097279744,0,499,0,499,499,499
1240756635,3748222749,0,495,41,468,495,427
1066541696,1159613858,0,499,0,499,499,499
1317999839,4216391550,0,499,0,499,499,499
1308893827,278390677,100,399,19,480,299,461
933446023,190543036,73,426,0,499,353,499
956389658,144220101,7,494,16,488,487,472
1077979553,1388732770,86,413,0,499,327,499
1295987254,4127729286,0,499,0,499,499,499
1275044144,4003445534,0,499,62,436,499,374
1043853691,850482006,165,333,137,361,168,224
1246736705,3801906003,0,499,197,436,499,239
1311618804,4188741171,7,483,10,499,476,489
878001340,113493200,68,431,0,499,363,499
1209245895,3371643718,0,499,109,389,499,280
1018393451,510786720,116,382,50,449,266,399
1096362779,1652205906,218,267,0,499,49,499
1264024967,3923100869,0,499,29,499,499,470
1108807941,1878695294,0,499,62,436,499,374
1015924106,491720060,0,499,83,415,499,332
1275211444,4004380336,88,410,0,499,322,499
1004005350,401111120,66,432,0,499,366,499
1048523094,942607955,73,426,0,499,353,499
956010470,220756434,73,425,0,499,352,499
1076213333,1360058623,162,337,126,373,175,247
1092313545,1580449479,62,436,0,499,374,499
1257184929,3879665399,100,399,100,399,299,299
1318211061,1499687359,19,482,127,341,463,214
1067596770,1182287124,24,472,156,373,448,217
1023836213,533635099,64,435,0,499,371,499
1284596605,4065768041,63,486,151,328,423,177
1174587823,2940638992,1,481,9,480,480,471
1273490194,3992738325,20,486,30,463,466,433
1316543836,4209827824,0,499,0,499,499,499
1236143186,3705330343,0,499,62,436,499,374
1066647283,1170003657,152,365,8,456,213,448
1240197894,3744427108,100,399,11,462,299,451
908698208,118787417,59,439,6,497,380,491
863190404,103568057,62,436,0,499,374,499
1220306076,3542622207,206,296,148,366,90,218
1273903148,3995598756,105,392,106,414,287,308
1257855959,3883196782,52,435,57,425,383,368
1035211514,549531598,85,411,99,399,326,300
1305102085,4164666320,106,388,51,463,282,412
1322827811,4231772862,0,499,0,499,499,499
1262322746,3906638091,23,473,121,369,450,248
1007567570,435039213,62,436,0,499,374,499
915098380,159603738,0,499,0,499,499,499
938822715,5462651,0,499,62,436,499,374
1159393758,2713617672,79,420,0,499,341,499
874218142,120036269,67,432,0,499,365,499
1288038472,4079554477,0,499,0,499,499,499
1266912069,3940235846,24,496,25,495,472,470
1323444425,4231849956,0,499,0,499,499,499
1161114865,2732765954,62,436,0,499,374,499
1239123173,601928253,125,374,144,333,249,189
860334867,92642848,74,425,2,496,351,494
1131573593,2205239858,24,476,56,431,452,375
1146412468,2015208607,0,499,85,414,499,329
1088182672,1532975459,62,437,0,499,375,499
1250962264,3836835351,27,475,58,391,448,333
931557718,158341877,71,427,0,499,356,499
1326438549,4245268902,20,458,130,367,438,237
1274228704,3995624483,154,340,53,432,186,379
1244175627,3780302272,0,499,109,389,499,280
1273085172,3992397847,63,454,59,447,391,388
956221162,221250589,33,466,0,499,433,499
1188462908,3065095730,0,499,62,436,499,374
1268893249,3954528826,0,499,0,499,499,499
1318121014,1170628564,20,469,73,419,449,346
984083514,288438022,83,415,0,499,332,499
1192161892,3122714568,68,432,22,488,364,466
1087455303,1523973655,0,499,109,389,499,280
1211770275,3410034458,2,484,1,484,482,483
1275454721,4006484802,53,459,40,450,406,410
1176099072,2954029511,15,344,53,343,329,290
1169976416,1035130507,95,417,14,478,322,464
1313204688,4197657726,98,394,31,474,296,443
1289678085,4088682058,51,448,74,418,397,344
1008099677,435912883,150,349,121,378,199,257
1084050158,1485702383,62,436,0,499,374,499
1235996019,3703031958,32,474,60,460,442,400
1284164573,4063430086,67,451,70,459,384,389
1028071052,464146619,115,396,126,364,281,238
1294186988,4122553571,0,499,0,499,499,499
1037239837,726489365,160,334,338,340,174,2
941643065,207170090,148,344,191,321,196,130
853962644,85228287,113,385,143,356,272,213
1239505247,3142850575,179,320,150,349,141,199
1023954014,539419796,100,399,50,449,299,399
1320902066,4221614521,53,443,90,357,390,267
1053067581,1020367121,73,407,0,492,334,492
1124645851,2079831811,179,317,168,349,138,181
1290024409,627222122,100,399,37,461,299,424
1091965456,1569464230,16,483,5,494,467,489
1320186011,3776683486,26,429,12,489,403,477
1301731673,4151005899,0,499,0,499,499,499
867615569,110810631,199,299,150,349,100,199
1273521142,3992744110,74,438,84,432,364,348
1102016163,1775822324,149,349,100,399,200,299
1266031323,3930421987,79,420,0,499,341,499
1262516075,3908843052,21,468,21,471,447,450
1300266499,4145469766,100,116,161,286,16,125
1244423384,3783664279,130,354,25,499,224,474
1292407400,4108947071,0,497,4,487,497,483
1174590745,2940639795,218,294,208,215,76,7
970945926,261001544,75,419,106,389,344,283
1041260776,499041562,145,354,167,327,209,160
1301560387,4150999430,28,471,31,443,443,412
1267550395,3943337979,0,499,62,436,499,374
1241416467,3756664346,216,273,215,303,57,88
1110453104,1902737853,62,436,0,499,374,499
1252627437,3850328422,0,499,62,436,499,374
1131057820,2192165380,7,479,133,422,472,289
1259149776,3888516167,0,499,120,378,499,258
1198689946,1100398951,154,344,119,399,190,280
1260370277,3893204379,121,391,69,410,270,341
1244541241,3785187888,0,499,121,436,499,315
1270113710,3613210181,106,392,0,499,286,499
1165346548,2802749307,141,386,133,363,245,230
1010147332,444794352,13,475,99,401,462,302
1209522506,3076708733,0,499,13,486,499,473
1302565569,4155424759,35,474,128,373,439,245
1268285765,278411104,100,399,29,469,299,440
1215418154,3470139636,16,447,6,496,431,490
1234799970,3690854444,32,466,49,454,434,405
1318943619,4213829841,63,440,101,369,377,268
891733014,138460858,175,324,173,325,149,152
1275242193,4003946608,78,410,90,437,332,347
731333729,60035246,62,436,0,499,374,499
941678818,207257887,186,314,142,323,128,181
919515899,165171662,224,278,335,342,54,7
1043083468,845071090,67,431,0,499,364,499
1289793489,4089924608,0,463,6,499,463,493
881170568,125601928,62,437,0,499,375,499
930123364,183840178,134,364,92,409,230,317
1264958288,3927797798,0,499,0,499,499,499
920373733,166378250,0,499,62,436,499,374
1289217633,4086079037,0,499,0,499,499,499
1180118912,2994271530,62,436,0,499,374,499
977853453,278544274,83,416,42,479,333,437
1191140049,3102422305,31,468,142,357,437,215
908901399,554953,91,408,0,499,317,499
931409032,185978786,0,499,62,436,499,374
1263668385,3920517092,94,405,0,499,311,499
1087878184,1530720021,132,363,107,393,231,286
1068383490,1161959966,191,350,122,443,159,321
1283787810,4061614052,125,372,150,374,247,224
1270643804,3971765559,0,499,0,499,499,499
1291072795,4098963148,0,499,62,436,499,374
995102947,303051781,144,353,51,448,209,397
1225198465,3588148870,100,398,0,499,298,499
1278751001,4036993300,80,428,81,425,348,344
1257214653,3879838124,0,499,0,499,499,499
1266840396,3940017828,12,493,21,459,481,438
1223252873,3579659652,0,499,0,499,499,499
1241907452,3761142593,62,436,0,499,374,499
921249616,168344817,40,481,46,432,441,386
1280346408,4044581586,43,457,91,389,414,298
1261414223,3898723724,51,428,62,455,377,393
1273891640,3995299160,0,499,0,499,499,499
1304178244,4160988032,106,388,51,463,282,412
975634942,274082909,38,463,62,417,425,355
1242822032,3763435963,19,480,10,467,461,457
165048130,5291419,74,424,0,499,350,499
1264889160,3928049304,19,458,147,348,439,201
1260326121,3894931706,34,466,45,471,432,426
1089149798,1546352301,41,458,0,499,417,499
1237554159,3721366968,25,483,128,387,458,259
1285119062,4063771009,0,499,0,499,499,499
934573432,192688215,150,349,107,391,199,284
1105638578,1854228376,115,378,12,482,263,470
1269166828,3956512123,99,401,39,457,302,418
1246513867,3799716902,0,499,0,499,499,499
1255752188,3871041043,0,499,0,499,499,499
1248856449,3817905141,0,499,50,449,499,399
1306790416,4167084841,106,388,51,463,282,412
1133086156,2200840722,69,478,114,377,409,263
1317878850,4215181128,87,414,173,277,327,104
1324184876,4236296840,40,423,59,404,383,345
1249758754,3821565974,0,499,62,436,499,374
990908442,297983557,22,417,217,319,395,102
1312714059,4190185998,62,436,0,499,374,499
1275725563,4006542079,0,499,0,483,499,483
1204234654,3287269710,140,371,99,399,231,300
1072664539,1303529763,62,436,0,499,374,499
1174590228,2940639639,148,356,160,348,208,188
1108316127,1874942269,110,389,52,446,279,394
1257237910,3879897914,62,426,23,455,364,432
1174590793,2940639809,170,330,198,309,160,111
1319385449,4214348418,38,462,31,460,424,429
1075760735,1352146077,169,313,67,333,144,266
1267922200,3942681131,63,436,0,499,373,499
1304008742,4160805321,8,473,100,470,465,370
1262306637,3906636951,14,468,137,378,454,241
1133950321,2268164863,81,418,0,493,337,493
1277694975,4023014584,56,446,72,409,390,337
1002943977,388334314,300,305,187,290,5,103
1324122741,4236042455,0,499,0,483,499,483
1253452097,3856809675,25,472,74,441,447,367
1252599486,3850029103,33,463,136,359,430,223
1289816032,4089928018,0,499,0,499,499,499
1262291102,3906636001,129,356,139,381,227,242
962503606,240975206,0,499,62,436,499,374
1323998752,4235887014,57,455,40,499,398,459
1241748027,3760388390,0,499,62,436,499,374
1138990410,2377603677,190,303,43,404,113,361
1313981171,4200636398,0,499,0,499,499,499
1215363083,3470096257,149,354,21,480,205,459
1292553739,4108950406,49,474,105,405,425,300
858961646,93639418,189,309,160,323,120,163
1254482886,3861762150,0,499,0,499,499,499
1307663750,4172334466,30,469,1,477,439,476
1075429947,1347062262,0,499,61,437,499,376
1279335071,4037126016,69,444,89,461,375,372
1002977781,388570481,125,374,156,343,249,187
1269179980,3543487860,100,399,19,480,299,461
1147116761,2528705186,0,499,0,499,499,499
1196327026,3185551833,77,428,84,435,351,351
1310902028,4184549883,0,499,0,499,499,499
947617717,181461745,0,499,65,433,499,368
1299608459,249620673,85,413,0,499,328,499
1324049537,4236041312,0,369,43,499,369,456
1276306712,4012720851,57,421,28,448,364,420
1075917207,1353323772,62,436,0,499,374,499
1314435859,4202302779,29,483,35,401,454,366
1198176386,1510760805,0,499,223,239,499,16
931975064,187231558,111,377,132,372,266,240
957598278,224698657,0,499,149,454,499,305
936981761,197125573,0,499,62,436,499,374
1249534260,3819978973,140,361,151,325,221,174
1193214842,2077745646,25,479,95,380,454,285
1242815969,3766212993,115,396,108,446,281,338
1323878231,4234091078,8,488,1,493,480,492
1201832267,3249405685,34,465,8,486,431,478
1308899506,4177867163,11,486,77,429,475,352
853993515,85202690,0,499,62,436,499,374
1310314815,4182234283,54,455,183,386,401,203
1204293497,3272756986,145,353,100,399,208,299
1168596074,2856220763,129,369,0,499,240,499
1252099276,3847027274,0,499,0,499,499,499
926878579,179298623,221,277,210,289,56,79
1041124311,823782130,62,436,0,499,374,499
1076525003,1364430805,0,499,80,418,499,338
959226047,231452911,28,480,112,363,452,251
1194451901,3159698365,0,499,0,499,499,499
1283904625,4061626379,0,499,0,499,499,499
1308942454,4177868894,0,499,0,499,499,499
1186939972,3040013150,29,451,42,413,422,371
1265378903,3930103788,12,481,25,478,469,453
966010516,251454831,216,282,142,369,66,227
1116404233,1960350916,64,432,3,490,368,487
1268743585,3936358410,173,329,18,472,156,454
1173320510,2925275654,71,431,16,484,360,468
1231942635,3655932559,95,438,115,475,343,360
1255757133,3871285616,11,489,60,440,478,380
987674682,294489672,111,381,31,471,270,440
1049616859,953422036,104,397,153,355,293,202
1008887140,439611907,73,425,0,499,352,499
1256329765,3873649579,0,499,0,499,499,499
857195705,90985332,165,334,135,364,169,229
860345962,98039143,56,443,0,499,387,499
1152107018,2598492024,62,436,0,499,374,499
1295960213,4128274534,40,462,117,403,422,286
1107916496,1869938650,110,389,62,445,279,383
1056976621,1074470860,72,426,0,499,354,499
854179140,85753605,196,303,175,324,107,149
1311637892,1192648725,162,338,27,462,176,435
1307939294,4173438346,91,407,18,483,316,465
1267261303,3813572010,0,499,140,436,499,296
1273848010,3995336336,23,476,25,474,453,449
1240725003,3748205287,22,456,0,430,434,430
1308821682,861189649,118,378,50,451,260,401
1007381314,416648065,70,428,0,499,358,499
1233293518,146549050,106,381,33,454,275,421
1271962962,3901622524,0,499,109,389,499,280
1251480491,3842784769,0,499,15,499,499,484
1190000817,3088211688,13,488,144,364,475,220
875531075,64398391,68,431,0,499,363,499
1300296264,4141510191,88,410,0,499,322,499
1257149370,3879365068,18,494,0,441,476,441
1121279355,243869099,88,409,53,443,321,390
971652383,262881296,0,499,75,424,499,349
1291956184,4101892043,0,499,62,436,499,374
1253519669,3857173169,49,479,110,409,430,299
1274019268,3995267400,0,499,0,499,499,499
1281887387,4050713410,69,466,31,472,397,441
1094971494,1409599721,166,344,100,399,178,299
1282904487,4057767328,0,499,0,499,499,499
1283521490,4061479533,22,481,97,445,459,348
924568032,175768550,12,485,124,368,473,244
1275976700,4010220298,38,443,42,442,405,400
933260642,190110749,35,469,53,447,434,394
1196306482,455658095,184,315,150,349,131,199
1056180048,1068589332,0,499,62,436,499,374
1243398825,3773716541,27,472,49,447,445,398
1095685128,1639274872,77,429,18,468,352,450
1209717303,3382587130,39,472,100,433,433,333
878824918,124077403,120,379,76,422,259,346
1034489392,677019467,34,461,67,427,427,360
1273341058,3992618436,25,459,48,457,434,409
959944892,234400597,90,408,0,499,318,499
1163580702,2762668819,62,436,0,499,374,499
1129785352,2171590380,68,431,0,499,363,499
1287840402,4079436811,0,499,0,499,499,499
917756238,163360732,117,381,65,434,264,369
963479566,51006767,192,311,172,323,119,151
941693586,207287179,167,352,199,311,185,112
1016661841,500864998,0,499,35,464,499,429
1007942885,435297450,82,416,0,499,334,499
1266343539,3938140307,113,439,216,302,326,86
1104529598,1835848068,85,428,131,377,343,246
1061553653,165995022,16,479,59,453,463,394
1236534174,3708036797,82,400,60,444,318,384
1276283256,4012611046,35,480,31,389,445,358
1054455630,1043992350,0,499,54,444,499,390
1304785552,4120924758,75,423,11,499,348,488
1204213081,3287153509,0,499,91,408,499,317
1310123767,4182219732,79,445,133,387,366,254
901552603,146818212,189,311,200,310,122,110
1131064316,2192171422,12,487,12,487,475,475
1165121060,2792187971,95,403,0,499,308,499
1324023071,4235889083,0,499,22,480,499,458
863625032,104519310,158,321,96,468,163,372
1007982958,435844028,100,399,58,441,299,383
872794044,118165346,60,438,0,499,378,499
1295960559,4128438400,170,310,164,345,140,181
1159911249,2721211374,0,499,0,499,499,499
1167319076,2832800684,118,384,33,480,266,447
1320839808,4221604411,155,353,23,481,198,458
1243659977,3775275629,0,499,134,436,499,302
1261565193,3900589821,0,499,73,425,499,352
1268608106,3952137717,0,499,0,499,499,499
1213702235,3452186151,132,367,93,406,235,313
917947778,163604520,65,434,0,499,369,499
888574742,134713697,68,429,0,499,361,499
995877910,304305694,62,436,0,499,374,499
1043126129,847659051,2,498,42,458,496,416
1042009852,833736648,61,438,0,495,377,495
1267187424,3941811745,22,462,64,443,440,379
1219883519,3532982758,180,319,25,471,139,446
448636430,50268084,108,390,70,428,282,358
1310505179,4182249478,35,453,113,403,418,290
1309971745,4181944498,10,463,17,492,453,475
1265209297,3929890122,14,480,145,387,466,242
924781365,176042095,63,435,0,499,372,499
1307799145,4172825938,28,466,61,448,438,387
974398138,271267640,80,418,0,499,338,499
941621769,207151460,160,332,170,324,172,154
1185746786,3021868076,135,363,115,384,228,269
1232556431,3665608693,102,448,132,373,346,241
1007850818,435270159,0,499,28,470,499,442
1303680745,4159315440,106,388,51,463,282,412
1041651565,829271284,41,457,0,499,416,499
969578284,257008995,96,403,0,499,307,499
965047275,249012477,0,499,23,475,499,452
1308390403,4176107790,55,453,161,338,398,177
1173818934,2932153926,0,499,66,433,499,367
1280345535,4044581562,44,464,94,407,420,313
932241338,187969225,185,302,126,264,117,138
1290001559,4090631473,82,434,70,416,352,346
1316270448,4209024462,0,499,0,499,499,499
1245620714,3793463674,43,458,41,460,415,419
1284174483,4063434288,72,427,112,433,355,321
1298552628,4139987924,125,362,33,463,237,430
1324141084,4236042703,0,484,9,499,484,490
1121334641,2010567734,157,341,100,399,184,299
1026369521,562802179,0,499,52,447,499,395
1118402092,1983971143,171,333,196,271,162,75
987495622,294378135,199,300,31,270,101,239
1027656251,574637727,81,418,0,499,337,499
868506457,111935584,217,279,203,295,62,92
1239357440,3737243097,19,481,182,340,462,158
941678778,207196231,169,326,197,301,157,104
922170214,170807447,218,259,383,390,41,7
1301841061,4151009507,6,481,48,499,475,451
1033855022,666225095,66,438,114,387,372,273
1136330908,2327451512,145,354,103,395,209,292
1195889766,3178775790,0,499,58,438,499,380
610829,590277,108,384,17,499,276,482
906885511,151750650,0,499,62,436,499,374
1232861714,3670498725,0,499,195,436,499,241
1254427437,3861647389,108,223,337,451,115,114
1281293148,4050813767,0,499,0,499,499,499
1243747438,3429889528,29,287,140,316,258,176
1273251873,3992545319,69,432,73,438,363,365
1316291668,4209026122,67,429,91,424,362,333
1029123042,590368703,81,383,16,485,302,469
1280710104,4046439202,28,489,79,486,461,407
1243971310,3777472517,80,419,0,499,339,499
1002984869,388575618,160,343,164,344,183,180
1255256867,3868623550,108,421,53,499,313,446
863031744,103423620,156,343,0,499,187,499
1073908674,1257744306,186,314,213,463,128,250
1027017747,569632547,108,390,50,449,282,399
868592436,112064688,185,314,158,341,129,183
1269332124,3958048000,114,378,35,468,264,433
1318349686,824427715,0,499,56,442,499,386
1099450168,1703341872,0,499,62,436,499,374
1316866576,4201008226,0,499,0,499,499,499
1192195831,3070246181,29,354,131,403,325,272
1283983136,4063983814,31,467,31,468,436,437
1113106181,1832990412,83,418,55,444,335,389
1107916291,1869938480,110,389,54,445,279,391
1135057915,2291730215,66,432,0,499,366,499
1078239251,1396645153,114,380,153,342,266,189
1269449446,3957819452,0,499,0,499,499,499
1304094771,4160937091,106,388,51,463,282,412
1008104217,435929302,150,349,106,393,199,287
1145945004,2088797155,58,481,146,367,423,221
1243234836,3766017566,48,443,150,459,395,309
1316240645,4208963001,0,499,0,499,499,499
1062151273,1107469717,0,499,62,436,499,374
1269804091,3962682149,219,308,29,477,89,448
1124369818,2076183121,24,493,114,397,469,283
969222332,256461392,58,442,91,402,384,311
845134977,73816897,75,394,30,482,319,452
861903394,100772000,70,430,0,499,360,499
1262428832,3907804138,36,438,67,345,402,278
103326830,3250124,56,442,0,499,386,499
1276954597,4017736736,0,499,0,499,499,499
1009119031,439726943,73,425,0,499,352,499
1267310622,3942385221,8,499,148,397,491,249
1270642484,3972430212,107,378,106,420,271,314
1138549960,2361081773,13,472,60,442,459,382
1270347761,3969451597,0,499,62,436,499,374
1268742742,3936362971,59,442,22,469,383,447
1018988644,287532876,0,499,104,394,499,290
1117502282,1974800698,70,429,0,499,359,499
877351032,122767700,64,435,0,499,371,499
1113684975,1926579331,134,247,184,316,113,132
1306818985,4168956428,20,483,0,450,463,450
1212552272,3429095222,110,389,54,445,279,391
1064598224,1130622143,62,436,0,499,374,499
992916941,300658545,81,444,68,456,363,388
1299721622,4143441695,128,373,13,488,245,475
1233811250,3681173262,18,422,176,394,404,218
1294373109,4122740834,104,380,70,462,276,392
1205955067,3315044892,129,368,123,335,239,212
1064012787,57692213,0,499,109,389,499,280
1165814442,2807274252,0,499,0,499,499,499
928702322,125299831,69,430,0,499,361,499
1287935951,4079553342,0,499,0,499,499,499
1097439610,1668309664,0,499,62,436,499,374
1020397091,523426307,80,392,158,351,312,193
1177151719,2970593724,49,455,61,461,406,400
1302863326,4156926883,0,499,0,499,499,499
683871207,49784885,62,436,0,499,374,499
1261192901,3898711224,162,331,116,434,169,318
1274369833,2875502252,83,362,22,499,279,477
1254355944,3861293613,33,374,32,392,341,360
865383785,107748988,0,499,112,386,499,274
1266918100,3940023128,1,396,79,352,395,273
1236446018,3707875448,93,405,0,499,312,499
1008103915,435924155,100,399,54,444,299,390
1275381004,4004155564,24,467,103,352,443,249
1204220341,3287231959,85,417,34,475,332,441
1283029342,4057773200,0,499,0,499,499,499
892175869,138929560,130,369,77,421,239,344
1240109501,3743370132,117,381,65,434,264,369
1278338203,4033125771,0,499,125,374,499,249
1177177835,2961408114,172,333,16,433,161,417
1211642925,3406804574,110,389,54,445,279,391
1275467808,4006485922,68,438,67,424,370,357
184441230,5661238,90,418,17,492,328,475
1316931370,4201014023,0,499,0,499,499,499
1139914653,2394420513,101,390,50,467,289,417
1281710076,4052932302,49,459,137,391,410,254
1314513038,4202303905,0,499,0,491,499,491
1231760685,3651906790,82,412,158,362,330,204
946714019,208715311,147,373,175,332,226,157
975748058,81418759,62,436,0,499,374,499
1318465870,4217945039,31,468,36,474,437,438
1215341677,3470011428,12,493,64,428,481,364
901354345,146713592,100,399,100,398,299,298
1307850891,4172912127,56,458,83,414,402,331
1253380435,3856253425,156,315,159,333,159,174
1273184111,3992579697,20,463,41,456,443,415
1077548861,1374427470,166,352,170,425,186,255
990424853,297425780,0,499,62,436,499,374
1238314591,3723338153,118,381,50,449,263,399
1217568144,3480912564,179,319,174,321,140,147
1158120617,2695197169,147,362,143,361,215,218
1282750028,4058939246,28,456,153,308,428,155
1115599126,1947640622,9,485,113,347,476,234
1316194038,4200877097,16,470,9,483,454,474
1249758768,3821565986,0,499,62,436,499,374
1155117316,2649042843,31,468,156,327,437,171
1204175507,3286676569,109,389,0,499,280,499
1008187094,436109372,100,399,54,445,299,391
947905896,210335171,0,499,15,484,499,469
1275704638,4006536188,41,462,25,454,421,429
28865030,1363084,73,426,0,499,353,499
1101535312,1773359784,62,436,0,499,374,499
1298048564,4137783224,136,358,17,481,222,464
1307884544,4155733356,107,366,83,406,259,323
888780227,127848847,71,427,1,497,356,496
1275649139,4006511069,0,499,0,499,499,499
1213674378,3451741457,115,384,50,449,269,399
1234805236,3687832703,0,499,92,406,499,314
1195238430,3165617665,46,452,0,499,406,499
1009330439,440704484,100,399,54,445,299,391
849770651,81245469,102,397,126,372,295,246
1116770808,1963473875,70,427,129,362,357,233
1259107717,3887605269,0,499,0,499,499,499
1321756186,4223033352,41,450,86,403,409,317
1304092495,4160936262,106,388,51,463,282,412
1237297105,3716332447,94,397,128,388,303,260
912524072,156644603,0,499,62,436,499,374
1135081700,2296136769,0,499,62,436,499,374
1026841400,569636495,103,396,50,449,293,399
1196565926,3192535981,0,499,62,436,499,374
1306566892,4167080174,106,388,51,463,282,412
1255957879,3872842959,0,499,0,499,499,499
1318162172,4211240682,86,414,0,499,328,499
1071415642,1291337193,79,420,0,499,341,499
1170844902,2900952087,53,408,140,326,355,186
1192164267,3122723200,71,431,234,486,360,252
1262172817,3905724444,24,477,53,446,453,393
1306517505,4167073333,106,388,51,463,282,412
1255802607,3871120986,0,499,128,451,499,323
1249535750,3819983511,168,331,183,308,163,125
1083258894,1478643727,155,334,66,433,179,367
1134439720,2283187425,87,430,115,393,343,278
1323322800,4231808678,73,436,64,416,363,352
976875666,276344140,34,464,0,499,430,499
1289034394,4085962052,0,499,64,499,499,435
1190087367,3088424953,70,443,135,395,373,260
1290392991,4093214268,17,485,51,478,468,427
1207243311,3337205388,119,380,156,345,261,189
913977197,158413136,140,445,75,436,305,361
1253217623,3854773008,82,433,113,375,351,262
1007816779,435276808,151,348,100,399,197,299
1297977134,4137808643,64,435,126,361,371,235
1119412539,1998250937,66,437,165,335,371,170
1212275164,3420709966,82,427,67,448,345,381
1015196470,477955141,62,436,0,499,374,499
1279768912,4041458586,11,487,146,419,476,273
1116929356,731540460,146,352,100,399,206,299
1301377846,4150984054,71,429,8,490,358,482
1323313776,4231806212,69,433,72,424,364,352
1254153251,3859855497,62,436,0,499,374,499
1273019873,3992384427,50,440,74,444,390,370
1250256857,3831236187,101,378,91,478,277,387
1262285265,3906573355,98,406,18,475,308,457
1027249962,570624504,105,394,50,449,289,399
1289876533,4089739627,0,499,0,499,499,499
1152527918,2598439959,109,390,0,499,281,499
1289025346,4085961651,31,486,0,437,455,437
951716739,215209554,149,353,189,311,204,122
1262257332,3906246300,62,436,0,499,374,499
1282551689,4057545987,34,444,26,484,410,458
1264408836,3925283316,0,499,0,499,499,499
1317964403,4215701424,7,492,57,437,485,380
986467312,292273269,62,436,0,499,374,499
1323073274,4231410877,0,499,0,499,499,499
1258524283,3885604913,117,324,161,368,207,207
1041199889,824614487,0,499,83,415,499,332
915830276,160423870,0,499,62,436,499,374
1019299219,516390815,11,413,118,372,402,254
1243659850,3775275603,0,499,62,436,499,374
1239450797,812599155,79,422,215,338,343,123
935387858,194641631,10,489,121,382,479,261
1261978778,3902216729,185,305,124,183,120,59
1031549032,612506529,87,424,79,425,337,346
1066977506,1170516104,41,457,70,429,416,359
1282840110,4058286416,30,453,43,476,423,433
835267831,69275573,0,499,62,436,499,374
1313982738,4186107444,24,472,83,409,448,326
1240919211,2889946129,63,438,34,449,375,415
1288950343,4086027441,122,377,49,451,255,402
1262539806,3908993619,0,499,27,471,499,444
891736278,138465219,107,399,118,388,292,270
1204228907,3287246611,39,456,87,499,417,412
1241286191,3716120799,110,389,54,445,279,391
963310952,243127611,75,423,0,498,348,498
1296889683,4132439572,87,411,0,499,324,499
1283894595,4063574703,30,469,133,401,439,268
1027196142,569995361,103,395,50,449,292,399
1240851197,3750100616,74,424,46,453,350,407
1289125345,4085974248,25,479,129,409,454,280
1290073540,4091112399,105,392,13,424,287,411
1269765211,3962432399,80,427,81,425,347,344
1236031219,3696225614,109,389,0,499,280,499
1310002428,4181948125,5,469,85,499,464,414
1231792194,3654499568,125,372,25,482,247,457
1269772247,3962600757,0,499,62,436,499,374
1022953156,531638363,102,396,50,449,294,399
964627177,247668026,226,324,200,305,98,105
1273105605,3992560252,0,499,0,499,499,499
887603476,133614085,73,422,6,492,349,486
1047151125,288908862,140,394,161,368,254,207
1301343225,4151251200,0,499,0,499,499,499
1143106965,2459993805,109,389,0,499,280,499
856655049,89991777,124,375,26,473,251,447
1315329877,4205111521,0,480,1,499,480,498
1310567324,4182255671,0,499,50,449,499,399
1103861996,1820559284,156,342,100,399,186,299
877676021,122871860,120,379,76,422,259,346
1313258698,4197501296,56,442,68,437,386,369
1107915616,1869905347,110,389,49,449,279,400
1273154086,3992522442,62,437,70,442,375,372
1320130426,4215411028,56,427,147,339,371,192
1020979145,525741600,0,499,169,303,499,134
1088705860,1542432470,114,385,14,480,271,466
1243405155,3773718369,19,480,20,479,461,459
927606587,180670871,9,470,37,487,461,450
1256094684,3873228471,0,499,6,499,499,493
1279762935,4041457200,122,355,0,391,233,391
1026842580,569563347,108,390,50,449,282,399
856041481,88894087,22,477,22,477,455,455
1264228668,3924752610,0,499,0,499,499,499
1238332730,3727839162,0,499,113,436,499,323
1156653410,2675086990,97,365,178,371,268,193
1262968974,3045332119,83,415,0,499,332,499
1243659015,3775275047,0,499,177,436,499,259
1285874208,4017685213,85,398,102,399,313,297
1107660219,1869200405,104,368,18,486,264,468
1317250876,4211715463,0,499,0,499,499,499
1269057489,3953863621,15,477,38,393,462,355
1037408683,729825882,53,448,171,332,395,161
915452868,160124185,0,499,62,436,499,374
983736509,288021162,108,365,158,349,257,191
909454684,153792279,62,436,0,499,374,499
1102434291,1796651029,0,499,62,436,499,374
1273149999,3992572321,23,480,48,466,457,418
1108213456,1870991771,0,499,109,389,499,280
1226137027,3596027846,103,386,34,476,283,442
985639883,290928705,0,499,62,437,499,375
1007294651,2923768,78,421,0,499,343,499
1310780011,4182276212,71,421,55,483,350,428
1189484452,3082482767,192,346,23,413,154,390
1273241925,3992593073,65,435,68,437,370,369
1061751908,1107017554,65,433,0,499,368,499
1317005041,4211511432,179,201,364,397,22,33
1281488764,3212216308,100,399,38,461,299,423
1172791577,2920940581,1,497,0,499,496,499
1018466060,87383313,190,309,160,339,119,179
1244666963,3784916407,60,448,11,462,388,451
1244168999,3779991800,73,425,0,499,352,499
1172791698,2920940625,20,478,79,431,458,352
1251231813,3838170299,12,487,47,288,475,241
921821922,169782974,146,372,30,475,226,445
1205197440,3303134459,0,499,0,499,499,499
1265214372,3929900508,237,263,235,488,26,253
146805830,4502779,72,425,0,499,353,499
1274433042,3202884189,79,419,0,499,340,499
1313606238,4198477907,76,392,16,411,316,395
958175559,115800726,71,427,0,498,356,498
1272752901,3990163912,0,499,0,499,499,499
1277053170,4015514008,0,499,62,436,499,374
1313171630,4182714348,30,470,11,455,440,444
1278779936,4037081663,0,499,0,499,499,499
1127795389,2131332948,155,343,100,390,188,290
1260259122,3894928845,76,434,78,441,358,363
971423828,262159254,39,428,101,396,389,295
1283963539,4061637125,0,499,0,499,499,499
1192022753,3120507234,66,428,95,421,362,326
910075870,154153382,96,378,45,455,282,410
1239508084,1807670910,185,314,150,349,129,199
1047573172,919887024,133,370,30,484,237,454
1163966821,2777524883,25,474,0,499,449,499
1324004570,4235887386,110,375,16,499,265,483
1273140467,3993163774,50,429,149,343,379,194
902863333,147618848,57,441,3,492,384,489
1073561658,1323037110,0,499,109,389,499,280
1142148421,2446830721,131,360,124,417,229,293
871246577,115992016,1,487,110,401,486,291
955827928,220445547,125,374,62,436,249,374
1037408685,729825878,53,427,133,334,374,201
869552553,113289645,62,436,0,499,374,499
872844320,118145269,0,499,56,443,499,387
843855485,5723491,74,425,0,499,351,499
1248222979,3814580841,40,444,137,392,404,255
1289941777,4090623678,49,470,127,368,421,241
1248362114,3814846565,39,403,102,424,364,322
1265217378,3929900652,19,477,197,356,458,159
1292149656,4106229445,62,436,0,499,374,499
1285134731,4063777998,0,499,0,499,499,499
1257627288,3881988510,40,462,47,463,422,416
1032038710,617928263,10,488,91,399,478,308
1074912758,1339845441,100,434,84,447,334,363
1239450381,782646951,39,456,150,357,417,207
1323692212,4234147586,100,371,51,413,271,362
1264905581,3928057492,243,253,85,140,10,55
926228736,178181066,206,288,358,470,82,112
1038958971,779240968,158,339,29,407,181,378
986493166,292557709,185,282,142,353,97,211
1282351950,4056050102,0,483,0,496,483,496
1259327290,3887628677,27,463,51,458,436,407
874754959,120396027,71,427,0,499,356,499
1008227238,436162234,100,399,42,456,299,414
1121420235,2035478950,5,493,36,467,488,431
1012155056,458037560,22,485,143,375,463,232
1321570272,4223039169,170,397,145,330,227,185
1158206736,1340267792,25,470,94,400,445,306
1272601172,3989828499,0,499,11,499,499,488
1278911134,4037541576,0,499,0,499,499,499
1285428732,4061788959,37,469,90,407,432,317
1027321126,570701757,100,399,56,442,299,386
1194268588,3156364708,45,499,95,412,454,317
1308863250,1088839329,100,399,40,485,299,445
1323674321,4234146951,3,499,3,490,496,487
848648054,79614906,157,341,156,369,184,213
1251981174,4455021,101,404,47,482,303,435
1215757991,1852407986,27,492,27,499,465,472
970555941,1923128759,35,464,0,499,429,499
949384786,212342748,150,248,138,363,98,225
854179440,85757040,70,429,0,499,359,499
1292121661,4106574500,47,451,65,404,404,339
1240109985,3743370548,117,381,65,434,264,369
1009339756,440660881,150,349,124,374,199,250
1028251617,580769028,74,424,0,499,350,499
1295960533,4128438393,72,418,161,328,346,167
893310869,141191705,0,499,0,499,499,499
1308884518,1924245283,100,399,11,487,299,476
1258530888,3885498003,33,491,15,483,458,468
1260269187,3893192267,198,295,184,361,97,177
1328528582,4250644571,24,496,25,495,472,470
1119407622,1998122011,122,397,71,411,275,340
1281417343,4051586719,0,499,0,499,499,499
446116930,50248232,150,349,110,389,199,279
1273485378,3992737547,116,417,89,402,301,313
1091792841,1569229215,5,493,108,384,488,276
1250985799,3836838763,24,477,30,455,453,425
1047880064,933815922,159,366,146,382,207,236
1245669324,3793734975,32,467,32,467,435,435
1169904126,2887192191,33,476,46,455,443,409
1315414128,4205114708,141,360,142,472,219,330
1308868578,3597672691,100,399,14,484,299,470
1277201401,4020963401,110,389,54,445,279,391
1057500155,858163198,43,326,128,380,283,252
1249534000,3819978120,1,499,2,487,498,485
171241830,5442163,76,423,0,499,347,499
1156073271,2664721193,223,274,19,497,51,478
1242868334,2621044944,100,399,37,462,299,425
903982686,148596092,102,397,128,373,295,245
1282877819,4058769374,45,474,0,442,429,442
1053199142,1027903356,28,471,27,470,443,443
998267625,334492445,92,427,200,408,335,208
1079247400,1417867941,73,426,0,499,353,499
1313363790,4197514825,123,433,162,403,310,241
1107916517,1869938487,110,389,50,448,279,398
1045819260,205458786,81,417,0,499,336,499
1263009124,3913253907,38,473,128,364,435,236
1298367234,4139328642,0,499,0,499,499,499
1273153782,3993171192,50,327,220,361,277,141
1323989913,4235886112,3,495,87,397,492,310
1301559924,4150999398,9,481,66,458,472,392
1260573729,3817902041,35,491,51,499,456,448
891734661,138464983,111,399,116,383,288,267
1249534089,3819978143,44,460,78,442,416,364
1301439927,4060921818,20,491,32,488,471,456
1116346152,1956665819,0,443,103,447,443,344
1310724777,4184544133,0,455,77,433,455,356
1121007536,464688994,156,342,100,399,186,299
1215856738,3474680457,0,499,109,389,499,280
1254191994,3860640516,50,470,141,342,420,201
1137147203,2337052141,166,332,166,333,166,167
1242898396,3767361460,0,499,0,499,499,499
1283959266,4063337894,10,486,118,401,476,283
987621855,294457656,83,426,109,393,343,284
1252648267,3850035690,0,499,0,499,499,499
1257665201,3881993006,40,444,73,461,404,388
1158538898,2700747760,156,343,101,399,187,298
970955244,261002912,70,429,0,499,359,499
1089536648,1552759582,109,390,0,499,281,499
1190257755,1876686885,0,499,96,432,499,336
1149623454,2532155012,39,447,74,439,408,365
1133759693,2264051047,176,321,13,485,145,472
1188953912,3075343852,127,388,112,351,261,239
1218500749,1923464989,150,349,150,349,199,199
1150288937,2572664407,14,484,96,401,470,305
1194474281,3160169819,65,451,190,321,386,131
1299529781,4141662037,64,435,77,425,371,348
1270654054,3972430814,145,363,48,448,218,400
1313138371,4197490624,0,499,0,499,499,499
1075759065,1352145723,60,438,69,424,378,355
1250237740,3831176498,193,300,128,390,107,262
1235588251,2062697141,100,399,0,498,299,498
978895660,280297982,0,476,30,473,476,443
1118390598,1983978570,190,306,185,307,116,122
1132135104,2220774904,0,491,183,367,491,184
1216088868,3477299842,236,451,50,285,215,235
1299724664,4143441853,0,499,10,499,499,489
830636161,63004769,0,499,62,436,499,374
1265372652,3930103290,0,499,0,499,499,499
1035156465,610610983,132,379,143,226,247,83
980301242,283323476,202,286,99,441,84,342
1259045782,3887600376,0,499,0,499,499,499
1023455372,536721003,76,422,0,499,346,499
1252627604,3850328486,0,499,62,436,499,374
1218165087,3505882786,62,436,0,499,374,499
1236636419,3710519462,98,397,38,460,299,422
1075760872,1352145704,4,496,125,377,492,252
1279047316,4038117769,115,385,169,369,270,200
1013169391,464574232,137,350,120,379,213,259
962363052,240264569,0,499,47,451,499,404
928185735,181505904,47,499,109,493,452,384
933446835,190542931,78,421,0,499,343,499
1313382437,4197669370,33,436,164,326,403,162
1306813815,4168956093,164,338,93,451,174,358
1117984763,1978501667,170,300,74,418,130,344
1142700911,1643724020,195,303,97,311,108,214
1310869875,4184608154,31,474,13,490,443,477
1042705434,843737593,0,499,62,436,499,374
1167974999,2848856871,72,431,161,306,359,145
1225887578,284150676,154,366,155,366,212,211
1257107627,3878640788,0,499,66,432,499,366
1306527547,4167074199,106,388,51,463,282,412
1102977832,1035122360,76,422,0,499,346,499
884668476,129618341,79,420,0,499,341,499
1311385151,4187408323,37,466,56,451,429,395
1265214203,3929900498,51,411,221,459,360,238
1115474457,1945619915,167,327,212,284,160,72
942086395,158982305,0,499,62,436,499,374
979849271,282722457,137,325,115,400,188,285
1079829378,1431377916,0,499,62,436,499,374
1323311050,4231696250,0,499,0,499,499,499
1066758336,1155935077,56,359,19,485,303,466
1188521956,3067034414,69,407,123,398,338,275
1109606985,1892172682,158,341,100,399,183,299
1245669108,3793734832,19,480,20,479,461,459
1275507877,4006490990,0,473,126,499,473,373
1249535605,3819982826,153,340,157,343,187,186
1233486265,3680020937,68,430,0,499,362,499
1267312512,3942385309,30,448,219,377,418,158
1310147387,4182223062,0,499,0,499,499,499
1052724189,994869021,29,459,42,459,430,417
1040976565,822594877,0,499,62,436,499,374
1261362401,3898715393,95,399,14,492,304,478
1217481933,3494114280,134,363,161,334,229,173
1279130875,4037094559,69,431,74,432,362,358
1245670431,3793735131,32,467,32,467,435,435
1275211357,4004104748,32,486,34,462,454,428
1302929311,4155348867,14,484,76,413,470,337
1194262203,3156349053,260,267,252,303,7,51
1252627625,3850328491,0,499,62,436,499,374
1316138751,4200873159,0,499,105,393,499,288
1223600323,3582314046,14,485,160,381,471,221
853995712,85263882,196,303,175,324,107,149
1288981463,4085956090,30,470,95,416,440,321
1307388509,4171236644,0,499,0,499,499,499
1026796564,569567915,105,394,50,449,289,399
1279359931,4037446137,0,499,0,498,499,498
1261460417,3900374165,0,499,0,499,499,499
899936690,145631870,0,499,193,306,499,113
1321055468,4221731622,133,370,184,327,237,143
977901031,278558664,93,406,23,499,313,476
1292553190,4108949330,0,499,207,292,499,85
1305044798,4164658721,106,388,51,463,282,412
1137066062,2339724675,144,355,100,399,211,299
1297376559,4110651642,158,374,40,418,216,378
1172800224,2920721803,78,444,114,391,366,277
1205695408,3167827580,182,317,150,349,135,199
1060995877,1099745477,61,406,81,433,345,352
1141768769,1867111877,85,414,0,499,329,499
922170538,170807755,219,276,110,390,57,280
1040773331,816994336,62,436,0,499,374,499
1263691881,3920564212,109,389,0,499,280,499
1316536366,4209068978,29,438,35,418,409,383
869883461,114073600,0,499,62,436,499,374
875660980,104920847,83,416,0,499,333,499
1176051473,2950330551,62,436,0,499,374,499
1067103225,1175785463,12,487,14,485,475,471
1205954896,3315044855,157,333,167,329,176,162
1048523074,942607958,73,426,0,499,353,499
1032351176,621777104,75,425,6,493,350,487
1248858115,3817905599,40,482,105,386,442,281
1122383741,2046283805,115,327,24,478,212,454
1316145438,4200873907,24,478,139,386,454,247
1123324171,278525681,134,364,182,276,230,94
1301541919,4150997947,0,499,0,438,499,438
867151417,109918224,58,440,0,499,382,499
1009780566,67473559,176,322,150,349,146,199
1192175607,3120179866,52,484,149,435,432,286
1258990324,3887597261,54,453,49,462,399,413
1249804529,3823237428,0,499,20,475,499,455
1307767022,4172823387,29,478,61,470,449,409
1007378315,416645154,67,431,0,499,364,499
1104784094,1843212578,0,499,62,436,499,374
1269843974,3962832689,0,481,20,474,481,454
973969874,270193545,75,421,0,499,346,499
1295881357,3706436929,91,407,0,499,316,499
1294185952,4122553372,37,466,118,393,429,275
1100067536,1711736916,110,389,53,446,279,393
250487008,5735798,150,349,107,391,199,284
1254727931,3864744366,66,428,133,364,362,231
1266776251,3939947597,26,468,130,371,442,241
1242761600,3765674446,160,337,161,330,177,169
1266641890,538240524,100,399,13,486,299,473
1027390988,571078711,166,338,170,337,172,167
1257682817,3881724674,53,445,80,437,392,357
1279146370,4037581398,19,480,93,402,461,309
1276384880,4012756726,74,442,83,447,368,364
1020646859,524901217,174,474,204,287,300,83
1269983331,3965652424,0,499,62,436,499,374
949387399,212341972,183,292,138,361,109,223
1053077384,1021864955,0,499,62,436,499,374
1270215864,3969874944,0,499,0,499,499,499
1278797045,4037083891,47,451,47,448,404,401
1242119465,3762614664,205,299,201,298,94,97
1284133173,4063418115,0,499,0,499,499,499
1319412348,4214354248,0,499,20,499,499,479
1004098453,163208343,70,409,104,435,339,331
1312633584,4195551413,192,409,156,442,217,286
922131772,170733362,56,442,0,499,386,499
1260218302,3894911161,57,460,55,460,403,405
1280439501,4045061809,39,480,110,370,441,260
941678558,207196205,160,340,144,353,180,209
521271323,52757947,62,436,0,499,374,499
1088680067,1539525311,0,499,62,436,499,374
1281223762,4047000809,61,440,42,467,379,425
1268537999,3951532967,109,333,0,499,224,499
1254402581,3861758178,17,481,0,499,464,499
1181675986,3003996799,50,449,50,449,399,399
900383126,145918334,100,398,10,489,298,479
1304149578,4160953576,106,388,51,463,282,412
1101892735,1786049442,69,430,0,499,361,499
1302571949,4155425087,13,446,47,489,433,442
1076691388,1343472518,63,436,0,499,373,499
1077713061,1377892844,0,499,62,436,499,374
1138588643,2371230637,0,499,175,499,499,324
1260706627,3895301085,48,467,79,447,419,368
1252627537,3850328459,0,499,62,436,499,374
1295960276,4128438353,30,423,74,436,393,362
1209717305,3382587132,39,472,100,433,433,333
908162148,5195409,81,417,12,486,336,474
1271561654,3976959844,0,499,52,499,499,447
1040826169,819755816,102,396,42,464,294,422
1275063102,4003838427,85,425,100,425,340,325
1320957554,4221633809,47,452,156,385,405,229
1328702784,4250701297,0,499,0,499,499,499
1225787212,3592299601,72,340,145,363,268,218
1009238535,440564879,150,349,115,383,199,268
1098545485,1683485456,0,499,62,436,499,374
940115809,203541354,155,344,117,382,189,265
1273144949,3993165984,50,429,149,343,379,194
1251226613,3838155500,4,497,139,288,493,149
1217773122,3497576729,39,464,82,401,425,319
1311393501,4187115310,0,499,0,499,499,499
1146980670,2527234935,70,429,145,354,359,209
1190000692,3088211673,71,427,96,402,356,306
1048485808,939550814,159,322,126,372,163,246
1219249246,3519966178,76,423,0,499,347,499
1209188294,3370451694,105,389,152,348,284,196
956804554,223136437,0,499,83,415,499,332
1150637999,2578182245,1,498,0,499,497,499
1109950393,1638405884,75,415,196,311,340,115
1133292795,2204436248,137,271,189,307,134,118
1204200031,3287127048,24,475,7,488,451,481
1061549240,567639708,39,479,11,494,440,483
1174589398,2940639477,9,491,92,481,482,389
1209321641,3363087451,155,344,139,395,189,256
1314068845,4201606410,82,435,87,381,353,294
1192018599,3120418210,54,442,39,478,388,439
1270692485,2695364008,100,399,56,474,299,418
1196878747,3201176711,48,475,151,344,427,193
1314492563,4200679991,0,499,0,484,499,484
1133336621,2248198642,146,353,100,399,207,299
1307385284,4171078938,0,466,0,495,466,495
1252566160,3850010800,7,492,43,464,485,421
1225871306,3117745804,142,352,139,365,210,226
1240843135,3749912179,0,499,0,499,499,499
1249535008,3819980388,174,325,179,324,151,145
1250930722,3836735137,28,445,71,437,417,366
1240161984,3742137889,0,499,62,436,499,374
1241730708,3759958456,75,424,75,422,349,347
1195807809,3177051305,11,485,75,429,474,354
1069190555,1228323172,105,394,0,499,289,499
1245669511,3793734995,32,467,32,467,435,435
1024093579,541872716,129,366,180,351,237,171
1102364433,845432621,28,459,83,429,431,346
1305096394,4144857860,41,467,53,433,426,380
1251219328,3838146912,46,449,2,368,403,366
941693682,207287196,112,382,152,359,270,207
1025671463,554016135,100,399,12,488,299,476
1299528196,4141661966,24,463,159,342,439,183
1108737816,1878218293,110,389,56,459,279,403
979112124,281362089,1,499,65,434,498,369
1008072606,435908095,160,339,129,369,179,240
854706395,87671978,91,407,134,364,316,230
1211848232,3410891179,63,437,0,499,374,499
1283511514,4061581620,0,499,0,499,499,499
1161915994,2745141362,42,456,62,450,414,388
946470989,205707244,179,320,150,349,141,199
948031750,183723318,130,368,90,408,238,318
1275723911,4006541242,108,367,113,433,259,320
1191513693,3109562201,166,363,149,352,197,203
1095202053,1151126305,139,358,125,380,219,255
1241422998,3756671442,217,281,225,311,64,86
916408815,158572439,96,423,3,499,327,496
1279497293,4037937490,0,499,0,499,499,499
435340375,46697490,71,427,0,499,356,499
1125638615,2093594554,128,367,177,321,239,144
1316138884,4200873163,16,483,155,387,467,232
1249533476,3819977621,57,450,17,490,393,473
1313704162,4197553464,45,479,11,466,434,455
946699877,208686946,147,353,156,347,206,191
1019312478,516395397,17,462,111,413,445,302
1217173826,3490668039,72,438,18,473,366,455
1275976578,4010220283,102,398,68,471,296,403
1151792355,2590167457,109,387,151,418,278,267
1270350404,3947008163,20,478,244,402,458,158
1027026797,569632959,100,399,56,443,299,387
1225886847,532978713,205,292,132,353,87,221
1289314677,4087909798,8,499,95,424,491,329
1176505248,2958502125,167,327,71,398,160,327
1133710105,2258118223,34,462,50,487,428,437
1062160419,1111831772,144,357,35,461,213,426
1292296960,4108382882,164,413,211,469,249,258
1239702768,3739059437,108,391,50,449,283,399
1165336257,2802546257,70,433,76,413,363,337
1283402605,4061576946,64,453,62,445,389,383
1208921121,3362935346,0,499,62,436,499,374
1127347916,2121747383,147,359,149,349,212,200
1313261039,4197501459,373,384,0,499,11,499
1152355141,2604159480,62,436,0,499,374,499
874538475,90811207,103,395,0,499,292,499
1234768241,3690228643,54,444,63,436,390,373
1250268228,3831364219,0,499,99,436,499,337
1209607840,3381411176,0,499,62,436,499,374
1273157652,3992522931,44,451,55,455,407,400
1321717861,4228985623,128,360,129,393,232,264
1285088871,4063760665,43,465,40,453,422,413
1187648607,3054585616,111,388,13,483,277,470
1324053046,4236041398,22,474,16,460,452,444
1255519659,3870104022,19,480,23,479,461,456
1316231854,4200879657,0,494,27,499,494,472
1285846769,4017671808,57,473,143,482,416,339
834574491,116425607,50,449,3,496,399,493
1311994134,4189044898,0,499,0,499,499,499
1195807879,3177051772,20,477,49,442,457,393
1282559876,4057547207,0,499,0,499,499,499
1322073523,4229649716,18,482,30,482,464,452
1304042187,4160812035,45,451,60,449,406,389
1310848929,4185215816,145,345,119,366,200,247
1266736721,3939966768,0,394,0,499,394,499
473783245,50122804,68,431,0,499,363,499
1066928781,1173352069,133,357,85,461,224,376
1240855569,3750151999,8,478,25,448,470,423
854888730,87764314,129,369,110,389,240,279
1135961195,2311494477,0,499,62,436,499,374
1323221243,4231850164,84,423,85,402,339,317
971429065,262164017,62,437,108,373,375,265
1283618963,4061593264,0,499,0,499,499,499
1275687146,4006530709,24,499,0,457,475,457
1254949184,3866828082,69,447,147,357,378,210
1257317300,3879905053,0,499,0,499,499,499
937492223,198029471,100,399,33,465,299,432
981793988,285096998,85,413,0,499,328,499
1144293830,2471974643,0,499,27,471,499,444
863096452,103520214,126,373,53,447,247,394
1227566947,3612221783,63,440,104,375,377,271
1317204573,4212301232,0,499,191,436,499,245
1273032981,3992388011,23,478,28,458,455,430
1079155982,1414869639,106,376,134,376,270,242
1293341664,4104734104,112,409,58,433,297,375
1309112137,4179667650,64,383,117,424,319,307
1023013968,500783257,78,421,0,499,343,499
1283494295,4061478989,27,482,54,451,455,397
987564198,294316092,0,499,0,499,499,499
1261173787,3898707852,49,486,153,344,437,191
1033606094,652930817,0,499,123,375,499,252
1257233954,3879891010,98,401,177,412,303,235
1282581998,4057554881,9,493,33,441,484,408
1303120516,4157460382,37,461,177,330,424,153
1256860416,3874567239,41,499,43,436,458,393
1276014537,4010222864,85,115,302,379,30,77
291996742,17657939,78,420,0,499,342,499
915126816,159642001,35,187,139,364,152,225
1024976983,548762915,4,483,176,328,479,152
1026967784,569599497,108,390,50,449,282,399
1133577450,2256784531,50,421,142,429,371,287
1186357997,3028018889,0,499,2,499,499,497
1104460778,1832787442,0,499,62,436,499,374
848943494,69781727,70,428,0,499,358,499
1257724447,3881729210,62,424,58,411,362,353
1275151361,4004088812,14,468,59,468,454,409
1063732068,1130983054,0,499,62,436,499,374
1016614508,291317204,62,436,0,499,374,499
1027075704,569923494,114,385,50,449,271,399
1283471029,4061476526,27,396,223,449,369,226
1266343836,3938140338,33,489,48,410,456,362
1257239501,3879891283,0,499,0,499,499,499
940114987,203541137,151,348,110,389,197,279
1071122709,1285322401,54,473,143,364,419,221
1230167656,3632330500,0,499,62,436,499,374
987919173,294826870,74,428,19,477,354,458
1275144694,4004087731,72,434,72,437,362,365
1283641554,4061595753,0,499,0,499,499,499
1239449245,304133984,16,459,171,378,443,207
1308452114,4176406229,31,466,38,476,435,438
1007811254,435297049,113,386,50,449,273,399
971647915,262874764,0,499,92,407,499,315
906000884,150479964,117,381,65,434,264,369
1300188222,4145351766,67,432,0,499,365,499
1093471314,1604431017,62,436,0,499,374,499
1320005500,4215328109,47,452,142,390,405,248
1027606828,571465720,77,421,0,498,344,498
1312444213,4194971110,206,286,99,413,80,314
1236039735,3703471349,73,426,8,499,353,491
1212032241,3414811892,0,499,62,436,499,374
1299248098,4141569034,24,478,30,467,454,437
975300431,273242596,183,318,2,497,135,495
1271791205,3894592691,0,499,0,499,499,499
1295960058,4128274502,178,321,70,429,143,359
1271713019,3979569539,47,449,94,414,402,320
1298443034,2025841900,73,426,0,499,353,499
925910738,177655312,156,342,115,383,186,268
1302572626,4155425115,44,484,19,490,440,471
1118916009,1989301856,49,438,75,400,389,325
1274401534,87507211,88,410,0,499,322,499
1031195904,605711219,0,499,62,436,499,374
1282723622,4058734971,59,450,172,345,391,173
1041679502,831959383,0,499,60,499,499,439
921948103,170165685,166,350,171,340,184,169
1300848696,4149256253,62,436,0,499,374,499
1216082096,3477293241,0,499,0,499,499,499
1310495849,4183896624,58,444,66,449,386,383
1310052135,4182215813,35,431,206,286,396,80
1308886083,4177866651,112,271,113,348,159,235
1246911320,3802833520,67,419,13,489,352,476
1158120741,2695197365,34,464,16,484,430,468
1283533368,4061583754,55,499,60,499,444,439
964853574,248459066,117,376,7,470,259,463
1131599273,2069797324,0,499,90,408,499,318
1268714404,3951838398,37,443,32,482,406,450
1288086796,4079556029,0,499,0,499,499,499
1009294196,440645586,100,399,51,448,299,397
1295960397,4128438377,18,474,114,377,456,263
1193941526,3152481063,0,499,96,402,499,306
1314599309,4200684393,0,499,0,499,499,499
1283403503,430480480,103,395,0,492,292,492
1295960402,4128438379,18,474,114,377,456,263
1188538782,3067204174,130,369,130,369,239,239
1313363320,4197667394,72,424,65,441,352,376
547762742,52015724,109,390,50,449,281,399
1196141787,3182051720,0,499,0,499,499,499
1163797830,2770600002,109,389,0,499,280,499
1299306077,4141676756,22,488,56,494,466,438
1260365399,3893203909,0,499,61,499,499,438
1260398672,3893246174,67,478,78,457,411,379
1323251691,4231686577,121,376,65,415,255,350
1266505370,3938617190,14,470,107,486,456,379
1070423219,1268383486,163,334,122,380,171,258
1281233140,4050299470,62,436,0,499,374,499
1190258847,2041890148,187,362,152,371,175,219
1032420839,541874295,107,396,53,449,289,396
1157485032,2685503263,0,499,62,436,499,374
1210709341,3388337854,0,499,43,455,499,412
1105483863,1851292148,0,499,62,436,499,374
1287879096,4079551074,147,381,13,485,234,472
1093651957,124641848,81,416,115,384,335,269
1261415449,3898724096,127,362,119,411,235,292
1046054049,871170496,0,499,62,436,499,374
1058937530,1082410702,66,433,0,499,367,499
1261416915,3898724661,148,368,77,426,220,349
1092820403,1590477829,33,466,8,471,433,463
1204744211,3297107104,38,467,120,368,429,248
1295815268,4127966684,20,479,77,421,459,344
1253447601,3856675369,212,288,264,285,76,21
1243660138,3775276248,0,499,62,436,499,374
1168014980,2849849924,54,441,62,406,387,344
1145857013,1928287980,40,458,40,492,418,452
1188522030,3067034450,69,407,123,398,338,275
1145556590,2498216302,144,354,121,399,210,278
1193596487,3146947760,51,486,84,362,435,278
1255663568,3870817813,22,456,62,464,434,402
1282011505,4050755865,0,499,0,499,499,499
1270732205,3973785305,49,451,94,389,402,295
1324056502,4236041495,0,483,0,499,483,499
1032428544,622613648,36,462,214,466,426,252
1088677515,1539031183,0,499,62,436,499,374
883375132,128290353,130,369,77,421,239,344
1105551399,1852968117,125,380,163,347,255,184
1100078563,1711735427,0,499,103,396,499,293
976485000,275972021,72,412,101,435,340,334
1306897249,4169830129,74,424,0,499,350,499
941709913,207304894,168,331,123,380,163,257
1292910506,4113738207,0,499,40,444,499,404
1126083632,2099505539,29,470,0,499,441,499
1215534307,3470086814,50,449,118,380,399,262
1252324400,3848545767,44,440,4,492,396,488
861712523,100345775,70,430,0,499,360,499
1274098244,3997565195,160,341,159,371,181,212
1292873986,4114275622,0,499,0,488,499,488
1301355737,4151251869,0,499,0,499,499,499
1123812285,2062697220,155,343,100,399,188,299
908367142,152742696,94,405,12,486,311,474
974190524,270893535,154,344,118,381,190,263
1026809281,569572117,100,399,50,449,299,399
1284588381,4065756077,0,499,0,499,499,499
1254326189,3861175985,102,403,84,460,301,376
961423267,237524322,99,397,4,499,298,495
1123139798,2049984471,0,499,177,197,499,20
1008032398,435886644,100,398,29,469,298,440
947460240,209824751,112,402,200,307,290,107
1088661045,1540390194,143,355,100,399,212,299
1008085019,435927064,106,392,50,449,286,399
1225868813,3589475874,83,415,0,499,332,499
1314016998,4201306795,85,409,35,461,324,426
1115144502,1940204255,70,427,130,341,357,211
1206375896,3322581781,151,347,100,399,196,299
988975866,296115449,222,278,21,481,56,460
1133734835,2264079391,81,474,131,366,393,235
1263197707,206453429,16,481,4,488,465,484
1002982635,388575540,0,499,203,273,499,70
1193174606,3138603825,81,466,78,395,385,317
1073424244,1321013259,0,499,62,436,499,374
1283679438,4061597750,92,427,31,448,335,417
1262967770,3212196360,100,399,16,482,299,466
1259200630,3887612355,76,427,84,438,351,354
1261407478,3898721389,33,466,123,440,433,317
1106302746,1864047694,0,499,0,499,499,499
1311076637,4181902770,0,499,0,499,499,499
1269126458,278396382,100,399,14,484,299,470
1304124652,4160951406,106,388,51,463,282,412
1117069171,1967305037,11,488,46,418,477,372
1292451094,4108918353,3,488,105,391,485,286
1055462400,1057286895,62,436,0,499,374,499
1256558280,3873781692,0,499,62,436,499,374
1310865640,4184607860,0,482,0,499,482,499
1269631206,1100405680,106,392,0,499,286,499
1309329701,4180375586,26,475,71,426,449,355
1299297523,4141676281,18,479,72,428,461,356
865642865,108028441,181,317,150,349,136,199
1104037318,1822437066,84,414,9,492,330,483
1232191632,3657924164,29,479,43,468,450,425
1253152149,3855161630,33,489,48,410,456,362
1112557796,1149606285,132,360,76,420,228,344
903239691,92371214,179,319,150,349,140,199
1176682341,2842082745,72,427,0,499,355,499
1275174224,4003930524,45,465,55,454,420,399
1300195696,86902564,84,414,0,499,330,499
1051759139,981230068,209,473,341,458,264,117
1004082010,398992157,68,430,0,499,362,499
1310796737,4182277222,45,479,11,466,434,455
1088239732,1535176095,70,429,0,499,359,499
909740468,106753124,62,436,0,499,374,499
1255757799,3871285765,60,422,108,464,362,356
1320218017,4215691611,27,448,62,485,421,423
1301534133,4150997102,15,474,141,387,459,246
1265763487,3933898438,0,499,63,436,499,373
1061149150,1101106067,130,403,19,192,273,173
1316984250,4210962322,0,499,0,499,499,499
1266671798,3939550795,98,449,346,497,351,151
934032410,191753843,27,472,17,481,445,464
1176503871,2958499750,5,497,98,400,492,302
1319428472,4214364193,94,321,29,481,227,452
1277891144,4023211434,36,463,83,413,427,330
1307839142,4172829343,51,445,60,452,394,392
1040170016,808224607,0,499,110,388,499,278
1092234113,1576254882,0,499,0,499,499,499
1252659198,3850036053,0,499,33,499,499,466
1317955026,4215700018,7,491,101,388,484,287
1252628160,3850328877,0,499,62,436,499,374
1296662160,745026146,88,415,13,491,327,478
1301519196,4150995441,92,436,1,465,344,464
1317258320,4210987604,0,499,190,340,499,150
1297785695,4137061045,69,442,124,426,373,302
1310770305,4182275851,153,447,42,486,294,444
1267980476,3944992615,29,443,20,466,414,446
1255589679,3870360967,95,292,185,306,197,121
1248841982,3817900013,11,488,0,499,477,499
1134793126,2292391893,95,433,97,482,338,385
1156077387,2664721841,228,273,18,443,45,425
1298846003,4139507997,0,499,0,499,499,499
1316147393,4200874034,60,388,37,426,328,389
1310629364,4182741379,62,436,0,499,374,499
1256923129,3875023605,80,442,49,448,362,399
1176505183,2958501848,99,419,69,366,320,297
1037414489,729932911,95,409,33,425,314,392
1141387180,2430378927,0,477,38,461,477,423
1020106675,519568895,119,390,39,484,271,445
1190258184,1876686762,187,312,81,428,125,347
1054095508,1039560124,0,499,239,264,499,25
1149473699,2559869772,61,461,101,407,400,306
1324290202,4235890711,135,348,54,485,213,431
1102364089,500603091,3,496,35,464,493,429
1196826901,3198916748,62,436,0,499,374,499
1304768900,4163622908,0,499,62,436,499,374
1066931149,1173353189,43,468,19,476,425,457
907022088,120811213,0,499,62,436,499,374
1118519593,1984419683,31,459,93,407,428,314
863712562,104619761,77,422,0,499,345,499
1007724044,435282653,112,386,50,449,274,399
859227070,48069559,68,431,0,499,363,499
1135416101,2301714033,70,428,0,499,358,499
1188462889,3065095712,0,499,62,436,499,374
1322222985,4229834892,87,499,22,499,412,477
1274315032,51940833,80,418,0,499,338,499
920504209,166680890,50,439,11,486,389,475
1316936430,4210960734,0,499,0,499,499,499
933241705,190098558,60,440,0,495,380,495
1269519495,3959414667,0,499,60,458,499,398
1314314453,4202267546,38,455,103,354,417,251
1253519587,3857173123,8,492,129,383,484,254
1181662321,3003919984,8,493,95,396,485,301
1208906882,3365728787,96,419,72,458,323,386
1258652042,3885521544,101,424,94,399,323,305
1308729207,4177821183,31,467,31,465,436,434
1104740281,1842318966,33,465,198,332,432,134
1289794230,4089924727,142,342,194,297,200,103
1117902807,1977854786,150,349,123,388,199,265
1190251591,2793834110,167,332,116,376,165,260
1288110916,4079556655,0,499,0,499,499,499
1268468591,3951008445,0,499,0,499,499,499
1274145897,3997449324,18,440,34,394,422,360
1041177920,824466541,2,493,172,325,491,153
1088679554,1537993731,37,462,0,499,425,499
1324192972,4236297581,17,488,24,485,471,461
1105842444,1857531196,66,409,98,396,343,298
1027028791,569654759,115,383,50,449,268,399
1268532991,1099447201,100,399,10,489,299,479
914685868,159177793,96,423,0,499,327,499
921249887,168344837,15,484,103,467,469,364
1060876763,72250328,97,402,0,490,305,490
1283484873,4061477634,28,479,206,447,451,241
1217346970,3493948874,0,499,0,499,499,499
857750,1063351,69,429,0,499,360,499
1222351068,3569424445,75,423,0,489,348,489
1174590303,2940639660,22,477,72,453,455,381
1275613430,4006501044,107,373,93,299,266,206
1301860072,4153651450,2,497,0,499,495,499
1099694153,1706096567,139,361,69,435,222,366
1253457230,3856809741,17,483,23,486,466,463
1268001750,3945013956,145,342,132,460,197,328
1258226299,3884336219,201,296,180,319,95,139
1025670413,554016062,70,440,14,482,370,468
1195970463,3179640398,11,453,44,449,442,405
1162982507,2760201763,150,350,116,385,200,269
689612279,2522645,64,434,0,499,370,499
1288100453,4079556345,0,499,0,499,499,499
1043048207,222379407,133,387,158,346,254,188
1198175983,1994204466,137,361,100,399,224,299
941678856,207257904,172,323,145,351,151,206
1268302492,2018291195,100,398,23,499,298,476
1265238221,3929959800,50,441,52,150,391,98
1313745948,4183980983,32,454,38,463,422,425
1319946787,4215265784,92,433,139,451,341,312
1068094603,1189061648,0,499,0,499,499,499
1261192347,3898711193,180,319,64,435,139,371
1255749078,3871040199,27,479,30,466,452,436
878052168,123294831,121,382,132,390,261,258
1066860423,1165827446,0,499,91,408,499,317
1050663255,962017247,0,499,62,436,499,374
1230666722,3640391243,50,457,82,393,407,311
1062564709,1117351851,42,477,117,383,435,266
1239445516,2887776978,40,461,113,361,421,248
941255305,206230252,190,255,171,299,65,128
977710822,278780854,0,499,62,436,499,374
1038787722,765769533,96,400,26,477,304,451
891734570,138463942,112,399,116,383,287,267
1252628020,3850328809,0,499,62,436,499,374
1243745951,3775727319,19,480,20,479,461,459
1071097995,285448448,0,499,0,499,499,499
986103582,291749613,62,436,0,499,374,499
1265204376,3929889966,234,307,97,484,73,387
1283914776,4063331002,46,464,36,439,418,403
1276020244,4010223990,62,499,77,430,437,353
1319430024,4214364242,58,405,61,415,347,354
873837471,119658533,76,423,0,499,347,499
941622236,207151507,169,326,197,301,157,104
1242123532,3762625439,13,484,8,492,471,484
1304162924,4160984844,106,388,51,463,282,412
1275492183,4006488876,62,454,25,471,392,446
1248832414,3817888884,9,492,0,499,483,499
1267087064,3941727693,53,452,68,440,399,372
1196327332,3185574295,85,435,76,428,350,352
1110400538,1881502749,26,481,111,367,455,256
1248858483,3817905694,16,485,10,493,469,483
848280570,71425939,67,432,3,499,365,496
1284071553,4063357643,44,427,104,458,383,354
1290675772,4095580244,99,398,107,398,299,291
1257266245,3879902597,30,463,26,409,433,383
1322524236,4229980293,45,489,1,499,444,498
849886133,64314927,150,349,107,391,199,284
1007572843,435041816,63,436,0,499,373,499
1218934282,3521570766,26,472,146,361,446,215
1116358725,1960012865,110,389,51,447,279,396
1316112262,4200870628,14,499,0,499,485,499
997172758,328188055,83,415,0,499,332,499
1075712896,1351998995,76,423,0,499,347,499
1289765486,4087672836,0,499,0,499,499,499
1259119377,3887606269,49,449,60,435,400,375
1176419064,2957235457,19,456,149,336,437,187
1138568252,1914237503,184,304,206,286,120,80
1324140767,4236042700,0,451,56,418,451,362
1301689796,4151269414,0,499,0,499,499,499
1267215904,3942376849,0,499,0,499,499,499
1101017063,1747775865,63,436,0,499,373,499
916750162,161768185,94,405,27,471,311,444
1084468986,1417133345,181,318,119,363,137,244
1265224798,3929899975,55,459,41,484,404,443
1249534280,3819979136,121,405,25,486,284,461
1188061240,2640133531,31,469,121,399,438,278
1302507168,4155420124,41,447,96,410,406,314
1176505342,2958504184,1,497,78,421,496,343
1325110583,4240397821,60,445,70,496,385,426
1190250912,2041884739,87,399,169,352,312,183
1252627095,3850328277,0,499,62,436,499,374
1293337747,4104725978,61,471,228,284,410,56
1032324357,612541302,0,499,62,436,499,374
1253312539,3856205068,19,483,58,449,464,391
1324695510,4238137700,82,426,29,480,344,451
1168639381,2862279150,25,475,152,450,450,298
1211622327,3406162007,50,472,53,406,422,353
1020070175,519188102,145,344,196,295,199,99
1211983052,3414348127,21,475,54,457,454,403
1113113825,1832995303,69,391,148,360,322,212
1274195978,3997820718,15,485,222,342,470,120
1309632969,4152906279,370,451,212,284,81,72
1275975584,4010220206,124,359,65,448,235,383
1316106352,4200869737,0,499,0,499,499,499
966318799,252473880,0,499,81,417,499,336
1286585790,4074672424,63,436,0,499,373,499
932929283,189575021,3,497,4,494,494,490
1009979085,443681679,61,438,4,491,377,487
1192317073,3125743504,150,349,137,361,199,224
1265216383,3929900612,108,397,75,443,289,368
1211832193,3407541897,109,389,0,499,280,499
947012265,209166191,223,289,172,346,66,174
991767110,299032425,68,431,0,499,363,499
1174586761,2940638767,41,484,53,495,443,442
1243522540,3774345106,85,424,182,309,339,127
1123402952,2053914463,137,363,127,384,226,257
1135221430,2302947899,16,473,110,394,457,284
1026789627,569542086,104,395,50,449,291,399
1257461606,3881227431,0,499,0,499,499,499
1303079079,4157458583,0,499,0,499,499,499
1195807817,3177051405,34,485,48,464,451,416
866650770,108429157,0,499,62,436,499,374
870605748,115081016,139,350,130,379,211,249
1015039599,477406469,0,499,72,426,499,354
671243122,1297261,0,499,0,499,499,499
920827808,167360979,5,493,5,493,488,488
1062125436,1106029398,63,436,0,499,373,499
1163046513,1960326708,7,492,35,463,485,428
1281781481,4050843513,164,361,195,378,197,183
1134307824,3808507136,95,365,40,442,270,402
1081271742,1456044558,62,436,0,499,374,499
1255503645,3868442786,73,426,2,498,353,496
1257450299,3881467497,17,482,145,405,465,260
1265207547,3929890077,8,493,65,459,485,394
1190866999,3098368288,152,337,154,348,185,194
1260356025,3893244236,42,456,112,447,414,335
1264459097,3925554882,21,491,46,494,470,448
1066929975,1173353290,18,481,25,473,463,448
323931302,2145555,65,434,0,499,369,499
1297782911,4137060977,36,433,94,396,397,302
1298801715,4139506689,34,458,13,483,424,470
900598297,146248575,130,369,77,421,239,344
1278562001,4035897969,15,485,134,361,470,227
914160354,158604692,200,298,15,499,98,484
1281745855,4053026918,0,499,0,499,499,499
1270973602,111568228,93,405,27,499,312,472
977878332,278550611,178,321,153,330,143,177
1215536664,3470091325,17,477,73,443,460,370
1112667143,1920200544,17,464,83,499,447,416
1192042063,3120527735,21,490,91,417,469,326
876536139,121938796,50,449,37,461,399,424
1255010996,3867148391,0,499,0,499,499,499
1289270027,4086085751,183,418,120,455,235,335
1088173601,1534178339,51,451,9,488,400,479
1103637740,532978788,18,483,68,428,465,360
1173386305,2927729596,88,418,124,398,330,274
1118057518,1978742216,147,455,44,361,308,317
1270568239,3972161201,34,469,27,489,435,462
1008764668,439176602,73,425,0,499,352,499
1271498919,3976925489,33,464,35,466,431,431
1318495322,4219184853,104,388,170,388,284,218
1314075064,4186145422,119,430,65,416,311,351
1295960272,4128438351,42,401,43,472,359,429
1164661806,2789421921,150,349,165,334,199,169
1068058862,1188156041,71,427,0,499,356,499
1174119806,2928809432,202,296,193,310,94,117
1276337851,4012857992,62,451,85,398,389,313
1285408955,4069002711,0,499,0,499,499,499
1174750031,2758773645,143,356,163,336,213,173
1175360260,2947788363,78,414,72,416,336,344
1009291134,440643676,100,399,98,400,299,302
1261425190,3898727740,0,455,0,497,455,497
1086066175,1507602742,0,499,84,415,499,331
1280141169,4019920556,58,448,150,352,390,202
1283037872,65351491,49,446,49,499,397,450
1276026925,4010224463,62,426,61,413,364,352
1168021318,2849979026,41,456,96,405,415,309
1112678695,1924580487,132,396,71,470,264,399
1270344192,3968864216,0,499,62,436,499,374
696476730,57696121,140,359,96,403,219,307
1276361685,4012870282,0,499,34,456,499,422
1078972022,1413006499,58,438,167,361,380,194
1313726437,4183969316,40,440,72,453,400,381
1241403527,3756589375,185,314,180,318,129,138
1005826231,418195553,3,498,49,449,495,400
906892423,151465245,31,467,0,499,436,499
1287731410,4079112832,0,499,0,499,499,499
999978542,347529201,0,499,62,436,499,374
1131157079,2195163799,87,412,0,499,325,499
1007487470,435020137,65,433,0,499,368,499
1318317354,122458826,0,499,40,499,499,459
1072987150,1313189518,122,377,52,446,255,394
1308843089,1883100783,156,342,110,388,186,278
1234812578,3687702871,82,416,9,499,334,490
1241759381,3760537893,97,404,1,499,307,498
1288004797,4079554052,0,499,0,499,499,499
879350610,124755797,81,418,10,489,337,479
1169148220,2871608742,0,499,62,436,499,374
933235906,190092441,121,382,35,468,261,433
986649131,292837247,164,345,168,329,181,161
1279125128,4037094234,56,452,56,453,396,397
1143962635,2472358748,159,339,105,399,180,294
1273911908,3995358650,47,457,181,372,410,191
870300063,113886009,86,412,0,499,326,499
1270263887,1997676126,100,399,11,488,299,477
933262437,190111575,73,425,0,499,352,499
1153341709,2569071580,148,351,100,399,203,299
1239003936,3731584327,13,486,86,370,473,284
1270171124,3969468749,82,399,105,387,317,282
1215900105,2738243266,0,498,0,499,498,499
1039250364,792212331,43,450,14,398,407,384
1294480622,4122747764,0,499,0,499,499,499
1251743995,3835557960,62,436,0,499,374,499
1114389267,1933145171,100,399,84,416,299,332
1280125709,4042484821,35,467,52,449,432,397
892283571,3476260,4,497,78,416,493,338
1306896511,4168961370,76,438,37,467,362,430
1287506538,4076596289,0,499,0,499,499,499
1275606717,4006500271,131,380,26,467,249,441
969245784,254902951,0,499,59,439,499,380
1249535657,3819983350,179,369,176,369,190,193
1324086815,4236041971,0,493,0,444,493,444
1247814794,3813213071,43,455,0,499,412,499
1316278030,4200881978,32,465,53,454,433,401
1119065610,1992240915,137,362,100,399,225,299
636236557,55289785,25,474,0,499,449,499
1236480295,3708823337,129,404,112,388,275,276
1185913395,3025516767,71,427,12,499,356,487
1233327602,3676651015,62,436,0,499,374,499
1020419301,523674490,5,492,10,426,487,416
1169977536,2886928841,83,415,10,492,332,482
1257529634,3881709702,0,499,0,498,499,498
1188462932,3065096155,0,499,62,436,499,374
1040128144,808456848,150,338,33,478,188,445
1046010927,872454064,63,436,0,499,373,499
835138678,68723712,38,458,8,491,420,483
1276116104,4011152717,25,473,217,391,448,174
1323325133,4231757286,228,264,10,40,36,30
1108225873,1872111443,100,399,104,394,299,290
1295960176,4128274530,222,277,141,357,55,216
1192477693,3128687183,33,477,148,349,444,201
1104308436,1828625847,0,499,62,436,499,374
1276426659,4013265429,140,343,74,442,203,368
1162972358,2756114978,70,429,0,499,359,499
1325245336,4240794559,19,485,53,479,466,426
1186756802,3037608956,94,404,0,497,310,497
1117936123,790914929,174,317,170,354,143,184
1042572039,842134733,0,499,62,436,499,374
1276339905,4012860949,1,498,9,498,497,489
1252659516,3850278823,110,389,58,445,279,387
1278221650,4030649113,47,464,141,276,417,135
1230498762,3638923861,3,495,139,356,492,217
1316320287,4200885109,30,499,42,436,469,394
1282821577,4057764431,0,499,0,499,499,499
1274666767,88695930,94,404,0,499,310,499
1094505537,1618641267,0,499,83,415,499,332
1245907089,3789073577,82,416,11,488,334,477
1253158571,3855208072,11,477,242,315,466,73
1140986005,2412624515,62,436,0,499,374,499
441019830,50163896,102,396,50,449,294,399
933257999,190108972,72,426,0,499,354,499
1102363548,500603078,1,492,35,464,491,429
901268459,146651253,0,499,62,436,499,374
1212570776,3417737836,62,436,0,499,374,499
1277179500,4020010088,62,436,0,499,374,499
941643041,207170095,148,344,191,321,196,130
1273949234,3995944008,0,499,16,483,499,467
1109255525,1886337921,157,353,22,474,196,452
1093417711,1599701179,78,420,53,446,342,393
470809830,50589682,54,445,0,499,391,499
1260382460,3893204933,0,499,0,499,499,499
1203547884,3275141285,0,499,109,390,499,281
519234815,49657288,78,424,1,498,346,497
1248124350,3813919186,159,332,72,499,173,427
1314280017,4186224216,41,445,123,394,404,271
1176909451,2964445316,177,322,163,333,145,170
1292027314,4105729222,90,465,32,460,375,428
1068094212,1189061834,0,499,0,499,499,499
1255936889,3872705279,12,486,19,459,474,440
1228499341,3617520308,119,380,34,465,261,431
1015391785,480730241,72,426,0,499,354,499
1190256824,1876686446,0,499,162,357,499,195
1218021237,3500953972,0,499,71,427,499,356
1232276391,3658512837,5,494,0,499,489,499
1263970937,3923159550,133,366,42,457,233,415
999162172,339691065,36,443,118,365,407,247
1323008032,4231799778,26,478,48,472,452,424
1250832495,340303642,100,399,7,491,299,484
987621017,294475215,108,399,46,483,291,437
1306906679,4168961940,157,347,247,309,190,62
1253238776,3855466465,108,467,132,471,359,339
1320118696,4215395475,53,432,51,437,379,386
1304113186,4144399289,44,465,174,300,421,126
962507861,223580756,71,427,0,499,356,499
1305307505,4165321297,77,455,148,355,378,207
1047167843,892651129,191,307,186,345,116,159
1190876468,3098566215,94,404,0,499,310,499
1304004070,4160804162,25,465,65,411,440,346
1250959474,3836820873,19,473,64,404,454,340
1324238914,4235884510,48,413,160,355,365,195
1263086841,3913912449,137,344,58,411,207,353
1208961353,3365989492,0,455,34,489,455,455
1291966960,4103843551,62,436,0,499,374,499
846822079,76204674,38,461,0,499,423,499
1007681315,435077280,147,351,100,399,204,299
934426026,192563744,55,438,110,376,383,266
1176504169,2958500224,232,441,90,428,209,338
1008006913,435851439,150,349,117,381,199,264
1072007580,1294897653,0,499,62,436,499,374
1231533288,3652377079,47,458,104,385,411,281
877355133,122801940,0,499,62,436,499,374
1274272996,3997826835,0,499,63,431,499,368
1320681518,4224639342,46,439,58,449,393,391
1240912951,3750582808,114,384,0,499,270,499
1075732973,1352104422,76,422,0,499,346,499
290223387,17277610,76,423,0,499,347,499
1310465803,4183894115,0,499,0,499,499,499
1235536052,3695029103,0,490,70,422,490,352
973607263,269653440,7,495,90,412,488,322
1275314181,4004140707,72,431,81,441,359,360
1056390232,1072021021,68,431,0,499,363,499
1294103310,4122105625,42,485,82,418,443,336
1294226448,4121130892,23,477,130,389,454,259
1267177955,3941811284,4,488,11,481,484,470
1307450592,4171080188,42,459,52,499,417,447
1238725133,3729468378,0,499,28,490,499,462
1301509214,4150991372,0,499,39,499,499,460
1305042693,4164658613,106,388,51,463,282,412
1310194613,4183074870,157,319,30,426,162,396
1289534899,4088652693,0,499,0,493,499,493
1112939339,1912169676,63,436,0,499,373,499
293663978,7186334,64,435,0,499,371,499
1300735361,4148441249,145,354,279,423,209,144
1276045317,4010804971,74,424,0,499,350,499
1045483543,869684902,23,456,163,348,433,185
1255774444,3871044449,56,451,76,461,395,385
1269133849,3955641901,20,479,77,421,459,344
1008141237,436067568,160,339,119,379,179,260
1192477632,3128687102,64,493,130,368,429,238
940611906,204557492,75,424,0,499,349,499
204513030,4594646,28,470,0,499,442,499
1112902522,1925622401,35,499,96,452,464,356
1176729264,2961252484,201,298,10,499,97,489
1249591273,3820162293,2,499,89,411,497,322
933098858,189576226,159,345,115,384,186,269
1301498437,4150989592,24,471,113,414,447,301
1246305620,3798230030,84,408,133,392,324,259
1069816219,1250872983,134,357,187,314,223,127
1249535072,3819980443,142,354,126,373,212,247
1244541356,3785188017,0,499,62,436,499,374
1084418245,1211701048,109,389,0,499,280,499
862466062,48500804,89,409,0,499,320,499
1249536293,3819984308,126,373,126,373,247,247
975279483,273444613,131,362,115,375,231,260
1253264886,3855884699,16,494,25,477,478,452
1318893521,4213592019,52,446,77,448,394,371
1283228283,566683182,12,486,13,486,474,473
1310245763,4182227525,41,480,22,403,439,381
1130101641,2176200323,0,499,63,436,499,373
1307823185,4172827392,119,389,187,356,270,169
1318535787,4219417554,86,458,62,454,372,392
1268908675,3944837576,0,499,67,431,499,364
1265914309,3935625287,31,475,106,383,444,277
1325271242,4240795324,116,436,124,390,320,266
970150050,258530128,77,422,0,499,345,499
1276042595,4010225041,183,316,36,475,133,439
1313396444,4197670668,79,498,29,472,419,443
1237991485,3712916483,54,444,0,499,390,499
1301281384,4151248968,0,499,0,499,499,499
1236864314,2763629676,74,418,32,473,344,441
349552904,48441569,275,337,224,302,62,78
860995195,97187834,127,372,77,421,245,344
1305103511,4144858070,26,464,99,443,438,344
895312610,86680154,87,412,0,499,325,499
1255108048,3868419856,62,436,0,499,374,499
1177006116,2965091701,0,499,62,436,499,374
1278868369,4037566047,116,380,15,486,264,471
1128331298,2142477536,155,343,100,399,188,299
1146981085,2527236600,110,389,51,447,279,396
1196331401,3185649567,77,428,76,428,351,352
1260313112,3893329360,218,265,89,406,47,317
971680101,262868096,0,499,62,436,499,374
1257715679,3881728482,103,416,98,417,313,319
1236845727,3707735154,106,383,76,445,277,369
1277498996,4019796700,92,446,44,438,354,394
1281748566,4053027108,0,499,0,463,499,463
1306001024,4159571669,0,499,109,389,499,280
857451550,91510499,49,450,53,445,401,392
1162477204,2754392412,0,499,62,436,499,374
1191598256,3110856895,24,492,11,482,468,471
1190258088,1876686944,58,444,170,325,386,155
1323300774,4231695957,0,499,0,499,499,499
1102087353,1789888785,73,426,0,499,353,499
1295940375,4127723300,81,437,70,424,356,354
1298743591,4140421500,62,436,0,499,374,499
1299271154,4141570864,100,424,88,411,324,323
873702690,119375694,0,499,62,436,499,374
1323340873,4231757991,98,398,21,479,300,458
1124784741,2083255553,74,424,0,499,350,499
505024039,52199026,0,499,0,499,499,499
1147451658,2532148278,76,353,129,398,277,269
1307348202,4171233387,81,394,99,414,313,315
1323363854,4231825114,42,475,33,476,433,443
1255493428,3868440698,47,453,151,394,406,243
1293273731,4104683423,48,439,86,396,391,310
1179316598,2991326313,88,410,27,471,322,444
1108738339,1878218350,110,389,54,445,279,391
896922934,325184,167,326,59,302,159,243
933264039,190112294,32,466,0,499,434,499
1273974122,3995613514,62,436,0,499,374,499
1282538833,4057543646,0,499,0,499,499,499
1047721979,908950974,66,433,0,499,367,499
1264616126,3925558320,0,443,86,439,443,353
1311862916,4190166918,82,417,0,499,335,499
1217210247,3491380537,47,491,5,494,444,489
1176394903,2956818064,189,310,109,395,121,286
1118344745,1983544297,32,474,146,361,442,215
984850740,289956436,60,448,11,486,388,475
897153697,142843272,0,498,0,499,498,499
1258726301,2703639484,100,399,38,461,299,423
1304174522,4160987482,106,388,51,463,282,412
1150012775,2561409959,7,471,52,429,464,377
1043841049,853455919,7,491,104,409,484,305
1281170636,4050295914,25,463,49,459,438,410
1276075678,4010225786,64,422,57,499,358,442
1276330912,4012704435,46,438,133,350,392,217
1257150925,3879365302,0,499,0,499,499,499
1009334717,440705032,167,332,139,360,165,221
1137058118,2330106331,42,457,0,499,415,499
1237282490,3716309473,133,415,120,371,282,251
998133615,74534070,190,309,160,339,119,179
1189487776,3082548182,3,496,60,439,493,379
1117903902,300537629,158,341,100,399,183,299
1096364308,1646686883,0,499,91,408,499,317
879337634,124716272,90,409,37,461,319,424
1144075439,2474954008,127,376,138,366,249,228
1246609945,3801240848,0,499,197,436,499,239
1252237340,3848177470,0,499,0,499,499,499
977266260,277749824,0,499,109,389,499,280
1220739459,3552315627,18,496,32,496,478,464
1069536,1239552,170,291,202,269,121,67
1305769639,4166642947,106,388,51,463,282,412
1282515727,4057539976,0,379,157,318,379,161
1286713867,4071959812,1,499,0,496,498,496
1168022701,2849955408,62,436,0,499,374,499
1261409319,3898721990,63,447,0,455,384,455
1140990838,2422682711,45,159,211,333,114,122
1100079151,1711736140,110,389,51,447,279,396
1225886844,3077836940,155,336,134,345,181,211
1324088536,4236041996,16,363,35,499,347,464
1244873829,3058032423,153,366,140,362,213,222
876557096,65470104,88,410,0,499,322,499
917366685,162972899,86,413,0,499,327,499
930780213,184869801,62,436,0,499,374,499
1113695881,1926003070,0,499,62,436,499,374
1237102826,2982164772,49,429,152,360,380,208
1143981140,2473129354,3,488,7,487,485,480
968909005,255593355,116,386,70,428,270,358
958535778,228322562,0,499,62,436,499,374
845422134,51933118,40,459,90,408,419,318
1016256803,493567451,0,499,90,409,499,319
1269062090,3953863975,0,441,14,499,441,485
1283015575,3045352416,83,415,0,499,332,499
857263032,91111717,196,303,175,324,107,149
1321981580,4229796654,38,473,106,415,435,309
1267257376,3940028981,91,454,14,467,363,453
1181446447,3002937859,0,441,83,415,441,332
1008138977,436065732,161,337,126,373,176,247
1278110353,4029556672,75,425,164,334,350,170
959928849,234257795,70,428,0,499,358,499
858495306,16546118,46,452,0,499,406,499
1261667012,3900894001,0,499,0,499,499,499
892752689,139900989,75,423,1,499,348,498
1267868595,3942401306,27,480,27,479,453,452
962463461,240798626,52,447,17,499,395,482
931724338,186452281,0,499,7,492,499,485
1123396196,294978017,141,357,100,399,216,299
1111746622,1914613687,104,395,12,486,291,474
1128347163,2142435598,60,436,21,474,376,453
1173486094,2928460072,0,499,71,427,499,356
1282284578,4055996675,163,336,28,477,173,449
1300301324,4145699662,0,499,62,436,499,374
1237270821,3716302764,64,431,34,449,367,415
1146383377,179373904,115,379,18,493,264,475
1177152281,2970595445,16,461,71,429,445,358
1068746797,1199644741,92,406,0,499,314,499
1323261055,4231687858,19,479,41,366,460,325
1158717907,2702871140,120,379,61,438,259,377
871297397,115994354,167,331,0,499,164,499
1238292768,3727585501,7,492,43,464,485,421
1193639569,3148097796,0,499,0,499,499,499
1261421587,3898726956,130,499,62,499,369,437
486903898,51173990,68,430,0,499,362,499
1283545801,4061584076,0,499,0,499,499,499
1005384186,411348376,71,427,0,499,356,499
1312954871,4196997780,44,459,41,475,415,434
1306013979,4167104883,45,423,14,461,378,447
1295525538,4126959873,46,468,86,395,422,309
1176967496,2965775681,74,425,0,499,351,499
1306842951,4168957058,112,370,36,478,258,442
1250262958,3831237589,179,319,57,456,140,399
1290431067,4093216732,0,499,0,499,499,499
1314520506,4186296770,67,431,29,458,364,429
1296017359,4128924921,84,415,0,499,331,499
1274711283,176763969,94,275,0,499,181,499
1275677645,4006528660,35,462,124,434,427,310
1009342264,440662963,152,347,100,399,195,299
977867928,278545864,144,355,42,474,211,432
1269442415,4088681519,0,499,0,499,499,499
861967811,101286322,0,499,62,436,499,374
1174592514,2940640334,0,466,36,457,466,421
1269332128,3958048001,194,305,101,403,111,302
1259271166,3887621161,0,499,0,499,499,499
1066930518,1173353157,93,404,22,476,311,454
1267307177,3942397057,0,499,0,499,499,499
1007482584,435007402,80,419,0,499,339,499
1140311476,2406603740,76,428,120,381,352,261
1294200763,4122557914,75,409,123,387,334,264
1215430391,3470154021,0,499,70,428,499,358
1282024702,4050758708,36,445,49,452,409,403
1249534244,3819978895,253,260,246,304,7,58
995611091,303883974,20,499,12,499,479,487
1301639236,4152824469,6,483,131,417,477,286
1119535736,2000361661,149,290,166,341,141,175
1269779556,3962606088,0,499,0,499,499,499
1250268160,3831364125,0,499,167,436,499,269
1236008760,3703292451,24,482,102,391,458,289
981533130,284681869,0,499,62,436,499,374
1174585442,2940638487,156,323,29,471,167,442
1322076947,4229650048,69,430,71,432,361,361
1193624213,3147679390,65,451,190,321,386,131
1239684572,3732876968,70,428,0,499,358,499
1198193916,291957112,146,352,100,399,206,299
1261378220,3898717052,44,472,63,456,428,393
1043841236,853455935,58,488,126,410,430,284
1137707309,2339646984,68,431,0,499,363,499
1042409514,839593767,72,426,0,499,354,499
1261419586,3898725524,0,499,0,413,499,413
1251243200,3838785160,100,399,100,399,299,299
1130959541,2190653059,0,499,0,499,499,499
916321623,161185074,62,436,0,499,374,499
1100070255,1711734615,110,389,55,451,279,396
1252557066,3850109671,84,442,82,451,358,369
1255705868,3870822970,67,433,70,439,366,369
1318353867,4217941279,0,499,0,499,499,499
1282578019,4057554257,8,457,60,453,449,393
1309057033,4179409133,0,499,0,499,499,499
1237271875,3716302986,46,418,24,478,372,454
1282941167,4057769300,69,413,8,489,344,481
1261174344,3898707909,122,379,128,371,257,243
1138592990,2371291993,72,426,148,376,354,228
1177147264,2970573349,41,455,24,499,414,475
1310451898,4182304861,46,455,91,406,409,315
1319411637,4214354205,97,414,45,442,317,397
1141347066,2429364780,75,425,84,415,350,331
1174585500,2940638498,8,499,7,499,491,492
1225886223,2683754713,125,374,125,374,249,249
1263662890,3920106316,0,499,0,499,499,499
926446125,178663889,79,418,0,487,339,487
1174650142,2941115214,66,430,69,435,364,366
1235857192,3700377236,0,499,149,350,499,201
1270219277,3969948677,107,429,29,475,322,446
1305054325,4163169999,83,415,0,499,332,499
1225361158,3589432383,110,389,54,445,279,391
1285409383,4069008347,178,311,276,408,133,132
1311972997,4189030344,0,499,0,499,499,499
754723917,7303845,85,414,0,499,329,499
1198098624,278413196,161,337,100,399,176,299
673312863,54858406,62,436,0,499,374,499
1304819638,1940510056,12,488,107,389,476,282
1211348469,3396513589,228,276,14,481,48,467
1317479445,4213276628,0,499,0,499,499,499
1311219763,4186477559,41,427,143,355,386,212
1282011000,4050755745,54,448,32,433,394,401
249116294,7327640,147,351,149,349,204,200
1278885385,403300413,35,463,0,499,428,499
1261977779,3902210437,134,373,114,311,239,197
1276024911,4010224358,0,493,0,450,493,450
1311614423,4188732665,1,498,0,499,497,499
1233084451,3673419103,62,436,0,499,374,499
1260695421,3895234745,0,499,0,499,499,499
1178133473,2981152600,119,380,6,495,261,489
1027351825,570724553,100,399,65,434,299,369
1075711245,1351973065,178,327,13,469,149,456
1212767065,3433191842,175,324,197,305,149,108
1096778963,1659935990,0,499,120,379,499,259
1181139664,3000463616,6,491,175,323,485,148
1273104501,3992400290,49,447,52,449,398,397
1020215888,521128194,191,308,170,329,117,159
1282294441,4056001994,13,484,114,385,471,271
1307847547,4172911481,94,419,60,439,325,379
933239172,190091047,93,425,0,499,332,499
1255212155,3865487865,62,436,0,499,374,499
1273190739,3992582368,0,499,0,499,499,499
1153330864,2625537443,8,490,90,409,482,319
1292244102,4108379872,65,436,14,499,371,485
847348222,76795300,62,436,0,499,374,499
1281734431,4052948046,0,499,0,499,499,499
1053285909,1029211200,143,356,141,399,213,258
941255364,206230124,89,407,25,476,318,451
1323781197,4234275290,0,499,0,499,499,499
1065406549,1133157591,154,345,100,399,191,299
1265223441,3929899584,28,470,90,427,442,337
1121713995,2041744418,124,368,58,436,244,378
1318657122,4216251410,0,499,0,499,499,499
1195149103,3165132270,0,499,0,499,499,499
973967195,270299989,0,499,39,460,499,421
991513048,299046152,0,499,62,436,499,374
1271436537,3977503464,54,449,81,438,395,357
759577,120185380,84,414,0,499,330,499
1317709824,4213267978,0,499,0,499,499,499
1065049175,1143082021,0,499,62,436,499,374
1297303418,4134976970,0,499,62,436,499,374
987565671,294380084,142,352,55,482,210,427
1276361701,4012870288,28,448,95,458,420,363
1034466532,675878290,150,347,154,348,197,194
987568575,294339269,166,323,13,489,157,476
987659293,294485039,68,434,53,481,366,428
1280539110,4044248104,0,499,58,499,499,441
1105509888,1849843932,75,423,0,499,348,499
1090777500,1560596471,109,389,0,499,280,499
1281127893,4046991660,90,412,94,413,322,319
1294188136,4122553987,78,128,144,349,50,205
1319429982,4214364241,23,478,97,395,455,298
1066930593,1173353305,20,470,19,479,450,460
1071369378,1289569369,0,499,46,452,499,406
1278777538,4037081434,78,417,88,437,339,349
1061079639,1100198132,0,499,52,447,499,395
940532305,148458832,175,314,271,347,139,76
1191241500,3090967733,113,390,35,466,277,431
1056932561,1073996634,68,444,145,351,376,206
1295914506,4127720471,96,428,87,413,332,326
1186352065,3024523732,0,480,209,290,480,81
1269052710,3955191021,0,499,62,436,499,374
1292745327,4113481235,14,485,109,375,471,266
874730579,94855340,71,427,15,499,356,484
1018697086,108156426,0,499,26,472,499,446
1306974414,4170173231,6,493,80,446,487,366
1323412389,4231416224,71,401,117,393,330,276
1126921655,2093627026,81,414,6,495,333,489
1007717596,435111701,51,448,0,499,397,499
1132284083,2223311043,157,342,100,399,185,299
1009245295,440564615,143,355,100,399,212,299
1215414701,3470139077,67,442,81,471,375,390
868237094,111686063,62,436,0,499,374,499
926752366,178906385,90,409,130,369,319,239
1098403366,3952100061,0,499,0,499,499,499
1097637718,1674463491,31,470,125,378,439,253
1275667391,4006518808,88,404,60,476,316,416
1261179689,3898708699,50,451,67,434,401,367
961861774,238522071,86,413,0,499,327,499
1255706986,3870823309,63,437,69,446,374,377
1309092032,4179604554,26,467,21,476,441,455
1316958943,4207714886,62,436,0,499,374,499
1270255212,1113759864,100,374,42,460,274,418
1220338468,3543728408,70,429,145,354,359,209
1308893888,4177866831,0,499,0,499,499,499
1008032886,435878279,168,331,139,360,163,221
1248594092,3814574516,95,353,80,499,258,419
1287365322,4076593473,29,484,29,470,455,441
1287879876,4079551092,0,499,0,499,499,499
1306876890,4168958358,61,455,29,463,394,434
1265583991,3931856785,15,485,20,479,470,459
1271257051,3976840511,0,499,0,499,499,499
977818316,278539689,0,499,91,407,499,316
1309081462,4179422494,82,410,179,334,328,155
1201837719,3155073978,0,499,98,401,499,303
870884716,115544870,55,443,0,499,388,499
1196159270,3182251939,17,481,38,452,464,414
1158120641,2695197195,14,496,134,416,482,282
974190478,270886412,71,428,0,499,357,499
1213681503,3451869347,140,359,99,399,219,300
1324187553,4236297124,46,451,16,484,405,468
1027018697,569730793,109,389,50,449,280,399
1027294446,570741135,101,398,50,449,297,399
1272115122,3986440742,129,365,38,476,236,438
1215333886,3470007046,96,395,77,433,299,356
1244541053,3785187837,0,499,129,436,499,307
1319411778,4214354220,78,394,34,339,316,305
875339214,114767097,184,315,150,349,131,199
1204262338,3287308166,0,499,61,438,499,377
1037417331,649224331,0,499,62,436,499,374
254309427,5283955,158,341,119,379,183,260
997576384,67574428,190,309,159,340,119,181
1039845066,803711045,0,499,239,262,499,23
1301700883,4151270555,11,492,97,401,481,304
1261415942,3898724489,0,499,0,499,499,499
672375153,15057725,74,425,2,496,351,494
1220730112,3547769254,87,410,116,381,323,265
1275406747,4003976230,0,499,60,499,499,439
1097565051,1672900988,31,467,0,499,436,499
1159488180,2710841011,0,499,62,436,499,374
1250268174,3831364132,0,499,167,436,499,269
1188538921,3067204222,130,369,130,369,239,239
1293751207,4120420051,10,499,0,473,489,473
1310738404,4182274159,45,479,11,466,434,455
1279114351,4037093532,0,499,0,499,499,499
1209147352,3369586300,44,439,19,352,395,333
1320940386,4221623401,344,470,222,408,126,186
1008040024,435887695,160,339,135,364,179,229
1275605643,4006740154,24,450,41,479,426,438
1128487390,2148675328,0,499,110,388,499,278
1211983349,3414348498,142,366,155,356,224,201
1298754609,4139502778,0,499,0,487,499,487
1235828848,3700377152,0,499,62,436,499,374
1251481741,3842785037,100,385,128,412,285,284
1188521813,3067034361,84,434,176,345,350,169
1225872430,3076956990,140,362,203,288,222,85
1305766427,4166642843,106,388,51,463,282,412
1303749204,4159401301,24,453,64,466,429,402
1177467539,2974270518,87,247,211,314,160,103
1273032378,3992387921,42,465,36,460,423,424
1283615477,4061592832,0,499,0,499,499,499
1225664771,532978721,205,292,132,352,87,220
306220440,30274150,73,425,0,499,352,499
1128010076,2134907776,25,485,28,479,460,451
675147394,46539288,114,385,76,422,271,346
964206764,246196365,209,290,133,365,81,232
1012145856,457622432,0,499,62,436,499,374
1316155514,4200874968,101,439,21,405,338,384
1123861898,468043631,136,362,100,399,226,299
872552115,117812055,76,423,0,499,347,499
1230498824,3638923900,85,414,13,484,329,471
1283658899,4061596438,133,420,64,456,287,392
1204215301,3287155135,22,480,46,461,458,415
1274734355,3450745502,79,420,0,499,341,499
1086762446,125001899,68,430,5,496,362,491
1316307572,4200883274,14,485,123,411,471,288
1273490611,3992738475,30,448,64,464,418,400
1243425217,3773722613,31,468,45,452,437,407
1273814043,3995246235,0,499,26,473,499,447
1265222260,3929898838,0,499,0,499,499,499
1211983034,3414348112,177,325,183,316,148,133
1013128966,436076018,69,430,0,499,361,499
1030786610,603578587,98,401,27,484,303,457
1090892714,1564639305,119,365,18,488,246,470
941678562,207258079,188,296,191,301,108,110
1303268780,4157386861,106,388,51,463,282,412
1260365902,3893244628,142,248,195,270,106,75
1254511265,3862331451,1,499,48,451,498,403
1277535075,4019814006,0,499,0,499,499,499
1128756585,278572582,156,343,100,399,187,299
940912398,205420672,0,499,62,436,499,374
1304013224,4160806885,0,499,0,499,499,499
1005923842,146577302,0,499,82,416,499,334
1101536274,1767557340,0,499,62,436,499,374
934637358,193017735,0,499,62,436,499,374
1282373179,4056051496,72,413,145,402,341,257
1049511828,948837797,66,433,0,499,367,499
1276130824,4010546909,0,499,0,499,499,499
1072423329,1303592217,90,408,0,499,318,499
1222970239,3576928133,153,345,100,399,192,299
1079155998,1414869591,70,422,174,343,352,169
1307363556,4171235554,0,499,0,447,499,447
879589400,125060388,0,499,62,436,499,374
1283470501,4061476490,67,432,210,474,365,264
1316128815,4200872270,76,428,12,488,352,476
1046400798,299305026,134,355,26,472,221,446
1323321959,4231696986,29,448,41,478,419,437
1259085816,3887603665,0,499,0,499,499,499
1319134681,4217995155,68,426,176,336,358,160
1307848427,4172911589,31,453,132,312,422,180
1308858652,278401605,100,399,9,489,299,480
1275261747,4003951683,0,435,91,499,435,408
1283496689,4061479026,0,499,0,499,499,499
1316283847,4200882198,25,466,139,339,441,200
924383409,175217996,80,418,0,499,338,499
1014036279,471530706,190,309,190,309,119,119
1279199452,4037102253,0,499,0,499,499,499
1282003188,4050751446,144,372,120,397,228,277
1322493530,4229979993,53,453,104,421,400,317
1308790763,4178060256,0,499,82,416,499,334
1294192230,4122556492,125,399,190,311,274,121
1191853471,3113315594,185,314,201,298,129,97
1047115867,889381634,0,499,130,369,499,239
1225869106,3589475924,83,415,0,499,332,499
1295959716,4128274481,67,430,141,346,363,205
1311013391,4182114900,113,383,11,446,270,435
1269770499,3962599962,0,499,62,436,499,374
1306807818,4167087699,106,388,51,463,282,412
869691144,113693614,68,431,0,499,363,499
1251804518,3844582905,0,499,0,499,499,499
1124805390,278515876,156,342,119,399,186,280
1325261034,4240795188,60,440,66,434,380,368
1031203747,606888939,70,429,0,499,359,499
894354886,142086606,171,330,172,326,159,154
1261007906,3896983687,142,346,69,436,204,367
1305321064,4165063798,107,435,85,440,328,355
1256796607,3875046916,95,383,141,365,288,224
1303986551,4160716571,126,380,32,459,254,427
1254303326,3861171126,81,428,87,429,347,342
895746797,142416116,68,430,0,499,362,499
1027171795,569980909,118,381,50,449,263,399
1008002090,435875084,150,349,106,392,199,286
1304165261,4160985284,106,388,51,463,282,412
338699049,47767614,68,431,0,499,363,499
1215477858,3470029308,63,438,82,486,375,404
1137587055,2332948335,0,499,63,436,499,373
1257149564,3879365094,0,499,0,499,499,499
1260331359,3893281454,116,382,35,475,266,440
1009259696,440564403,150,349,108,390,199,282
1248836049,3817895199,82,395,32,474,313,442
1271991747,3986432121,96,413,73,442,317,369
1134793048,2292391868,95,405,97,481,310,384
1227032284,3604830884,0,499,0,492,499,492
1213721555,3452434861,111,388,50,449,277,399
1273416233,3992637240,63,446,68,430,383,362
1317566288,4213729665,102,408,28,485,306,457
910128706,1816055,62,436,0,499,374,499
1312399899,4194758185,98,413,164,327,315,163
1065169128,1147325280,76,423,0,499,347,499
854179523,58775319,196,303,175,324,107,149
989066474,294413688,214,295,150,311,81,161
1026776046,569540086,106,393,50,449,287,399
1312373722,4194026988,0,499,0,499,499,499
1039641131,159897031,0,499,62,436,499,374
1257242799,3879893872,0,499,19,499,499,480
1007080880,432070689,0,499,62,436,499,374
1328810071,4251979116,83,414,125,420,331,295
1259167682,3887609473,46,461,47,455,415,408
1137065839,2339724105,149,349,100,399,200,299
1150610922,2338941399,89,406,29,474,317,445
1304006008,4160804767,83,381,75,457,298,382
1077606994,1376217890,74,432,0,499,358,499
976146621,275465139,0,499,63,436,499,373
1254241272,3859874072,48,463,117,366,415,249
1261173888,3898707866,0,499,195,320,499,125
1311004158,4182114382,31,476,97,399,445,302
1148324100,2541020628,110,389,51,447,279,396
1133778967,279038307,78,421,0,499,343,499
1311451395,4187454811,136,355,100,474,219,374
1269763514,2621045961,100,399,13,486,299,473
1149847155,2565796405,93,381,148,353,288,205
856119038,89102802,138,358,163,335,220,172
1296398578,4130472953,0,499,0,499,499,499
933237805,190092251,19,499,25,473,480,448
1246801099,789109045,100,399,25,474,299,449
1236428896,3707925346,84,415,0,499,331,499
1032479679,623798387,0,499,84,415,499,331
1264360599,3923195998,17,484,42,463,467,421
1285401276,4069103064,0,499,62,436,499,374
984672077,289454837,32,110,212,283,78,71
987675762,294489089,119,363,6,488,244,482
1169007386,2868804139,161,337,89,411,176,322
1240239020,3745171252,117,381,65,434,264,369
1298768118,4140073156,0,499,62,436,499,374
1282036809,4053884872,0,499,26,499,499,473
995104014,303051753,167,332,11,440,165,429
1094862175,1629874435,0,499,62,436,499,374
1061542597,567634727,47,482,189,305,435,116
1240232504,3745064583,21,443,16,479,422,463
1105831191,1838918730,62,436,0,499,374,499
1261380320,3898717118,20,499,85,499,479,414
1209286919,3367119845,0,499,62,436,499,374
941678734,207258067,132,365,171,318,233,147
1306556067,4167079004,106,388,51,463,282,412
1300295823,4145581698,52,444,150,352,392,202
1273169361,3992525827,62,440,67,441,378,374
1027231699,570642970,108,390,50,449,282,399
1302548547,4155424246,159,351,49,464,192,415
1215431183,3470154154,75,422,44,484,347,440
1267301491,3942395863,11,489,157,350,478,193
871224033,115962077,0,499,91,407,499,316
1264614692,3925558269,32,467,30,479,435,449
1241396621,3756587131,185,314,159,340,129,181
1254994663,3866991823,108,455,57,476,347,419
1137067115,2339724956,156,343,100,399,187,299
1115026564,1938686406,17,423,125,354,406,229
1287224961,4077169990,0,499,55,425,499,370
991868136,299447347,28,471,0,499,443,499
1225892744,3593784990,78,425,24,483,347,459
1278094743,4029521940,120,393,95,320,273,225
972843491,266631848,68,431,0,499,363,499
1074904076,1339440663,0,499,62,436,499,374
1039481071,797268108,12,492,11,485,480,474
1198899796,3219121434,141,358,100,399,217,299
1108902104,335666885,150,349,100,399,199,299
1044773706,817293942,54,444,0,499,390,499
1310877380,4184608536,27,499,132,485,472,353
1116235166,1955604317,62,436,0,499,374,499
1233171208,679636377,158,340,150,348,182,198
1255692706,3870962826,100,399,100,399,299,299
1087559381,1525174759,158,341,100,399,183,299
1236944508,3716248224,180,319,153,346,139,193
1251445224,3842713121,29,473,20,495,444,475
1252627250,3850328350,0,499,169,436,499,267
1107659749,1869201187,82,419,19,460,337,441
1077989071,1388653097,32,468,91,413,436,322
1029362421,591167012,100,398,34,465,298,431
1283334896,4061186474,0,499,101,499,499,398
1299302299,4141676428,30,468,157,378,438,221
1215444346,3470258389,0,499,45,499,499,454
1259009733,3887598493,0,499,86,499,499,413
1275691634,4006535298,0,499,50,454,499,404
1243659657,3775275575,0,499,62,436,499,374
1173006647,2922031316,28,470,0,499,442,499
1204208547,3287147959,84,414,17,482,330,465
1123811837,2062696847,155,343,100,399,188,299
1311268731,2128130790,100,399,25,474,299,449
1319836712,4215065684,95,405,24,467,310,443
1033961727,671515978,122,377,50,448,255,398
1069004521,1214759765,89,425,30,472,336,442
1134801794,2292451104,23,457,84,480,434,396
1178078229,2980661865,0,499,47,499,499,452
1195790295,3176719498,62,436,0,499,374,499
1026788689,569545672,107,392,50,449,285,399
1296409695,4130473196,59,425,96,439,366,343
1136619798,2333136838,28,463,0,499,435,499
486687260,51174676,0,499,1,497,499,496
1227142412,3607449718,78,448,42,441,370,399
1026427476,564209059,78,425,2,499,347,497
1305402814,4165070787,128,373,93,405,245,312
1301441352,4060922241,0,499,0,499,499,499
1009321934,440696096,150,349,109,389,199,280
1265207014,3929890058,0,499,0,482,499,482
1282917067,4058782065,0,499,0,499,499,499
1257997712,3883414026,37,479,128,406,442,278
1311022905,4182116921,0,499,0,499,499,499
1240730159,3748207425,168,336,144,355,168,211
1186356959,3028007153,157,299,6,434,142,428
1323273241,4231688827,94,434,36,445,340,409
1153326277,2615864256,0,499,62,436,499,374
1318659703,4216251664,0,499,0,499,499,499
1015298078,421606744,162,315,140,375,153,235
1201832682,3249405918,0,499,87,412,499,325
1204203770,3287132868,119,347,42,439,228,397
1317993927,4211231552,43,442,0,499,399,499
1277776271,4026005500,62,436,0,499,374,499
1323734730,4233750025,28,482,45,438,454,393
1213743630,3452784810,100,399,152,346,299,194
1196212714,3182722365,37,452,112,425,415,313
1174679760,2941220621,62,437,0,499,375,499
1172791730,2920940637,13,488,86,416,475,330
1162394930,2753709101,0,499,0,499,499,499
768252184,61555280,152,346,120,379,194,259
1229601254,3620902575,62,436,0,499,374,499
1282769686,4058943842,71,456,141,383,385,242
1257338108,3879908505,0,499,0,499,499,499
1072359723,1301358170,0,499,49,449,499,400
1312714055,4190623280,62,436,0,499,374,499
489215753,51316225,68,431,0,499,363,499
1260252034,3894928171,76,427,80,426,351,346
1204249861,3287289967,24,473,8,487,449,479
1316233552,4200879706,18,481,155,365,463,210
1166608687,2822420046,165,354,15,477,189,462
1249965506,3828032133,95,404,0,490,309,490
1318403047,1070458084,59,417,42,475,358,433
1257066449,3877875837,0,499,0,499,499,499
1187554979,3050440649,8,487,8,494,479,486
1213857985,3454690832,39,461,147,325,422,178
1064379262,1136083054,145,345,116,388,200,272
1301863965,4153661282,2,497,0,499,495,499
1159519579,2715531011,0,499,109,389,499,280
930399329,184184676,0,499,62,436,499,374
940875353,205303679,5,490,77,397,485,320
1043840994,853455924,7,491,104,409,484,305
1122050122,2045875477,192,308,185,337,116,152
1307872188,4173007669,149,346,25,330,197,305
980387295,283415055,0,499,25,473,499,448
588116518,54383895,50,449,0,499,399,499
1245967356,3795862170,0,499,78,436,499,358
1282977525,4057771284,0,499,0,499,499,499
1190251021,2041885657,0,499,62,437,499,375
1317007641,4211513153,145,314,180,312,169,132
1032585650,626218866,117,379,39,481,262,442
854352660,85150288,188,310,162,336,122,174
1270649050,3972430488,150,391,37,351,241,314
1265224345,3929899825,45,479,35,471,434,436
1225156194,2987518142,84,414,0,499,330,499
1302568159,4155424890,114,384,106,404,270,298
1289754718,4087671930,0,499,0,499,499,499
1152607126,2370336733,95,372,25,479,277,454
1286961820,4076925921,149,348,29,327,199,298
1139136559,2380216678,0,499,109,389,499,280
1297974674,4137777855,145,355,73,466,210,393
284575498,16284182,67,428,0,499,361,499
1154389665,2635800306,121,349,20,474,228,454
1319218351,4218317896,76,424,105,402,348,297
1104355705,964836998,160,339,100,399,179,299
1278118697,4029704745,65,359,48,472,294,424
1240902452,3750740497,0,499,209,436,499,227
1269503997,3959372365,0,499,0,499,499,499
970564544,259568557,83,379,127,366,296,239
1297793396,844048404,61,437,0,499,376,499
1225886705,3069585020,151,346,194,301,195,107
941693674,207287174,167,352,199,311,185,112
1276001955,4010221940,122,383,38,428,261,390
1230498760,3638923860,5,496,138,355,491,217
933243185,190098923,73,426,0,499,353,499
937192617,197450910,74,424,0,498,350,498
1027759986,575937915,0,499,8,490,499,482
968886157,255463289,73,426,0,499,353,499
1190253746,1876684334,28,483,71,385,455,314
1280703516,4046438574,28,478,128,434,450,306
1275786606,4008680733,12,491,13,488,479,475
956760386,51659014,0,499,62,436,499,374
1294216563,4122561805,0,499,35,499,499,464
941642515,207170091,146,354,181,313,208,132
1275678948,4006528731,0,499,0,499,499,499
1027074034,569870568,104,395,50,449,291,399
999101884,86972217,190,309,155,344,119,189
746777730,60594613,175,324,184,314,149,130
1275396931,4003969739,46,460,47,455,414,408
1174592074,2940640258,6,468,0,497,462,497
1017116474,428651893,190,309,160,339,119,179
966604793,252280803,0,499,62,436,499,374
935609372,195183090,0,389,62,345,389,283
1204593507,3293217543,0,499,62,436,499,374
1031196056,605500871,36,463,10,489,427,479
1306802727,4167087250,106,388,51,463,282,412
1102745157,1806903689,125,378,36,458,253,422
1320710677,4221596553,119,398,100,464,279,364
1231755496,3650158994,0,499,54,444,499,390
1252574223,3850026222,0,499,20,499,499,479
1317467693,4211838005,19,470,88,396,451,308
1308772989,4177815153,0,473,0,499,473,499
845072824,48578310,72,426,12,499,354,487
925598734,177211117,50,449,28,470,399,442
1273951604,3995364781,19,482,116,388,463,272
1232935189,3668693052,0,499,80,418,499,338
964773442,248215771,126,340,196,313,214,117
1261419328,3898725506,0,499,0,499,499,499
1302457823,4155416530,0,499,0,499,499,499
1254739157,3864866081,0,499,0,499,499,499
1271701048,3979673995,62,436,0,499,374,499
1249533370,3819977592,245,414,140,337,169,197
1211833792,3410829077,0,438,34,483,438,449
1037637886,734993868,66,433,0,497,367,497
1316879446,4122557139,88,467,134,345,379,211
301844688,6438701,146,350,99,396,204,297
1094978526,1631055421,158,341,100,399,183,299
1273550832,3992755469,77,428,86,429,351,343
1311307533,4186981219,50,457,92,424,407,332
1133292886,262163214,99,397,78,425,298,347
588117763,54384885,50,449,0,499,399,499
1285359654,4067999722,0,499,43,456,499,413
1196633792,3195331361,0,499,0,499,499,499
870153803,114386953,71,428,3,498,357,495
901954361,147233543,130,369,77,421,239,344
1256089616,3873227961,44,457,104,411,413,307
1204247892,3287288081,86,442,67,428,356,361
1239684895,3733186036,72,426,0,499,354,499
1258841008,3887559558,21,482,25,478,461,453
1277776446,4026079601,0,499,82,424,499,342
1313097426,4196212305,120,378,153,346,258,193
1027902767,577491652,71,427,0,499,356,499
1029101538,590315021,74,420,155,348,346,193
1008229059,436165091,186,311,186,311,125,125
1324096600,4233704741,57,433,31,461,376,430
1278770517,4037079820,24,475,123,379,451,256
1192489177,3128726821,0,499,208,286,499,78
1277564040,4023546227,75,410,121,361,335,240
1008464340,207636297,178,315,112,377,137,265
1265222152,3929898825,220,276,12,488,56,476
1261193369,3898711259,64,477,96,409,413,313
1136410388,2330331735,62,437,114,384,375,270
1149419266,2546272873,0,499,62,436,499,374
887356960,132496030,149,349,101,376,200,275
1292796264,4113873477,0,499,238,260,499,22
1204260948,3287305996,62,433,42,456,371,414
1252628214,3850328889,0,499,62,436,499,374
977922440,278561682,83,415,48,481,332,433
1275400920,4003971660,30,448,64,464,418,400
1279059506,4037576866,9,488,77,424,479,347
1113778896,1928354864,101,396,4,492,295,488
1308843011,756337043,156,342,110,388,186,278
1018931358,513276117,68,431,0,499,363,499
1269409170,3957789280,56,457,140,409,401,269
1216969215,3487829431,151,356,169,356,205,187
1018395941,510785102,378,396,71,435,18,364
1075543633,1346409590,62,436,0,499,374,499
896415658,64574783,92,406,4,453,314,449
1265182242,3929867536,0,488,76,499,488,423
1232345783,3657617933,59,440,24,479,381,455
1188538788,3067204176,130,369,130,369,239,239
1269368972,3957769647,0,499,54,445,499,391
1318548858,4219453647,61,434,142,364,373,222
1052190538,983389311,68,429,18,490,361,472
1026836000,569636183,103,395,50,449,292,399
858394497,92731050,65,434,0,499,369,499
946272855,59728602,153,353,114,392,200,278
1257149496,3879365085,80,416,76,386,336,310
1279209424,4037103321,14,487,28,465,473,437
1231533640,3647870114,89,414,26,473,325,447
1041171223,822492267,109,381,58,454,272,396
930090475,183995085,0,499,13,485,499,472
1279393386,4039606622,17,481,86,426,464,340
835812517,70042269,150,349,101,397,199,296
1306095603,4167131646,45,459,51,463,414,412
1292479121,4108929804,46,448,35,440,402,405
1261418279,3898724733,0,499,0,499,499,499
865521311,107833152,62,436,0,499,374,499
307921834,46336365,200,298,180,319,98,139
1273722365,3992778497,46,452,150,401,406,251
1283803738,4061614894,170,291,46,342,121,296
1236817511,3713803192,0,499,109,389,499,280
1293325923,4104740790,23,481,130,401,458,271
1110090301,1892370868,0,499,0,498,499,498
1126894248,2110058134,0,499,121,378,499,257
978614585,279911704,7,491,0,499,484,499
1002978764,388575955,210,292,210,287,82,77
1257265439,3879902344,0,499,0,499,499,499
1070952995,1267178893,10,489,29,499,479,470
1217321559,3467885335,134,365,81,399,231,318
1191030360,3101158822,40,445,136,435,405,299
1207178024,3334696122,0,499,62,436,499,374
1178085017,2976925914,80,454,32,493,374,461
1139664475,2397837643,59,363,181,338,304,157
1095679947,1636756979,0,499,62,436,499,374
1260401248,3893246354,0,499,0,499,499,499
995102117,303051752,181,319,95,388,138,293
1131804366,2168076495,68,435,33,473,367,440
906669203,136024692,85,419,2,499,334,497
976532042,275883752,149,350,104,396,201,292
1255069998,3867157185,169,315,45,480,146,435
1121183316,2031065995,0,499,28,471,499,443
1283478804,4061477332,22,494,5,483,472,478
1184046831,3013931167,110,389,54,445,279,391
1118184603,1979117056,0,499,68,431,499,363
1193198154,3138604220,0,499,62,436,499,374
956034130,113846916,74,425,0,499,351,499
986272775,292205946,201,295,6,496,94,490
1012321462,457146195,75,424,0,499,349,499
1252444631,3849147970,7,492,104,392,485,288
1142046449,2446294071,37,453,59,432,416,373
1115599124,1947640621,151,334,60,376,183,316
1211242249,3393793539,62,436,0,499,374,499
1032996873,640593109,0,499,100,398,499,298
920232795,121910011,143,355,100,399,212,299
1250482316,190401903,83,415,0,499,332,499
1179316588,2991326309,73,425,0,499,352,499
1172135869,2916184202,66,433,0,499,367,499
1192018377,3120416787,102,365,211,329,263,118
1316105015,4200869677,24,472,156,356,448,200
1007812585,435284499,150,349,106,392,199,286
1138907665,1892606306,169,327,141,351,158,210
1238169238,3726594227,40,459,0,499,419,499
1317152031,4211707150,0,421,146,399,421,253
1260364667,3893203856,0,499,0,499,499,499
1251592744,3844081433,145,309,167,337,164,170
1188458862,3064958526,28,476,108,371,448,263
1301813863,4153390144,0,499,0,499,499,499
868632161,112104929,62,436,0,499,374,499
1154516005,2640261078,17,480,45,459,463,414
891738543,138464163,111,399,116,382,288,266
1277776931,4026079936,45,448,139,373,403,234
1261193336,3898711255,48,444,132,363,396,231
1309973505,4181944707,0,499,0,499,499,499
889368958,135566645,158,342,159,337,184,178
874732437,74244635,71,428,3,494,357,491
1074691536,1337439291,0,499,0,499,499,499
1249585941,3820235589,148,367,82,400,219,318
1285435422,4055827772,157,341,115,384,184,269
1091960455,1548294596,1,484,152,312,483,160
1123927054,2035479028,12,417,138,337,405,199
906114401,106883014,60,438,0,499,378,499
1267279405,3942440220,0,499,0,499,499,499
1261093310,3897607462,145,412,123,392,267,269
1154647609,1182277419,20,484,130,343,464,213
932443805,188166681,0,499,62,436,499,374
975099627,272725406,0,499,62,436,499,374
1248322375,3814339617,122,372,88,460,250,372
933257811,190109095,75,424,0,499,349,499
1317356263,4212779440,33,459,73,443,426,370
1190251903,2781594563,0,499,67,432,499,365
1257644181,3881420331,60,452,66,445,392,379
875702258,64353565,55,443,0,499,388,499
1147841429,2531564130,113,386,158,341,273,183
1215273635,3469771593,72,425,139,359,353,220
1277776364,4026079552,10,494,8,486,484,478
1114972403,1932883724,56,445,73,420,389,347
1255785265,3871117241,38,499,88,388,461,300
1177271258,2971764994,42,457,94,405,415,311
1305100610,4164665940,106,388,51,463,282,412
1289052974,4085962980,20,477,0,499,457,499
1273993667,3995366811,38,446,75,441,408,366
1135221513,2302948090,37,476,126,462,439,336
1305955593,4160879819,87,412,0,498,325,498
1254804312,3866378120,116,383,6,495,267,489
1127848045,2132484388,131,254,142,353,123,211
1238688927,3729519518,198,309,62,464,111,402
1317102510,4211272347,0,431,48,488,431,440
1314379462,4202301738,137,463,136,228,326,92
1024995439,548784711,18,385,88,410,367,322
1190245305,1901640976,0,499,62,436,499,374
1323062045,4231807405,0,499,0,499,499,499
1227565722,3612231284,150,349,114,384,199,270
702079386,6808698,74,424,0,499,350,499
1260387686,3893245787,46,465,29,475,419,446
1277259035,4021674265,134,366,68,141,232,73
1070442280,1268787075,0,499,62,436,499,374
1132599118,2229415410,0,451,25,456,451,431
1283785319,4061613995,0,499,0,499,499,499
1305402717,4165070746,25,474,157,342,449,185
1304181911,4160988573,106,388,51,463,282,412
940385373,203817866,62,436,0,499,374,499
835112205,57211540,74,425,0,499,351,499
1307978232,4173625302,0,499,235,279,499,44
932675768,188980553,0,487,50,469,487,419
941622046,207151571,195,302,158,356,107,198
1313409218,4197672707,82,434,76,414,352,338
1285857975,4017676613,16,481,119,459,465,340
922170081,170808106,218,241,387,387,23,500
1065468425,1144534937,62,436,0,499,374,499
1266899898,3940231754,0,499,0,499,499,499
1190254244,2832752561,0,499,62,436,499,374
1209414356,3376826727,61,438,14,494,377,480
1288977609,4085932813,0,499,0,499,499,499
1236052031,3703962164,100,399,25,473,299,448
1275614228,4006900903,0,499,0,499,499,499
1203464972,3277811921,97,345,96,379,248,283
1192400271,3125320165,0,499,62,436,499,374
1046075201,871855519,68,431,0,499,363,499
1292387661,4108907787,0,387,145,369,387,224
1198940363,278545899,157,341,100,399,184,299
1006306141,422614751,0,499,62,436,499,374
1290373213,3720982961,68,431,0,499,363,499
1324055276,4236041461,85,371,12,487,286,475
1187575402,3051832474,40,463,41,454,423,413
956186729,208364127,73,426,0,499,353,499
1277445155,4022745847,79,416,298,484,337,186
1283513671,4061479421,0,499,0,499,499,499
1221766477,3566351487,26,464,121,414,438,293
1275666517,4006518787,0,499,2,499,499,497
1275671944,4006519555,17,499,0,485,482,485
1311012560,4182114886,0,499,0,499,499,499
1205825703,3312189743,26,459,16,476,433,460
1316263759,4200881329,25,483,82,414,458,332
1322925932,4229123776,62,436,0,499,374,499
1271689834,3979652527,99,403,445,484,304,39
1257503661,3881470477,0,499,0,489,499,489
973161304,268056109,90,409,130,369,319,239
1304172185,4160986999,106,388,51,463,282,412
1010479904,313623057,71,427,0,499,356,499
968772041,254956784,0,499,64,434,499,370
1310077820,4182217029,116,387,43,429,271,386
1317498268,4213580037,0,499,83,416,499,333
1264047044,3923103897,14,479,64,444,465,380
1259385905,3887636748,30,448,64,464,418,400
1254483611,3861779493,70,364,96,385,294,289
1255961269,3872854755,46,473,34,447,427,413
1009223718,440549480,170,328,131,355,158,224
1279996316,4042587637,7,493,11,485,486,474
1197652694,3204973038,35,463,117,427,428,310
1104322887,1830615144,130,384,147,378,254,231
1279323410,4037125121,55,479,29,464,424,435
1282879217,4057766901,0,415,5,499,415,494
1270220006,3969948850,25,462,70,465,437,395
1109621195,1888394574,0,499,62,436,499,374
1321999691,4229797328,35,473,62,449,438,387
870344473,114730853,80,418,0,499,338,499
1008149629,436070901,160,339,124,375,179,251
947460239,209824754,126,376,164,329,250,165
1325958829,4234467596,117,394,26,470,277,444
1324212611,4236298279,63,432,21,484,369,463
1293128052,4116189722,0,499,62,436,499,374
1276432567,4013273102,6,476,15,489,470,474
908839920,153425306,38,486,150,350,448,200
1192193756,3123192680,46,451,64,482,405,418
909758923,154025450,69,422,1,485,353,484
1313455838,4183293159,27,479,20,470,452,450
1281926574,4050716276,0,499,0,484,499,484
1286981397,4076977694,0,499,0,499,499,499
1150439215,2575955569,120,378,153,346,258,193
1309332925,4180326172,0,499,0,499,499,499
1262428048,3908155824,133,326,167,365,193,198
1310275224,4182230959,0,499,0,499,499,499
1124331237,2075641227,27,476,24,489,449,465
1257577359,3881712491,28,473,69,453,445,384
1257558368,3881708643,40,384,78,441,344,363
1027175593,569805948,103,396,50,449,293,399
1273767101,3992802105,40,444,73,461,404,388
1117171770,1967283220,27,469,165,340,442,175
1308877269,4177866399,83,423,13,446,340,433
1260351650,3893244036,33,461,79,442,428,363
1291932589,4104905775,62,436,0,499,374,499
1053250433,1028814339,78,421,0,499,343,499
1305423131,4165669623,188,312,188,310,124,122
862562630,49061679,56,443,0,499,387,499
1251480254,3842784720,74,424,85,456,350,371
1237108535,1684141672,39,456,150,356,417,206
1286015718,4071963978,31,466,106,420,435,314
1284172893,4063433726,54,440,103,458,386,355
1202877526,3265356508,81,419,0,499,338,499
1015195108,474262215,76,423,104,440,347,336
928868424,182283107,89,417,63,437,328,374
1282003306,4050751468,0,499,0,499,499,499
1269514265,3959384875,0,499,0,499,499,499
1177147306,2970573395,30,468,23,483,438,460
1045098783,867222362,77,422,21,475,345,454
1254948991,3867138507,118,389,60,464,271,404
987276151,294099255,0,499,83,415,499,332
1277518605,4019806068,90,394,39,437,304,398
1163616109,2766370857,62,436,0,499,374,499
876146048,68375327,67,441,24,499,374,475
897156865,217300,108,391,12,486,283,474
1220252606,3534357469,63,436,0,499,373,499
914288892,158738742,0,499,62,436,499,374
1289803854,4089926573,86,499,62,422,413,360
1306540083,4167075936,106,388,51,463,282,412
1241984614,3761317798,0,499,62,436,499,374
1189935465,3085459350,122,365,115,381,243,266
1154767704,2643902097,0,499,57,499,499,442
1117693970,1976176734,181,361,17,441,180,424
1225861940,1179039131,136,359,150,321,223,171
979172197,281508782,74,384,10,424,310,414
1273137693,3993154794,40,461,114,376,421,262
848934524,80184966,74,425,0,499,351,499
1100082580,1711734527,180,319,150,348,139,198
1100077435,1711736025,110,389,52,446,279,394
940530753,138765455,135,298,168,334,163,166
1267936436,3943071407,74,425,10,489,351,479
1246431750,3792985177,0,499,62,436,499,374
1077980305,1388731403,86,413,0,499,327,499
311556762,46624058,75,424,0,499,349,499
1061546429,146546768,93,386,27,484,293,457
933249371,190104339,4,496,24,477,492,453
1261409414,3898722054,30,460,39,499,430,460
1043078893,847065827,86,414,91,415,328,324
1198835843,1646586430,149,350,127,394,201,267
1158121446,2695198618,12,489,46,439,477,393
1190258192,1876686763,38,420,94,398,382,304
874754941,120565777,90,427,35,463,337,428
1323513970,4231856350,186,426,151,425,240,274
1321435213,4222996083,56,395,25,466,339,441
1285263825,4068127051,0,499,0,496,499,496
1317251417,4210987125,0,499,0,499,499,499
1282808747,4057524461,102,418,65,456,316,391
1060953675,278546108,160,339,110,399,179,289
1316219172,4200878279,38,468,114,378,430,264
1176472590,2958145969,71,427,43,455,356,412
1247332076,3808750871,0,499,107,391,499,284
1028443246,582720910,178,320,155,344,142,189
1261378596,3898717067,0,499,94,404,499,310
858896232,93640028,0,499,62,436,499,374
976683653,276429187,104,400,20,485,296,465
1030340270,595895297,77,422,0,499,345,499
864724282,106287612,0,499,62,436,499,374
1322777518,4231405879,0,499,0,499,499,499
1312033995,4189094586,107,422,94,409,315,315
1279142856,4037580962,146,351,41,461,205,420
1176505330,2958504002,2,498,78,415,496,337
1259352078,3887630536,90,414,97,414,324,317
1302572606,4153309331,0,499,0,499,499,499
1253371514,3852226851,153,346,120,378,193,258
1310524925,4182250942,84,419,82,418,335,336
1139526439,2379731611,69,430,19,499,361,480
1264909197,3928057827,108,456,109,205,348,96
1094741205,1623326993,27,473,35,388,446,353
1275631343,4007155837,12,493,20,492,481,472
921249970,168344660,9,487,109,410,478,301
1274392860,3999382460,31,488,86,407,457,321
1156165613,2665879925,145,353,100,399,208,299
1213111343,3441324039,0,425,50,437,425,387
964652279,247771950,40,472,165,306,432,141
1261173910,3898707871,0,499,192,315,499,123
1061327776,143724305,97,395,24,478,298,454
1309138897,4179726386,25,465,162,348,440,186
1257519061,3881471034,0,499,0,499,499,499
1226405756,3591581813,0,499,142,436,499,294
1262282810,3906573218,4,496,36,472,492,436
1017443062,104543185,190,309,157,342,119,185
1208961417,3365989511,0,453,34,483,453,449
1100062947,1711730038,70,429,145,354,359,209
964418894,245684390,73,413,50,465,340,415
1323259004,4231687297,179,411,141,390,232,249
1285833531,4017664917,35,172,158,282,137,124
1113045633,1926571187,128,368,103,492,240,389
1027062368,569733564,100,399,59,439,299,380
1261568459,3900589883,71,421,27,462,350,435
1054874304,1050724073,35,464,35,464,429,429
1153379605,2615106950,62,436,0,499,374,499
882094635,126529708,76,423,0,499,347,499
872945423,118392408,62,436,0,499,374,499
1146110733,2504639791,27,472,0,499,445,499
1275060748,4003838265,29,481,30,470,452,440
1143235960,2462946121,189,328,153,298,139,145
1282283686,4055995906,14,486,22,466,472,444
1264884777,3928047719,74,429,6,457,355,451
1313443490,4197677378,8,484,69,448,476,379
1041766234,788588973,74,420,14,485,346,471
1192205612,3123388559,117,420,38,473,303,435
1324001257,4235887195,9,499,0,499,490,499
1249535945,3819983822,100,421,170,349,321,179
1126375305,2103207729,0,499,23,476,499,453
414480,853823,77,421,0,499,344,499
1243660017,3775275644,0,499,136,436,499,300
1328437012,4250685817,0,499,0,499,499,499
1265329338,3930249139,0,499,0,499,499,499
949552376,212583424,154,340,200,307,186,107
1167909084,2847696336,171,399,37,480,228,443
77790630,2602973,188,310,163,335,122,172
1071864576,1298491217,209,285,115,377,76,262
1026860122,569609886,110,389,50,449,279,399
1262605503,3908521270,0,499,0,499,499,499
1181482543,2997274670,0,499,62,436,499,374
1256968029,3876188291,36,463,35,463,427,428
1176505404,2958504699,28,460,123,357,432,234
1298922607,4112243138,43,471,164,314,428,150
1209715780,3382584285,65,412,25,482,347,457
1307178540,4170893828,0,499,322,358,499,36
1115476353,1543320621,155,343,100,399,188,299
1204667442,3295131743,9,484,20,455,475,435
893311235,141191246,189,312,214,261,123,47
1136980082,2336102329,42,459,51,447,417,396
1010546270,447622156,161,323,21,482,162,461
937600733,198600580,203,292,129,370,89,241
1276972416,4017744815,0,499,0,499,499,499
1212768019,3433481313,0,499,245,254,499,9
1319429642,4214364230,54,447,62,433,393,371
1211398884,3397449922,104,392,98,399,288,301
1268611587,3951727927,0,499,0,499,499,499
1166314944,2812541047,0,499,62,436,499,374
1283909132,4061626616,0,498,0,499,498,499
1311201548,4182063619,126,377,33,482,251,449
1145112785,2491808920,62,436,0,499,374,499
1293733178,4120379939,31,465,55,461,434,406
1032738897,50465889,62,436,0,499,374,499
1265238340,3929959815,24,449,35,453,425,418
1033686271,2041116909,0,499,0,499,499,499
1276444512,4013275983,47,362,163,355,315,192
1301443992,4060923058,144,354,177,360,210,183
1182228129,2759173784,3,490,55,393,487,338
1177449644,2973959919,147,353,124,364,206,240
995102522,303051737,49,436,87,449,387,362
1318094226,3861912291,21,459,32,474,438,442
626427094,55150887,0,499,62,436,499,374
1318790524,4217853397,10,490,73,433,480,360
1055346652,1054291002,0,499,62,436,499,374
1027855824,577058335,184,297,201,289,113,88
835266686,69273963,77,422,135,363,345,228
1279754077,4041455857,61,476,18,475,415,457
1292526129,4108941413,2,496,0,499,494,499
1176160593,2955135965,21,483,131,437,462,306
1217172211,3490666446,71,499,10,494,428,484
1312263390,4193922690,9,488,79,467,479,388
987449446,294326000,87,445,113,396,358,283
1317945309,4215699180,16,477,63,393,461,330
1262863016,3911844364,65,429,2,497,364,495
1189935463,3084360723,122,365,115,381,243,266
1310055289,4181954815,112,412,119,387,300,268
1280492474,4045117945,44,457,23,431,413,408
1174291388,146548893,152,349,85,338,197,253
1260455457,3893737661,151,349,200,314,198,114
1287275937,4077177225,53,445,62,409,392,347
1094722312,1532211359,144,355,100,399,211,299
1069362628,278516515,146,352,100,399,206,299
1260396763,3893246041,34,482,28,487,448,459
1118520076,1984419987,113,428,145,383,315,238
1295960241,4128274543,25,491,33,452,466,419
1196212744,3182722371,37,450,112,423,413,311
1319871169,4215126252,32,460,77,429,428,352
1257705313,3881793537,0,499,0,499,499,499
1276220686,4012105820,11,492,50,458,481,408
1115967216,1951928057,97,395,24,478,298,454
1246127540,3797181729,0,499,0,499,499,499
1323329975,4231757552,92,371,33,442,279,409
1311487566,4187457374,136,372,65,475,236,410
1252799410,179218485,90,409,0,499,319,499
1275805451,4004671919,117,376,73,419,259,346
1279765967,4041457916,68,436,54,377,368,323
1085977203,1505536442,0,499,62,436,499,374
1043841164,853456062,24,482,180,490,458,310
1048204696,938773859,0,499,109,389,499,280
1292390039,4108908413,0,387,145,369,387,224
1282815048,4057525511,31,461,128,305,430,177
1316316967,4200883945,21,478,8,437,457,429
853956640,85235527,62,436,0,499,374,499
1257237868,3879893411,96,380,162,325,284,163
922136590,170263729,0,499,50,449,499,399
1225887622,2105992115,139,363,204,297,224,93
1248640978,3816940094,21,481,111,425,460,314
1045752547,871665488,0,499,62,436,499,374
1254369582,3861304136,83,413,1,499,330,498
1133346833,2242478632,0,498,0,499,498,499
1011019082,449732331,157,341,130,369,184,239
1190644142,3092577590,165,334,134,364,169,230
1088750412,1543063631,85,395,142,356,310,214
1309123319,4179725761,0,499,43,499,499,456
1174588199,2940639074,167,327,140,354,160,214
1299945807,4141021716,126,348,26,433,222,407
966030466,251477234,134,365,104,381,231,277
1287495531,4076845657,86,413,86,413,327,327
1242115218,3762611216,127,461,115,435,334,320
867723117,110990664,54,444,0,499,390,499
1294423207,4123172073,28,471,32,466,443,434
1126362677,2103218904,135,363,0,497,228,497
1158414526,2699484522,90,409,0,499,319,499
1262312267,3906232823,0,499,0,499,499,499
1225867021,1987425280,139,357,200,306,218,106
1195813452,3174346123,0,499,62,436,499,374
1299148410,4141835368,124,372,30,468,248,438
1144868309,2489845471,150,348,100,399,198,299
1248690509,3817392543,74,449,194,346,375,152
1181068269,2999921062,16,480,155,363,464,208
1261173507,3898707824,10,483,178,348,473,170
1297988175,4137692543,62,436,0,499,374,499
1261193395,3898711267,78,422,75,426,344,351
1174590689,2940639770,178,320,187,291,142,104
1290512888,4094110004,38,461,16,499,423,483
1243102541,3768605275,0,499,62,436,499,374
1165593617,2805472328,217,266,412,430,49,18
1295960569,4128438404,175,321,178,345,146,167
975649031,274174782,0,499,62,436,499,374
1278768497,4037079504,25,465,48,458,440,410
1265207224,3929890066,0,499,0,499,499,499
1116041854,1952554764,110,389,50,449,279,399
1104357133,1831066923,18,475,137,381,457,244
1010135995,442694810,62,436,0,499,374,499
1254286100,3859875678,9,499,22,379,490,357
1174587114,2940638838,51,462,39,458,411,419
1237106174,2660821445,10,492,107,410,482,303
1012917100,461886556,0,499,3,496,499,493
957797106,225394690,0,499,47,452,499,405
1068866715,1204725794,102,413,56,431,311,375
1048464868,941764567,72,426,0,499,354,499
1147667951,2533432324,125,386,153,369,261,216
1301496399,4150988098,61,439,81,419,378,338
1138437208,2368123332,62,436,0,499,374,499
879233394,124646533,50,446,28,496,396,468
1026020941,558785023,0,499,117,387,499,270
1251488347,3842787352,85,88,165,340,3,175
1166901363,2824353342,74,425,0,499,351,499
1278708346,4036971718,64,437,78,426,373,348
1066930504,1173353262,17,485,18,486,468,468
1044186774,858017084,157,345,104,401,188,297
1190865904,3098367947,102,403,141,375,301,234
1281841791,4053422915,75,423,40,459,348,419
1149216779,2555560771,73,426,55,499,353,444
1295960470,4128438389,226,278,223,266,52,43
1311482184,4187456719,135,368,15,483,233,468
1026197838,560946477,58,437,92,420,379,328
445317430,50237692,110,388,50,449,278,399
1266330797,3938063912,116,389,23,284,273,261
1142599940,2453078415,73,426,0,499,353,499
1211777890,3409965337,0,499,0,499,499,499
730759199,18225100,62,436,0,499,374,499
1108365810,1875804554,110,389,51,447,279,396
1086129261,1475673313,191,311,127,374,120,247
1245886330,3795260677,32,467,32,467,435,435
1027278429,570627255,103,396,50,449,293,399
1323083117,4231411110,2,495,35,433,493,398
1267347224,3942399640,0,499,0,499,499,499
1137611489,2335420818,98,401,0,499,303,499
1301691682,4152895449,91,401,45,473,310,428
1305084575,4164663174,106,388,51,463,282,412
1136835363,2335320369,92,439,16,482,347,466
1193637366,3148097429,115,326,160,326,211,166
1027183143,569985100,104,395,50,449,291,399
1275625144,4006502055,101,432,54,437,331,383
1261608780,3900590795,0,499,0,499,499,499
1243394237,3773730750,19,480,20,479,461,459
1053583928,1035095089,80,418,0,499,338,499
999063264,86122280,190,309,160,339,119,179
1253324031,3856407951,128,370,0,499,242,499
1317967684,4215701708,0,499,0,499,499,499
1266370386,3936755710,0,499,62,436,499,374
1028065167,579538103,100,398,34,465,298,431
1248451704,3814949983,91,456,125,344,365,219
1312314353,4194021676,0,499,0,499,499,499
1323227391,4231851091,0,499,0,499,499,499
1263677363,3920612153,0,499,62,436,499,374
933263908,190112533,125,374,106,393,249,287
1308895991,4177866984,0,499,0,499,499,499
1039593444,799001019,115,384,149,350,269,201
1310479571,4182246241,0,499,0,499,499,499
1283758761,4061611108,176,324,33,316,148,283
1008042805,435884984,146,352,100,399,206,299
1016125137,494865007,139,360,97,402,221,305
1004958386,410095648,132,341,25,468,209,443
1295960588,4128438409,175,321,178,345,146,167
1311485340,4187457066,144,355,55,479,211,424
1309141430,4179726440,32,493,81,401,461,320
1206398966,3323833342,41,499,83,414,458,331
1168811029,2865017203,73,426,9,499,353,490
1157368472,2684746136,220,313,138,388,93,250
1087245624,1453338219,156,342,100,399,186,299
1218982648,1310689824,183,315,150,277,132,127
1316961035,4211078924,0,499,0,499,499,499
977162734,99526733,102,410,26,478,308,452
1205776533,3303430991,62,436,0,499,374,499
1249535861,3819983777,26,458,131,400,432,269
1102612107,1801041141,0,499,0,499,499,499
1146385859,836085178,64,436,105,400,372,295
888588528,89282416,62,436,0,499,374,499
1236524451,3708925985,52,449,125,493,397,368
1323270820,4231795304,64,436,72,441,372,369
1027300764,570691559,100,399,64,435,299,371
958952778,230496987,3,474,101,410,471,309
1213743818,3452787820,66,433,0,499,367,499
1323039520,4232482449,186,305,10,485,119,475
1208625978,3350785001,62,436,0,499,374,499
1223638695,3582769965,0,499,62,436,499,374
868056947,111304322,43,443,118,454,400,336
1314654954,4186533939,40,466,46,472,426,426
1231031240,3642002939,47,452,101,398,405,297
1218137615,3505546369,92,433,64,476,341,412
527224630,52907797,201,298,170,329,97,159
845172375,73887588,81,422,3,492,341,489
968870395,255061863,112,387,50,449,275,399
1268741391,3936362960,20,484,145,367,464,222
1034861573,679118694,62,436,0,499,374,499
1238444568,3728535577,100,399,38,461,299,423
1277177016,4020499113,82,499,64,499,417,435
1314169781,4201827430,129,370,57,445,241,388
1307235876,4171067398,0,499,0,499,499,499
1254807568,3866409947,11,490,164,343,479,179
1168015023,2849849949,60,443,100,434,383,334
381403985,49634710,100,399,33,465,299,432
1176504835,2958500791,0,499,68,430,499,362
940530433,204383940,172,329,118,381,157,263
1025945292,556738379,0,499,63,436,499,373
1118573507,1986329319,13,483,87,404,470,317
915097854,159603726,0,499,0,499,499,499
874538000,108566407,103,395,0,499,292,499
1144534031,2483439032,185,283,169,305,98,136
1211983056,3414348129,21,475,54,457,454,403
1307819057,4172826989,5,477,111,435,472,324
1309647207,4179726745,215,407,184,404,192,220
1244990157,3787994711,84,491,14,489,407,475
1227161720,3607250526,35,468,36,484,433,448
930656634,184607129,134,364,92,409,230,317
1265223355,3929899554,11,466,120,402,455,282
1107915531,1869938481,110,389,63,435,279,372
1127973796,2134129145,34,461,157,353,427,196
1276524247,4014004326,0,499,76,422,499,346
1282366512,4056399145,0,499,84,415,499,331
1192509997,3128802082,218,289,23,478,71,455
1278212701,4030676482,173,327,6,483,154,477
962611277,240722236,165,331,129,369,166,240
1193445776,3144762112,125,370,2,468,245,466
1205340748,3303129011,0,499,0,499,499,499
1069231576,1229431377,52,447,0,499,395,499
1244326348,3782771608,0,499,126,436,499,310
1277611715,4023549918,44,453,173,489,409,316
1273120506,3992516448,62,453,105,456,391,351
687695055,57424600,62,436,0,499,374,499
1309593575,4152870735,124,378,74,436,254,362
1118212514,1978100084,54,465,115,375,411,260
1273181528,3992578692,59,447,65,446,388,381
1007826777,435302906,160,339,127,372,179,245
1209236191,3371737385,104,395,12,486,291,474
1048850518,947020181,29,470,0,499,441,499
1267993680,3945013568,29,473,134,365,444,231
1174586509,2940638732,173,322,195,329,149,134
1191255878,3101989782,109,389,0,499,280,499
848934448,80184703,0,499,79,419,499,340
1007648641,435106824,58,440,0,499,382,499
1101673421,1779573972,157,342,100,399,185,299
1252564676,3850010752,0,499,0,499,499,499
1136078446,2318207115,0,499,0,499,499,499
1267483117,3943148302,40,450,60,447,410,387
1313198822,4198225216,169,328,75,406,159,331
1323694454,4234147630,0,499,28,499,499,471
882526617,72039548,174,441,0,432,267,432
909930847,154196299,87,411,0,499,324,499
1320300361,4221444557,7,482,11,478,475,467
1282768944,4058943744,42,410,123,388,368,265
1292890126,4114276384,49,488,12,418,439,406
941622130,207151336,160,332,170,324,172,154
1267991223,3944541779,0,499,0,499,499,499
1025671451,554019781,122,362,64,402,240,338
1323296159,4231695612,176,315,47,472,139,425
1027049945,569910764,104,395,50,449,291,399
1290564597,4094875045,0,499,0,499,499,499
1276051178,4010225230,78,311,86,499,233,413
1154767710,2643902100,13,484,57,465,471,408
922012402,170294404,73,426,0,499,353,499
1256966008,3876187582,0,499,0,499,499,499
975910320,274769824,0,499,62,436,499,374
1321406340,4222992004,76,420,20,484,344,464
1120576589,2014632767,92,439,61,433,347,372
1309730559,4152983383,47,461,52,463,414,411
919931141,158383475,73,425,0,499,352,499
1083215451,1457854103,0,499,62,436,499,374
1174589257,2940639454,5,492,7,481,487,474
1008970486,439712824,73,425,0,499,352,499
1040955250,209814578,0,499,60,438,499,378
855379630,88183232,1,493,145,340,492,195
1144458193,2482251810,0,499,62,436,499,374
1313427124,4197675142,66,411,49,419,345,370
1073386524,1320694438,122,364,82,417,242,335
1231189419,3644415716,62,436,0,499,374,499
1268742348,3937051918,25,483,158,359,458,201
1311191863,4184450416,0,499,0,438,499,438
1206219571,3309739274,5,493,0,484,488,484
1310066693,4181960159,8,457,60,453,449,393
1271267688,3976955414,41,457,96,403,416,307
1209715946,2832752568,23,467,35,478,444,443
1289427842,4087645903,16,483,11,389,467,378
1314634370,4186447973,14,487,100,395,473,295
1260348630,3893243894,34,464,153,439,430,286
1254534114,3861765546,0,499,0,499,499,499
1261416203,3898724514,0,499,0,499,499,499
1313471034,4183330004,34,123,176,340,89,164
1088812749,518999188,71,427,0,499,356,499
1190252043,2644695769,46,443,100,391,397,291
1283482133,4061477593,19,483,110,414,464,304
1120438986,2011823394,7,465,49,463,458,414
1231848467,3654899994,0,499,95,404,499,309
1213851954,3454334163,0,499,63,436,499,373
1276020840,4010517635,15,486,12,493,471,481
1149438142,2559357510,0,499,0,499,499,499
1097466622,1671698547,19,476,45,424,457,379
1181446411,3002937813,131,370,58,458,239,400
1047449349,896005015,79,419,0,499,340,499
1207670403,3336118689,0,499,63,436,499,373
926926977,179388713,64,422,72,414,358,342
1257417407,3881319975,0,499,0,499,499,499
1035381114,301239591,0,499,62,436,499,374
1310380668,4181901016,0,499,0,499,499,499
1313263987,4197501499,54,438,77,420,384,343
1258952994,3887588689,46,461,31,483,415,452
1008194661,436098284,114,385,50,449,271,399
1245668958,3793734785,19,480,20,479,461,459
1128293807,2140564041,179,351,76,492,172,416
1234646386,3688181504,206,294,181,321,88,140
1310111325,4182218835,0,499,0,499,499,499
1265198372,3929885272,105,499,0,446,394,446
1088517217,1495670437,56,444,125,384,388,259
1266027088,3936430450,191,308,163,367,117,204
852672661,79726239,144,355,100,399,211,299
1260320418,3893242439,13,489,32,480,476,448
1271815378,3981435910,100,399,50,449,299,399
1252290815,3848187006,0,498,0,499,498,499
861871377,100727521,63,436,0,499,373,499
940536764,138764350,192,322,185,318,130,133
861331404,99554514,82,416,0,499,334,499
993393086,288908625,6,499,110,396,493,286
1324218439,4236298445,103,418,149,337,315,188
1198863057,1984427589,145,354,100,399,209,299
781435542,62076960,64,434,25,499,370,474
1270249261,3970276415,52,448,11,492,396,481
1043090028,837129063,0,499,0,499,499,499
911556458,154620049,0,499,81,418,499,337
844650813,72880718,65,433,0,499,368,499
1166882393,2825471945,16,485,124,409,469,285
1119407658,1998122026,171,329,148,336,158,188
1318635439,4216148607,118,354,73,451,236,378
1077151376,143897720,78,420,0,499,342,499
1301390952,4151253819,162,454,180,431,292,251
1018397112,510791191,50,449,100,399,399,299
976251551,275574461,0,499,62,436,499,374
1083507570,1481716344,166,333,125,374,167,249
1321974923,4229796367,22,467,54,396,445,342
1186609791,3034452219,125,374,67,431,249,364
1195281230,3166698930,0,499,0,499,499,499
983132719,287240235,73,426,0,499,353,499
1307759387,4172463290,0,499,0,499,499,499
1177726576,2973492855,0,499,109,389,499,280
1242868418,2657866618,100,399,11,487,299,476
1316114043,4200870829,28,478,21,449,450,428
1256014825,3873034269,100,399,101,398,299,297
1252627401,3850328407,0,499,62,436,499,374
1133545779,2246763371,0,499,62,436,499,374
1317752242,4213270715,125,381,36,452,256,416
1241596541,3758036276,62,436,0,499,374,499
1205730164,201135078,0,499,0,499,499,499
1292550652,4108947342,28,451,141,360,423,219
1255288038,3868413971,57,448,67,410,391,343
1236944517,3716248249,180,319,153,346,139,193
1007655386,435125148,100,399,74,425,299,351
1266212530,3937634532,18,482,152,371,464,219
1093087732,1596828956,33,461,125,372,428,247
1305515598,4144930469,57,446,21,470,389,449
1269730487,3962285795,78,426,143,338,348,195
1317904196,4215692932,144,354,14,478,210,464
1073485738,1317409873,30,468,0,499,438,499
1075759751,1352145838,120,429,156,414,309,258
1108901093,1879460159,159,339,100,372,180,272
959610867,60321292,74,424,0,499,350,499
1288467961,4082249065,133,367,94,412,234,318
1193179051,3138623363,72,427,0,499,355,499
987623727,294478085,0,499,38,460,499,422
1176505491,2958505289,3,491,98,414,488,316
857497507,91558092,0,499,35,464,499,429
1157442484,2686114731,0,499,0,499,499,499
886432422,132291091,145,354,100,399,209,299
1156138179,2652701024,62,436,0,499,374,499
1324030101,4235889362,63,439,151,350,376,199
1257652664,3881991618,164,410,141,409,246,268
1287483166,4076879322,135,257,414,462,122,48
1234768143,3690228594,95,405,2,498,310,496
1253969668,3859455986,88,412,67,458,324,391
345656454,2031109,150,349,107,391,199,284
1274878541,4001269886,0,499,82,417,499,335
989193352,294316404,85,414,0,499,329,499
963074129,242478216,135,365,90,407,230,317
43847930,1844657,68,407,46,496,339,450
973514855,269254599,0,499,74,424,499,350
864559042,85224255,145,352,100,399,207,299
1257252029,3879901266,101,406,165,327,305,162
1189217728,3079977430,33,474,35,426,441,391
1029511627,591830025,8,488,44,464,480,420
1211983068,3414348135,13,480,52,471,467,419
1068868125,1204725778,112,486,229,270,374,41
1299230716,4139571997,0,499,10,456,499,446
1275496025,4006489103,0,499,0,499,499,499
1304356126,4162124153,83,415,0,499,332,499
1273141329,3993164171,114,421,173,330,307,157
1295805508,4126966488,64,383,117,416,319,299
983735565,288020778,109,386,128,373,277,245
1257426530,3881320457,0,499,0,499,499,499
1306410085,4165151030,83,415,0,499,332,499
1261192305,3898711187,34,464,71,434,430,363
1311248497,4182065955,36,461,116,372,425,256
1082984188,1475374266,109,389,0,499,280,499
1192152212,3122669784,71,431,237,486,360,249
317310801,46640014,71,427,0,499,356,499
1253343804,3856415888,20,481,158,363,461,205
1213641286,3451397491,100,399,56,442,299,386
1280710236,4046496776,33,479,82,470,446,388
1096473837,1568487458,129,335,4,492,206,488
1296515156,4130816490,1,499,107,407,498,300
933901113,191501882,18,480,0,499,462,499
1309221907,4179859531,0,499,64,499,499,435
1229747472,3583599904,121,306,14,446,185,432
1012321551,459874094,32,465,87,422,433,335
1275507647,4006490972,98,374,200,499,276,299
1143248512,2463594767,177,336,172,321,159,149
1272432362,3988197129,65,432,39,460,367,421
1291951476,4105433674,0,498,98,401,498,303
1175081885,211378462,113,392,37,478,279,441
1084095274,1493095801,85,405,130,371,320,241
1252243663,3846111623,0,499,0,499,499,499
1120182733,2010649473,68,431,0,499,363,499
1277596569,4023548811,151,365,59,480,214,421
1316151749,4200874652,33,457,139,329,424,190
1156131097,2665057446,73,426,0,499,353,499
978000765,278577487,87,411,0,499,324,499
1011007985,261008300,0,499,109,389,499,280
1304020484,4160807635,57,458,108,403,401,295
1075257686,1345009371,159,340,111,387,181,276
1258645238,3884284980,184,317,85,431,133,346
871224058,115996959,0,499,122,377,499,255
1029511611,591829996,13,476,76,403,463,327
1292451945,4108918501,5,488,154,391,483,237
1276144970,4011383451,45,479,48,464,434,416
1307881470,4173008729,25,466,46,453,441,407
1096282995,1645275140,120,379,79,420,259,341
1226405789,3592383123,0,499,142,436,499,294
1176792777,2959069484,62,436,0,499,374,499
1156947573,2667644557,0,499,62,436,499,374
1196212671,3182722356,37,450,112,437,413,325
1276071715,4010225644,57,435,84,452,378,368
1310066727,4182800071,121,410,9,447,289,438
1248839516,3817898144,7,491,0,499,484,499
1191032597,3101159805,80,416,104,368,336,264
1311865566,4188956918,15,484,147,352,469,205
1300086073,4141202688,53,446,0,499,393,499
894365841,518430,64,435,0,499,371,499
1209099058,3368101386,147,352,115,384,205,269
970954791,261003586,87,259,212,350,172,138
1302529646,4155420913,114,396,160,399,282,239
1243659993,3775275637,0,499,136,436,499,300
1017199402,431695,190,309,157,342,119,185
1277802517,4023048787,0,499,0,499,499,499
1248836053,3817895201,82,395,32,474,313,442
1261404693,3898721064,0,499,0,499,499,499
1276064650,4010225489,38,491,5,494,453,489
1267274651,3942394472,0,499,0,499,499,499
1208972145,3366142474,78,403,85,421,325,336
1282969147,4057853701,24,455,27,487,431,460
1311481214,4187527909,90,495,69,499,405,430
920486664,166669031,84,414,0,499,330,499
921250078,168344520,34,488,55,464,454,409
890596119,136870072,42,456,0,499,414,499
1190252697,3090783468,0,499,63,436,499,373
1260706661,3895301090,110,392,33,475,282,442
1048403778,940008646,74,425,0,499,351,499
1240229747,3745011905,169,309,17,387,140,370
996074491,304792921,33,466,41,463,433,422
1270074089,3967575667,0,499,62,436,499,374
1027060068,569966636,106,392,50,449,286,399
1255117799,3868369635,0,499,0,499,499,499
1253356415,3856250575,49,463,18,480,414,462
1177147150,2970573295,46,440,80,408,394,328
1105407017,1848818964,79,419,0,499,340,499
1190252086,2610184541,0,499,62,436,499,374
1314429107,4202302612,42,466,151,337,424,186
1004009848,401115793,69,429,0,499,360,499
432236224,1847273,68,431,0,499,363,499
507321322,49894992,125,374,75,423,249,348
956574701,1256285,74,425,0,499,351,499
1243438989,3773723664,19,480,95,403,461,308
1306899072,4167095674,106,388,51,463,282,412
1270849035,3974250183,3,496,3,491,493,488
1061151006,1101146603,33,466,171,351,433,180
1032190209,619696583,128,370,0,499,242,499
713533607,59112293,0,499,62,436,499,374
1176503904,2958499820,40,469,137,358,429,221
965154597,249770648,24,479,181,317,455,136
333851089,18431296,0,499,109,390,499,281
1055507744,1059385688,0,499,62,436,499,374
1262415669,3907802878,0,499,0,499,499,499
1288903575,4085872509,62,436,0,499,374,499
1227170313,3607252591,88,399,56,458,311,402
1258081961,3883963896,0,499,0,499,499,499
1265830577,3934501629,0,499,86,413,499,327
1309691813,4179732423,133,385,65,443,252,378
1257670245,3881791293,24,472,3,483,448,480
1323283372,4231690384,33,469,110,414,436,304
1195227959,3165670832,121,375,35,463,254,428
874731616,75514337,86,409,103,399,323,296
1192229196,3124069182,84,414,0,499,330,499
1316225181,4200879086,34,465,136,389,431,253
1255983356,3872944805,21,479,66,455,458,389
1196881490,3194942379,44,469,88,401,425,313
1134034232,2272183453,43,481,154,340,438,186
933239350,190097503,77,423,36,497,346,461
1134559448,2286938099,74,414,72,449,340,377
1275701320,4006535968,43,453,32,472,410,440
1283620725,4061593334,0,499,0,499,499,499
1316179902,4200876338,19,448,20,349,429,329
862580372,102355192,57,427,128,370,370,242
1243383543,3773725657,19,476,144,448,457,304
1032739342,628199027,136,354,153,342,218,189
632235292,55239750,79,418,0,495,339,495
1251500955,3843084297,0,499,0,499,499,499
1241403655,3756589398,212,306,167,301,94,134
1306626348,4168967699,10,325,38,377,315,339
1264079692,3923183377,0,499,0,499,499,499
1316205310,4200877618,62,436,0,499,374,499
344694829,18143207,0,499,62,436,499,374
1283935026,4061633554,62,466,9,482,404,473
1144459086,2482252327,27,472,0,499,445,499
1204456679,278526573,144,355,100,399,211,299
1321057717,4221732161,17,484,95,430,467,335
1176478908,2958196775,102,424,58,483,322,425
1325220300,4240773305,17,485,33,468,468,435
1261714803,3899239721,197,310,108,362,113,254
1308825040,517518298,100,399,19,479,299,460
1299560569,854500992,71,428,0,499,357,499
996554110,311561340,71,428,0,499,357,499
1282019029,4050756327,150,157,0,499,7,499
1110753798,501869734,137,361,100,399,224,299
918621145,164107968,129,369,90,409,240,319
1186557848,3032960262,0,499,83,415,499,332
1221102343,3560221309,152,346,85,413,194,328
1316137053,4200873058,14,485,143,357,471,214
1289304758,4086089230,65,419,40,456,354,416
920898927,150713568,57,442,4,499,385,495
1257150463,3879365245,116,381,26,496,265,470
1134280042,2065577317,153,346,100,399,193,299
1209710479,3382580760,22,461,87,420,439,333
1008165846,436075341,160,339,123,375,179,252
1033954996,671230977,0,499,109,389,499,280
1273973031,3996050698,0,499,62,436,499,374
1198892506,278553271,155,344,100,399,189,299
1158571203,2570990542,165,333,100,399,168,299
1244824486,3781438905,62,436,0,499,374,499
1144293858,1548293482,157,351,157,355,194,198
1253519683,3857173175,53,407,100,359,354,259
1152657271,2610134321,365,417,236,270,52,34
1248836206,3817895573,7,491,0,499,484,499
1175148587,2946452428,101,403,55,444,302,389
1067208560,1178947079,121,387,54,452,266,398
1212112077,3417147833,0,499,0,499,499,499
950004800,213067622,0,499,109,389,499,280
1105718176,1855051552,49,450,179,328,401,149
991801397,299492797,90,409,130,369,319,239
1166652500,2817457013,83,416,0,499,333,499
1259198169,3887612071,47,456,50,457,409,407
874125275,119888004,205,301,188,309,96,121
1268928780,3954703054,28,481,117,418,453,301
1307393209,4171236840,0,499,0,499,499,499
1133293055,102343111,117,399,97,384,282,287
1279919116,4039246488,1,499,1,466,498,465
1248862037,3817906342,57,441,0,498,384,498
1301511374,4151262943,74,415,169,376,341,207
1264049600,3923104279,30,476,12,442,446,430
984773069,289789561,90,409,130,369,319,239
1100083432,1711736736,110,389,50,448,279,398
1245129054,3788866821,62,436,0,499,374,499
1261428360,3898729193,33,499,0,442,466,442
1285920016,4071503325,79,419,0,499,340,499
854032821,85601456,196,302,175,324,106,149
1059654752,1092600779,55,462,29,472,407,443
1301876823,4153221124,202,309,48,435,107,387
1265223329,3929899444,36,396,107,382,360,275
1304133656,4160952384,106,388,51,463,282,412
1249535618,3819982832,181,359,174,325,178,151
1268421931,3951005900,10,483,85,499,473,414
1193414737,3141845676,124,379,100,352,255,252
921947785,170165445,151,346,141,355,195,214
1011871717,446888298,0,499,62,436,499,374
1301016661,4105613828,66,462,98,386,396,288
848968808,80240118,62,436,0,499,374,499
1324194024,4236297633,58,451,59,412,393,353
1241800441,3760825564,91,408,0,499,317,499
1177454677,2971020710,0,499,62,436,499,374
941621819,207151552,160,320,183,344,160,161
1319430775,4214364257,58,452,145,407,394,262
1323642456,4233734928,0,499,0,499,499,499
913250531,157543206,62,436,0,499,374,499
1057822132,1082347922,0,499,238,260,499,22
1140203804,2268824599,171,378,110,396,207,286
1252627482,3850328439,0,499,62,436,499,374
1119704426,2002096014,15,469,26,465,454,439
1109168088,1883649496,201,332,197,297,131,100
1240232165,3745064216,125,439,203,382,314,179
1284189933,4063438874,0,499,0,499,499,499
1008038550,435865576,150,349,110,389,199,279
1007964560,74960844,70,429,0,499,359,499
1155961449,2662481360,140,453,103,313,313,210
1155883078,2659759883,26,466,65,467,440,402
1225863830,3592135925,62,436,0,499,374,499
1266775993,3939947579,0,499,51,499,499,448
999988537,351615005,88,411,0,499,323,499
1191432475,3107489475,129,419,76,164,290,88
977961860,278565688,94,403,36,477,309,441
1265222836,3929899391,28,489,132,376,461,244
1279169748,4037584134,135,364,87,438,229,351
1275572168,4006496979,114,440,173,347,326,174
1100079617,1711734392,70,429,145,354,359,209
753399611,61053949,62,436,0,499,374,499
1009313250,440698534,112,387,50,449,275,399
1223399472,3580768934,128,367,102,354,239,252
1166816956,2824861413,4,492,198,301,488,103
836144550,70613571,0,499,83,415,499,332
874728679,74441559,71,426,14,499,355,485
1276008653,4010222424,51,475,4,493,424,489
1309683187,4179729551,12,499,24,480,487,456
1266489618,3938615869,159,474,157,320,315,163
1248840926,3817899589,7,491,0,499,484,499
1018754385,511838032,176,349,152,284,173,132
646274182,3114269,62,436,0,499,374,499
1272678442,3989839271,0,499,0,499,499,499
1252796854,3851795417,1,498,92,399,497,307
1124334589,2063604487,152,346,100,399,194,299
1060106930,1090681789,76,425,29,470,349,441
917469307,152660586,62,436,0,499,374,499
251538852,5211337,150,349,107,391,199,284
1114979748,1933030658,50,449,100,399,399,299
848510266,13108352,53,445,0,499,392,499
987631224,294477298,53,445,0,497,392,497
1311491444,4187457860,162,343,135,471,181,336
1163037357,2762609630,16,482,116,387,466,271
933236620,190092721,73,426,0,499,353,499
1316355549,4209057389,19,477,14,452,458,438
845014851,19103002,77,422,0,499,345,499
1275625074,4007155567,0,499,0,499,499,499
1287879840,4079551091,71,417,142,390,346,248
1251041902,3837312949,0,499,0,499,499,499
1267348953,3942399742,0,499,0,499,499,499
931806681,186639357,130,350,127,390,220,263
1321894907,4229382215,30,470,173,320,440,147
1157392727,2685038852,156,343,100,399,187,299
1033612036,654719786,0,499,62,436,499,374
1165931521,2808489303,110,393,105,392,283,287
1198097933,686726321,161,333,100,399,172,299
1264465352,3925554954,63,428,30,493,365,463
1115457776,1942320015,62,436,0,499,374,499
1172791640,2920940603,32,421,115,395,389,280
1316313184,4200883514,40,457,65,443,417,378
1264013603,3923096792,47,453,68,441,406,373
1308304964,4151714047,32,458,78,388,426,310
1273747569,3992784651,45,459,51,463,414,412
1090879484,1564715093,142,358,72,427,216,355
941620820,207151292,164,335,189,290,171,101
1105041436,1846458168,196,294,112,431,98,319
1234709012,3689259617,100,393,91,404,293,313
875743434,74247100,0,492,44,462,492,418
1249535910,3819983810,130,369,170,329,239,159
1323341092,4231757997,0,499,0,499,499,499
1273438121,3992726169,54,456,52,455,402,403
1237177389,3716578469,0,499,0,499,499,499
1101970802,1786222119,0,499,0,499,499,499
1221144471,3155065862,125,375,34,492,250,458
1223650930,3563401777,18,488,110,398,470,288
906049615,150473259,132,367,213,315,235,102
1262183794,3905806813,0,499,0,499,499,499
981726605,284458545,89,411,25,479,322,454
1300162110,4144681304,109,389,0,499,280,499
1262733443,3910821656,113,182,114,299,69,185
1312687725,4195679280,138,358,73,439,220,366
988852885,295761929,0,499,62,436,499,374
1283869895,4061620805,0,499,0,499,499,499
1017008881,503815185,84,419,15,485,335,470
1072708803,287627336,165,334,111,388,169,277
301844291,19472322,62,436,0,499,374,499
1237261221,3716299211,97,405,93,397,308,304
1293555933,4118854196,93,405,0,499,312,499
1316117515,4200871274,82,430,149,389,348,240
1192148749,3122641017,68,432,22,488,364,466
1250491347,292680258,61,438,0,499,377,499
1124517845,2063601856,152,346,100,399,194,299
1310667576,4182266301,36,475,80,481,439,401
1244195850,3780646485,72,427,10,489,355,479
1256862091,3874567855,6,495,7,494,489,487
855303639,869223,61,438,0,499,377,499
1277346194,4022490483,0,499,0,499,499,499
1299706443,4143439479,164,340,106,464,176,358
915095246,159602272,134,368,163,361,234,198
1316138218,4200873143,28,499,6,499,471,493
1133270173,2246172061,26,471,52,455,445,403
1145859572,2506795557,96,415,24,482,319,458
1312640760,4195544390,28,480,140,436,452,296
878381248,123576434,75,425,0,499,350,499
1289039958,4085962347,51,444,111,402,393,291
1262843717,3911456517,100,399,78,420,299,342
1313426893,4197521869,0,499,389,417,499,28
1295960069,4128274506,39,456,68,436,417,368
1247447097,3803128170,0,499,109,389,499,280
1238707781,3729549487,0,489,49,449,489,400
990745050,297903805,186,313,8,403,127,395
1234768149,3690228597,63,435,64,433,372,369
1276220926,4012178371,21,498,36,498,477,462
1100804977,1736484222,211,288,211,288,77,77
1267850218,3944198191,0,499,63,436,499,373
1288357268,4081000839,62,436,0,499,374,499
1008814437,439135756,73,425,0,499,352,499
862355491,102036918,0,499,71,427,499,356
1295017363,4124895875,0,499,83,415,499,332
1093233214,1596157948,70,428,0,498,358,498
1100068435,1711729781,70,429,145,354,359,209
1262726235,3910821062,105,387,26,413,282,387
1237102860,2982164821,49,429,152,360,380,208
986494971,292557710,167,318,133,353,151,220
1273036195,3992388646,27,476,49,472,449,423
1190251017,2041885656,0,499,62,437,499,375
1100076941,1711736616,110,389,56,443,279,387
1288312186,4081002900,25,479,95,372,454,277
932434065,188393615,0,499,83,415,499,332
1059017617,1087820419,74,424,0,499,350,499
933248759,190101401,73,425,0,499,352,499
862538448,102343880,108,398,79,424,290,345
1260218736,3894911365,35,464,160,356,429,196
1236827624,3713879477,62,436,0,499,374,499
1027365196,570686046,110,389,50,449,279,399
1302527106,4155420641,51,438,82,449,387,367
1211673143,3407243225,139,363,13,472,224,459
859298572,94457726,215,280,220,277,65,57
1041176953,824466942,13,482,119,399,469,280
1192033621,3120541561,68,432,22,488,364,466
1279861339,4041497502,0,499,101,397,499,296
1008025653,435882986,170,328,197,301,158,104
1212160411,3413495145,12,487,0,499,475,499
987343483,294178865,18,489,72,420,471,348
1241655964,3759137530,141,373,126,362,232,236
956225383,221232693,62,436,0,499,374,499
1213136398,3435539527,0,499,132,366,499,234
1250398015,3832636885,24,475,111,388,451,277
1032456962,623024532,6,488,157,342,482,185
1304007100,4160804865,146,345,132,461,199,329
1253107565,3854906494,70,446,104,335,376,231
833893457,57780949,86,412,0,497,326,497
1299533875,4141674649,51,461,51,459,410,408
1220460411,3545357011,62,436,0,499,374,499
1163024188,2762499774,19,480,116,383,461,267
1273770210,3992803331,36,472,26,477,436,451
990952744,298229971,74,424,0,499,350,499
1100073968,1711732658,70,429,145,354,359,209
1190251427,2713620167,55,445,119,388,390,269
1043841074,853456172,133,364,31,461,231,430
1313623356,4197536690,0,499,0,410,499,410
1249758758,3821565977,0,499,62,436,499,374
955973231,220526029,130,369,165,334,239,169
1194344345,3157658906,143,342,180,327,199,147
1230769649,3641432876,125,374,155,374,249,219
1309774409,4178166387,131,484,77,422,353,345
1275634017,4006508760,81,404,12,497,323,485
941677144,207196182,132,365,171,318,233,147
1289803526,4089926435,52,486,59,485,434,426
1009231691,440557431,100,399,140,359,299,219
1277589849,4023548324,11,499,43,451,488,408
1270836038,3974228707,0,499,0,499,499,499
1276007631,4010222242,0,499,0,499,499,499
1318269709,112564186,7,487,138,352,480,214
1299563647,4141734124,41,478,173,410,437,237
984238523,288875696,0,499,237,259,499,22
865710096,108170955,0,499,100,398,499,298
1061969287,1109760183,123,354,127,479,231,352
1317077205,4211736283,56,325,150,373,269,223
973231976,268260064,128,364,125,394,236,269
1301422667,4060908982,7,499,39,499,492,460
349554489,48445481,89,409,0,499,320,499
1305529926,4165987084,15,481,119,385,466,266
862632889,102706234,60,412,123,389,352,266
1216264115,3477948200,74,424,0,499,350,499
865883758,6200457,0,499,62,436,499,374
1008941211,439647062,73,425,0,499,352,499
913863872,158205203,135,365,90,407,230,317
1250915987,3836749262,10,496,8,493,486,485
1190252621,2832752205,78,433,132,386,355,254
1177682416,2977597155,26,491,131,470,465,339
1301335283,4150978320,0,499,0,499,499,499
1267600991,1151126297,176,322,9,494,146,485
1296210047,4109316271,51,450,142,359,399,217
1279331581,4037125557,27,472,51,468,445,417
1282580631,4057554634,154,379,192,308,225,116
1275706401,4006536340,129,370,86,447,241,361
1133965613,2269429852,0,499,0,499,499,499
1007368871,416633873,66,433,0,499,367,499
1200869837,3930060240,31,468,52,470,437,418
1272873171,3991277189,47,441,202,315,394,113
896019061,142771509,0,499,62,436,499,374
1281962463,4050741945,0,499,0,458,499,458
1287206662,4077167770,123,374,81,487,251,406
1067219266,1179171762,0,499,127,372,499,245
1118386430,1983972645,140,368,168,334,228,166
1315258278,4204297224,30,449,64,464,419,400
1248473567,3814969647,0,499,43,456,499,413
1292414571,4108910661,90,397,150,362,307,212
876804081,121670659,86,427,90,409,341,319
1202955575,1284288070,152,346,100,399,194,299
1038853937,767597049,0,499,0,499,499,499
1209238049,3372088536,131,395,195,349,264,154
1243234630,3766014222,62,436,0,499,374,499
1300594601,4147507869,68,430,0,499,362,499
1203412812,3275643364,113,484,88,397,371,309
1279761381,4041456966,114,369,156,378,255,222
1198132073,2637270144,151,348,100,399,197,299
1119407538,1998121261,205,288,16,484,83,468
1282803338,4057523469,30,462,35,472,432,437
1137784947,2343542064,75,424,0,499,349,499
1190065673,3089548604,0,499,0,499,499,499
1310303854,4182232798,103,156,145,378,53,233
1053590458,1035130473,79,420,0,499,341,499
1324001688,4235887237,0,493,8,499,493,491
1125492307,2089862262,0,499,0,499,499,499
1265223223,3929899421,68,332,72,402,264,330
1278561815,4035897935,9,493,129,330,484,201
1192170069,3122834850,68,432,22,488,364,466
1233580035,3680591133,0,499,0,499,499,499
1265924373,3935693154,0,499,0,499,499,499
1276352460,4012928286,12,471,143,353,459,210
1082779638,1616725725,35,462,30,466,427,436
991861059,299381689,0,499,62,436,499,374
1209524785,2820201697,0,499,0,499,499,499
958536339,228318476,120,377,154,344,257,190
1190252264,2871740296,91,407,105,404,316,299
1123829589,2063144803,207,361,178,312,154,134
1322838954,4231775362,68,438,79,427,370,348
1158796677,2703667374,33,466,87,412,433,325
1243660183,3775276364,0,499,148,436,499,288
1206420419,3324635004,34,477,71,372,443,301
1007985560,435843264,170,328,141,357,158,216
1157701384,2541811940,135,303,108,346,168,238
1041615647,230061585,70,428,7,492,358,485
927278538,179886274,0,499,62,436,499,374
1244540583,3785187503,0,499,122,436,499,314
1309607530,4180206186,0,499,0,499,499,499
1262863021,3911844367,73,437,3,498,364,495
1266725609,3939903561,31,469,63,436,438,373
1243659098,3775275173,0,499,62,436,499,374
1262898412,3910533862,0,499,29,469,499,440
1205825887,3312189798,171,427,244,426,256,182
1251501947,3843163645,9,481,170,388,472,218
1316784997,4200963450,142,336,25,484,194,459
1174592911,2940640398,62,440,30,486,378,456
1191805001,3116680189,75,424,75,424,349,349
1282579468,4057554474,0,499,0,499,499,499
1267995867,3945013686,29,471,64,418,442,354
977083398,197621341,70,429,0,499,359,499
1169878722,1974917165,130,369,130,369,239,239
1243321036,3773072061,0,499,0,499,499,499
1075760137,1352145864,7,492,139,362,485,223
1090613967,1541221293,0,499,109,389,499,280
1018401105,510794115,97,415,143,442,318,299
1282040935,4054199972,62,436,0,499,374,499
987651425,294481384,135,363,20,479,228,459
1280323762,4019436196,19,479,136,397,460,261
1205795543,3311448177,62,436,0,499,374,499
1073540426,1322864338,120,378,153,346,258,193
1309992399,4181947357,106,375,148,374,269,226
864674624,19132989,87,412,19,499,325,480
879229753,108115424,157,342,156,342,185,186
1159496990,2715388918,128,377,154,341,249,187
1324156661,4236042947,0,499,0,499,499,499
1324157852,4236042957,30,490,43,499,460,456
1187890957,3058082900,73,426,4,499,353,495
1209422588,3376833153,35,454,20,454,419,434
1262283582,3906626558,20,481,190,432,461,242
1108120414,1870762901,101,398,28,471,297,443
1042990569,819713419,152,352,96,406,200,310
1288762014,4018530197,125,374,72,427,249,355
1271857212,3983196312,62,436,0,499,374,499
1307220064,4170969174,0,499,0,499,499,499
1192028611,3120529533,68,432,22,488,364,466
1265217502,3929900657,20,457,136,344,437,208
1248864982,3817907150,30,465,66,441,435,375
1304024065,4160808409,106,350,103,405,244,302
922170218,170807834,203,273,103,393,70,290
1307821802,4172827234,0,485,22,494,485,472
779868685,62031953,135,364,135,364,229,229
1225887502,532978868,154,366,155,366,212,211
1250249792,3831234357,2,496,2,496,494,494
972465050,265570661,175,324,0,499,149,499
1282556378,4057546787,11,490,10,412,479,402
1027289566,570743206,101,398,50,449,297,399
962263094,238793456,173,326,137,361,153,224
1279531979,4027058244,20,479,77,421,459,344
922114231,170558395,86,412,0,499,326,499
1295960296,4128438361,29,435,75,426,406,351
958611418,228761653,152,396,97,418,244,321
1282291439,4056001139,82,418,21,478,336,457
1093104679,170605057,126,368,25,474,242,449
1311752450,4189542192,0,499,62,436,499,374
1169909254,2887417361,7,481,107,395,474,288
1073454852,1321914753,15,481,69,429,466,360
1026847028,569561433,109,390,50,449,281,399
1112678760,1924580430,18,474,168,347,456,179
1295910258,4127719374,26,452,63,464,426,401
1149920101,2370329904,38,456,81,436,418,355
1282892373,4057767052,139,341,144,355,202,211
1128343447,291502745,157,341,100,399,184,299
941679033,207258065,132,365,171,318,233,147
1323283280,4232535259,32,478,15,486,446,471
257791393,10100778,0,499,62,436,499,374
1251438534,3842663058,0,499,0,499,499,499
971856433,263559365,50,449,131,385,399,254
1292922031,4113742788,34,451,208,433,417,225
1310308865,4182233010,219,404,168,324,185,156
1277199452,4019839159,205,367,243,430,162,187
933241122,190099617,73,425,0,499,352,499
1256420016,3874303379,148,475,27,487,327,460
1169686426,2879398868,0,499,62,436,499,374
1043439903,567673023,140,359,100,399,219,299
1113098672,1832987516,23,349,248,412,326,164
1306518711,4167073505,106,388,51,463,282,412
1237282195,3716309296,47,362,163,355,315,192
1125000195,2087485707,146,307,250,350,161,100
887220512,929451,126,372,100,399,246,299
310290443,214539,86,413,0,499,327,499
948196892,210561779,15,499,107,402,484,295
1287487976,4078699394,31,482,104,399,451,295
1303833606,4159427533,106,389,51,463,283,412
932536453,187218357,227,282,201,298,55,97
1294196896,4122557314,140,343,74,442,203,368
1273273425,3992550783,0,446,69,499,446,430
1275722496,4006540932,74,468,88,481,394,393
1215433361,3470154788,102,397,50,449,295,399
1176503575,2958499411,98,406,141,332,308,191
1323574369,4231861673,69,442,72,447,373,375
1227020626,3604829482,0,499,0,499,499,499
1304177941,4160988007,106,388,51,463,282,412
1190252251,2781594581,69,424,104,400,355,296
1269571500,3959929922,155,330,17,337,175,320
1292882895,4114276060,14,490,9,454,476,445
1004480737,405541892,0,499,72,427,499,355
1176503880,2958499770,33,473,104,391,440,287
1178733400,2987928200,0,499,0,499,499,499
1314350566,4186266511,40,442,21,475,402,454
1108316174,1874942260,110,389,63,435,279,372
907181470,85455092,165,334,115,384,169,269
1000537696,357696039,208,294,89,415,86,326
1321811087,4227763309,0,499,62,436,499,374
1119787192,2000926536,62,437,0,499,375,499
1288959348,4085932201,89,430,114,385,341,271
885725603,131505505,129,418,162,241,289,79
1323302284,4231695986,0,499,0,499,499,499
856119726,89103521,128,370,128,371,242,243
1279188543,4037100513,0,499,0,499,499,499
1237100607,1613215937,50,429,149,343,379,194
1194433144,3159026869,97,402,31,468,305,437
1300362581,604994807,86,412,0,499,326,499
1307436563,4171079839,11,499,41,499,488,458
1065613568,294316887,97,405,2,494,308,492
1228492736,3617258618,85,413,0,499,328,499
1207901899,3340163364,72,427,0,499,355,499
1299694924,4143424101,0,499,0,499,499,499
877642499,122978021,202,220,245,275,18,30
1074325206,278583928,152,346,100,399,194,299
856041558,89045613,144,354,100,399,210,299
1252627544,3850328461,0,499,62,436,499,374
1121565229,2038906134,66,467,20,471,401,451
1208109578,3350637658,73,425,0,487,352,487
1193174273,3138603797,117,391,161,351,274,190
1008066721,435890706,150,349,120,379,199,259
1163808940,2771298944,0,499,62,436,499,374
1153218983,2621863209,75,436,51,450,361,399
1168038668,2850581515,99,406,117,381,307,264
1211984118,3414349327,12,486,19,496,474,477
1100059429,1711730246,70,429,145,354,359,209
1261192482,3898711205,117,384,63,435,267,372
963446927,243633235,137,358,98,401,221,303
1116562160,1962221298,19,481,186,431,462,245
1027257822,570631231,110,389,50,449,279,399
1306836530,4168956846,104,417,135,465,313,330
1204468111,3290793967,72,426,0,499,354,499
1211469304,114837485,180,319,152,349,139,197
870796669,115293358,102,397,170,329,295,159
1275701436,4006535988,92,404,145,355,312,210
1273785127,3989904565,68,431,0,499,363,499
1241407180,3756592888,115,389,182,328,274,146
1285132052,4066271074,7,494,8,490,487,482
998926770,52886189,190,309,156,343,119,187
1146393490,2010639954,13,489,65,431,476,366
1252627110,3850328292,0,499,154,436,499,282
1281126566,4046991218,108,390,6,499,282,493
1264402366,3925282841,105,405,73,473,300,400
1298707263,4112024578,153,344,75,404,191,329
1174592289,2940640294,34,459,35,490,425,455
887142258,132957105,0,499,83,415,499,332
1234636139,3687897639,0,499,109,389,499,280
971025734,260134404,124,372,60,439,248,379
1027055523,569660276,50,449,119,380,399,261
1143348957,2464758908,79,419,0,499,340,499
1026827337,569572681,108,390,50,449,282,399
985479825,290909437,96,402,58,494,306,436
1174594224,2940640688,138,364,138,367,226,229
976464322,209463570,186,309,174,323,123,149
1154306146,2633010290,109,389,0,499,280,499
933263084,190111725,32,466,0,499,434,499
1281969271,4050742450,32,468,38,471,436,433
946714537,208715313,201,298,150,351,97,201
1083254194,1478558563,189,290,160,365,101,205
1213413929,228004508,184,315,150,349,131,199
1123932438,1175760557,146,352,100,399,206,299
1175656009,2949776484,0,499,10,489,499,479
1282006255,4050753221,38,466,104,417,428,313
1072843274,1311770100,79,420,0,499,341,499
1324219637,4236298492,85,409,139,396,324,257
1073303557,1317427357,62,436,0,499,374,499
1240855155,3750151710,144,359,70,486,215,416
966678371,253018823,71,428,0,499,357,499
1105047432,1846472820,140,345,220,444,205,224
1255785024,3871117185,52,499,95,470,447,375
1225887104,1154697603,125,374,125,363,249,238
1006507332,425196708,113,387,88,407,274,319
1142191307,2430104409,154,345,108,391,191,283
1130774134,2188098582,64,441,180,337,377,157
1292259428,4108380978,41,479,112,385,438,273
1307748147,4172813157,100,399,100,399,299,299
1188515524,3060779472,11,488,99,455,477,356
1113061548,1926714900,14,486,99,402,472,303
1315081838,4204840689,73,430,152,361,357,209
1312772934,4195808662,9,478,0,499,469,499
1038914638,773994995,0,499,56,443,499,387
1261313560,3898727534,88,407,46,480,319,434
1274183668,3997818525,0,499,0,499,499,499
1176065550,2953356174,193,306,170,341,113,171
927327139,180140756,127,371,163,335,244,172
1053517706,1033824917,65,433,0,499,368,499
1301501198,4150990087,86,428,223,330,342,107
1158447447,2699869890,45,453,109,390,408,281
1270219483,3969948701,20,457,136,344,437,208
1261407502,3898721394,24,469,94,439,445,345
1295960139,4128274522,46,453,84,414,407,330
1068382326,1193250220,189,317,19,456,128,437
956069948,220939554,156,333,171,321,177,150
1117566571,1474930587,157,342,100,399,185,299
1110308381,1790549324,141,363,43,452,222,409
977643428,278586426,99,401,47,490,302,443
1027149823,569802590,102,396,50,449,294,399
1324257002,4235886844,139,383,88,389,244,301
1301496819,4150988137,0,499,0,499,499,499
1257266853,3879889773,263,289,0,499,26,499
1268568283,3952099493,96,499,129,416,403,287
1063375574,1125999117,91,499,84,375,408,291
941678606,207257896,132,365,171,318,233,147
1291932936,4105271990,198,476,124,485,278,361
1318644284,4215326616,79,420,124,422,341,298
1282638558,4058034609,76,423,0,499,347,499
1135749759,2304413287,0,499,62,436,499,374
1242868517,1100134426,100,399,3,496,299,493
1308860397,278528217,100,399,20,479,299,459
1039950217,805057228,0,499,62,436,499,374
1325153501,4240471779,14,448,111,330,434,219
966188728,249964230,0,499,62,436,499,374
1318147281,729626204,149,379,24,485,230,461
1313215197,4197496119,245,378,50,448,133,398
1158193891,2682853320,58,441,0,499,383,499
1100251014,602189980,86,429,81,417,343,336
1214343808,3460934344,0,499,62,436,499,374
928279013,181227813,5,497,96,402,492,306
1196972577,3202316841,109,389,0,499,280,499
1026965904,569963338,114,385,50,449,271,399
1125217944,278771396,171,327,137,361,156,224
1121420165,2035478932,76,466,126,391,390,265
1115624846,1948346470,100,415,0,499,315,499
875404764,121429622,100,399,126,373,299,247
1174593437,2940640472,9,491,92,481,482,389
1182794334,3008477907,124,453,58,457,329,399
1252627244,3850328349,0,499,169,436,499,267
1282579829,4057554539,0,499,0,499,499,499
1289705056,4087667649,0,499,65,421,499,356
1298422948,4139333378,0,499,0,499,499,499
1324226564,4236298644,109,355,81,385,246,304
1241440559,1967431561,0,499,109,389,499,280
1217285712,3490546565,62,436,0,499,374,499
1166901379,2824444749,62,436,0,499,374,499
1086113773,1508856402,137,361,100,399,224,299
1258799891,3887525557,0,499,125,373,499,248
1317298421,4211719382,12,492,11,491,480,480
834279841,66661852,0,499,62,436,499,374
1301430332,4151258834,36,487,68,487,451,419
1008146975,436072413,154,345,125,373,191,248
1113112237,1832993982,98,413,66,447,315,381
1283757853,4061611087,0,499,0,499,499,499
1273909867,3995598949,8,478,19,486,470,467
1266361057,3932922976,70,428,0,499,358,499
1243385409,3773726478,29,472,131,471,443,340
464607530,50525055,89,410,0,499,321,499
1211817943,3404365068,62,436,0,499,374,499
1319688877,4214664759,41,452,60,431,411,371
1239107028,3732722093,62,436,0,499,374,499
970216716,258684023,0,499,62,436,499,374
1193414019,3138604224,215,288,221,267,73,46
1040702741,815363084,0,499,62,436,499,374
1008106880,435917708,100,399,59,440,299,381
1026857030,569666358,112,386,50,449,274,399
1319412651,4214354263,46,450,65,459,404,394
1123813261,2062699612,152,346,100,399,194,299
1275471921,4006486303,0,499,0,499,499,499
1311179449,4182063038,104,429,138,430,325,292
855765841,88384456,64,434,0,499,370,499
1325224250,4240793757,14,482,75,447,468,372
1269756852,3962429269,74,435,73,432,361,359
1156435159,2669372845,62,436,0,499,374,499
1249536286,3819984280,126,373,126,373,247,247
1139617473,2388272066,137,361,165,333,224,168
1310829401,4182108868,18,430,0,410,412,410
1237593258,3721548235,36,460,65,422,424,357
1312707591,4186174161,74,424,0,499,350,499
1096379574,1652725720,51,488,160,493,437,333
1272197634,3988197151,91,410,15,490,319,475
1261192532,3898711210,65,429,71,434,364,363
1269442931,3957800394,0,499,0,499,499,499
1305402825,4165070791,39,458,136,365,419,229
1321883124,4229559741,40,469,59,445,429,386
1246127669,3797181737,23,487,88,401,464,313
1080839154,1453007431,140,363,61,419,223,358
1174589592,2940639503,5,495,88,481,490,393
1269843117,3962831943,11,483,100,432,472,332
921250355,168344978,1,496,97,402,495,305
1061149226,1101106160,91,386,0,491,295,491
1279027203,4037574994,20,479,32,476,459,444
1115317867,1941959409,148,369,105,427,221,322
1279760566,4041456873,151,477,163,347,326,184
1282515580,4057539946,50,459,94,379,409,285
1311381196,4187114436,56,395,60,392,339,332
1040574384,813471979,117,381,64,435,264,371
1275470618,4006486273,61,408,42,449,347,407
697483368,46899779,79,420,81,418,341,337
1149925904,2567140701,128,372,3,497,244,494
1252596244,3850212885,84,442,82,451,358,369
1257532434,3881471644,50,421,39,441,371,402
446859430,50258341,87,412,131,367,325,236
990426551,297418682,0,499,64,434,499,370
1265404155,3930264537,0,499,0,499,499,499
1212736892,3432971166,0,499,76,420,499,344
1158121494,2695198701,0,499,148,148,499,500
1014528328,472994221,0,499,62,436,499,374
1172791684,2920940620,62,435,53,439,373,386
1142985003,2457612919,0,499,109,389,499,280
1192781656,3133941950,73,426,0,499,353,499
1287840543,4079436818,0,488,6,493,488,487
887714197,133928684,192,306,170,329,114,159
1041261322,821098492,36,463,10,489,427,479
1242115254,3762611240,39,456,54,398,417,344
1131999890,1599704902,103,396,0,499,293,499
1211983245,3414348345,130,369,130,369,239,239
853251094,61485851,88,395,58,475,307,417
1160000220,2721969743,0,499,109,389,499,280
1095671242,1634651171,0,499,83,415,499,332
1322918708,4232229083,100,399,0,499,299,499
1253519533,3857173090,24,480,139,399,456,260
1166682104,2815959007,0,499,109,389,499,280
1297914628,4132007523,92,406,0,499,314,499
893673112,141588511,195,303,0,499,108,499
1277040111,4019303463,57,442,0,499,385,499
1214966647,3464800726,3,495,117,383,492,266
1255040300,3867032659,0,499,0,499,499,499
1169991843,2889022768,62,436,0,499,374,499
1061970269,1105867961,0,499,85,414,499,329
1010572255,447634131,40,381,70,424,341,354
1270219919,3969948820,0,499,116,354,499,238
1061548639,146549045,55,464,138,383,409,245
1313785605,4200115105,0,499,0,499,499,499
1115888939,1951951464,35,453,10,494,418,484
1302256568,4153279049,0,499,0,499,499,499
1270618691,3972427951,0,499,0,478,499,478
879045703,124357059,62,436,0,499,374,499
1293365572,4104750156,64,483,103,387,419,284
1317692859,4213745482,111,382,29,415,271,386
1267057161,3941341739,171,325,116,407,154,291
1152100151,1097342876,86,412,130,374,326,244
977828134,278812707,142,358,213,339,216,126
1247746948,3813309782,0,499,62,436,499,374
1243166047,3770777977,26,402,86,405,376,319
1316340341,4209442970,64,434,207,326,370,119
1282023731,4050758472,0,499,0,499,499,499
1254662208,3863753316,73,426,0,499,353,499
1315279558,4204298114,0,411,0,499,411,499
1146411441,1029083221,43,468,148,359,425,211
1306580977,4167082875,106,388,51,463,282,412
1248391630,3814898520,17,487,90,420,470,330
1268743614,3936358467,49,429,76,403,380,327
1312690263,4195559883,95,415,53,413,320,360
1086094586,1508416185,22,468,78,426,446,348
848734492,79778566,0,499,62,436,499,374
1066985935,278413995,161,344,113,386,183,273
1269628176,3960071048,0,481,70,499,481,429
1250919280,3836734654,39,454,98,442,415,344
1221150613,3552040016,0,499,71,427,499,356
1005824543,418188097,189,308,159,335,119,176
1303060060,4157236634,0,499,0,499,499,499
900099673,145780785,81,417,2,497,336,495
988975741,296115677,288,348,145,209,60,64
1226828923,3604507379,76,443,62,474,367,412
1248727936,3817571470,218,321,214,323,103,109
1061548547,247390179,118,379,209,315,261,106
991456750,298457003,62,437,10,489,375,479
1219157992,3524181605,110,389,54,445,279,391
1249536624,3819984724,198,312,200,312,114,112
1261326559,3898733250,0,499,0,499,499,499
1323314163,4231412891,142,399,47,448,257,401
1262353975,3839828315,18,483,25,487,465,462
1292514915,4108939301,99,413,48,430,314,382
1095200637,1630121366,74,425,0,499,351,499
1278964274,4037570180,0,499,0,499,499,499
1323688447,4234147389,0,432,0,459,432,459
1274870239,229016171,56,442,0,499,386,499
1039286173,793134244,0,499,79,436,499,357
1276748180,4015998070,0,499,41,499,499,458
1323286827,4231691417,4,324,4,494,320,490
1204226266,3287241292,79,420,7,499,341,492
1283909411,4063203851,51,462,36,461,411,425
1181330078,3002142862,0,499,62,436,499,374
844861957,73400469,80,421,0,499,341,499
1282523759,4057540633,66,450,133,329,384,196
1008180721,436106295,111,388,50,449,277,399
1280000483,4042587971,40,458,1,480,418,479
1297241683,4110476813,42,462,159,370,420,211
1075711295,1351973061,7,483,44,437,476,393
1318462333,4192411544,118,377,5,496,259,491
1316317489,4200885061,61,463,49,462,402,413
1262171599,3905723972,21,485,131,380,464,249
1299768388,4143495694,0,499,136,498,499,362
973256859,268373200,68,431,0,499,363,499
1037450529,730426077,78,425,291,327,347,36
908700590,152987578,134,356,70,436,222,366
1120113941,2009635938,32,478,89,467,446,378
1026784688,569541793,107,392,50,449,285,399
1133341955,2242959419,62,437,0,499,375,499
1314809967,4186708863,10,488,139,384,478,245
1109125040,1883101104,151,347,100,399,196,299
1302544873,4155423928,51,459,108,458,408,350
1284162193,4063230249,162,329,107,468,167,361
1158120765,2695197415,64,421,150,412,357,262
972798303,266606289,0,499,62,436,499,374
941622027,207151339,170,332,170,325,162,155
1204264764,3219903781,16,477,10,490,461,480
1283693282,4061598818,260,285,0,499,25,499
1310072356,4181961163,10,486,49,471,476,422
1269870259,3962850698,72,427,0,499,355,499
908165742,1782159,94,405,12,486,311,474
1023325142,535993236,102,332,167,339,230,172
1275022111,4003832755,35,477,36,469,442,433
862633403,102709249,69,449,188,310,380,122
1280686654,4046392344,38,454,58,396,416,338
1008102376,435916962,150,349,115,383,199,268
1048503383,942457663,78,420,3,497,342,494
1232860532,3662452723,72,427,0,499,355,499
1323267819,4232521843,254,290,277,330,36,53
1305340128,4165344171,0,499,0,499,499,499
1190253882,2776902169,0,499,67,432,499,365
1283051977,4058377156,35,463,128,363,428,235
1240574933,3748048602,101,382,42,449,281,407
1252628181,3850328882,0,499,62,436,499,374
1195028657,3163814180,44,464,76,436,420,360
1041254858,822799864,62,436,0,499,374,499
1261383946,3898717498,0,499,0,499,499,499
1013197687,464646791,58,447,87,406,389,319
1149933028,2567421006,59,429,131,375,370,244
977747339,278811683,129,243,214,287,114,73
1281413490,4050855710,25,466,24,432,441,408
847359038,6674232,115,385,50,449,270,399
1254485073,3861779539,29,464,152,366,435,214
1311229077,4182064777,0,499,0,499,499,499
971348089,261852078,0,499,32,466,499,434
1253662863,3856710800,1,497,0,499,496,499
1296057102,3773872162,10,485,97,413,475,316
1051715988,767502601,133,416,44,467,283,423
1233499103,3680271351,110,389,53,446,279,393
834870375,68252368,0,499,62,436,499,374
337561483,47973817,195,313,170,346,118,176
1188462863,3065095693,0,499,62,436,499,374
1026903975,569720152,110,388,50,449,278,399
1139534757,278802177,139,360,100,399,221,299
1105411921,1848933726,19,483,32,458,464,426
1296294846,4130122725,0,499,0,499,499,499
1308388587,4176107550,98,405,68,408,307,340
1303087495,4157459457,73,398,79,358,325,279
974370445,198258158,136,376,152,369,240,217
1311286978,4182067059,157,330,40,454,173,414
1249535501,3819982781,164,334,165,342,170,177
1053591212,1035130835,80,419,0,499,339,499
1233295431,850418771,55,442,0,498,387,498
1323129486,4232881266,0,499,0,499,499,499
1145822718,2505111324,38,461,0,487,423,487
1104319860,1830605262,155,353,234,401,198,167
1317475210,4213298936,13,486,52,417,473,365
1277531704,4019813160,37,444,46,471,407,425
1305422678,4165669568,204,356,137,325,152,188
1288906760,4085922478,14,481,12,401,467,389
1250957563,3836820586,0,499,0,499,499,499
1174529251,2939816166,14,488,45,444,474,399
1066937714,1173568181,146,358,65,434,212,369
1121420179,2035478936,27,493,149,371,466,222
1008022386,435858659,100,399,57,441,299,384
1287937607,4079553348,0,499,0,499,499,499
1007769293,435139497,100,399,50,449,299,399
1243659680,3775275582,0,499,62,436,499,374
1277563757,4022757148,114,369,41,432,255,391
1319530622,4214461532,69,430,95,400,361,305
1215527740,3470066101,79,416,4,493,337,489
1250268354,3831364252,0,499,62,436,499,374
244718230,4818625,145,354,100,399,209,299
1209262212,3370811697,182,316,150,349,134,199
1282859499,4057529790,0,499,0,499,499,499
1190866553,3098368226,0,499,16,483,499,467
1295220639,4125633510,174,328,58,442,154,384
1310942227,4185276219,38,492,9,499,454,490
1283587302,4061586119,0,499,0,499,499,499
1146934943,2518086728,0,499,63,436,499,373
990133169,130792572,200,299,187,312,99,125
1286843997,4074696659,19,446,39,457,427,418
724303430,59701777,215,284,200,299,69,99
956331606,206717437,74,425,0,499,351,499
1279051094,4037545604,62,436,0,499,374,499
1169885761,2702871138,170,329,141,357,159,216
682035855,56769772,64,435,0,499,371,499
996079951,304795698,0,499,0,499,499,499
1144416531,2474465454,62,436,0,499,374,499
1152576526,2608616574,83,415,0,499,332,499
1277800373,4023047873,94,417,32,479,323,447
1287582040,4071378907,59,469,72,474,410,402
1100081599,1711729090,180,319,153,346,139,193
927602653,180669464,140,354,52,446,214,394
1119060620,1992074704,91,422,71,471,331,400
1248293202,3814338381,86,226,297,407,140,110
883920825,129065569,42,471,35,465,429,430
1100220023,1714152979,0,499,167,422,499,255
1109688292,1893032453,47,451,11,458,404,447
1262353623,3857594854,25,458,99,366,433,267
1209161940,3366422740,187,306,173,337,119,164
1256967630,3876188106,0,499,0,499,499,499
1233090956,3674171266,73,426,0,499,353,499
1220603489,3546146154,113,443,46,479,330,433
1168606557,2858300146,21,478,0,499,457,499
1234768161,3690228603,27,498,28,467,471,439
1121420170,2035478934,24,483,23,472,459,449
1275619401,4007155433,59,478,114,468,419,354
1039441862,796424287,73,425,2,499,352,497
1234803356,3687568810,83,415,0,499,332,499
1233073500,3673445104,0,499,62,436,499,374
1234390607,3680221573,62,436,0,499,374,499
1026936924,569843231,100,399,52,447,299,395
1275480806,3999640161,99,421,166,349,322,183
1040633230,815675691,62,436,0,499,374,499
1255115243,3868321763,19,484,164,392,465,228
743196965,60461891,51,448,0,499,397,499
1241308192,3755478630,0,499,31,499,499,468
1307223226,4170969202,10,478,61,499,468,438
1208753482,4028754496,57,440,1,499,383,498
1270219684,3969948745,14,485,146,351,471,205
1266534795,3938621771,49,446,17,480,397,463
1027064628,569687628,113,385,50,449,272,399
1268718073,3951838503,54,452,55,474,398,419
1319430228,4214364245,36,459,102,419,423,317
1246011459,3796750548,241,267,242,256,26,14
940543460,138734640,190,309,154,344,119,190
1215431008,3470154126,22,478,149,340,456,191
1252064574,3846826064,62,418,8,479,356,471
1058028576,1084505224,0,499,62,436,499,374
992676004,300355395,0,499,62,436,499,374
1075589584,1350085716,0,499,0,499,499,499
1260664150,3895007327,0,499,12,499,499,487
1157400130,2685228476,141,348,34,459,207,425
1262414386,3907998792,27,474,124,448,447,324
1100069613,1711737023,110,389,50,448,279,398
1308325075,4151932833,48,453,5,491,405,486
1105729402,1853153602,76,499,0,460,423,460
1278211384,4030793578,54,499,89,407,445,318
1151756629,2589171520,63,437,87,401,374,314
1040453913,813281750,0,499,109,389,499,280
989893564,67924227,190,309,160,339,119,179
475883203,50729843,131,359,36,462,228,426
933258876,190110509,21,499,25,474,478,449
1198155813,3212234554,152,346,100,399,194,299
1289815826,4089927995,0,499,0,499,499,499
1044083035,856309015,76,426,17,482,350,465
62369530,2242928,125,374,126,373,249,247
1167734965,2786536934,20,457,107,382,437,275
1277928121,4027727442,1,498,118,341,497,223
1018700148,511220089,68,430,0,499,362,499
1323308302,4231696183,0,499,0,499,499,499
1005845831,418199780,10,489,82,416,479,334
1204328246,1145019196,185,314,150,349,129,199
1265241122,3929960167,43,453,194,313,410,119
1123660226,2059868731,63,435,64,440,372,376
1246011463,3796751751,178,321,214,335,143,121
1238300925,3727588779,86,421,81,399,335,318
1097174006,1668057613,99,399,0,499,300,499
1217414872,3494065280,198,305,131,366,107,235
1295220894,4125633581,4,496,79,418,492,339
1279757047,4041456406,11,483,64,466,472,402
973607535,269653576,124,376,123,375,252,252
222707130,6384170,103,396,50,449,293,399
1031187022,609643287,0,499,109,389,499,280
1205395522,3303148161,0,461,27,484,461,457
922484923,171517129,62,436,0,499,374,499
1235831538,3700380663,62,436,0,499,374,499
1317767752,4213759750,0,499,0,499,499,499
1306864248,4167093483,0,499,0,499,499,499
1323995653,4235886546,0,499,0,499,499,499
1192480746,3128691647,129,384,80,418,255,338
1323277772,4233426349,138,371,142,371,233,229
1275466715,4006485867,126,398,22,488,272,466
872459459,117603388,71,428,0,499,357,499
1284841641,2047218931,0,499,62,436,499,374
1190253810,1876684343,83,416,67,432,333,365
1023890660,532546403,49,449,0,499,400,499
741253761,1992607,69,428,0,498,359,498
1156256797,2655400147,0,499,62,436,499,374
1250423887,1104149912,0,499,62,436,499,374
1174580658,2940637261,178,325,206,335,147,129
1252558144,3850010589,0,499,4,499,499,495
1207913314,3343835106,34,465,114,405,431,291
1146354182,2512021734,0,499,62,436,499,374
1244546017,3785102610,0,499,0,499,499,499
1127226986,2118882489,33,454,110,401,421,291
1001636542,371601342,74,424,0,499,350,499
390563630,2495734,104,395,13,486,291,473
1253951351,3859352308,0,499,0,499,499,499
1309650316,4179726939,22,354,33,339,332,306
869887525,81670202,68,431,0,499,363,499
1301800955,4149187754,83,417,11,491,334,480
1028727875,587881755,79,419,0,499,340,499
1273406349,3992633584,80,396,87,403,316,316
1310308772,4182233005,64,453,63,450,389,387
985265232,290502694,0,499,242,260,499,18
997877716,332542372,0,499,35,463,499,428
1026949839,569854771,100,399,59,439,299,380
1041950908,1051635069,168,330,9,499,162,490
1307939376,4173438356,91,407,18,483,316,465
854179593,58778872,198,303,175,324,105,149
833125372,63568809,185,290,192,341,105,149
1073484914,1319376949,110,389,70,424,279,354
1247849649,3813571360,0,499,123,436,499,313
865952269,108540845,68,431,0,499,363,499
1027855701,577066372,189,318,194,299,129,105
1260314554,3893242083,0,499,0,499,499,499
1289492861,4086133936,148,411,21,490,263,469
1269835754,3962804384,0,499,0,499,499,499
1074730950,1337903767,62,436,0,499,374,499
1244326381,3782771624,0,499,126,436,499,310
958640618,228096824,7,496,24,494,489,470
1279342645,4037127309,0,499,0,499,499,499
1250268146,3831364118,0,499,62,436,499,374
1260365285,3893244607,0,499,0,499,499,499
1297667942,4110999419,98,485,142,349,387,207
1212718465,3432274421,105,393,0,499,288,499
1249535827,3819983711,8,485,165,351,477,186
1068989793,1161967693,11,480,8,415,469,407
1276664668,4014077349,0,499,44,454,499,410
1317597671,4213497115,0,499,0,499,499,499
1245876290,3794899680,0,499,79,419,499,340
1301562411,4151265080,36,417,124,386,381,262
1166636908,2823144007,17,489,11,487,472,476
1232934181,3242399797,27,472,195,303,445,108
1129889037,2173830146,0,499,0,499,499,499
1021167809,516343347,108,393,7,487,285,480
1132983847,2240360518,70,429,145,354,359,209
1270983923,3974746913,287,398,280,330,111,50
1290333298,4090979862,0,499,62,436,499,374
1110906683,340303766,157,341,100,399,184,299
994682350,297676598,58,479,81,383,421,302
1130546501,2185503321,36,479,53,432,443,379
1220407110,3544487192,73,426,0,499,353,499
1295960598,4128438411,156,326,174,359,170,185
780945217,62071598,67,432,0,499,365,499
1267308258,3942396293,8,488,110,414,480,304
1323314392,4231806528,70,434,77,425,364,348
1251668903,3839012792,70,447,174,373,377,199
1069129539,1195302599,225,336,120,354,111,234
891726219,138461670,146,352,108,399,206,291
1310007364,4181948549,30,455,83,409,425,326
915182100,159690097,183,302,200,299,119,99
1282017189,4050756036,80,447,33,474,367,441
1264030774,3923101336,56,439,64,486,383,422
1318019303,4211232831,76,405,88,418,329,330
1267352753,3942386926,130,193,195,359,63,164
1316200349,4200877309,0,499,0,454,499,454
1258668923,3885538064,0,499,0,499,499,499
848480334,79404457,86,413,0,499,327,499
1077606169,1376217929,72,426,0,499,354,499
1235878448,3701261805,32,472,61,460,440,399
1099774898,1707091868,130,369,188,310,239,122
1082476724,159603884,0,499,0,499,499,499
1243436790,3773723545,19,480,95,403,461,308
874537977,105093186,71,427,15,499,356,484
1192028635,3120529540,68,432,22,488,364,466
987665267,294484769,150,349,178,321,199,143
1040574385,813471957,117,381,64,434,264,370
1113039860,1926546150,126,385,12,489,259,477
995595996,303763514,0,499,83,415,499,332
1274567809,121783489,14,485,0,499,471,499
1280138640,4019919848,59,442,151,361,383,210
1261607516,3900590779,40,482,77,472,442,395
1099705943,1706096716,129,370,164,337,241,173
1299103273,4141144040,66,433,0,499,367,499
1147450323,2532147301,62,437,62,437,375,375
1236937457,3709419828,110,391,136,364,281,228
1234768189,3690228617,158,367,122,361,209,239
1030737739,234371389,91,415,16,491,324,475
1099172067,1700620651,0,499,0,499,499,499
1281597470,4051737215,62,436,0,499,374,499
1020070779,519188141,145,344,196,295,199,99
1254911930,3866822848,164,339,137,477,175,340
1277040972,4019339966,0,499,70,429,499,359
1177490514,2974844127,127,386,122,386,259,264
1225664566,3442119706,125,355,125,355,230,230
998391537,334572131,185,313,110,424,128,314
1284037348,4063351752,24,481,151,331,457,180
1233005258,3672724674,0,499,69,430,499,361
1273359983,3992569410,21,473,61,467,452,406
1174589177,2940639438,74,425,9,482,351,473
1310007299,4181948544,21,476,29,481,455,452
1018392465,510784779,54,447,212,287,393,75
1269141121,3956039283,10,496,99,376,486,277
1115766137,1949609755,141,357,95,404,216,309
1323305115,4231412628,104,408,36,460,304,424
1220003586,3535005831,103,400,49,464,297,415
891736080,138464422,113,399,117,384,286,267
1076337252,1361834765,68,432,101,402,364,301
1320005537,4215328111,48,429,95,464,381,369
907713450,102305951,172,327,125,374,155,249
1020002102,518729980,73,426,0,499,353,499
1260317705,3893242356,26,458,95,408,432,313
1253334767,3856414614,24,444,99,400,420,301
913664108,113138875,64,435,0,499,371,499
1289557837,4088654828,0,499,0,499,499,499
1225692227,3587959949,158,340,112,386,182,274
1064923228,1143661948,79,381,152,373,302,221
1129164967,262164792,0,499,0,499,499,499
1128418897,278530942,158,342,125,387,184,262
913841664,56508171,0,499,83,415,499,332
1104322171,1830615992,99,404,77,419,305,342
1269899997,3955159626,0,499,62,436,499,374
977848081,278536804,246,266,63,276,20,213
1299015803,4141525779,9,493,12,488,484,476
1280056020,4042479166,109,356,67,380,247,313
1283416642,4061577523,81,440,70,464,359,394
1323690311,4234147432,0,499,0,499,499,499
1220740165,3552316379,39,441,106,397,402,291
1105412934,1848933691,72,426,29,492,354,463
1190673533,3092596619,0,499,140,358,499,218
1243660146,3775276256,0,499,62,436,499,374
924721291,175898255,112,386,167,328,274,161
1238549689,3728983451,70,369,139,366,299,227
1115888689,1951951417,29,471,91,414,442,323
1127341663,2120978352,0,499,62,436,499,374
1102732017,1805332068,0,499,83,415,499,332
1206467404,3317564057,71,428,0,499,357,499
1140742190,2409079730,31,467,0,499,436,499
1007682211,435111576,63,435,0,499,372,499
1172198592,2916816525,0,499,85,413,499,328
1283682227,4061597889,0,499,0,499,499,499
1121420025,2035478886,172,333,114,435,161,321
1321486293,4227740291,67,445,111,402,378,291
1162398606,2753758360,0,499,109,389,499,280
1318844487,4217900042,24,479,22,477,455,455
1240835391,3745327957,150,351,29,486,201,457
1089978641,1555206118,138,361,100,399,223,299
1197821478,3209841760,7,493,95,406,486,311
1169407516,2720601855,0,499,109,389,499,280
1145107796,2491783717,109,389,0,499,280,499
1047920059,934125618,73,425,0,499,352,499
863759698,104930446,0,499,62,436,499,374
1281807835,4050970365,24,475,28,474,451,446
1243403774,3773718035,19,480,75,420,461,345
1294197395,4122557395,39,470,55,480,431,425
1115645837,1643660896,179,368,218,252,189,34
1090712210,1548294697,93,454,129,346,361,217
1109465975,1889679606,76,413,24,476,337,452
1301663167,4151268236,0,499,123,499,499,376
1266174309,3935903959,0,499,0,499,499,499
1094127556,1614485578,0,499,23,476,499,453
1277847655,4023189445,55,445,68,409,390,341
874538426,109510469,71,427,105,394,356,289
1104303761,1827033846,62,436,0,499,374,499
1275619937,4006501409,90,213,85,337,123,252
851273218,83025062,150,349,107,391,199,284
1289121202,4085973516,215,363,195,301,148,106
869246372,113157534,84,414,50,449,330,399
1246117888,3797081924,72,426,15,485,354,470
1274795803,76404569,76,423,0,499,347,499
1276343058,4012861400,24,477,56,439,453,383
1309974129,4181944765,93,399,125,350,306,225
1158120791,2695197445,51,426,99,408,375,309
99278530,1852096,190,309,191,308,119,117
1308844277,3509121729,100,399,25,474,299,449
1188538876,3067204208,130,369,130,369,239,239
1274571384,73674886,129,375,16,494,246,478
1121777054,2042263007,128,358,53,491,230,438
1302548774,4155424261,38,477,148,369,439,221
1324200120,4236297884,66,430,33,458,364,425
1167243401,2832098271,150,349,121,378,199,257
1289495079,4088733908,161,353,21,462,192,441
1045719406,870990094,24,474,0,499,450,499
1320389703,4224252433,42,468,39,453,426,414
1286894366,4074700418,0,499,0,499,499,499
1012808306,409941565,167,326,201,306,159,105
848328810,78176220,0,499,62,436,499,374
1301335224,4151250740,58,426,97,431,368,334
1117240202,1968846561,73,426,0,499,353,499
1317729032,4213755496,0,499,0,494,499,494
1221176127,3553239172,0,499,62,436,499,374
1255519624,3870104000,19,480,23,479,461,456
612836731,54873331,62,437,0,499,375,499
1324134106,4236042593,0,499,0,499,499,499
894759395,18590079,73,426,0,498,353,498
1314507787,4202303836,66,378,0,499,312,499
1223454889,3580774655,0,499,0,499,499,499
956724793,205436311,0,499,62,436,499,374
1181044825,2992665131,65,435,16,466,370,450
518749844,52594358,76,423,0,499,347,499
935294875,194389611,138,356,145,351,218,206
924348766,175482065,117,381,65,434,264,369
1274505570,3999794642,40,432,12,488,392,476
1296395302,4130472595,87,421,47,458,334,411
1261429806,3898729603,0,499,0,499,499,499
1189480008,3079412382,68,431,0,499,363,499
1076438556,1362656962,0,499,62,436,499,374
1026994841,569746927,101,398,50,449,297,399
1075986128,1356571657,0,499,62,436,499,374
276875030,5048998,211,286,126,378,75,252
987039135,293597955,0,499,63,436,499,373
937647938,198395679,0,499,62,436,499,374
1282543970,4057545097,0,356,99,499,356,400
1275600492,4006718174,0,499,0,499,499,499
981957145,284904641,0,499,62,436,499,374
1225871634,1549613266,125,374,125,374,249,249
1136998979,2336119289,34,475,37,458,441,421
1317495988,4213277184,85,418,96,412,333,316
899062431,145077678,71,428,0,499,357,499
1313997500,4186111739,24,474,111,403,450,292
1312715145,4128090815,74,425,0,499,351,499
1126249343,2101678558,116,386,145,337,270,192
830655412,63080208,62,436,0,499,374,499
1012275759,459386714,74,425,0,499,351,499
1166122548,2807739284,69,430,0,499,361,499
1296020192,4127736922,24,485,19,481,461,462
997587110,210668388,190,309,160,339,119,179
1228072057,3614314698,0,499,19,499,499,480
973607284,269653568,124,380,174,334,256,160
696299430,57692780,150,349,107,391,199,284
1292888624,4114276327,145,363,48,448,218,400
972290169,264678061,4,499,146,352,495,206
1252628113,3850328866,0,499,62,436,499,374
1305286288,143760180,83,415,0,499,332,499
528113,923222,2,497,3,496,495,493
1253256758,3855562338,0,499,62,436,499,374
1007982872,435843878,150,349,101,397,199,296
903982324,148597276,96,403,136,384,307,248
1108221946,1871744429,56,443,0,499,387,499
1306974407,4170173226,150,348,176,368,198,192
1282749564,4057515103,104,424,34,475,320,441
1035397897,686085733,36,463,10,489,427,479
1258605270,3883455133,18,468,110,474,450,364
1237978883,3724201192,128,370,0,499,242,499
1007394198,416653868,100,399,45,454,299,409
1299709061,4143439537,97,404,87,402,307,315
1191109100,3101946263,0,499,109,389,499,280
1260404674,3893246410,41,434,105,457,393,352
1269779525,3962606085,0,499,0,499,499,499
1281990292,4050747874,134,320,93,497,186,404
1086197749,1508439475,73,426,0,499,353,499
1315051681,4187088315,23,445,141,428,422,287
1159874547,75037297,65,434,0,499,369,499
1050066536,954955310,62,436,0,499,374,499
1002708281,384461111,33,389,117,411,356,294
1241677374,3759460020,183,331,83,311,148,228
1219912327,3533254144,62,436,0,499,374,499
1253509581,3856533005,18,492,70,442,474,372
1310607899,4182262492,199,277,297,398,78,101
984037246,288135971,69,429,0,499,360,499
1282748977,4058939074,77,353,161,326,276,165
906569374,50839814,89,409,25,474,320,449
1311612771,4188732051,1,498,0,499,497,499
1225887555,532978883,125,374,125,371,249,246
1295915941,4127720571,29,484,29,470,455,441
1318506478,4217946453,0,499,0,499,499,499
1276362320,4012870381,0,499,0,499,499,499
1112558439,1638135894,144,372,72,399,228,327
1307479878,4171427056,42,486,68,444,444,376
862579131,102704014,113,386,58,444,273,386
1027855709,577066293,280,303,232,270,23,38
915097588,159603743,0,499,0,499,499,499
1196014354,3176636617,88,411,19,478,323,459
1199426785,3229828980,146,351,15,486,205,471
1283826721,4061617564,79,408,40,446,329,406
1215391849,3470128353,118,388,24,463,270,439
991347135,298737347,0,499,109,389,499,280
1215403232,3470135026,6,484,19,472,478,453
1311803638,4189050649,0,499,2,499,499,497
1133293636,102343914,416,418,235,267,2,32
466158330,50537135,100,399,25,473,299,448
935003032,193725137,125,374,65,436,249,371
1310107341,4182218337,0,499,0,499,499,499
1104681908,1837299664,69,429,0,499,360,499
1300201362,4145174371,0,499,0,439,499,439
1317251666,4210987131,0,492,46,453,492,407
1005575136,412266552,116,383,83,415,267,332
1099491976,1703893861,0,499,62,436,499,374
1265218134,3929900676,38,468,116,487,430,371
1250268262,3831364233,0,499,100,436,499,336
1047573543,919886996,129,371,20,487,242,467
1254444176,3861754453,96,410,49,454,314,405
1271791047,3981166298,133,366,0,499,233,499
1196923391,3201912407,0,499,0,468,499,468
1086854689,1517674724,0,499,0,499,499,499
1002611777,382734102,60,431,0,491,371,491
1251799158,3844580789,16,483,13,485,467,472
1257671596,3881724284,0,447,96,499,447,403
963035356,242401401,143,343,153,330,200,177
1044221531,855824728,63,436,0,499,373,499
1269771928,3962600615,0,499,0,499,499,499
981735254,285064157,73,426,0,499,353,499
1300298382,4145553092,126,321,5,279,195,274
1269507419,3959378049,87,405,30,476,318,446
1123391131,2053476854,148,351,36,462,203,426
1192029135,3120529792,68,432,22,488,364,466
1023350149,536317223,95,404,50,449,309,399
1247486716,3810737350,124,376,8,476,252,468
1227155919,3607249235,65,380,149,398,315,249
1277520487,4019806579,20,482,16,497,462,481
1272954827,3992155156,21,455,40,443,434,403
1289682111,4086151914,0,499,0,499,499,499
874390291,99271873,0,499,62,436,499,374
1310918895,4184550334,76,398,111,308,322,197
1305712930,4164567142,0,499,12,487,499,475
964326033,246567201,0,499,62,436,499,374
1276341673,4012705134,0,499,0,499,499,499
1198175320,3212822450,144,355,100,399,211,299
1261768418,3900931419,0,499,0,499,499,499
1246718804,1651872832,100,399,50,458,299,408
1242960399,3768422751,140,360,5,491,220,486
981730836,284780211,62,436,0,499,374,499
1052832273,985690356,65,420,14,475,355,461
1100062430,1711735001,110,389,52,447,279,395
1268664281,3951731910,162,334,83,472,172,389
1258485292,3883451384,141,331,11,475,190,464
290996854,17400289,62,436,0,499,374,499
933671827,190989840,48,450,0,499,402,499
770761701,60929111,101,410,90,408,309,318
1121402179,2035274803,50,468,193,394,418,201
1100083867,1711730209,70,429,145,354,359,209
1155782065,2660100429,67,440,124,398,373,274
1244995750,3787995059,142,359,33,399,217,366
1215487659,3470037969,62,436,0,499,374,499
972257457,264481632,0,499,62,436,499,374
1308324840,4151932812,35,464,80,337,429,257
1273306626,3992610685,28,467,60,464,439,404
1064303652,1135481684,208,291,37,491,83,454
599407322,54715209,71,427,1,497,356,496
940888458,205319572,165,326,185,317,161,132
1241417139,3756667080,69,436,105,384,367,279
1130348437,2183071393,210,280,176,333,70,157
1195000727,3162196026,62,436,0,499,374,499
1309329821,4180375642,212,287,30,479,75,449
1311419559,4187120043,55,449,185,300,394,115
1295591012,4126591523,83,415,0,499,332,499
1259061894,3887601352,30,448,64,464,418,400
1120661358,2016605301,137,362,186,313,225,127
1323690610,4234147441,33,475,147,352,442,205
862582705,102704650,158,342,59,115,184,56
1264907573,3928057680,0,499,0,499,499,499
1116941747,1966808912,21,458,33,471,437,438
1263197925,3915361309,13,374,8,329,361,321
822623099,62690640,62,437,0,499,375,499
1284093564,4063218741,59,399,19,467,340,448
1311411867,4187118179,64,416,164,331,352,167
1313577944,4198472584,274,320,407,430,46,23
1130385791,2183451029,22,477,124,405,455,281
1275047443,4003836555,14,459,59,467,445,408
466940230,50545369,150,349,128,371,199,243
1275353557,4004148395,28,484,106,399,456,293
976424797,275683702,87,395,7,470,308,463
987651494,294484192,0,499,42,457,499,415
1179777314,2993318345,19,483,134,356,464,222
1275630658,4007155814,28,469,34,471,441,437
1283876447,4061621118,74,431,86,347,357,261
1247811973,3813434986,44,472,39,447,428,408
1310670826,4184726893,65,446,62,394,381,332
1008144784,436068233,106,392,50,449,286,399
1203497656,3278127267,52,452,52,425,400,373
1314343805,4202210524,120,383,108,491,263,383
1264245243,3925033766,0,497,86,410,497,324
1301783884,4145277688,63,398,30,459,335,429
1319429398,4214364220,94,324,26,453,230,427
1318200568,403188788,30,466,15,490,436,475
1164949290,2796230062,62,436,0,499,374,499
957111082,223804720,0,499,67,431,499,364
1283548306,4061584131,0,499,0,499,499,499
1322275451,4230956626,18,496,0,449,478,449
1310722583,4184544082,31,476,47,476,445,429
1309102823,4179633569,212,276,198,298,64,100
1253350383,3856416481,12,486,149,330,474,181
988318504,295317712,114,385,120,385,271,265
1263808267,3921180571,45,499,0,499,454,499
1297876964,4137064881,48,452,61,444,404,383
1141328750,2429096309,144,355,100,399,211,299
1272968423,3992156331,0,499,21,499,499,478
1273511221,3992742635,72,435,86,434,363,348
987435995,294329609,177,313,23,496,136,473
1192483269,3128694859,113,392,122,399,279,277
1243390446,3773729391,19,480,20,479,461,459
1322952271,4231791875,22,481,48,472,459,424
1193637453,3148097445,172,322,196,303,150,107
983557037,90312613,68,430,0,499,362,499
1240850604,3750099517,158,326,8,493,168,485
1318312013,3721160892,14,458,28,485,444,457
1272662048,3989836352,0,499,0,499,499,499
870541799,114976292,53,439,0,499,386,499
1259321782,3887628234,0,499,0,499,499,499
1067554047,1182240416,61,470,46,430,409,384
1246075582,3797089472,144,349,8,480,205,472
1107659799,1869201041,5,493,139,386,488,247
749548425,60784466,32,467,0,499,435,499
1071856699,1298178408,12,484,183,294,472,111
1146122602,128617634,57,489,40,447,432,407
1269447425,3957818290,33,476,77,438,443,361
1281964858,4050742115,0,499,0,499,499,499
1251535729,3843643208,8,488,135,388,480,253
1167054327,2823852763,0,499,36,463,499,427
1246072140,3797080195,60,444,28,480,384,452
921380089,168729486,111,391,11,479,280,468
1215346039,3470018051,86,422,158,299,336,141
1296364702,4130470869,28,478,18,209,450,191
1313284856,4198574796,106,394,0,499,288,499
1193039260,3136650849,25,470,5,492,445,487
1280132587,4019916676,32,469,70,423,437,353
1267300986,3942511929,140,362,201,338,222,137
867558845,110708693,69,426,0,499,357,499
1313179470,4197656412,0,499,0,499,499,499
1275601380,4006499631,0,431,6,499,431,493
385135937,48284945,68,431,0,499,363,499
1276006750,4010222170,0,499,0,499,499,499
1253944098,3859351877,0,499,0,499,499,499
1029511517,591829971,165,387,85,427,222,342
1276033830,4010224845,78,424,85,416,346,331
850718744,82323408,3,496,62,436,493,374
1288382214,4081499446,15,483,148,413,468,265
1268272805,1135353955,100,399,25,474,299,449
1087330090,1522296786,0,499,11,488,499,477
894743120,142135056,139,372,154,327,233,173
874537564,107645111,71,413,107,314,342,207
1042201321,838475953,83,416,12,486,333,474
1287435663,4076848539,34,479,33,470,445,437
1095107567,1625495524,62,436,0,499,374,499
1005829288,418195227,0,499,218,284,499,66
1225887302,3147314797,136,363,138,368,227,230
1256558240,3873131517,0,499,83,415,499,332
1220252847,3541644687,0,499,62,437,499,375
1016879847,503952138,105,393,50,449,288,399
1027019075,569731556,102,397,50,449,295,399
1267257372,3939867684,0,499,109,389,499,280
924769824,117819914,0,498,112,347,498,235
1319107775,4220472558,37,499,0,499,462,499
939111086,201675904,0,499,241,245,499,4
1048595193,943352629,144,345,13,496,201,483
1321413536,4222993624,59,470,99,406,411,307
1317519193,4213250866,0,499,0,499,499,499
1265215552,3929900566,14,485,156,484,471,328
1076693207,1367015718,160,339,130,369,179,239
1281984191,4050747245,40,480,70,395,440,325
1242122006,3762619004,81,434,126,403,353,277
1061832913,1108140649,110,389,145,354,279,209
1281736054,4053026524,109,393,57,450,284,393
995291860,303232767,72,426,0,499,354,499
982431267,286271223,0,499,62,436,499,374
1019328533,516400323,56,472,147,354,416,207
1117510358,1974893424,92,410,102,417,318,315
1323254783,4231686895,0,499,0,499,499,499
875832983,100227200,61,438,0,499,377,499
1242125158,3762643371,0,499,100,416,499,316
1276029985,4010224693,0,448,110,431,448,321
1270113078,2050496098,100,399,50,449,299,399
1256940492,3875030403,133,377,99,389,244,290
1299145738,4141842054,17,479,49,236,462,187
1277197095,4020654603,196,289,20,486,93,466
1287920978,4079553226,0,499,0,499,499,499
1241902496,3761138913,91,407,0,499,316,499
1275712402,4006539347,8,488,59,473,480,414
1094548058,1623700967,28,481,97,413,453,316
1047743298,839425925,68,431,0,499,363,499
1270843380,3974246861,0,499,0,499,499,499
1268915209,3948034915,127,371,79,420,244,341
1276044169,4010225100,37,443,32,482,406,450
1261173362,3898707808,21,477,146,352,456,206
1317963094,4215701356,8,484,145,473,476,328
1024018303,540520282,115,384,148,350,269,202
1257716242,3881728507,73,433,81,435,360,354
598641490,54686728,85,410,4,496,325,492
1192037984,3120558127,71,431,257,486,360,229
1269230586,3954550966,84,415,50,449,331,399
1102978950,1809710632,62,436,0,499,374,499
886578176,132133305,203,296,181,317,93,136
1212160912,2882100100,97,401,0,499,304,499
956383683,138733054,26,476,101,394,450,293
1121404130,79644321,62,436,0,499,374,499
1290882144,4096845344,72,426,0,499,354,499
1158880613,2703099005,0,499,62,436,499,374
1174591997,2940640231,150,354,160,347,204,187
1241265466,3752142574,82,363,78,488,281,410
937363634,197620463,94,405,27,471,311,444
1225886244,547601765,134,374,170,350,240,180
908129798,152709271,0,499,92,407,499,315
1260359133,3893244460,52,446,67,447,394,380
1146383504,270795924,0,499,0,499,499,499
1264011150,3923289082,0,497,103,394,497,291
1288945977,4085950617,12,492,16,490,480,474
957911662,202540281,0,499,62,436,499,374
1153266668,2623654724,0,499,0,499,499,499
1127330079,278530742,164,336,112,385,172,273
1049615842,953395155,68,431,0,499,363,499
1310408464,4183900227,14,486,151,323,472,172
1211983929,3414349033,121,434,62,441,313,379
1319450504,4214376794,333,346,0,499,13,499
1223488682,3580784279,0,499,0,499,499,499
1273400685,3992632538,16,459,61,465,443,404
1265182901,3929867564,144,373,99,430,229,331
1284021939,4063347444,73,420,88,437,347,349
1107660087,1869201358,56,444,80,417,388,337
1026236060,288908632,0,499,0,499,499,499
1316233476,4200879704,11,486,37,464,475,427
1287838008,4079436676,109,313,69,351,204,282
1212567115,3422546569,62,436,0,499,374,499
1246408717,3798831444,74,413,30,464,339,434
859070626,93918997,162,326,175,266,164,91
1088852320,1544960431,63,436,0,498,373,498
1019333225,516402871,116,361,145,380,245,235
1264045982,3923103669,8,483,55,456,475,401
291810815,17552350,146,353,97,402,207,305
1264024599,3923099242,0,499,0,499,499,499
1245205917,3789641307,56,442,0,499,386,499
1318010348,220488061,0,499,40,499,499,459
1311624836,4188796832,100,404,128,350,304,222
1294110407,4122229010,58,449,51,433,391,382
879079112,124434889,26,472,0,499,446,499
1315465374,4205941356,0,498,0,499,498,499
1288935080,4085949480,144,332,25,481,188,456
1196865737,3200183332,56,451,215,308,395,93
1262364724,3906641177,8,481,29,499,473,470
1140309624,2348332805,57,441,0,499,384,499
881365270,125927338,173,326,150,349,153,199
1267273497,3928492778,62,436,0,499,374,499
1139427015,1892606346,277,319,153,304,42,151
939909294,203033811,67,432,0,499,365,499
941622222,207151489,234,257,0,499,23,499
1290636627,4095304596,31,488,62,479,457,417
983730395,288020639,100,399,147,352,299,205
556436163,53600666,150,309,150,320,159,170
1096604986,1657050401,165,334,164,335,169,171
1279060167,4037576918,10,487,106,430,477,324
1165477728,2778976836,1,499,81,418,498,337
1312733199,4195955959,42,457,3,497,415,494
1160927787,2726526804,80,421,7,494,341,487
885136874,130819349,125,374,0,499,249,499
1027309203,570696954,111,387,50,449,276,399
1188462940,3065096163,0,499,62,436,499,374
1268886697,3954564757,34,469,146,434,435,288
1247972800,3813973051,98,433,2,493,335,491
1266736380,3939966292,12,488,181,318,476,137
1284148669,4063424687,63,445,70,405,382,335
1241207464,3753818408,98,401,0,499,303,499
1307840545,4172829470,0,499,85,414,499,329
1240228210,3745010336,90,423,134,345,333,211
1244446635,3783977359,186,313,154,310,127,156
1240628746,3748054496,136,406,48,467,270,419
911163808,153365522,0,499,72,426,499,354
1041182488,824465704,119,379,0,498,260,498
971477516,262239913,112,342,218,277,230,59
1261980966,3902246853,33,468,75,421,435,346
953088059,216795576,119,382,161,326,263,165
1294223270,4122562828,197,338,12,483,141,471
1287628257,4077038733,2,499,0,499,497,499
1195682317,1077347944,87,412,0,499,325,499
1043841347,853456155,4,494,168,330,490,162
1289801848,4089926122,221,289,170,305,68,135
1243659676,3775275580,0,499,62,436,499,374
1243392939,3773730331,19,480,55,436,461,381
1295960279,4128438354,30,423,74,436,393,362
912042714,156122460,42,457,0,499,415,499
1049196489,949938743,0,499,62,436,499,374
1123579303,2058032736,150,356,186,308,206,122
1261829974,3900384988,109,389,0,499,280,499
1008038944,435861699,100,399,59,440,299,381
1188538776,3067204172,130,369,130,369,239,239
1084408473,1496781539,39,465,127,375,426,248
1019317629,516398771,0,494,191,308,494,117
1275404401,4003974139,40,458,63,458,418,395
1304110123,4147744519,14,484,5,456,470,451
1267263301,3942393518,24,456,86,489,432,403
1226773413,448049376,83,415,0,499,332,499
1324134456,4236042598,0,499,0,499,499,499
1174588154,2940639060,172,330,185,319,158,134
1156740860,2676463172,0,499,109,389,499,280
971423206,262158506,122,289,239,263,167,24
1110407375,1881504154,75,349,158,392,274,234
920015360,136579992,0,499,77,421,499,344
1323316673,4231696605,14,499,0,499,485,499
892799513,140505194,140,359,101,399,219,298
1245886676,3795260712,32,467,32,467,435,435
1143141646,2460558516,0,499,63,436,499,373
1273149484,3993167776,79,422,208,331,343,123
1220480251,3546329382,0,499,0,499,499,499
1013666877,464921460,58,441,0,499,383,499
1143206958,2462192855,142,333,185,325,191,140
924126754,175243395,85,413,0,499,328,499
1298324394,4134764122,0,499,62,436,499,374
963206674,242813297,76,424,57,437,348,380
1274007554,3995368032,121,356,42,422,235,380
1073611470,1321525357,62,436,0,499,374,499
1289193296,4086226020,74,425,1,498,351,497
1311307517,4186981218,68,441,69,417,373,348
1289062858,4086047136,0,499,0,499,499,499
1048522940,942607786,73,426,0,499,353,499
1275458961,4006428925,66,440,81,407,374,326
1022779331,530868384,34,464,7,492,430,485
1204259522,3287303928,58,451,14,489,393,475
1008196295,436099671,137,361,100,399,224,299
1270332614,2579434323,101,398,0,499,297,499
957865056,107614975,33,483,88,373,450,285
1312653490,4195677282,0,499,0,499,499,499
1281719278,4052932468,36,470,65,495,434,430
1029511470,591830004,29,412,97,411,383,314
1276040107,4010224950,45,499,0,473,454,473
1100711456,1738482262,80,401,4,479,321,475
1306897017,4168961387,92,393,73,406,301,333
1233288364,2820709859,146,284,98,403,138,305
1318646555,4217950958,0,499,0,499,499,499
1253474371,3856810290,123,395,105,460,272,355
903362743,133603733,188,311,156,342,123,186
1077529283,1374045602,72,427,0,499,355,499
1188360791,2361155940,62,436,0,499,374,499
1275794872,4006003994,27,457,116,386,430,270
996955001,324596180,73,426,0,499,353,499
1247849637,3813571357,0,499,123,436,499,313
1274392824,3999382457,62,469,29,466,407,437
1243413128,3773721154,31,469,30,468,438,438
914205226,158685927,117,381,65,434,264,369
1283480339,4061580213,0,499,0,499,499,499
1100063481,1711732512,70,429,145,354,359,209
1280419441,4045105185,113,372,67,449,259,382
1243660150,3775276259,0,499,62,436,499,374
1211767425,3409965037,16,498,1,498,482,497
1275523105,4006689368,0,499,0,499,499,499
890156154,136255806,41,457,56,427,416,371
1008620406,439004659,73,425,0,499,352,499
1289175903,4086222125,0,499,0,499,499,499
1147227411,2524620726,0,499,80,418,499,338
1310342054,4182236450,56,437,116,369,381,253
1170709083,2899059371,38,460,87,412,422,325
1261192888,3898711223,5,495,83,414,490,331
883515940,128471829,83,415,0,499,332,499
1261174352,3898707910,11,495,68,429,484,361
1027580526,573322240,0,499,109,389,499,280
1164857882,2795866121,58,440,221,395,382,174
1076924247,143658538,96,402,0,498,306,498
1239355550,3737242178,0,499,0,499,499,499
1250577692,3833441523,62,436,0,499,374,499
1024235422,540260279,0,499,62,436,499,374
1301860719,4153653490,2,497,0,499,495,499
1320980450,4221650454,16,488,104,393,472,289
1226189400,3596247892,80,430,0,485,350,485
968868831,254443702,72,426,0,499,354,499
1268695900,3951837102,134,310,153,314,176,161
956207727,221142547,74,425,0,499,351,499
1261236248,3898714566,36,470,74,418,434,344
963550036,244097152,100,399,172,328,299,156
1305138531,4164671636,106,388,51,463,282,412
1025129815,548240271,0,499,62,436,499,374
1314613774,4186420579,80,435,116,384,355,268
1075506971,1348359934,10,431,13,479,421,466
1274775250,1285963028,12,486,26,472,474,446
1110964653,1907767145,156,343,100,399,187,299
1301778403,4144863489,62,436,0,499,374,499
1161554917,2739964860,192,297,95,469,105,374
1267484386,3943148467,283,298,196,270,15,74
1234768165,3690228605,171,339,238,298,168,60
914209680,158689874,0,499,62,436,499,374
908507180,152928322,196,301,188,329,105,141
1136544235,2332095812,0,499,152,392,499,240
1044188441,858079809,121,432,56,476,311,420
1145285150,532978683,108,391,0,499,283,499
1193252518,3139917352,0,499,63,436,499,373
868182080,111615425,0,499,0,499,499,499
1260365501,3893244611,70,432,163,359,362,196
1213353255,4195433804,141,357,9,490,216,481
1154651377,1848269339,172,291,232,463,119,231
1250268170,3831364130,0,499,167,436,499,269
1043154885,846651527,0,499,32,467,499,435
1225730049,3591858397,57,484,122,377,427,255
1307798872,4172825914,7,490,137,422,483,285
1279123074,4037093929,15,470,59,468,455,409
1306878804,4167094755,106,388,51,463,282,412
588135130,54376029,3,498,59,437,495,378
1192192058,3123116397,71,431,263,486,360,223
1005834321,418195895,9,493,103,391,484,288
1278901701,4037745051,16,483,112,384,467,272
996306216,305754060,153,331,38,499,178,461
911392919,138734075,0,499,0,499,499,499
1041682247,831980321,17,479,20,490,462,470
1207476309,3332930867,85,413,21,478,328,457
1280531537,4045214028,20,470,136,401,450,265
1027149695,569803163,100,399,60,438,299,378
1260399682,3893246216,33,459,286,458,426,172
1267939912,3944874182,38,464,86,420,426,334
1302278779,4155072566,0,499,109,389,499,280
1025132696,549389737,98,410,11,490,312,479
1174589270,2940639455,5,492,7,481,487,474
881711804,126229998,117,381,50,449,264,399
1193889683,3149724991,0,499,62,436,499,374
1128756222,532968845,137,483,22,447,346,425
1323289561,4231691905,65,407,129,409,342,280
1189464414,3081720796,0,499,62,436,499,374
1253147470,3855160037,6,492,47,206,486,159
1238702730,3729320962,17,477,12,451,460,439
902033666,147171636,85,413,0,499,328,499
1313996523,4200637514,123,384,26,431,261,405
1256939773,3875030115,0,499,0,499,499,499
1100072533,1711732679,180,319,151,347,139,196
1116549041,1962055733,156,286,192,307,130,115
1098385093,1683046543,165,335,140,360,170,220
1274277660,3997827897,0,499,0,499,499,499
1273236324,3993277907,0,499,124,375,499,251
1244889249,3787296258,0,499,109,389,499,280
981948579,284907652,32,466,32,465,434,433
1081933486,1462187309,0,499,63,436,499,373
1301398067,4151255211,324,470,64,224,146,160
1174593860,2940640539,173,330,166,334,157,168
933157741,189627054,0,499,62,436,499,374
1002257139,375464199,0,499,62,436,499,374
1073564315,1160940605,0,499,62,436,499,374
1167318682,2832777929,62,436,0,499,374,499
893309929,141190950,183,318,191,306,135,115
1282584584,4057555231,71,428,0,447,357,447
1190252963,2832752230,0,499,67,432,499,365
1104584381,1838575212,196,294,112,431,98,319
1070219964,1255536417,84,415,28,499,331,471
1247849624,3813571352,0,499,123,436,499,313
848869536,80124558,62,436,0,499,374,499
1174624344,2936668828,0,499,62,436,499,374
1276223045,4012178763,18,433,160,397,415,237
1246391745,3798825857,9,479,73,451,470,378
1201832886,3155074936,6,492,33,459,486,426
1192055491,3120609181,68,432,22,488,364,466
1107659777,1869200301,54,439,27,409,385,382
939597893,202151210,66,423,0,498,357,498
1305590761,4166199928,55,499,0,492,444,492
1092818397,1585837097,62,436,0,499,374,499
1007604586,435071242,112,387,50,449,275,399
1220423978,3545051068,116,303,145,408,187,263
1120437410,2012308840,62,436,0,499,374,499
1180975342,2999221685,110,406,9,494,296,485
1019327952,516400587,47,431,42,460,384,418
1304121234,4149003859,8,489,15,448,481,433
1244535716,3785101712,0,499,0,499,499,499
1061595383,1088069456,95,405,12,485,310,473
1277062049,4015662587,62,436,0,499,374,499
956430640,221731958,77,428,5,495,351,490
696467930,57695973,140,359,96,403,219,307
1273199847,3992531739,22,477,46,459,455,413
1279788805,3814915859,104,395,87,468,291,381
1198892181,821751331,147,352,100,399,205,299
1189454627,3082197033,0,499,0,499,499,499
1250268288,3831364238,0,499,100,436,499,336
1131385044,2203003497,102,411,158,389,309,231
1131573935,2206123310,73,425,0,499,352,499
1262369459,3906641879,0,481,83,499,481,416
1254915053,3866982975,0,498,0,421,498,421
1274424906,74281435,12,486,64,434,474,370
1267246304,3942391893,22,472,106,379,450,273
1008139790,436061597,107,391,50,449,284,399
1270566407,3971743825,143,370,144,387,227,243
1204247414,3287287837,114,390,10,484,276,474
1243386134,3773726834,29,472,28,471,443,443
853542508,84448566,224,276,234,294,52,60
1026813795,569573859,100,399,50,449,299,399
1156971799,2679537637,88,424,64,441,336,377
1096884,1131185,0,499,2,496,499,494
1014856919,475758877,119,361,29,499,242,470
1280518091,4045078439,0,499,0,499,499,499
1106688335,1923135581,0,499,0,499,499,499
1295532534,4126960259,4,480,0,499,476,499
1304179283,4160988215,106,388,51,463,282,412
1186308637,3025300435,0,499,62,436,499,374
1239721354,3739278976,211,306,223,312,95,89
1299645170,4140721452,83,415,0,499,332,499
1055614732,1063149637,49,462,43,456,413,413
1102365028,500602981,61,489,42,466,428,424
1287488981,4078699459,141,362,92,406,221,314
987509636,294332880,63,435,4,497,372,493
1261407513,3898721397,38,448,117,423,410,306
1250186280,3830717922,23,475,152,357,452,205
1225666800,3493235801,125,374,155,374,249,219
876983287,122403460,0,499,38,460,499,422
1158880547,2702843179,62,436,0,499,374,499
1248210833,3814580411,13,487,162,346,474,184
1044817863,863325593,50,449,2,496,399,494
618672200,55049473,72,426,0,499,354,499
849831892,81308627,108,396,173,374,288,201
987617214,294476035,50,448,0,499,398,499
1251033291,3837112163,0,499,0,499,499,499
1174585859,2940638563,185,304,237,261,119,24
1260398905,3893246179,35,433,132,450,398,318
1264182454,3924069535,154,345,110,389,191,279
1273757205,3992790363,0,499,0,499,499,499
1215230991,3469590077,101,397,10,490,296,480
1218906556,3520724617,0,499,62,436,499,374
1280335024,4044739286,8,493,8,487,485,479
1266216223,3937634720,43,469,151,347,426,196
1135661386,1960324392,7,486,61,437,479,376
1297931443,4132016080,83,415,0,499,332,499
1272248553,3988483848,0,498,122,376,498,254
1111012629,1902962164,0,499,0,499,499,499
1225888087,3593774908,150,349,150,349,199,199
1276357334,4012750497,16,473,59,468,457,409
1065446543,278544760,145,353,100,399,208,299
1158121283,2695198180,0,499,0,499,499,499
1140616924,2416450771,0,499,11,499,499,488
1270416077,3971927568,10,494,57,441,484,384
1202500675,3255504912,72,465,159,288,393,129
1219301351,302694132,155,343,100,399,188,299
1316311700,4200883458,64,430,100,399,366,299
977181013,277592283,0,499,62,436,499,374
1123495395,2056277911,74,401,65,429,327,364
1280696700,4046438148,73,427,96,420,354,324
1262431729,3908156608,26,471,66,438,445,372
1009307463,440690864,100,399,55,443,299,388
985863316,291266645,177,328,144,358,151,214
1314142381,4186151063,66,470,79,383,404,304
1100219966,1713565678,0,499,0,498,499,498
1286038081,4072292324,83,425,131,399,342,268
1301481062,4151261446,0,499,228,291,499,63
1083731977,1480849314,69,430,50,449,361,399
1217414912,3494065296,176,319,156,362,143,206
1204682426,3295669242,0,499,0,499,499,499
1143269564,2460000781,71,427,0,488,356,488
1257521204,3881701328,0,499,0,499,499,499
1063154496,278588281,155,344,100,399,189,299
1233289931,209464255,55,442,0,498,387,498
1311080024,4181902864,39,449,76,433,410,357
946830436,208827443,138,360,110,382,222,272
1241422582,3756670745,204,293,190,311,89,121
1120064429,2009069958,32,452,15,481,420,466
1262284207,3906573307,114,359,38,456,245,418
1322099948,4228954019,0,499,0,499,499,499
1304043696,4160812347,44,460,39,453,416,414
1258327441,3883969340,0,499,0,499,499,499
1252628014,3850328799,0,499,62,436,499,374
1060953764,278516698,152,346,100,399,194,299
1275321748,4003959801,22,483,61,467,461,406
1317273830,4210988748,51,448,116,375,397,259
1323013843,4231409934,8,440,11,499,432,488
1253969594,3859455979,21,493,14,485,472,471
1252609336,3850004670,20,459,60,465,439,405
941678422,207196235,192,295,227,346,103,119
1177148545,2970574797,73,423,33,466,350,433
1038462490,751053161,203,348,53,454,145,401
1023325240,535993214,129,366,180,351,237,171
1230793858,3641714756,0,499,0,499,499,499
1315088993,4187135869,60,450,22,481,390,459
1184066202,3014661892,54,442,25,489,388,464
1076484495,1363770984,100,399,0,499,299,499
1320388592,4224252205,44,457,104,403,413,299
981848315,285246794,168,329,213,287,161,74
1304117354,4160950981,106,388,51,463,282,412
1319385552,4214348422,48,454,35,469,406,434
1041367419,825402314,74,424,0,499,350,499
1274880709,4001420127,71,439,14,465,368,451
529142,855385,74,423,0,499,349,499
1307743900,4172811774,207,292,152,385,85,233
1301503215,4150990412,0,499,14,498,499,484
1201838507,3249410047,5,499,68,432,494,364
1176503607,2958499421,16,489,151,341,473,190
1108943053,1879839986,133,337,6,492,204,486
1124331551,2075639062,154,344,100,399,190,299
1178163456,195072679,168,330,0,499,162,499
1089978753,1555206078,144,315,175,375,171,200
1056164710,1070732261,0,499,62,436,499,374
1147108960,2529096993,85,413,0,499,328,499
1158121259,2695198132,23,461,90,415,438,325
1168639632,2862279241,56,499,56,468,443,412
1287549584,4071378206,0,499,0,499,499,499
1132576670,2229104722,172,326,14,442,154,428
1174589129,2940639431,36,444,18,458,408,440
1254827290,3866444287,0,499,0,499,499,499
987636844,294481499,145,357,87,497,212,410
1258012075,3883414291,69,431,147,499,362,352
1009124758,439734881,73,425,0,499,352,499
1219076879,3523487481,14,473,104,403,459,299
1075760656,1352145705,191,303,96,429,112,333
1190252200,2746553083,21,480,99,366,459,267
980535834,283682782,73,428,73,429,355,356
982503590,286392068,62,436,0,499,374,499
1309090539,4179604210,0,499,0,499,499,499
1323295526,4231695585,0,499,81,499,499,418
1181523313,1887688258,40,437,34,422,397,388
1297448122,4110682273,22,476,175,322,454,147
1122015203,2043393549,11,487,0,499,476,499
1112988302,1924251262,19,471,171,476,452,305
1042992240,819713432,133,365,94,403,232,309
1264155274,3923190020,0,499,0,499,499,499
1075792713,1352931109,103,396,8,492,293,484
1201826931,3249398323,42,474,44,455,432,411
1253211268,3854772218,0,499,0,499,499,499
1254470745,3861824352,0,499,0,499,499,499
1102254785,1792750922,238,262,198,210,24,12
833566131,8976906,0,499,0,499,499,499
1266672678,3939550868,11,489,60,440,478,380
1109333625,1887688849,169,331,26,473,162,447
1087962752,1531701834,209,296,157,319,87,162
1237240101,3718113441,0,499,0,499,499,499
1250262048,3831237384,0,499,9,499,499,490
963359410,243367783,76,423,0,499,347,499
1314661092,4202228613,114,359,0,475,245,475
1277543335,4019817616,19,480,58,472,461,414
1282579557,4057554488,26,461,56,452,435,396
1310134144,4182222280,0,425,31,499,425,468
1017186773,429434903,99,402,41,461,303,420
1154516541,2640261451,71,469,58,455,398,397
1100075117,1711734381,0,499,62,436,499,374
1245656718,3793679989,36,459,38,467,423,429
1061321816,1098467890,8,499,111,388,491,277
243894930,6581760,72,427,0,499,355,499
1285433513,4057694584,19,479,22,499,460,477
1136327584,2327499909,0,499,82,416,499,334
1123930860,2065459618,62,436,0,499,374,499
1324143679,4236042750,0,499,0,499,499,499
1078776489,1405077933,62,407,20,499,345,479
1074571797,1336303699,32,474,79,442,442,363
1325229513,4240793843,41,453,153,380,412,227
1261978844,3902216786,71,431,95,414,360,319
1270113196,1889072338,100,399,58,441,299,383
1007533065,435022709,100,399,45,454,299,409
1240164519,3743864677,0,499,67,432,499,365
1241441508,2129065513,0,499,109,389,499,280
1152262519,2603006619,159,348,70,435,189,365
1245967292,3795862145,0,499,79,436,499,357
1227164943,3607251129,19,479,135,364,460,229
1258309394,3883968883,12,486,138,421,474,283
174424530,4851598,93,406,26,472,313,446
1012322102,457662538,70,429,0,499,359,499
1032590494,626140400,107,417,0,499,310,499
1289249447,4087633655,167,332,148,387,165,239
1135925255,551356247,13,484,123,402,471,279
1004032942,295819759,0,499,133,365,499,232
1279680614,4040441644,146,349,64,458,203,394
1261419796,3898725544,79,419,32,469,340,437
1245190959,3789535301,16,489,28,491,473,463
1093610106,1608943339,17,484,56,441,467,385
1307769593,4172823579,20,464,156,336,444,180
1281992212,4050748073,94,432,146,401,338,255
1174586597,2940638745,138,362,146,364,224,218
856254987,89285277,185,314,157,342,129,185
1079999179,1440821576,0,499,175,323,499,148
1269686632,3509121686,100,399,37,462,299,425
936875869,196919555,62,436,0,499,374,499
1213099011,3441174627,109,364,72,382,255,310
1312712914,4189757808,62,436,0,499,374,499
1269736481,3962161051,0,499,0,499,499,499
1102208244,1792067628,79,419,0,499,340,499
1233322815,3677160467,170,277,232,289,107,57
1091878883,1571309620,176,330,87,415,154,328
1027853671,147803551,73,426,0,499,353,499
1106686558,1923132081,0,499,0,499,499,499
1245672742,3793735665,46,454,47,454,408,407
1276358662,4012868108,95,404,31,468,309,437
1220850717,3556350613,62,436,0,499,374,499
1279663071,4040192541,0,499,0,497,499,497
1170481304,2897228244,110,389,77,423,279,346
1027070286,569732403,109,389,50,449,280,399
1257671578,3881791399,0,499,0,499,499,499
1008229026,436164845,186,311,187,311,125,124
933497856,190677895,163,333,130,369,170,239
1257675727,3881791717,0,499,0,499,499,499
1269726704,3961998592,4,494,73,426,490,353
1116593675,1962626210,124,367,152,353,243,201
1145196041,2486995554,62,436,0,499,374,499
1301060876,4150467996,143,352,24,465,209,441
1276342564,4012861349,31,165,32,289,134,257
1265564121,3931849728,0,499,0,499,499,499
1250684329,3834851452,0,499,0,499,499,499
1290871440,4097201466,0,499,62,436,499,374
1316192173,4200876947,8,490,81,463,482,382
1215419082,3469889809,72,426,0,499,354,499
1222134761,3568998321,173,321,88,413,148,325
1253332811,3856413871,106,409,124,392,303,268
1027261972,570690511,106,392,50,449,286,399
1176503865,2958499727,119,374,66,430,255,364
993209357,300952362,0,499,48,451,499,403
1007717983,435113121,71,427,0,499,356,499
922170631,170807800,225,258,107,394,33,287
1324302033,4235891353,4,497,22,480,493,458
1023330348,536041571,130,367,166,354,237,188
997332749,93258101,190,309,164,334,119,170
977754683,278812012,142,363,164,336,221,172
1307775662,4172824052,31,428,33,406,397,373
1176945944,2965084665,0,499,63,436,499,373
1274758127,2690280696,86,412,0,499,326,499
1304129274,4160952129,106,388,51,463,282,412
1314151617,4200535861,0,499,83,415,499,332
1124190812,1556883317,88,411,0,499,323,499
1223600210,3582314024,13,488,160,380,475,220
1245643972,3793571910,35,471,69,439,436,370
936386583,195390617,0,499,62,436,499,374
467542330,50551878,150,349,118,381,199,263
1284028751,4063349667,63,439,68,441,376,373
1258192292,3883965686,44,440,69,469,396,400
1027259289,570715882,58,441,0,499,383,499
1261384762,3898718359,89,400,38,468,311,430
1254459960,3861754957,86,421,74,468,335,394
1319648428,4214659033,33,465,153,420,432,267
1283623338,4061593416,0,499,0,499,499,499
1244272071,3781916587,91,446,158,312,355,154
1305532766,4165988568,0,499,82,417,499,335
1249536540,3819984689,200,298,236,288,98,52
1021235559,526419284,142,289,107,392,147,285
1242125216,3287291259,28,463,125,408,435,283
857958424,85423924,190,308,160,339,118,179
1265217632,3929900662,53,460,219,391,407,172
1186981307,2940605010,118,390,27,478,272,451
1116098692,278558559,149,350,100,399,201,299
1204202829,3287130902,27,477,41,464,450,423
1156925893,2678802080,121,303,96,477,182,381
1047101619,889279003,25,465,110,404,440,294
1312719727,4195607671,6,492,132,383,486,251
1154651332,1510514436,19,482,110,391,463,281
1319724246,4214703948,118,380,28,472,262,444
1033022206,547550450,89,409,0,499,320,499
1303701058,4159374054,106,388,51,463,282,412
1264612135,3925558198,0,499,0,499,499,499
1227314435,3608473858,167,399,183,334,232,151
1246891974,3801263717,0,499,109,389,499,280
1081138058,1455522807,62,436,0,499,374,499
1322683621,4230963301,82,422,11,488,340,477
1175702344,2950063627,0,499,62,436,499,374
1232369490,3660534476,0,499,176,436,499,260
1276370492,4012755279,24,469,30,469,445,439
1250952042,3836739131,37,482,41,453,445,412
1319800667,4215036534,38,482,98,419,444,321
1273357378,3992621688,17,469,60,468,452,408
150325930,4770988,139,360,96,402,221,306
1061454555,143674271,77,426,13,492,349,479
1310820777,4182108696,0,499,0,499,499,499
1317960164,4215701190,42,458,13,487,416,474
1004008322,401108831,70,429,0,499,359,499
1192150520,3122651836,71,431,304,486,360,182
1015918061,109547943,100,399,0,499,299,499
1310449827,4182243988,33,471,126,427,438,301
1262292252,3906636182,0,499,2,496,499,494
1260378979,3893244987,66,471,38,468,405,430
1278094737,4029522574,64,420,192,370,356,178
1313456616,4197678333,13,442,82,469,429,387
1289797878,4089925432,176,310,147,385,134,238
1275308595,4003958505,0,499,0,499,499,499
995098605,303051082,165,345,66,431,180,365
1198680767,1100134563,154,344,112,399,190,287
1310724099,4184544114,21,378,100,460,357,360
1324213871,4236298313,0,499,65,434,499,369
977627022,278513802,83,416,36,479,333,443
964628889,247668093,175,321,140,358,146,218
1007603460,435042641,66,433,0,499,367,499
1110790680,1904327476,71,426,1,499,355,498
1255658657,2079820985,83,415,0,499,332,499
1191030297,3101158802,51,410,118,398,359,280
1214786868,3462807484,17,480,28,487,463,459
1047515561,914367011,80,418,0,499,338,499
1191424182,3107233828,6,491,78,463,485,385
956527267,222044488,56,443,0,499,387,499
1235528214,3690827291,0,499,63,436,499,373
1027961004,578256383,54,445,0,499,391,499
1276316022,4012724493,0,499,0,499,499,499
921380043,168729484,111,391,11,479,280,468
922464500,171409231,117,381,65,434,264,369
925845429,177564771,209,284,214,358,75,144
1220829715,3554971217,0,499,66,432,499,366
1205016159,3300880286,0,499,71,427,499,356
1308382550,4176071161,0,499,62,436,499,374
1238731477,3729468900,15,447,96,416,432,320
1323336969,4231757810,169,329,32,468,160,436
1204205178,3287144937,104,397,23,481,293,458
1294430470,4123232793,0,499,62,436,499,374
1289116925,4086050900,0,499,0,499,499,499
1250268196,3831364143,0,499,167,436,499,269
1193620321,3147528557,0,499,62,436,499,374
1025677590,554118694,130,372,21,474,242,453
1309982208,4181945854,30,466,106,389,436,283
1181014179,2991432251,90,409,130,369,319,239
1244541473,3785188044,0,499,122,436,499,314
1317269018,4210988645,114,438,88,427,324,339
940888275,205319105,124,380,127,361,256,234
973607936,269653229,1,496,97,402,495,305
1312798964,4195811954,0,499,0,499,499,499
1216097922,3477439945,24,473,156,334,449,178
1318455521,4219078070,21,481,24,476,460,452
1305850753,4166954229,106,388,51,463,282,412
1110108662,1899049560,138,371,138,358,233,220
1187560760,2806785302,147,356,157,329,209,172
1089357768,1551943347,155,343,100,399,188,299
1072689365,1308146442,62,436,0,499,374,499
1285863661,4017680719,0,499,0,499,499,499
1322257230,4229836668,0,499,0,499,499,499
1100073811,1711735272,110,389,53,446,279,393
1222137742,3568764007,44,455,0,499,411,499
1268538543,2547267919,100,399,16,483,299,467
1269686586,1173146891,107,392,0,499,285,499
1143503877,289035592,205,319,180,304,114,124
1222865944,3566516050,65,433,0,498,368,498
1278753920,4036994684,73,435,74,426,362,352
1133293245,1792750404,0,499,238,268,499,30
1184710995,2392534657,66,478,105,380,412,275
1273372176,3992571961,36,445,54,427,409,373
1269764647,3962432001,57,429,71,443,372,372
1285850563,4017672590,47,487,153,375,440,222
1104030671,1822439667,0,499,0,498,499,498
1304045588,4160929104,106,388,51,463,282,412
1054080269,1039273778,0,499,231,274,499,43
1251003744,3837274767,169,347,355,463,178,108
973308246,268377135,236,268,354,429,32,75
1243415440,3773721388,79,418,118,393,339,275
1261416106,3898724501,0,499,0,499,499,499
1250263708,3831299839,125,374,125,374,249,249
1026466296,565040877,62,436,0,499,374,499
1061577333,246414492,150,365,31,473,215,442
1096990749,1659771403,94,409,76,402,315,326
1151784519,2548934936,0,499,62,436,499,374
1192190840,3123069606,68,432,22,488,364,466
1190251953,2647272651,0,499,62,436,499,374
1249536031,3819983853,126,373,126,373,247,247
1322760783,4193690744,72,439,50,431,367,381
1077921361,1374409758,166,376,110,379,210,269
1312659092,4195683982,0,499,0,499,499,499
869107308,112914912,161,338,127,372,177,245
1248101628,3813797715,30,498,13,499,468,486
1246408686,3798831435,112,386,10,483,274,473
1119121161,1554079610,102,397,62,437,295,375
1026149085,560194575,89,409,0,499,320,499
1136337127,2327710027,137,361,115,382,224,267
1176100128,2954029853,26,433,126,355,407,229
1238710135,3729658068,0,499,55,444,499,389
1173386179,2919072393,62,436,0,499,374,499
1196865629,3200183328,61,449,206,292,388,86
1279721738,3938615494,155,476,164,326,321,162
1244567457,3785286811,40,459,0,499,419,499
836107205,70568999,74,424,0,499,350,499
887930580,134028271,89,409,0,499,320,499
1004106045,400713735,120,379,76,422,259,346
1074711766,1337646844,62,436,0,499,374,499
1253116576,3854906828,33,470,45,476,437,431
1282540846,4057544003,0,499,0,499,499,499
686594787,7343151,186,315,157,345,129,188
1261409077,3898721916,0,499,0,499,499,499
975309025,273315187,70,429,130,369,359,239
846454815,75725482,0,499,62,436,499,374
1193273943,2790688725,0,499,0,499,499,499
1084060108,1492474147,13,486,30,474,473,444
1243412014,3773720986,31,469,30,468,438,438
1105218198,1846548785,0,499,62,436,499,374
1056113681,1070175491,141,358,100,399,217,299
1266775338,3939943823,0,499,0,499,499,499
1318414867,4218927363,32,450,27,463,418,436
940529990,138763814,119,384,156,342,265,186
1266676097,3939552200,61,455,63,480,394,417
1080255460,1444109551,79,419,0,499,340,499
1264904759,3928057411,7,496,188,315,489,127
1236542595,3709300105,0,499,0,499,499,499
1317519227,4213250868,0,499,0,499,499,499
1265614525,3931863779,10,489,151,399,479,248
1096694125,1656695428,0,499,0,499,499,499
1305340470,4165065789,67,413,115,423,346,308
1275645543,4006510383,26,477,75,499,451,424
1281954406,4050740339,36,458,69,427,422,358
1234743678,3689693895,174,347,74,423,173,349
966889562,252160713,62,436,32,467,374,435
1313445697,4197677471,0,499,0,499,499,499
1164074621,2779540240,52,446,0,499,394,499
1299286443,4141675818,11,489,148,365,478,217
1307797851,4172825738,129,350,112,389,221,277
1292287391,4108382419,0,499,0,499,499,499
1146245942,2509990748,109,389,0,499,280,499
1144107484,236811649,84,414,0,499,330,499
1197652692,3207839241,62,436,0,499,374,499
1241416554,3756665179,197,299,193,306,102,113
955827884,220444632,80,406,19,451,326,432
1100064111,1711734610,0,499,109,389,499,280
1161437993,2730747764,62,436,0,499,374,499
1255500301,1099448222,103,396,0,499,293,499
1307765090,4172823141,32,473,149,373,441,224
1060765337,1082448624,117,381,50,449,264,399
1010518346,447612428,83,415,0,499,332,499
1301870962,4153639137,0,499,0,499,499,499
987422065,294309890,17,482,146,362,465,216
1270219127,3969947581,141,306,11,417,165,406
1324035157,4235889661,25,451,52,447,426,395
1299044402,4139517152,50,435,66,417,385,351
1219726469,2683754725,48,475,116,443,427,327
1222151910,3569009749,84,417,86,450,333,364
858102653,80939677,73,424,0,499,351,499
968840163,255287995,149,348,136,356,199,220
1275993362,4010298360,9,468,14,434,459,420
1174594714,2940640990,6,494,87,424,488,337
849510728,49042273,0,499,0,499,499,499
1293341154,4104726279,0,499,0,499,499,499
1195150794,3165132338,0,499,0,499,499,499
1301493595,4151262006,150,349,26,499,199,473
884195019,124564933,50,449,104,395,399,291
1275723843,4006541229,0,499,0,499,499,499
1316120929,4200871514,0,497,32,499,497,467
1279056700,4037089893,0,499,0,499,499,499
1089695602,1554033188,148,351,115,384,203,269
1234812756,3687702913,76,423,0,499,347,499
1215453964,3155074890,134,365,1,494,231,493
1240110387,3743370955,29,498,83,417,469,334
1196670078,3190887256,0,499,128,370,499,242
1259136457,3887607177,22,456,62,466,434,404
1083657608,1485570024,0,499,62,436,499,374
1220524296,3547472523,0,499,109,389,499,280
1119058425,1986065372,154,345,111,387,191,276
834905845,6032777,66,433,0,499,367,499
979486841,194660355,68,431,0,499,363,499
1285040912,4066255982,89,389,13,480,300,467
1316220689,4208966376,62,436,0,499,374,499
1271565848,3976961208,0,499,0,499,499,499
1248416017,3814872664,71,431,54,467,360,413
1010056179,444060857,0,499,0,499,499,499
963966016,158803525,62,436,0,499,374,499
1202196975,3252443109,62,436,0,499,374,499
1100064500,1711737022,110,389,63,435,279,372
1066653805,1160967923,165,334,188,311,169,123
1069666406,1253789683,0,499,109,389,499,280
1276007888,4010222359,29,453,57,422,424,365
1135750765,1987701881,77,428,5,496,351,491
1174593155,2940640429,17,480,67,489,463,422
1225663358,3460971636,125,359,130,338,234,208
1008174316,436093979,100,399,40,458,299,418
1107660228,1869200576,73,291,171,332,218,161
1323995839,4235886652,28,472,133,372,444,239
1310423915,4181902553,0,499,0,499,499,499
1279997859,4042587776,0,499,0,499,499,499
1050570386,966347473,109,389,0,499,280,499
1204804054,3297860699,111,379,66,436,268,370
902210635,138769386,108,393,213,284,285,71
949387857,212341044,90,409,130,369,319,239
1323283829,4231690396,128,359,2,433,231,431
1253378451,532978691,150,348,125,374,198,249
941678324,207196229,142,367,171,317,225,146
1029095949,590315309,167,323,182,340,156,158
1209396373,3376489594,6,477,79,419,471,340
1241867206,3760788251,30,472,55,482,442,427
1177652909,2977764931,129,260,171,324,131,153
1196755149,3196455701,109,389,0,499,280,499
987610733,294475447,88,447,53,440,359,387
1279919114,4039246492,1,499,1,466,498,465
1152762969,2611133481,0,499,82,415,499,333
985759891,290886191,79,420,0,499,341,499
1317008362,4211513793,22,363,111,444,341,333
1242868609,3218805241,104,394,0,499,290,499
848080857,77785222,165,333,136,362,168,226
576353932,54173032,100,399,81,418,299,337
1283323976,4061152597,136,350,40,466,214,426
1282191383,4053493480,0,499,83,415,499,332
1048522948,942608006,73,426,0,499,353,499
933237405,190093812,104,395,0,499,291,499
1316260532,4200881202,102,395,33,477,293,444
1328700648,4250701113,153,303,145,418,150,273
956733307,223026185,61,438,79,420,377,341
1152434104,2606254600,144,349,169,329,205,160
1156925721,2678801991,0,499,47,451,499,404
1306839046,4168956920,148,345,129,251,197,122
1118519554,1985627852,7,494,83,396,487,313
1030787023,603578787,98,401,27,484,303,457
1276527600,4014009742,85,414,5,494,329,489
1275725061,4006541434,102,393,95,436,291,341
884192516,124564752,64,419,62,446,355,384
1182230241,3006002900,80,420,0,499,340,499
1317455675,4210942710,0,499,163,416,499,253
931244539,185670268,72,426,0,499,354,499
1240331324,3746807759,0,499,62,436,499,374
1240715292,3748199078,88,388,75,485,300,410
1150169670,2568767469,137,362,100,399,225,299
1249534108,3819978148,23,480,80,422,457,342
933571436,190855104,67,431,112,385,364,273
1250254797,3831235725,0,499,0,499,499,499
1189499715,3082611146,0,499,0,499,499,499
1276946892,4017734905,0,499,0,499,499,499
995181649,302965737,72,427,0,499,355,499
443116030,50209256,100,398,50,449,298,399
1068050680,1188177625,0,499,62,436,499,374
1131879951,2213620600,8,481,156,396,473,240
1282767654,4057517086,125,370,102,439,245,337
1295474422,4120925964,39,459,0,499,420,499
1285875838,4017685504,4,473,35,499,469,464
1265215766,3929900577,159,350,30,449,191,419
843846281,70284934,156,340,166,331,184,165
1313677618,4199890121,116,367,152,368,251,216
1077540117,1374123816,79,419,0,499,340,499
1301785213,4153218863,105,393,41,468,288,427
1292466484,4108922533,3,488,154,391,485,237
940867419,205221028,5,499,77,426,494,349
1267337546,3942399992,103,409,5,493,306,488
1116978398,1967228770,194,304,175,323,110,148
1296169081,4128244577,66,432,0,499,366,499
1004668735,408683358,48,446,20,472,398,452
1317004521,4211510271,206,339,191,318,133,127
896414344,64574284,92,405,0,460,313,460
259964562,7131713,150,349,107,391,199,284
1219248435,3522041310,62,436,0,499,374,499
1293845301,4120806413,25,489,93,459,464,366
1225886476,2582298268,125,374,162,334,249,172
982244510,286003468,191,307,150,349,116,199
1003036078,388280395,22,477,0,499,455,499
1289001685,4085958910,0,415,137,499,415,362
1307456700,4168852157,50,443,78,455,393,377
1314608265,4203062839,108,385,127,347,277,220
1017262919,505482367,0,499,0,499,499,499
1121419825,2035478851,18,481,80,422,463,342
707898969,52919915,0,499,62,436,499,374
1099406009,1702939984,0,488,4,480,488,476
933242379,190099480,73,425,0,499,352,499
1284867188,4066223687,82,399,120,423,317,303
1129781978,2057575956,43,445,72,427,402,355
927213648,179983788,109,389,0,499,280,499
919756401,165280250,62,436,0,499,374,499
1161170235,2733628718,139,370,157,352,231,195
62364030,1559752,72,426,0,499,354,499
1260700717,3891848944,62,436,0,499,374,499
883553114,128530808,121,343,32,419,222,387
1027040577,569859940,127,372,50,449,245,399
1265608505,3931891607,118,397,74,425,279,351
1280456537,4045067512,117,381,83,445,264,362
1323566054,4231860945,43,456,46,459,413,413
1215524239,3470061812,109,397,27,474,288,447
1306064775,4167054349,112,383,2,489,271,487
921907545,169927941,62,436,0,499,374,499
1192187750,3123028695,25,458,0,410,433,410
1232184502,3657882240,29,479,43,468,450,425
1325243061,4240794534,48,434,167,394,386,227
1218255682,3507957906,128,375,16,489,247,473
1323079513,4232650796,8,491,131,480,483,349
1310468004,4182321135,53,445,37,477,392,440
1094644921,1625634904,356,451,209,288,95,79
575004,929534,53,446,78,420,393,342
1177185105,2970965475,16,460,164,402,444,238
1024339361,543115863,92,429,105,414,337,309
1230551586,3635557075,0,499,62,436,499,374
1261379683,3898717104,32,499,67,491,467,424
1076991009,143855068,90,387,0,499,297,499
1191226357,3104462523,27,499,14,493,472,479
1024715164,513587520,0,499,62,436,499,374
1290049422,4091026828,140,361,188,326,221,138
1199596972,3228455444,53,447,101,400,394,299
1041750600,832880966,176,322,150,349,146,199
941677156,207257892,186,331,154,348,145,194
1289613337,4087657447,0,499,1,499,499,498
1261174055,3898707885,36,464,134,344,428,210
550164229,53549180,192,301,216,290,109,74
1262391544,3907797262,0,499,0,499,499,499
1179119508,2990534910,0,499,167,332,499,165
1268986240,3953964587,0,499,0,499,499,499
284536212,16275135,62,436,0,499,374,499
1051762475,981229220,49,470,125,466,421,341
881870917,126244915,62,436,0,499,374,499
1007700468,435080004,100,399,48,450,299,402
975628822,274105690,1,499,67,431,498,364
1307822625,4172827326,0,499,0,499,499,499
980101423,283123629,0,499,62,436,499,374
1273263511,3992598973,0,499,0,499,499,499
1280515737,4045078219,0,499,0,459,499,459
996710157,131458918,196,303,160,339,107,179
1309329899,4180375691,165,332,179,474,167,295
921249646,168344631,190,293,137,378,103,241
1036760721,719797038,50,449,44,454,399,410
1008136984,436066829,150,349,119,379,199,260
1032734038,149839564,40,459,0,499,419,499
1131812022,150477406,164,334,129,384,170,255
1121800511,2031768081,74,425,0,498,351,498
320166770,5574134,154,344,114,386,190,272
1248848966,3817903604,49,479,103,385,430,282
1282835131,48350520,65,433,0,499,368,499
1065074026,1126653324,12,489,2,486,477,484
1111187778,1909129191,109,389,0,499,280,499
1095243272,1149606269,38,457,154,381,419,227
1154811855,2644066759,0,448,13,480,448,467
1283893376,4061625301,23,471,108,416,448,308
1295220657,4125633515,159,342,19,489,183,470
1066930763,1173353156,93,404,22,476,311,454
1243785541,3775997574,128,348,50,444,220,394
862681477,102706045,59,437,116,376,378,260
939113616,201684975,182,316,190,308,134,118
1173802433,2764331952,122,391,13,499,269,486
1225887110,1153693148,125,374,125,363,249,238
1309987048,4181946217,59,447,108,405,388,297
7795230,1371579,73,425,0,499,352,499
1169692909,2880076727,0,499,109,389,499,280
1275625549,4006502065,76,427,133,411,351,278
957915000,225828759,71,428,0,499,357,499
1028451949,584068568,85,414,10,488,329,478
905534485,5307528,76,423,0,499,347,499
1262478967,3908166291,0,499,0,499,499,499
1124860004,2078995651,0,499,0,499,499,499
1181523535,2361171202,15,396,13,499,381,486
1033361188,621139374,0,499,56,442,499,386
1174586419,2940638703,174,307,216,307,133,91
1253151154,3855161584,0,499,0,499,499,499
972631254,4497050,76,423,0,499,347,499
1321408228,3963248030,127,371,79,420,244,341
1053580273,1035080822,81,417,0,499,336,499
1081743113,1461668034,293,373,144,355,80,211
1148951773,2551427016,15,467,115,387,452,272
1252590132,3850028824,0,499,0,499,499,499
1307388127,4171182999,220,284,129,323,64,194
1102044335,1788623771,193,316,101,385,123,284
1308883893,1924244397,100,399,11,487,299,476
864764137,106629570,64,434,0,499,370,499
1301890354,4153221906,22,485,163,499,463,336
1244326307,3782771588,0,499,126,436,499,310
857659558,75065903,74,425,0,496,351,496
1260350607,3893198035,27,480,38,430,453,392
1239802140,3208440306,40,474,175,373,434,198
1257276188,3879904644,0,390,39,478,390,439
987352754,294183624,129,405,27,491,276,464
1261399976,3898720146,42,456,0,419,414,419
1253350456,3856416483,10,490,161,337,480,176
1158595497,2699571947,57,456,15,492,399,477
1100061601,1711736141,110,389,51,447,279,396
1316224879,4200879077,20,478,38,499,458,461
1027216935,570607266,61,438,0,499,377,499
846439030,75742902,190,309,163,335,119,172
1298387838,4139329975,25,428,79,403,403,324
834822866,68162517,150,349,151,347,199,196
1273068306,3992553794,28,447,47,454,419,407
1156511673,2665952116,0,499,109,389,499,280
1245175753,3789529319,67,421,68,499,354,431
1045214169,865593282,142,346,62,436,204,374
1260611001,3894559167,14,486,95,403,472,308
1258512607,3885602826,0,499,0,499,499,499
286068314,14714459,106,393,0,499,287,499
1102364129,845432940,2,498,63,435,496,372
1273752690,3992786085,80,428,79,440,348,361
1257152692,3879365624,0,499,0,499,499,499
1290712705,4095617131,131,373,22,471,242,449
1296185447,4128239884,62,436,0,499,374,499
1111624679,1912593876,159,340,100,399,181,299
1198728873,3219107901,144,355,100,399,211,299
1244540739,3785187519,0,499,122,436,499,314
1098329289,1683700870,148,354,119,393,206,274
1280101865,4042960916,0,499,109,389,499,280
971434366,262168669,58,495,176,390,437,214
1192153533,3122685001,71,431,259,486,360,227
1244326328,3782771598,0,499,126,436,499,310
1098403356,3952101074,18,482,68,424,464,356
1315310658,4204337366,46,463,49,464,417,415
1295944691,4127723892,34,476,27,463,442,436
894877604,67275897,85,413,18,486,328,468
1026650095,145553690,0,499,122,377,499,255
1295003926,238295855,88,410,13,492,322,479
1220995369,3559580498,23,475,106,383,452,277
1245240962,3789643423,0,499,0,499,499,499
1246318903,3798486648,110,389,145,354,279,209
849465905,80916387,0,499,62,436,499,374
1281726891,4052947877,0,499,0,499,499,499
1190251648,2974260323,118,383,100,395,265,295
1051789343,981628476,118,381,1,489,263,488
1226405774,3591581818,0,499,142,436,499,294
1169935356,2888059467,0,499,0,499,499,499
1284312160,4064963761,83,415,0,499,332,499
1244924598,3787555748,0,499,0,499,499,499
1251744576,3840355983,0,499,109,389,499,280
879017241,124267614,79,419,0,499,340,499
1196885489,3199517360,13,481,97,380,468,283
1281735268,4052948083,0,499,0,499,499,499
874730444,78364731,86,419,100,401,333,301
1275717174,4008126708,75,424,0,499,349,499
1310948594,4182111701,38,443,85,416,405,331
1264205740,3924746065,0,499,0,499,499,499
1226936019,3605441903,74,427,88,421,353,333
941678848,207257923,101,397,163,326,296,163
862070623,101485326,88,411,145,353,323,208
1076352933,1361968474,131,372,146,349,241,203
1100086481,1711736350,110,389,61,438,279,377
1273034991,3992489813,34,469,33,472,435,439
1123926034,1118849515,5,494,37,461,489,424
1310304197,4182232813,92,422,43,477,330,434
1267315465,3942397604,14,484,115,401,470,286
581652120,54102260,77,422,0,499,345,499
1200891779,1888866907,40,471,125,384,431,259
1119407545,1998121265,111,383,32,475,272,443
928309228,181207143,145,354,100,399,209,299
966287345,252344181,83,416,0,499,333,499
874732416,68045018,86,428,91,408,342,317
1219107208,3522869728,137,361,100,399,224,299
1121419846,2035478857,6,462,102,387,456,285
1321520633,4223015411,4,494,0,499,490,499
1261414079,3898723705,0,499,0,499,499,499
1152178525,2601268883,0,499,62,436,499,374
1140638652,278403716,147,351,100,399,204,299
1068362384,1186916236,42,456,0,499,414,499
1108316313,1871130763,151,346,150,350,195,200
1310268983,4182228661,22,488,58,452,466,394
1310435725,4182243632,13,487,97,417,474,320
1260717951,3895288561,70,443,75,431,373,356
933236232,190093174,88,414,4,493,326,489
1317992873,4215704600,167,332,63,435,165,372
1324228112,4235883967,43,458,144,327,415,183
1262535577,3908875466,5,494,4,497,489,493
1061572401,511836361,93,402,27,472,309,445
878503625,123834757,68,430,0,499,362,499
1085695907,1505336482,0,499,62,436,499,374
849309801,80661428,128,393,62,444,265,382
1198101148,1601863113,161,344,113,386,183,273
936659268,196353562,62,436,0,499,374,499
1026880700,569597543,105,394,50,449,289,399
1254423907,2089411558,83,415,0,499,332,499
1231485813,3650519723,64,434,0,499,370,499
1235880748,3701267648,33,473,60,460,440,400
1123811406,2062695733,152,346,100,399,194,299
874586161,120440256,120,379,76,422,259,346
1283623502,4061593420,70,499,54,499,429,445
933875391,176023417,224,335,204,324,111,120
983823928,287881143,214,294,238,332,80,94
1241389447,3756276907,69,429,0,499,360,499
1265221823,3929898796,51,411,221,459,360,238
1027279159,570634556,113,385,50,449,272,399
1307748141,4172813156,100,399,100,399,299,299
1260082600,3889375089,10,494,1,498,484,497
874722179,120540362,0,499,62,436,499,374
1283374473,4061398919,10,489,13,486,479,473
1285967000,3049008178,62,436,0,499,374,499
1275707695,4006536543,0,499,0,499,499,499
1190871921,3091312413,0,499,74,425,499,351
1275574846,4006497184,47,455,86,393,408,307
1323988045,4235885956,0,499,0,499,499,499
1216776984,805161107,158,340,119,399,182,280
1316234312,3745163160,165,331,16,487,166,471
1031967211,616721439,85,413,0,499,328,499
1146407928,517576884,145,366,51,435,221,384
1138710926,2368480760,62,436,0,499,374,499
1190258862,1876687597,59,435,67,432,376,365
1174589454,2940639485,9,491,92,481,482,389
1047566136,919161031,129,371,19,487,242,468
1164411079,2784113843,0,499,83,416,499,333
886098365,2703556,144,354,100,399,210,299
1245186965,3789532608,33,436,164,326,403,162
1143855809,2461552529,165,339,190,335,174,145
1289802422,4089926297,53,421,111,356,368,245
1209161942,3366326142,62,436,0,499,374,499
938777978,201115110,0,499,0,499,499,499
1255646273,3870706409,0,499,0,499,499,499
1320202519,4215513130,46,473,83,439,427,356
1323635633,4234467573,0,499,62,436,499,374
875027978,120861441,68,430,0,499,362,499
933588231,190873652,0,499,62,436,499,374
1019146024,515770395,0,499,62,436,499,374
1201829793,3249402587,70,428,0,499,358,499
1311359382,4187199325,139,374,167,374,235,207
931195139,185541982,142,356,100,399,214,299
1243658979,3775275033,0,499,169,436,499,267
1188524112,3067035956,171,350,142,345,179,203
952399900,215707585,0,499,34,464,499,430
1196406057,3187682784,30,479,160,358,449,198
1262357293,3906640013,170,171,191,274,1,83
1255963940,3872867769,0,499,0,499,499,499
1314400129,4202302037,236,259,0,499,23,499
1254519096,3862201946,110,389,54,445,279,391
1309697651,4179732868,26,483,106,340,457,234
1292020803,4105727994,29,410,18,499,381,481
1198900117,2339724547,160,339,100,399,179,299
919752311,165522262,132,366,100,399,234,299
1196212636,3182722348,38,466,112,376,428,264
1031798077,613661491,62,436,0,499,374,499
1282768213,4058943655,21,497,15,497,476,482
1311675109,4188903182,0,499,0,499,499,499
1142089742,884747735,0,499,0,499,499,499
1196814134,3199158167,236,236,244,293,500,49
1273209714,3992534623,57,437,77,429,380,352
1204242335,3287281050,155,462,147,361,307,214
1079746989,1432385895,0,499,0,485,499,485
1014082281,471694293,89,409,0,499,320,499
1005663451,416243072,70,428,0,499,358,499
1288943847,4086332811,84,442,82,451,358,369
1266488846,3938615701,34,473,160,324,439,164
973607206,269653442,7,495,90,412,488,322
1257246962,3879894181,0,499,0,499,499,499
1051759738,981229716,352,485,365,481,133,116
1194364083,3157828459,15,483,14,487,468,473
991287201,298723854,69,430,15,480,361,465
1192037396,3120538342,18,483,121,443,465,322
844850937,275832,184,315,152,346,131,194
1303701623,4159374074,106,388,51,463,282,412
1321542705,4223023933,34,479,152,351,445,199
1308351199,4175953065,15,484,15,484,469,469
863993123,105290316,62,436,0,499,374,499
1269906004,1102188713,100,399,13,485,299,472
1272628759,3989831856,51,455,96,499,404,403
1323320855,4231696958,10,499,0,499,489,499
1108319631,1869832769,0,499,0,499,499,499
1189966016,3081508921,62,436,0,499,374,499
1283723804,4061606808,0,499,0,499,499,499
1175360290,2947786315,76,407,85,414,331,329
1316738425,4200959850,94,410,60,475,316,415
1283722742,4061606755,0,499,0,499,499,499
917887804,163499065,0,499,62,436,499,374
1298374720,4139329023,0,499,0,499,499,499
1250875247,278541103,100,399,20,479,299,459
1268286826,3948210877,0,499,62,436,499,374
1275457926,4006485300,20,499,126,340,479,214
1269385785,3957784703,0,499,0,499,499,499
1275549961,4006494488,32,463,67,419,431,352
860099317,97210741,89,409,5,493,320,488
1178343946,2984712668,10,483,128,371,473,243
1288943724,4086332593,84,442,82,451,358,369
1294215904,4122561747,26,483,131,373,457,242
1220899010,3558241144,48,432,43,466,384,423
1232929122,3669198216,62,436,0,499,374,499
1015521560,484961771,55,464,94,406,409,312
921497730,169065806,0,495,73,430,495,357
1240164523,3743864680,0,499,67,432,499,365
1273316889,3992612666,0,499,0,499,499,499
1234402097,3678209125,0,499,62,436,499,374
1307348547,4171348870,41,458,39,455,417,416
1225802855,3592383067,6,494,81,420,488,339
1136544265,2332095823,0,499,152,392,499,240
1271551081,3976944786,48,446,62,432,398,370
1294110005,4122228802,10,492,100,437,482,337
1273188718,3992581688,73,439,72,426,366,354
1209008698,3366422518,10,489,72,421,479,349
1086094696,1508416296,21,478,73,427,457,354
1249536691,3819985153,205,295,208,292,90,84
1138614995,2361172130,0,499,62,436,499,374
1309682281,4179729431,0,499,0,485,499,485
1262959102,3911143080,0,499,62,436,499,374
1276445637,4013276108,0,499,13,499,499,486
1156001397,2663075465,0,499,62,436,499,374
1116264802,1956478531,32,468,98,401,436,303
998280599,334563014,0,499,0,499,499,499
1313338386,4197665361,0,499,0,497,499,497
1241648937,3758937846,141,377,122,362,236,240
1254887329,3866912180,0,499,0,499,499,499
1192148736,3122641010,68,432,22,488,364,466
1257252802,3879901298,3,496,0,499,493,499
1277785227,4013195438,0,499,109,389,499,280
1225887537,693066032,125,374,125,356,249,231
1253220622,3854773316,50,487,0,471,437,471
1298884584,4141163117,19,492,71,441,473,370
1121420159,2035478930,10,471,142,361,461,219
1265204735,3929889982,236,265,7,491,29,484
1242120181,3762615125,99,400,0,499,301,499
1257112218,3878730405,0,499,62,436,499,374
1156655564,2675087765,106,401,152,365,295,213
987648796,294484363,48,456,27,478,408,451
1101217359,1754340161,137,362,186,313,225,127
1314461525,4202303155,27,449,14,429,422,415
1042826453,842766767,91,408,0,499,317,499
933239461,190096559,87,412,0,499,325,499
1268629156,3951728829,0,499,0,499,499,499
1255022773,3867016353,0,497,19,499,497,480
1310306770,4182232973,99,409,42,445,310,403
996049337,304747853,84,415,0,499,331,499
1301541973,4150997953,41,418,116,386,377,270
1257261312,3879923150,0,499,0,499,499,499
1296370620,4130470989,0,424,0,499,424,499
977884226,278553335,62,436,0,499,374,499
1116431208,1960674953,63,450,84,430,387,346
1324015738,4235887950,28,468,80,410,440,330
1278216431,4030668612,12,485,8,491,473,483
1042168681,836166899,226,305,138,360,79,222
1102141236,1789384984,95,395,100,402,300,302
1027094181,569689573,100,399,53,446,299,393
1281779269,4050843029,0,499,0,499,499,499
1192192206,3123116468,68,432,22,488,364,466
1161765359,2742933118,5,494,87,415,489,328
1072943474,1312823551,121,381,10,468,260,458
941693588,207287176,167,352,199,311,185,112
1057437895,1077446291,25,480,120,376,455,256
1250268130,3831364110,0,499,62,436,499,374
1253439715,3856781034,120,367,124,378,247,254
1223797595,3579952247,147,352,127,371,205,244
1114970335,1937895825,138,358,13,499,220,486
1009333285,440663854,154,349,116,387,195,271
1264908122,3928057747,0,499,0,499,499,499
1301508657,4150991126,107,469,84,343,362,259
1309081430,4179422489,0,499,0,499,499,499
1124257483,2074468043,155,344,334,399,189,65
1209629968,3382230562,0,499,72,426,499,354
1193173828,3138603689,23,467,144,394,444,250
1314376872,4202301698,133,372,66,342,239,276
1008165784,436071713,161,338,125,373,177,248
1009691045,274049103,190,309,150,349,119,199
1007809648,435269204,160,339,116,382,179,266
1008144382,436067811,109,389,50,449,280,399
1294371096,4122740756,0,499,0,499,499,499
1264144507,3923188585,0,499,0,499,499,499
1102578132,1803902564,100,399,144,389,299,245
1203384420,1434660617,39,474,2,389,435,387
681647700,56744320,123,377,77,427,254,350
1280129211,4042486767,0,499,0,499,499,499
1243659320,3775275209,0,499,62,436,499,374
1266719113,3939858804,44,474,57,439,430,382
1230511846,3638622748,10,451,13,480,441,467
1087292183,1518891714,71,427,0,499,356,499
1240228664,3745010871,72,425,126,365,353,239
1190251370,2739540207,70,443,99,392,373,293
1316547370,4210155482,29,477,84,457,448,373
1266967791,3940053511,46,447,49,454,401,405
1077530480,1374056590,70,429,0,499,359,499
1096609255,1657065098,39,456,45,455,417,410
1306892817,4167095402,106,388,51,463,282,412
890380192,10748471,97,403,26,473,306,447
1235678241,3697506591,141,381,112,388,240,276
1111685767,1913696731,0,499,0,499,499,499
1027301680,570717673,61,438,0,499,377,499
1270532264,3971731987,0,499,0,499,499,499
876804008,120765616,71,427,44,438,356,394
1290610283,4092605568,62,436,0,499,374,499
617456419,53428913,190,309,158,342,119,184
864276886,105627637,193,286,44,438,93,394
1248841164,3817899631,7,491,0,499,484,499
1270615538,3971757475,65,499,0,499,434,499
1229641473,3626030632,0,499,100,399,499,299
1273353161,3992567609,39,458,55,455,419,400
1177151845,2970593937,59,439,61,445,380,384
1027288864,570692485,106,393,50,449,287,399
1066930192,1173353307,17,484,19,479,467,460
973298194,267553097,0,499,62,436,499,374
862781965,103023270,2,497,77,421,495,344
1313348127,4183090540,140,394,142,400,254,258
1294216578,4122561806,0,499,0,499,499,499
1008690568,439088267,73,425,0,499,352,499
1307457931,4168852232,50,443,78,455,393,377
1152372546,2598440038,59,440,0,499,381,499
1276306327,4012720805,0,499,117,499,499,382
1199136882,3223683166,13,492,76,424,479,348
1279046935,4037878816,3,433,33,499,430,466
1261210084,3896000172,62,436,0,499,374,499
1100069370,1711731584,110,389,52,447,279,395
1256913930,3875021589,139,498,156,442,359,286
1249590866,3820239883,159,340,164,338,181,174
1316230236,4208962801,0,499,0,499,499,499
1282777026,4058945468,0,499,0,499,499,499
980730020,283967742,0,499,62,436,499,374
1298952051,4139511395,13,489,26,473,476,447
1325271611,4240795330,23,499,13,499,476,486
1218956711,1232681428,92,469,153,425,377,272
1117936483,1976206455,78,421,0,499,343,499
1278771880,4037080098,24,479,30,467,455,437
1111630133,577997544,80,401,69,467,321,398
1179612045,2992578599,0,499,82,415,499,333
1229785234,3622988143,0,499,62,436,499,374
1211484664,3400396729,62,436,0,499,374,499
1133114063,2243370391,114,396,285,468,282,183
1234859291,933308171,87,412,15,483,325,468
917060165,158074599,0,499,62,436,499,374
1273470931,3992734329,25,469,48,458,444,410
1296267692,4130208561,179,313,43,412,134,369
1307484022,4170895061,46,457,120,391,411,271
1313200321,4197657393,25,353,46,486,328,440
981488992,284583768,193,308,179,320,115,141
1220371563,3542128373,62,436,0,499,374,499
1323877658,4231423653,0,499,0,499,499,499
725754393,1172544,62,436,0,499,374,499
1265224008,3929899721,113,455,98,391,342,293
1211099961,3391003034,182,383,192,406,201,214
1271565165,3976961015,0,499,14,499,499,485
1105748574,1856063997,0,499,47,452,499,405
1026034102,559060127,23,474,88,407,451,319
1316218183,4200878040,19,486,11,441,467,430
1204218662,3287167562,30,469,17,489,439,472
1187923191,3033849846,0,499,125,374,499,249
1219615329,3527813281,13,482,72,471,469,399
1128101461,2137440328,188,317,133,387,129,254
1316377725,4209239102,19,463,16,483,444,467
1235824352,3700330450,0,499,62,436,499,374
1002972393,388571846,174,324,125,374,150,249
1324104323,4236042181,0,499,0,499,499,499
1025182940,549611630,203,293,13,490,90,477
1233630501,3672763481,62,436,0,499,374,499
1023296205,534416289,0,499,84,415,499,331
1323225791,4231850989,54,450,63,446,396,383
1008191402,436108143,150,349,115,383,199,268
1007587835,435122929,104,395,50,449,291,399
1248859122,3817905841,30,483,105,387,453,282
1263755566,3921177890,0,487,0,492,487,492
1268780651,3953644158,89,497,35,356,408,321
1172858347,1356200525,15,481,167,334,466,167
1105993940,1859490299,67,432,0,499,365,499
1174585832,2940638554,3,491,159,353,488,194
949594246,212602002,80,427,81,418,347,337
1193055025,3136767350,0,499,82,453,499,371
1281772085,4050842312,0,499,0,499,499,499
1011019267,449729137,116,389,84,401,273,317
296966131,104756752,110,366,0,499,256,499
1306362706,3982703267,78,398,0,483,320,483
1006640727,427071958,69,442,0,379,373,379
1168639245,2862279107,29,465,109,454,436,345
1249534068,3819978137,15,476,50,455,461,405
1283564165,4061584698,0,499,0,499,499,499
1090252752,1555356278,0,499,109,389,499,280
1276341442,4012861112,0,471,29,495,471,466
1289790272,4087676996,0,470,57,499,470,442
1117761576,1474930932,160,339,100,399,179,299
1253532743,3726230078,100,399,21,477,299,456
1027039017,569677448,112,387,50,449,275,399
833209366,51932639,68,431,0,499,363,499
1113952423,551807555,137,361,100,399,224,299
966453021,199177163,68,431,0,486,363,486
1074338409,1334202052,26,472,0,499,446,499
999832391,348231336,82,415,0,499,333,499
1100317727,1718078446,13,481,111,397,468,286
1324019799,4235888271,29,409,39,479,380,440
977939589,278561296,79,420,0,499,341,499
1136962208,2336081732,65,435,68,439,370,371
1264629124,3925558511,0,499,0,493,499,493
1133945691,2248158196,54,407,106,440,353,334
1193214892,3133808641,0,499,68,430,499,362
1314017085,4201307282,14,489,58,433,475,375
1256884772,3874574152,0,499,0,499,499,499
1273210326,3992412383,66,450,55,479,384,424
455185253,18154825,150,349,107,391,199,284
1261374307,3898716504,0,499,0,499,499,499
1049152738,945584396,67,431,0,499,364,499
1249535534,3819982798,136,365,168,337,229,169
1275262474,4003951871,38,465,46,471,427,425
1007761671,435133820,100,399,50,449,299,399
1042991490,826622001,125,379,96,406,254,310
1108226900,1871019446,151,348,101,398,197,297
1302479398,4155417512,0,499,0,499,499,499
1137487336,2288648024,28,467,44,455,439,411
1078268627,1397119539,73,426,0,499,353,499
1231022498,3642403204,74,424,14,490,350,476
1267865077,3944481943,36,467,34,481,431,447
1322676217,4230268304,17,484,66,423,467,357
1233291945,2602862348,49,454,79,406,405,327
1261421970,3898726995,148,322,64,426,174,362
1246372867,3798818690,74,383,124,375,309,251
1275687022,4006530701,32,473,56,465,441,409
1105044960,1846472183,170,334,119,361,164,242
1047849710,933418660,78,421,0,499,343,499
1118057842,1978742528,25,465,102,411,440,309
1027249058,570641000,108,391,50,449,283,399
1286535710,4074816784,130,346,138,393,216,255
1155973030,2662726151,0,499,62,430,499,368
1201831469,3249405419,8,493,13,490,485,477
1257747177,3881732395,0,499,0,499,499,499
1275574989,4006497191,11,475,35,495,464,460
1027339701,570708571,63,436,0,499,373,499
1240727948,3748206752,40,455,111,414,415,303
1055813413,1068102957,62,436,0,499,374,499
1285124042,4066270571,0,499,0,499,499,499
936428144,195985421,0,499,62,436,499,374
1206009186,3317066818,79,420,0,499,341,499
1318829152,4220195357,49,471,87,415,422,328
1319430583,4214364251,58,460,85,405,402,320
1123579982,2058033703,195,326,198,296,131,98
1108316163,1874931037,110,389,51,447,279,396
1323043836,4231803368,0,499,0,499,499,499
963704851,244301502,169,387,138,361,218,223
1237199355,3716588803,0,499,0,499,499,499
1227388849,3606715883,62,436,0,499,374,499
1122394703,2047572069,156,343,100,399,187,299
1276225920,4012179290,0,499,0,449,499,449
1190815840,3096393650,185,298,186,309,113,123
1268712792,3951838340,0,420,120,499,420,379
1164348522,2780479949,62,436,0,499,374,499
995102978,303052104,103,391,131,365,288,234
1083704043,1488263611,86,400,33,466,314,433
1306491802,4168597532,66,428,252,479,362,227
1283699408,4061599104,114,388,136,418,274,282
1118395033,1983979552,100,398,173,337,298,164
1274126615,3997826105,358,361,190,316,3,126
1275669126,4006518867,47,430,229,319,383,90
1121420143,2035478924,51,437,16,471,386,455
869370391,113247346,62,436,0,499,374,499
1286863631,4074698003,23,476,25,474,453,449
1178462276,2356500634,28,485,14,489,457,475
1225663914,3063861581,200,353,144,355,153,211
1268714333,3951838393,6,498,21,491,492,470
1074735514,1338066296,62,436,0,499,374,499
1269778380,3962605833,0,499,0,499,499,499
860315459,98006090,61,438,0,499,377,499
1156248136,2667262499,96,398,20,469,302,449
1263194620,3913510309,0,499,62,437,499,375
1324285606,4235890428,0,492,0,499,492,499
878824721,124142895,87,412,8,491,325,483
999345855,341609528,73,426,0,499,353,499
1073227514,1319017381,178,320,150,349,142,199
874538017,18023196,71,427,9,484,356,475
1273362140,3992569790,40,457,64,457,417,393
1283919952,4061632056,138,378,127,424,240,297
1257254533,3879901464,0,499,0,427,499,427
1166561073,2810863908,0,499,62,436,499,374
1265203976,3929889956,227,293,3,494,66,491
1273126471,3992403811,0,499,0,499,499,499
865977162,108602870,221,278,210,289,57,79
1083216555,83888573,70,428,0,499,358,499
1209717650,3382587314,38,455,42,454,417,412
1311889684,4189054687,50,449,100,399,399,299
1302905949,4156934499,4,471,128,403,467,275
1110774012,1901256400,147,351,100,388,204,288
1283062875,4058378057,141,348,77,424,207,347
1133326007,1388234201,137,361,100,399,224,299
1257399479,3881319021,0,499,0,499,499,499
1027120403,569759284,50,449,118,380,399,262
910926152,155094109,0,499,62,436,499,374
1098395465,1685196716,48,450,0,499,402,499
1231031237,3641922011,109,389,0,499,280,499
1231092635,3644594205,138,361,100,399,223,299
1169935371,2888059476,98,400,108,391,302,283
1118137444,1432385987,47,413,72,369,366,297
1190252212,2746553086,65,446,194,351,381,157
1321906715,4223056133,24,498,35,441,474,406
1192188310,3123050116,68,432,22,488,364,466
1261305693,3898888106,10,484,79,427,474,348
892570642,139811491,62,436,0,499,374,499
983397256,287390357,115,377,39,453,262,414
1317723895,4213268866,0,499,0,499,499,499
1061771602,688661390,165,334,111,388,169,277
1018124739,508441905,70,428,0,499,358,499
1129590955,2168611783,19,482,98,402,463,304
1313039550,4197486694,0,499,0,499,499,499
1189448244,3082185802,169,331,195,306,162,111
1303122516,4157460496,47,443,140,278,396,138
987466038,294378368,83,415,0,483,332,483
833852116,65666120,0,499,62,436,499,374
1265598353,3931889067,0,499,0,499,499,499
1039427273,796052225,73,426,0,499,353,499
1152208717,2589467312,165,324,181,325,159,144
1317786566,4213762548,0,499,0,499,499,499
1314483732,4186278333,35,424,97,332,389,235
1242893441,3754830286,100,399,37,461,299,424
1230551385,3635545895,75,424,7,484,349,477
1163868422,2769127661,62,436,0,499,374,499
1304024177,4160808428,41,478,26,484,437,458
1307286080,4171190931,125,355,125,355,230,230
986936957,293306418,7,491,131,367,484,236
1021633143,527264663,15,493,55,450,478,395
1075397598,1346903012,50,453,103,404,403,301
911164249,153365272,112,388,140,436,276,296
1222015314,3568436808,18,480,77,424,462,347
1277058124,4014146548,16,485,24,473,469,449
1012072086,457192327,74,425,0,499,351,499
1171993973,2914733657,55,491,141,401,436,260
1260289293,3894930583,85,442,75,431,357,356
1257990846,3881377703,62,436,0,499,374,499
1318831628,4217898083,0,464,140,410,464,270
1105634304,1848266501,62,436,0,499,374,499
1275108257,4003847015,46,455,77,344,409,267
1034309249,674825681,158,355,173,326,197,153
1106023314,1859671885,59,440,0,499,381,499
1318480451,176551475,37,441,78,442,404,364
1256957934,2332726077,100,399,6,492,299,486
1283550776,4061584194,0,499,0,499,499,499
1153318935,1960307084,48,450,0,499,402,499
1309329353,4180375426,98,333,20,476,235,456
1126369979,2103358410,9,488,129,360,479,231
1027114903,569760262,100,399,62,436,299,374
1302223597,4153251252,19,480,157,367,461,210
1279148062,4038598792,81,391,47,498,310,451
1174950543,2944736281,44,431,50,490,387,440
1322843984,4229321286,33,471,117,370,438,253
865036186,107221526,63,436,0,499,373,499
1009289782,440640700,170,328,150,348,158,198
1311069898,4182119386,0,499,37,499,499,462
1267934412,3941025033,7,492,0,499,485,499
1267984763,3944993176,41,461,118,351,420,233
1275551312,4006494526,55,453,52,450,398,398
1204253087,3287293431,18,483,20,481,465,461
1204234958,3287270860,94,405,4,484,311,480
1308848348,4177839507,97,143,389,413,46,24
1006812832,428553113,14,493,8,490,479,482
1246302715,2192070067,0,499,109,389,499,280
1058473264,1084608330,0,499,63,435,499,372
1283472646,4061578908,0,499,0,499,499,499
1075760639,1352145675,44,479,123,371,435,248
1100074988,1711728739,110,389,53,446,279,393
1273160724,3993175119,39,461,186,356,422,170
1145367505,2494083207,0,499,0,499,499,499
1259355897,3887630834,30,448,64,464,418,400
1037420620,729934006,38,429,136,406,391,270
1237107473,416891295,79,422,208,331,343,123
1266837106,3940017463,94,407,141,470,313,329
862681370,102705352,113,426,104,407,313,303
1249536584,3819984709,14,493,152,375,479,223
1310475561,4182246150,0,499,0,499,499,499
1273683452,3992774973,31,481,31,470,450,439
995291871,303212478,72,426,0,499,354,499
1296395056,4130472588,22,25,147,358,3,211
1233868123,3682529012,0,499,0,499,499,499
1305035976,4164657858,106,388,51,463,282,412
1251025455,3837275191,68,404,5,494,336,489
1274426689,68403582,77,421,0,499,344,499
1265581901,3931856014,237,260,68,80,23,12
1096609727,1657064031,46,452,45,447,406,402
1056113935,1070184193,162,343,124,387,181,263
1176505110,2958501429,157,343,156,342,186,186
1240715006,3748199013,0,499,0,499,499,499
1105412045,1848933658,160,342,17,477,182,460
1273376459,3992572378,21,472,63,468,451,405
1215356932,3470027817,40,444,100,399,404,299
1248866004,3817907549,71,234,232,362,163,130
1188462953,3065096175,0,499,62,436,499,374
1255984757,3872876055,12,443,46,457,431,411
1248490379,3815158111,98,435,88,424,337,336
1082679282,1469664998,49,453,78,425,404,347
1271565451,3976961150,58,444,169,298,386,129
1036598120,711818803,15,463,176,332,448,156
1256932026,3875026441,82,447,8,473,365,465
293522955,16530482,68,431,0,499,363,499
958107799,226639148,73,426,0,499,353,499
986704449,292680245,72,427,12,486,355,474
1098047631,1662138136,0,499,83,415,499,332
1261409190,3898721927,0,499,0,499,499,499
9118030,1372815,200,299,176,322,99,146
846475182,75808007,131,381,129,371,250,242
1092068863,1573446056,178,322,0,495,144,495
1244816186,3782418024,111,387,0,499,276,499
1318170067,1458788850,20,475,116,375,455,259
934913686,193523995,0,499,83,415,499,332
1243241549,3771923189,62,436,0,499,374,499
1244540915,3785187785,0,499,62,436,499,374
1116798202,1965442462,136,363,100,399,227,299
457219330,50437724,135,364,100,398,229,298
1276762491,4016533878,128,438,154,359,310,205
1317765022,4213443477,6,495,6,495,489,489
1019708586,517861990,10,488,96,419,478,323
885990380,131729908,90,409,0,499,319,499
1041187800,824466561,70,406,233,267,336,34
1252627928,3850328768,0,499,62,436,499,374
1084023145,1491372541,46,453,22,479,407,457
1248093176,3813797211,0,499,0,493,499,493
1307347398,4171370647,104,395,152,347,291,195
1267158751,3941810319,101,429,48,475,328,427
1249536633,3819984729,220,277,168,340,57,172
1028950330,589969867,152,365,8,456,213,448
1125386920,2091259845,83,415,0,499,332,499
1172325282,2917637357,0,499,164,313,499,149
1252819443,3852099950,135,363,0,498,228,498
1019344030,516407692,7,360,192,308,353,116
1278354903,4033131204,94,405,0,499,311,499
1136951920,2336070495,45,469,54,450,424,396
248087293,7143433,66,433,0,499,367,499
940888938,205313806,36,442,32,444,406,412
938764690,201135426,38,454,130,349,416,219
1313728769,4183999802,27,487,139,371,460,232
713073568,59080444,73,425,5,499,352,494
1137531607,2344682666,137,361,100,399,224,299
893311635,141191244,185,316,192,303,131,111
833260134,2851114,61,438,0,499,377,499
927605802,180670882,28,483,163,322,455,159
1026902903,569624723,106,393,50,449,287,399
1027352954,570725629,113,386,50,449,273,399
1328263399,4250627515,0,422,0,395,422,395
1053732989,567641999,12,484,118,391,472,273
1323298185,4231695801,0,499,0,499,499,499
1287687744,4078708801,64,435,0,499,371,499
908748477,153361404,198,317,174,311,119,137
1072881773,558757857,0,499,100,499,499,399
1283797746,4061614646,51,463,57,397,412,340
1280850377,4046374148,73,426,0,499,353,499
1265205929,3929890024,0,499,0,499,499,499
1247395082,3809098111,0,499,62,436,499,374
1306182252,4167139775,0,499,0,499,499,499
1249535065,3819980440,177,324,205,308,147,103
1324144785,4236042767,53,417,43,482,364,439
1306897782,4169838467,105,390,33,482,285,449
938257742,199923800,117,391,87,433,274,346
1168406339,2859412662,0,499,109,389,499,280
1188953614,3075343321,129,372,116,378,243,262
1244326375,3782771621,0,499,126,436,499,310
1026827655,569574384,105,394,50,449,289,399
992917438,300660506,94,404,0,499,310,499
1257745659,3881732234,92,414,97,385,322,288
1105241046,1847785230,10,476,125,382,466,257
1005004950,274784048,0,499,62,436,499,374
1256565863,3874329413,0,498,2,499,498,497
1094847282,1629867717,92,413,13,477,321,464
467674330,50555111,150,349,109,390,199,281
1260375892,3893204644,79,380,180,293,301,113
1311954182,4188997105,1,498,0,499,497,499
878270201,86041930,192,313,155,343,121,188
891732364,138459504,163,336,100,399,173,299
1125672070,2093825479,2,495,84,417,493,333
1270098765,298031778,100,399,47,452,299,405
1172198522,47006308,69,429,0,499,360,499
1316270152,4200881564,1,497,26,499,496,473
1254426789,3859878100,0,427,0,499,427,499
1251181883,3837926722,37,446,85,414,409,329
1287929368,4079553299,0,499,0,499,499,499
1323284537,4232535372,0,499,357,417,499,60
1306076830,4150348543,89,381,48,458,292,410
1164498628,2786150087,93,438,121,357,345,236
1276576710,4014157696,3,499,3,469,496,466
933258353,190109959,85,414,5,495,329,490
1115144784,1940204510,19,479,31,472,460,441
1209717483,3382587274,76,385,61,444,309,383
1292418229,4108910888,90,397,150,362,307,212
854999102,87863070,187,311,125,374,124,249
1306570304,982443464,91,421,4,489,330,485
1007591219,435064709,100,399,30,469,299,439
1233904202,3682790552,31,469,87,426,438,339
1094243030,1616410881,0,499,142,357,499,215
1016576791,500104859,0,499,82,416,499,334
987340770,294177685,96,403,0,499,307,499
1146990209,2520826702,0,499,83,416,499,333
1158343526,2691957637,0,499,0,499,499,499
1158311650,2698071325,156,343,134,372,187,238
1303908203,4160155149,101,354,63,435,253,372
1310126104,4182219889,0,499,0,499,499,499
1284636448,4065769009,0,499,0,499,499,499
1306875089,4168958320,116,383,65,438,267,373
1114697632,1936203250,113,383,78,405,270,327
1203644850,2034468031,179,319,150,349,140,199
1295790507,4126966234,54,432,34,426,378,392
1289800178,4089926024,36,474,46,414,438,368
1124177960,2065620494,0,499,17,482,499,465
1064390839,1136289555,0,499,16,482,499,466
1308820839,861189642,100,399,15,484,299,469
1257197580,3879571695,0,499,62,436,499,374
1016549402,494589442,0,499,62,436,499,374
1260365194,3893244606,0,499,0,499,499,499
1323506042,4231855402,32,472,20,468,440,448
1249534238,3819978890,178,271,206,300,93,94
1135898639,2314970178,0,499,35,468,499,433
1306586142,4168873864,135,392,99,444,257,345
1316153086,4200874687,19,488,75,379,469,304
1253331508,3856412910,89,404,291,345,315,54
1313566884,4197532135,49,428,128,364,379,236
1278118393,4029703721,21,464,109,398,443,289
1205058418,1115130431,200,299,178,320,99,142
1075758253,1352145697,4,495,135,373,491,238
1100849070,1737402482,137,361,100,399,224,299
1087234721,1520467964,0,499,109,389,499,280
1026846188,569666018,104,394,50,449,290,399
1233058751,3673187914,21,475,157,337,454,180
1008109331,435919306,104,394,50,449,290,399
1265215198,3929900546,12,484,132,401,472,269
882615521,127213988,0,499,62,436,499,374
1260389017,3893245863,41,459,170,331,418,161
1161170182,2733627769,162,334,165,357,172,192
1140946347,2370336719,158,341,21,465,183,444
1155223402,2638864003,137,350,165,333,213,168
1146981597,2527236766,110,389,70,446,279,376
1090723111,1561917765,123,374,63,440,251,377
1304936876,4164236139,125,374,125,374,249,249
1047776449,931754142,0,499,24,475,499,451
1258614312,3885527734,100,426,87,412,326,325
1278241887,4031030645,0,499,0,499,499,499
1143853441,2462631770,2,497,73,426,495,353
1321146507,4221747598,32,454,73,412,422,339
1238298190,3727587711,0,499,0,499,499,499
1281988569,4050747714,36,464,58,428,428,370
1204229016,3287246782,9,489,65,427,480,362
1237428994,3719758087,63,436,0,499,373,499
1223583768,3582304491,2,496,150,381,494,231
1260718069,3893272312,0,499,62,436,499,374
1099702742,1706102314,183,329,117,432,146,315
1302468695,4155416847,33,467,146,499,434,353
1156623937,2675025371,0,499,69,499,499,430
1305069663,4164661140,106,388,51,463,282,412
1000969537,361738846,106,393,40,456,287,416
998409078,334566565,54,451,222,499,397,277
1207906298,3338701759,49,450,0,499,401,499
1015680878,487542595,0,499,83,415,499,332
926662556,178911897,62,436,0,499,374,499
977097725,276287438,0,499,0,499,499,499
1241203054,3753789451,148,355,146,361,207,215
977598128,278510226,107,393,0,487,286,487
1283821339,4061617068,189,304,355,471,115,116
985813482,291360220,9,497,60,444,488,384
1177590298,2976874442,0,499,0,499,499,499
1205825857,3312189773,241,275,7,487,34,480
1008608955,439002832,73,425,0,499,352,499
1015508941,484267818,0,499,6,493,499,487
1241397770,3756587544,185,314,167,332,129,165
941621943,207151452,153,352,175,327,199,152
1026904563,569717055,100,399,51,447,299,396
1239147578,3726589041,101,397,109,480,296,371
1142187616,2447822727,41,467,22,290,426,268
1250964615,3836820068,33,394,56,474,361,418
981810502,284881893,56,442,0,499,386,499
1258858166,3887562524,23,481,48,466,458,418
1253963293,3859485121,20,477,86,411,457,325
1263886677,3921317725,125,378,10,499,253,489
1301850829,4151009786,76,415,12,437,339,425
1066426488,1166086492,56,442,0,499,386,499
1259078754,3887603253,0,499,0,499,499,499
1095277158,1633891637,64,435,14,491,371,477
1083221499,1475380201,0,499,220,267,499,47
1219794755,3530618721,155,343,100,399,188,299
116896830,3650478,157,341,124,375,184,251
1068105065,1189131037,62,436,0,499,374,499
986925300,293305918,92,410,18,483,318,465
1273634386,3992770605,25,466,47,457,441,410
1294109243,4122228326,73,398,79,358,325,279
1271685683,937052,12,486,13,486,474,473
933255053,190108376,73,424,0,498,351,498
1162208427,2749509871,0,499,62,436,499,374
1281720967,4052947508,28,393,37,474,365,437
1316103226,4200869224,29,449,36,499,420,463
1004469309,299520597,71,427,0,499,356,499
1089458901,1553194719,55,422,211,300,367,89
1283467464,4061578791,33,499,31,451,466,420
1314236979,4186218039,50,406,68,416,356,348
1265189557,3928016375,291,467,142,311,176,169
1196212584,3182722335,43,450,135,414,407,279
894242987,47997967,86,412,0,499,326,499
1211643050,3406804578,70,429,145,354,359,209
1094979203,1631062519,140,358,100,399,218,299
1192013445,3120284936,170,329,0,454,159,454
1275687998,4006530749,37,499,8,499,462,491
1159337276,2712975847,166,331,117,492,165,375
1261173689,3898707843,77,423,174,314,346,140
1008020597,435874543,144,355,100,399,211,299
1033780785,76533987,62,436,0,499,374,499
446135530,50248542,131,368,85,414,237,329
1129954383,3707217752,0,499,54,445,499,391
886175982,131955565,146,353,37,462,207,425
1015657291,486520368,185,312,208,386,127,178
981947943,284904443,50,449,50,449,399,399
1249758731,3821565931,0,499,62,436,499,374
904179338,149780626,89,406,8,452,317,444
1168291364,2855968132,72,427,0,499,355,499
1026010642,558487386,0,499,58,442,499,384
957614494,224793880,0,499,57,441,499,384
1313253476,4197660905,0,499,0,499,499,499
1225425168,3589990056,0,499,27,471,499,444
1283697191,4061598998,26,494,117,427,468,310
940532638,204384492,92,404,137,359,312,222
1007395493,416654823,100,398,24,475,298,451
1156073709,2664721277,242,257,0,499,15,499
1109427130,1888231485,0,499,0,499,499,499
883377320,59071626,103,395,0,499,292,499
1316287840,4200882484,0,499,0,499,499,499
152993530,4604567,106,392,31,467,286,436
171858030,5452410,83,420,12,496,337,484
1267315538,3942396808,0,499,0,499,499,499
921948381,170165277,12,474,38,413,462,375
1027010314,569726254,108,391,50,449,283,399
1306607085,4168963042,0,499,0,454,499,454
1319965734,4215293006,54,451,142,384,397,242
1276747163,4015997848,0,499,0,499,499,499
1174585668,2940638520,174,331,178,336,157,158
1244978493,3788195556,62,436,0,499,374,499
1089483801,1553200166,167,427,195,317,260,122
1282023516,4053880392,121,402,29,495,281,466
1008912152,439623283,73,425,0,499,352,499
1009397773,440914800,35,462,164,335,427,171
1192043823,3120575924,68,432,22,488,364,466
1189216550,3079976659,34,474,35,482,440,447
1192405703,3125723761,62,436,0,499,374,499
1262353890,3906639697,0,499,183,309,499,126
1221335700,3561519156,0,499,62,436,499,374
1188538860,3067204203,130,369,130,369,239,239
1134662073,1046460647,146,334,119,399,188,280
1013827867,470567092,105,449,178,410,344,232
996105583,304831555,0,499,62,436,499,374
835795946,58674386,201,299,178,318,98,140
1121682313,2041200151,62,436,0,499,374,499
1276442564,4013275603,55,404,120,387,349,267
1005835627,418193706,292,495,183,318,203,135
1190258890,1876687621,139,370,98,409,231,311
1257560493,3876715531,0,499,62,436,499,374
966038284,250504623,69,430,0,499,361,499
894630236,46573039,116,383,12,486,267,474
887336262,133464952,82,421,52,435,339,383
1306791730,4168955486,26,462,85,404,436,319
893454078,135945002,71,427,0,499,356,499
1190246952,2562241234,46,464,71,377,418,306
931974378,187230953,142,357,100,399,215,299
1245644428,3793572721,28,474,86,393,446,307
1002251619,376164568,87,412,42,491,325,449
1256703659,3874332813,0,499,13,499,499,486
1105385321,1848487309,106,363,91,484,257,393
1097279383,1665067572,0,499,62,436,499,374
1250268200,3831364145,0,499,167,436,499,269
951528776,214721665,115,383,0,499,268,499
1305942074,4159330436,68,431,0,499,363,499
1219720551,2361164013,14,488,33,453,474,420
1213885731,3455166187,35,457,29,483,422,454
1268253771,2014805058,81,416,0,496,335,496
1277918228,4027522812,0,499,0,499,499,499
1290011604,4090632005,0,499,0,499,499,499
934614580,192924529,0,499,62,436,499,374
1265215867,3929900582,9,488,82,459,479,377
1276588104,4014159209,80,432,42,454,352,412
1299110089,4141719405,156,279,173,311,123,138
1027318740,570706437,105,393,50,449,288,399
1198694641,3211386256,88,410,0,499,322,499
872116053,111089832,71,427,0,499,356,499
869696860,113657867,78,421,0,499,343,499
1268740865,3936362775,19,478,67,413,459,346
1007676209,435075700,100,399,57,442,299,385
1230551412,3635159214,65,434,0,499,369,499
1098130105,1680334065,99,397,5,488,298,483
1282731873,4058568817,11,425,56,480,414,424
1313771918,4184056585,197,467,91,279,270,188
1249535639,3819982841,155,342,162,346,187,184
998482821,334574999,32,469,102,359,437,257
1282285869,4055997544,21,478,22,479,457,457
1029511430,591830032,22,474,118,370,452,252
1111443567,1911347127,0,499,0,499,499,499
1262429681,3908156345,0,499,0,499,499,499
1008137275,436068207,150,349,123,376,199,253
1074172874,1328592664,194,350,219,317,156,98
1159294199,2705668316,66,432,0,499,366,499
1304108464,4160949045,106,388,51,463,282,412
1246136680,3797110718,84,414,0,499,330,499
1312105192,4193506525,14,485,38,446,471,408
1244541307,3785188004,0,499,62,436,499,374
1314199266,4186184483,43,462,23,475,419,452
1072827054,1160493646,109,389,0,499,280,499
1249523656,3819786652,0,499,0,499,499,499
1027380501,570737081,61,438,0,499,377,499
893674647,141605913,0,499,62,436,499,374
835845172,70042886,150,349,101,397,199,296
1260396083,3893246034,77,465,38,474,388,436
1063146899,1117894721,0,499,62,436,499,374
1029511557,591830010,53,402,2,493,349,491
1301153897,4157739162,40,466,117,359,426,242
1295385612,4126279739,72,426,0,499,354,499
555006109,53563725,84,427,147,368,343,221
1262296057,3906636419,27,481,69,467,454,398
1090754479,1562597797,7,358,42,341,351,299
1215380189,3287132505,10,487,126,377,477,251
1323278524,4233426421,158,362,153,364,204,211
1074303779,1333759668,179,319,150,349,140,199
1257848144,3883192720,46,452,147,401,406,254
1036033132,694599823,0,499,0,499,499,499
1311695087,4188907994,0,499,24,499,499,475
1279699508,4041071346,0,499,73,426,499,353
1062840654,1114951082,0,499,62,436,499,374
1323779840,4234275210,132,407,103,450,275,347
1313175570,4197493020,0,499,0,499,499,499
1317262037,4210987742,107,383,126,461,276,335
1283922424,4063613279,0,499,0,499,499,499
1249890930,3826065537,74,425,0,499,351,499
1265215849,3929900581,68,332,72,402,264,330
1233289559,2970978769,146,383,62,449,237,387
1312663111,4195684367,238,315,84,303,77,219
1300600741,4146872513,0,499,62,436,499,374
1248635598,3816939763,0,499,0,499,499,499
1058081866,1083360398,0,499,0,499,499,499
1158664509,2702363251,0,499,57,499,499,442
1085652621,1502878074,62,436,0,499,374,499
971595338,262087817,57,441,0,499,384,499
867945137,111184484,82,407,0,496,325,496
1108918920,260978566,0,499,62,436,499,374
1040623164,815208565,173,327,137,361,154,224
1066088341,1160995182,188,292,186,302,104,116
1212567686,3422546646,62,436,0,499,374,499
1256009826,3872874308,35,463,183,271,428,88
1304152079,4160953743,106,388,51,463,282,412
1309554001,4180148209,32,467,30,479,435,449
971045975,261224106,123,373,161,336,250,175
1190254263,2832752565,73,425,96,406,352,310
1082587956,1470132741,0,499,62,436,499,374
1213761963,3453165580,8,477,218,372,469,154
1177948762,2977819343,0,499,0,499,499,499
933242447,190097942,7,490,55,445,483,390
1161989669,2743364460,0,499,62,436,499,374
1240727822,3748206625,171,305,145,383,134,238
1296913170,4129531138,10,488,0,499,478,499
1107480678,1864887788,62,436,0,499,374,499
1269120749,3953978279,0,499,0,499,499,499
1068212984,1190507117,12,489,115,285,477,170
862588975,102894446,106,376,90,371,270,281
1167601936,2841189011,122,493,234,267,371,33
1265223201,3929899420,113,182,114,299,69,185
1317991441,4215704509,10,490,9,490,480,481
1139531140,1892600436,182,264,147,351,82,204
1266941602,3940726356,133,360,4,487,227,483
1301152851,4157738458,50,451,103,336,401,233
1015432819,304620580,62,436,0,499,374,499
1309076863,4179416217,0,472,0,479,472,479
1069721605,1218891476,0,499,62,436,499,374
1304048450,4160812876,0,440,100,399,440,299
1129591073,2168611926,226,298,29,443,72,414
1258683011,3883457318,0,499,46,499,499,453
1051770064,976547537,62,436,0,499,374,499
1310802460,4184546005,29,499,0,499,470,499
1250268142,3831364116,0,499,62,436,499,374
1024093506,541872857,129,366,180,351,237,171
1007819521,435297607,124,374,50,449,250,399
1041180141,824469012,11,491,74,426,480,352
1244806583,3780646548,0,499,62,436,499,374
1233203384,3675388087,99,399,0,499,300,499
1306367260,511027095,93,405,13,486,312,473
927091765,179697268,185,321,191,310,136,119
1026925778,569841198,112,386,50,449,274,399
1310045255,4182215129,163,423,103,421,260,318
1115581518,1947497172,73,426,0,499,353,499
1313594341,4197533822,0,499,0,499,499,499
587640234,54362851,72,426,0,499,354,499
919228839,164782255,62,436,0,499,374,499
974106228,270851527,0,499,62,436,499,374
1225886510,1164245747,134,364,186,318,230,132
1316130647,4200872443,102,405,73,446,303,373
1198985969,2141994858,137,361,100,399,224,299
1108336568,1875338325,72,420,16,480,348,464
1236568923,3709569650,220,271,142,358,51,216
1282833997,4057765637,0,499,19,499,499,480
1218905927,2037311297,134,364,0,499,230,499
941622136,207151475,98,403,149,354,305,205
1190252809,2887023745,34,457,137,381,423,244
1317901036,4215692633,74,425,11,429,351,418
922091644,99285893,83,415,0,499,332,499
1131318354,2199433512,137,371,161,344,234,183
1225195971,3588117298,0,499,0,499,499,499
1245925262,3795466568,58,439,134,353,381,219
1104322179,1830613900,136,392,30,437,256,407
1121672223,231449986,0,499,109,389,499,280
1166978678,2827954609,33,461,128,395,428,267
1267924678,3944535637,0,499,0,499,499,499
1053590784,1035131348,79,420,0,499,341,499
947613309,209689239,72,428,2,495,356,493
869344317,113245062,0,499,62,436,499,374
1228419184,3616936104,62,436,0,499,374,499
1252627235,3850328347,0,499,154,436,499,282
1297966418,4137777134,142,371,20,466,229,446
1264898047,3928053822,83,449,142,301,366,159
1068940027,1210296964,186,313,161,338,127,177
1090754430,1562597785,134,322,138,330,188,192
1233583828,3680917040,73,425,0,499,352,499
1227163885,3607250948,0,499,60,499,499,439
1235589164,1701260625,100,399,7,491,299,484
1102242171,1792750447,126,381,166,330,255,164
879090700,124527754,74,425,0,499,351,499
984515408,289135335,1,475,211,286,474,75
1272575623,3990313604,106,388,147,367,282,220
937722509,198891373,64,435,0,499,371,499
1292553543,4108950202,49,474,105,405,425,300
1295960164,4128274529,221,283,175,324,62,149
1295960153,4128274527,46,453,84,414,407,330
899883727,145589778,0,499,62,436,499,374
1100059413,1711735619,110,389,106,427,279,321
1185041121,3018197353,8,490,10,488,482,478
1078205010,1396229912,1,499,102,391,498,289
860347177,98102166,82,417,26,473,335,447
1186384529,3028258262,106,393,110,392,287,282
1097670776,1674580686,100,399,0,499,299,499
1215253388,3467565764,72,426,5,495,354,490
1052671620,878566276,0,499,62,436,499,374
1253162121,3855209215,58,449,51,428,391,377
1177151815,2970593794,83,415,0,499,332,499
1219681652,3526798275,62,436,0,499,374,499
1323468482,4231420286,36,489,40,465,453,425
1002985017,388576250,300,305,187,290,5,103
1273834629,3991642054,160,359,203,307,199,104
1254971104,3867141313,72,422,129,364,350,235
1108320259,1870241755,0,499,0,499,499,499
1191068703,3101192521,83,419,82,417,336,335
1081723173,1461081292,0,499,62,436,499,374
996469498,310476790,62,436,0,499,374,499
923236316,173527773,207,295,200,299,88,99
1316313043,4209029936,0,499,0,499,499,499
987649957,294482178,67,430,0,499,363,499
1258653801,3885522112,62,439,68,441,377,373
1307647962,4170564220,0,499,62,436,499,374
1244794745,2035478975,36,467,34,481,431,447
940889738,205320850,152,357,153,334,205,181
1279216691,4037105116,20,459,60,465,439,405
1324046681,4235890291,122,411,32,499,289,467
1017539419,506490842,185,342,186,338,157,152
890874611,116346677,108,390,50,449,282,399
1311435205,4187123752,54,448,32,433,394,401
1312587136,4195553102,0,499,34,464,499,430
926272102,178240329,143,358,100,397,215,297
1269105485,3953976301,0,499,0,499,499,499
1041763228,832974610,121,378,174,325,257,151
1254489655,3861826989,98,396,151,395,298,244
1283589654,4061586467,0,499,0,499,499,499
1213728592,3452571481,100,399,42,457,299,415
1316183125,4200876420,28,474,153,347,446,194
1305273479,4165106304,12,486,0,499,474,499
1285078929,4063759080,64,454,65,431,390,366
1058228429,1087674600,164,335,175,334,171,159
1317789115,4215058574,141,359,256,480,218,224
1264851102,3927825269,138,364,152,350,226,198
1100163118,976467435,137,361,100,399,224,299
1252179325,3847767834,18,476,23,476,458,453
1274228700,3994827979,62,436,0,499,374,499
1303699390,4159373880,106,389,51,463,283,412
1255209165,3868405893,57,446,75,407,389,332
1266489265,3938615792,18,481,169,335,463,166
1304122680,4160951232,106,388,51,463,282,412
1275385611,4003967038,21,458,61,467,437,406
1122393453,568776129,164,335,100,399,171,299
1109510767,340015306,150,349,100,399,199,299
1126571401,278578715,155,344,100,399,189,299
1269197409,3957119147,13,485,38,444,472,406
1229207321,3623592362,166,317,21,497,151,476
1235873983,3701240336,31,474,57,460,443,403
1046392128,63509673,75,426,2,499,351,497
1324049175,4236041306,11,486,56,491,475,435
1192046324,3120577946,68,432,22,488,364,466
1280097909,4042480133,14,466,12,490,452,478
1260611225,3894559333,69,433,165,336,364,171
1253146983,3855159606,30,482,36,394,452,358
1259898592,3889202899,127,477,36,386,350,350
941678309,207196248,164,341,155,344,177,189
1202912287,3266036721,12,437,131,373,425,242
1196792618,3198349863,0,499,57,442,499,385
1153306771,2624649746,0,499,62,436,499,374
1006411857,90455269,0,499,62,436,499,374
1278038238,4029149362,37,452,3,494,415,491
1275156085,4004089550,0,499,3,499,499,496
1192461138,3128636944,154,347,29,470,193,441
1317741626,4213436752,34,447,40,453,413,413
1123323863,2051507501,156,343,100,399,187,299
1118259714,1981070254,20,474,78,418,454,340
976326460,275677294,118,368,152,466,250,314
980090210,282857061,70,425,3,499,355,496
1263065810,3913803631,57,423,131,399,366,268
920557986,166590189,66,433,0,499,367,499
1309657660,4179728283,1,499,0,497,498,497
844430440,72523909,168,330,30,468,162,438
1211986298,3414454278,180,317,104,411,137,307
1273744617,3992783635,30,449,64,464,419,400
1189930334,3081970613,83,415,0,499,332,499
1257852857,3883188959,82,417,0,499,335,499
143428830,2494252,79,419,0,499,340,499
1149807939,2565062315,63,438,158,382,375,224
933570961,190855124,121,376,67,431,255,364
1248836178,3817895551,7,491,0,499,484,499
1258596349,3885968072,141,494,67,494,353,427
1248856778,3817905215,52,484,105,385,432,280
1135426244,2306080219,0,499,24,475,499,451
886431773,132132897,185,314,217,284,129,67
1251529765,3843223312,0,499,62,436,499,374
1297619060,4110919556,35,471,107,355,436,248
1213636164,3441365050,58,468,48,471,410,423
1246588488,3800930329,102,400,34,407,298,373
1042990759,846366966,4,495,72,419,491,347
1007366237,416627394,67,432,0,499,365,499
881488253,126111655,193,305,181,329,112,148
882094487,126529927,76,423,0,486,347,486
1178310117,2984373211,13,477,53,450,464,397
1192148804,3122641040,71,431,239,486,360,247
1239934316,3742344534,0,499,62,436,499,374
1282006148,4050753188,0,499,27,499,499,472
1153239271,2622635006,156,367,84,415,211,331
874499813,71126792,77,422,0,499,345,499
874729186,82542176,71,427,0,499,356,499
1313555986,4197530786,32,467,94,405,435,311
1213100150,3440623075,83,415,0,499,332,499
1266671868,3939550803,161,360,95,365,199,270
937951132,192982691,78,421,0,499,343,499
1163710256,2767657912,6,453,77,425,447,348
1314508714,4202303849,0,370,0,499,370,499
1280433048,4044748188,0,499,0,499,499,499
1231483533,3650542679,0,499,0,499,499,499
1325151140,4240471684,123,366,28,483,243,455
853186498,83944717,73,425,0,499,352,499
968925865,255619399,62,436,0,499,374,499
987651920,294483377,198,299,100,399,101,299
894019601,141856356,202,297,210,288,95,78
1157297784,2682890003,0,499,62,436,499,374
1307748005,4172813044,107,392,124,397,285,273
1046049919,873791772,137,361,101,399,224,298
1007696425,435252540,140,359,86,413,219,327
933252825,190106941,104,394,0,499,290,499
1216081030,3477292915,4,495,4,495,491,491
1261421267,3898726331,0,499,0,499,499,499
1128535692,278582354,142,357,100,399,215,299
1193102630,3081167000,113,386,140,470,273,330
1229567119,3625780761,43,449,7,492,406,485
979403334,281791701,170,329,118,396,159,278
1310056035,4181955167,0,499,0,499,499,499
1225410239,3589914257,193,306,170,341,113,171
1020010711,47010001,137,361,100,399,224,299
1109107854,1882352783,88,391,142,363,303,221
1316265082,4200881387,38,470,17,485,432,468
871444862,115971182,75,423,0,499,348,499
1260286956,3893196286,0,499,0,499,499,499
1320787236,4221600100,125,383,87,465,258,378
1309673169,4179728720,47,454,18,471,407,453
1292291092,4108382607,244,309,265,450,65,185
1109953448,1887651497,62,491,115,386,429,271
1123730368,2061927992,150,349,100,399,199,299
1282287782,4055998773,104,392,88,415,288,327
1223712107,3583598167,0,474,96,499,474,403
1243785495,3775998180,101,402,74,427,301,353
1071869173,844877763,239,318,149,225,79,76
1105825351,1857055002,152,346,100,399,194,299
1073170180,1317499261,0,499,62,436,499,374
937454837,197861278,184,358,190,355,174,165
1292519512,4108940261,99,413,48,430,314,382
1181427695,3002340924,87,411,0,499,324,499
1284886246,4066224086,106,416,147,405,310,258
1317994681,4216317566,73,405,6,455,332,449
1123821494,2062706531,152,346,100,399,194,299
1270552453,3971734145,0,499,0,499,499,499
1030285946,533886688,93,399,93,405,306,312
1027057317,569751307,102,396,50,449,294,399
1261394566,3898719780,0,499,241,259,499,18
1268532854,2579983553,100,399,1,498,299,497
1138651822,2372926414,6,490,47,482,484,435
1178557476,2023728949,85,414,0,499,329,499
1243393545,3773730519,19,480,34,465,461,431
1310571600,4182255749,92,397,47,415,305,368
1024976895,548762911,137,364,91,404,227,313
1264333322,3925301162,94,397,22,485,303,463
1061586846,511836786,66,443,3,496,377,493
1187158355,2882375548,22,477,121,342,455,221
1316987391,4211477257,50,449,50,449,399,399
1057263108,1077139829,109,389,0,499,280,499
1026616002,567673983,8,492,98,408,484,310
1324206837,4236298103,56,427,72,427,371,355
1323332308,4231757599,0,499,0,499,499,499
1313097463,4197489579,79,436,78,427,357,349
1303704410,4159374254,106,388,51,463,282,412
1243390692,3773729431,19,480,20,479,461,459
495106433,13470532,58,441,0,499,383,499
1174586218,2940638648,2,495,15,406,493,391
1244995079,3787995019,144,375,94,462,231,368
1209172049,3369755829,69,429,0,499,360,499
1013427186,466432094,64,435,0,499,371,499
1192460093,3128633611,57,438,68,447,381,379
1299295339,4141676126,115,376,57,440,261,383
1053589676,1035131076,79,420,0,499,341,499
1324206056,4236298078,65,444,10,481,379,471
920503767,166682021,32,441,36,458,409,422
1248702766,2531615339,72,426,15,473,354,458
1264994045,3928882327,0,499,93,405,499,312
1275223399,4004110376,75,456,72,421,381,349
1240227615,3745009338,31,453,168,361,422,193
1265223707,3929899637,152,377,73,436,225,363
1256501594,3874327533,14,482,85,417,468,332
1316118100,4200871297,22,486,31,409,464,378
1114385208,1433619394,157,342,100,399,185,299
1101099883,1750478257,101,397,0,499,296,499
1072151550,1300416078,56,443,0,499,387,499
1206166965,3320653250,103,435,143,457,332,314
1010791942,447616039,64,435,0,499,371,499
1323050050,4231410273,64,434,27,452,370,425
1158120688,2695197228,33,499,58,499,466,441
1304137055,4160952603,106,388,51,463,282,412
1018389880,510404412,0,499,62,436,499,374
1201847175,3249434989,64,433,12,498,369,486
1190258381,1876687572,0,499,62,436,499,374
1189450215,3082185818,204,270,232,312,66,80
1295847803,4126967225,0,499,0,499,499,499
1220063172,3519471954,187,311,150,349,124,199
1176888039,2963724808,17,491,51,431,474,380
1259544775,3889142606,35,468,116,380,433,264
1258150357,3883965112,7,480,9,499,473,490
1108721456,1873106054,50,449,100,399,399,299
739138012,17604521,0,499,0,499,499,499
1221760659,3566348530,39,462,159,377,423,218
1324027958,4235889312,0,499,0,485,499,485
1263879824,3921316910,125,378,10,499,253,489
1260391792,3893245958,28,390,71,433,362,362
1310877976,4182109977,0,498,0,499,498,499
1130347925,2183069619,10,489,98,399,479,301
1032420448,494842301,133,366,0,499,233,499
1301860723,4153653495,2,497,0,499,495,499
1310430527,4182243443,0,499,0,499,499,499
1282565004,4057547930,14,490,49,453,476,404
941621963,207151458,90,409,142,356,319,214
1275057454,4004071345,40,444,73,461,404,388
1097279350,1665070269,107,449,41,410,342,369
1071308396,1286826963,183,325,138,366,142,228
891732489,138459777,144,354,100,399,210,299
1271101949,3974957971,159,345,185,278,186,93
1314448196,4186280680,64,478,119,345,414,226
1262726184,3910821058,105,387,26,413,282,387
1196212719,3182722366,37,452,112,425,415,313
1192175608,3120179897,52,484,149,435,432,286
1008809217,439178570,73,425,0,499,352,499
1257233352,3879890848,16,473,8,490,457,482
1092761806,1505855727,208,292,176,326,84,150
1173385583,2927729266,0,499,86,499,499,413
970531359,258892639,62,436,0,499,374,499
441310709,50213837,152,247,213,286,95,73
1198890736,300537648,158,341,100,399,183,299
955659156,220264231,72,417,8,499,345,491
1270238331,3970213452,41,457,115,384,416,269
947022949,209182723,125,374,125,436,249,311
1194423355,3158223206,62,436,0,499,374,499
1249536686,3819985150,182,322,199,307,140,108
1027500384,572066225,100,398,34,465,298,431
1277061263,4018373408,0,499,64,434,499,370
1058915949,1082341365,95,403,0,499,308,499
1163944176,2741492852,112,386,116,385,274,269
1011371833,194100254,160,338,109,390,178,281
1288995052,4085933445,1,486,18,497,485,479
1314790461,4186698015,225,274,0,499,49,499
1096996807,1659342741,48,499,109,389,451,280
1261376573,3898716869,105,403,16,478,298,462
1292410199,4108910433,90,397,150,362,307,212
76659730,359835,101,397,0,499,296,499
1087766883,1529234330,155,343,100,399,188,299
1295588145,4126962242,33,456,164,298,423,134
1275176759,4003930905,29,466,62,472,437,410
1144417306,602170546,50,455,39,466,405,427
987350770,294182740,58,441,89,414,383,325
1257242503,3879893832,23,499,9,499,476,490
1261174259,3898707900,103,391,95,415,288,320
940501473,173531438,186,316,73,433,130,360
1117496796,1974797416,77,422,0,499,345,499
1251088509,3067636344,8,490,98,349,482,251
1325650132,3845688577,197,340,90,366,143,276
1029287320,590801103,62,436,0,499,374,499
1323009569,4231409877,46,482,48,483,436,435
1237519561,3707685863,100,399,43,456,299,413
1273143822,3993164928,50,429,149,343,379,194
874729193,80181299,72,427,45,454,355,409
1267934418,3942879659,60,454,108,435,394,327
1256020200,3873050612,8,491,0,457,483,457
906928891,151531660,73,426,5,499,353,494
1283383581,4061430584,0,499,0,499,499,499
1192048367,3120593929,0,499,243,269,499,26
1215437586,3470155636,35,453,6,492,418,486
1174586873,2940638790,187,328,176,314,141,138
977853466,278540346,140,360,19,475,220,456
1310795284,4182277154,0,499,0,499,499,499
1165283312,2801257123,0,499,123,376,499,253
1176333411,2956336066,97,402,0,493,305,493
1219673987,3528729348,18,485,182,343,467,161
1287200091,4077167088,0,499,0,499,499,499
1308942156,4177868879,0,499,0,499,499,499
1289815305,4089927944,0,476,0,447,476,447
249019852,4195402,73,426,0,497,353,497
933258030,190108881,85,414,6,494,329,488
1176505218,2958501930,62,437,62,436,375,374
1310038704,4181950880,15,480,69,404,465,335
1049624521,953583981,0,499,109,389,499,280
1028000309,578560391,33,464,92,401,431,309
1265222271,3929898840,0,499,0,499,499,499
1311383513,4187114644,25,466,118,335,441,217
1009612479,442965688,190,314,48,397,124,349
1033260902,648209019,107,391,0,499,284,499
861689587,100269430,0,499,62,436,499,374
847613366,77118690,87,411,27,473,324,446
1034534163,676847496,50,448,0,499,398,499
1012502655,450498957,0,499,109,389,499,280
1316508633,4209067556,0,499,0,499,499,499
977854625,278546761,83,416,29,481,333,452
1013900485,467200970,0,499,62,436,499,374
1209738132,1876687708,0,499,185,283,499,98
1148795168,2547989864,140,360,21,476,220,455
1257577022,3881981362,47,452,117,406,405,289
1062676637,341609474,0,499,62,436,499,374
1193299514,3140766492,0,499,49,450,499,401
1056624587,282234424,77,421,0,499,344,499
1256532227,3874328501,0,499,0,499,499,499
1257678882,3881724586,64,427,71,438,363,367
997376916,127228877,190,309,160,339,119,179
1314428085,4202302601,0,499,0,499,499,499
962979524,242225431,0,499,48,451,499,403
1168989694,2868547888,60,438,1,499,378,498
1014682491,473950324,138,361,100,398,223,298
1224720388,3521203846,8,443,116,399,435,283
1132983637,2240360478,110,389,54,445,279,391
1190252100,2781594572,84,411,180,327,327,147
1115180208,1940606622,159,345,155,349,186,194
1013207545,464649890,26,473,86,413,447,327
1283499104,4061581042,0,499,0,499,499,499
1323299836,4231695840,0,499,0,499,499,499
1170974908,2591520083,104,406,6,459,302,453
1138149069,2360986902,93,411,61,442,318,381
1069676173,1253915754,73,426,0,499,353,499
1310068449,4181960461,28,447,57,387,419,330
949120784,211959636,94,406,77,424,312,347
1287259143,4077174643,85,412,26,472,327,446
1011599219,453708027,0,499,62,436,499,374
1026804965,569573596,113,385,50,449,272,399
1257489102,3881469918,17,492,179,404,475,225
1214296588,3460655785,0,499,0,499,499,499
1199425691,3224369219,180,319,150,349,139,199
1213579131,3450623883,99,400,62,437,301,375
1273060288,3992392572,25,478,49,472,453,423
1318671349,4215327234,0,499,0,499,499,499
1269331683,3957957030,0,499,0,499,499,499
673120355,56446980,150,349,107,391,199,284
1035147325,681388699,114,367,156,352,253,196
1109662943,1892729479,69,431,74,447,362,373
1275496398,4006489125,15,491,114,381,476,267
1252458060,3849301317,88,445,181,328,357,147
1305759702,4164617644,82,417,0,499,335,499
1256059531,3873075230,33,459,37,466,426,429
1177147839,2970573747,170,326,0,405,156,405
1182182913,3005787800,162,344,11,494,182,483
1323291656,4231695292,37,468,110,433,431,323
1246934526,3802942803,0,499,62,436,499,374
1189534644,3082693858,10,492,57,435,482,378
933252917,190106787,73,426,13,499,353,486
981837094,285199373,32,466,82,417,434,335
1065109773,1146674244,18,481,0,499,463,499
1248839457,3817898129,7,491,0,499,484,499
1211754827,3409962890,201,303,23,479,102,456
1316140684,4200873276,35,473,46,471,438,425
1321358180,4222985899,23,445,105,370,422,265
1323826377,4234279509,0,499,0,499,499,499
963703489,244358072,0,499,83,415,499,332
987665413,294487200,51,469,108,424,418,316
1318558060,4215223818,4,472,51,499,468,448
1043220851,848783848,67,431,0,499,364,499
1227598925,3612457790,180,319,153,346,139,193
1139530241,1830969909,179,319,154,320,140,166
1225887036,1907923108,125,374,125,374,249,249
1273178131,3993179799,40,461,114,376,421,262
1256102084,3873229095,138,324,65,442,186,377
1072681244,1308193730,5,494,80,415,489,335
1208115818,3347440868,135,488,107,404,353,297
1235403868,3693444297,70,428,0,499,358,499
1174592899,2940640397,49,458,17,480,409,463
968882545,255449924,168,323,147,418,155,271
1252627075,3850328249,0,499,62,436,499,374
1322130922,4228957222,2,444,2,473,442,471
1289730962,4086156981,143,400,41,433,257,392
1273168608,3993177915,8,494,147,335,486,188
1040815641,234848992,49,450,0,499,401,499
1308667843,4177585910,0,499,5,499,499,494
1260311257,3894931286,18,470,59,468,452,409
244721130,5454200,145,354,100,399,209,299
1225888139,3593774939,150,349,150,349,199,199
947836642,210137847,0,499,62,436,499,374
981956363,284905967,110,388,113,385,278,272
959096226,230988339,0,499,83,415,499,332
1121419991,2035478881,16,430,59,454,414,395
946518577,196547987,187,311,156,342,124,186
1098727513,1693347944,0,499,62,436,499,374
1053591762,1035133680,79,419,0,499,340,499
1274136775,3997812662,0,499,0,499,499,499
476582358,6408880,64,435,0,499,371,499
1230611930,3639713226,0,499,63,436,499,373
1196580662,3192849995,144,355,100,399,211,299
1245886907,3795260754,19,480,114,385,461,271
1282527093,4057542632,70,447,59,442,377,383
1244540597,3785187506,0,499,122,436,499,314
1275095480,4003845606,30,482,29,470,452,441
1031799631,606894458,62,436,0,499,374,499
1313470944,4183329998,95,430,50,462,335,412
1262558806,3908517324,138,370,207,349,232,142
1025701582,554461101,18,475,85,437,457,352
1273138152,3993155049,120,442,185,314,322,129
1307469097,4171080485,106,411,114,382,305,268
1306894717,4168961259,80,417,47,427,337,380
1104433125,1833062225,207,294,15,482,87,467
1143855954,1934579077,204,294,148,348,90,200
1308812906,4178129490,194,308,129,396,114,267
1208594908,2155723785,35,463,42,453,428,411
875829890,116425929,50,449,3,496,399,493
1078201935,1392481080,125,374,92,422,249,330
1287558617,4071378338,0,499,0,499,499,499
1225887060,3300374764,125,374,125,374,249,249
1246318692,3798575558,62,436,0,499,374,499
1195259428,3166436479,80,410,110,393,330,283
974151548,271056167,46,450,17,484,404,467
1023381760,536547397,95,416,20,478,321,458
1314498513,4202303685,21,478,29,485,457,456
1102272513,1793993339,138,361,90,409,223,319
1199242486,3226084863,74,470,117,405,396,288
1265226516,3929900203,32,441,6,488,409,482
1317111226,4211272971,0,499,0,499,499,499
1007484035,435019504,106,393,50,449,287,399
1265156068,3929849860,0,499,62,436,499,374
1323323026,4231808714,23,452,63,464,429,401
959170096,231291791,62,436,0,499,374,499
1152403642,2605650098,206,293,1,498,87,497
1328413607,4250685427,80,402,65,459,322,394
1292881883,4114276033,0,375,16,499,375,483
1203421370,3276074604,59,488,9,481,429,472
1124928911,2085828811,200,328,27,468,128,441
1282945898,4057853140,0,499,0,499,499,499
1254027629,3859856656,0,499,0,499,499,499
1275549165,4006494451,51,438,67,474,387,407
1031005074,606116284,150,361,8,451,211,443
1118988639,1989581139,62,436,0,499,374,499
835537594,69679292,62,436,0,499,374,499
1237275681,3716305206,157,422,101,366,265,265
930122519,183639618,94,405,27,471,311,444
1313975480,4186106483,52,431,60,438,379,378
1314541014,4202304494,17,378,22,476,361,454
1261923131,3541015558,92,408,20,499,316,479
1324193819,4236297626,68,383,94,369,315,275
1269565160,3959928206,87,333,96,469,246,373
1112633317,1921565322,81,418,0,499,337,499
1256968642,3876188645,0,499,0,499,499,499
915652933,160369162,0,499,11,487,499,476
890155768,136231744,147,351,107,392,204,285
1155890582,2659766203,0,499,0,499,499,499
1258629592,3883455738,106,380,45,458,274,413
1119404787,1998095997,73,426,0,499,353,499
930122468,89925946,0,499,62,436,499,374
1167981912,2444240613,153,346,120,378,193,258
1229257780,3623338405,6,492,1,498,486,497
1100558547,1729652961,0,499,62,436,499,374
1211238979,3393963587,93,404,83,416,311,333
1168082659,2851974689,13,488,146,319,475,173
1297476379,4135668448,87,412,0,499,325,499
1006644326,427076828,147,352,31,468,205,437
1279178261,4037584595,203,312,68,451,109,383
1121519055,2017100476,153,346,100,399,193,299
1133616840,2258372329,0,499,63,436,499,373
1310597765,4182261645,45,447,79,429,402,350
1323272048,4231688790,14,479,39,463,465,424
1309132648,4179726133,0,493,34,497,493,463
1270479090,3971722915,0,499,0,499,499,499
913010893,157015844,117,381,65,434,264,369
969245120,256266737,0,499,0,499,499,499
946267926,57229958,106,405,115,390,299,275
1312045832,4189098232,0,499,0,499,499,499
1026864227,569609558,59,439,100,399,380,299
1193622511,3147589849,0,499,234,274,499,40
1323218881,4231848840,57,448,64,446,391,382
961614297,238080044,0,499,102,397,499,295
1314410520,4202302235,0,477,21,499,477,478
1066930261,1173353261,17,485,18,486,468,468
1124516638,2063604225,160,339,100,399,179,299
1243660340,3775276406,0,499,148,436,499,288
1197678717,3209082339,42,486,108,385,444,277
1163960396,2772526890,62,436,0,499,374,499
1075068246,1344049465,25,480,47,413,455,366
1268990728,3955071307,0,499,261,277,499,16
1007489845,435010652,141,357,100,399,216,299
969994440,258215916,0,499,109,389,499,280
1312413656,4194806942,55,461,130,415,406,285
1258324540,3881733313,0,499,0,499,499,499
1256515052,3874388868,0,499,0,499,499,499
1174129939,2928809444,211,278,213,325,67,112
977600493,278509555,86,412,174,499,326,325
1305171410,4164674438,106,388,51,463,282,412
1316290643,4200882669,28,397,29,474,369,445
1299280720,4141675709,165,331,126,308,166,182
1313503386,4198466048,0,499,0,499,499,499
1239097514,3731560955,0,499,125,374,499,249
1249535877,3819983786,130,369,170,329,239,159
1264511056,2571509934,93,406,0,499,313,499
1260713194,3895283833,0,499,0,499,499,499
1304083518,4161107880,100,399,100,352,299,252
1172791591,2920940586,1,497,0,499,496,499
1299230862,4139571998,65,473,167,377,408,210
7829530,1217668,103,395,16,482,292,466
1262514666,3908832314,29,469,22,421,440,399
1014675686,473937246,100,399,46,453,299,407
941678319,207257891,90,409,168,330,319,162
1172203982,2909630010,113,386,0,499,273,499
1225835982,3593005420,86,406,36,391,320,355
1265335765,3930251153,0,499,0,499,499,499
1275151928,4004088904,80,437,68,424,357,356
1260358058,3893244337,62,351,177,465,289,288
1303122278,4157460477,62,472,205,343,410,138
1276006583,4010222159,0,499,71,499,499,428
1096697203,123124738,94,414,15,485,320,470
1192264610,3119899387,59,436,21,484,377,463
1039963597,804695317,0,499,62,436,499,374
1324203717,4236297994,185,394,125,179,209,54
1276404227,4013138122,127,386,195,476,259,281
1280178826,4043913553,0,383,228,271,383,43
987578343,294421405,105,395,2,496,290,494
1100065578,1711729947,110,389,56,442,279,386
1277531056,4019812889,51,408,64,414,357,350
1261982048,3902264738,17,486,160,339,469,179
1084654767,1500074581,93,406,0,499,313,499
1192146284,3122587927,68,432,22,488,364,466
1275587449,4006705929,0,499,0,499,499,499
1312856615,4196083304,148,350,190,312,202,122
1240115443,3743377581,79,415,3,470,336,467
1136031606,2317983755,0,499,62,436,499,374
1008159491,436090396,150,349,119,380,199,261
1109288122,1886900375,136,363,100,399,227,299
1155972515,2662689712,79,418,1,499,339,498
1025670849,554016066,70,440,14,482,370,468
1165616008,2805735827,135,367,183,334,232,151
1292800755,4108904935,36,417,174,454,381,280
971869121,263570788,157,341,118,393,184,275
1146981738,2527236772,110,389,50,448,279,398
849076215,80378088,66,432,0,499,366,499
1192405580,3128175816,151,347,175,316,196,141
1273178161,3993179808,14,450,142,382,436,240
1322776797,4229278039,35,465,78,415,430,337
1281281308,4050731514,0,499,62,436,499,374
1306781171,4167083996,106,388,51,463,282,412
1208120454,3350780154,0,499,62,436,499,374
1300195943,4145174161,0,499,52,499,499,447
853917659,85154811,89,391,45,460,302,415
1221385503,3562740146,143,362,126,365,219,239
1310050508,4181953336,0,499,0,499,499,499
1237275215,3716305157,46,431,182,319,385,137
1026012392,558487384,43,473,68,405,430,337
885666154,131355887,62,436,0,499,374,499
1269583750,3960660018,0,499,0,499,499,499
1271106268,3974958278,71,359,72,394,288,322
696416230,57695213,140,359,96,403,219,307
1058009543,1084503056,109,389,0,499,280,499
1241391241,3756522990,185,314,158,341,129,183
1159210688,2710722766,62,436,0,499,374,499
1269332195,3958048011,60,439,159,366,379,207
969753298,257463640,117,381,65,434,264,369
1027296857,570633832,113,386,50,449,273,399
1292399963,4108909888,0,387,145,369,387,224
1286458562,4074760756,35,465,82,417,430,335
1295972460,4128262115,0,499,92,415,499,323
1260343320,3893243254,255,458,69,350,203,281
1278214681,4030630497,143,355,3,492,212,489
1261978660,3902216523,80,417,96,408,337,312
1146980366,2527234892,110,389,54,445,279,391
1072924505,1312553761,232,297,30,147,65,117
1204825868,3298145259,46,488,22,425,442,403
934126068,86902354,200,299,175,324,99,149
1303683635,4159315945,106,388,51,463,282,412
1051871258,981974849,112,490,229,271,378,42
868705213,112228596,12,490,86,419,478,333
1313994292,4201218270,0,499,109,389,499,280
1283874221,4061621051,0,488,176,397,488,221
1107027634,1863251911,109,389,0,499,280,499
1068211959,1190507616,159,339,1,498,180,497
1124058223,2064315232,71,387,79,304,316,225
1282360329,4056359080,110,389,52,449,279,397
1269715946,3961982550,0,499,0,499,499,499
1199223411,3225185128,62,436,0,499,374,499
1066271811,1163453794,0,499,62,436,499,374
1070745599,1262932071,25,473,0,499,448,499
984709921,289566985,8,491,8,492,483,484
1156925840,2678802037,30,390,192,300,360,108
1278242754,4031032536,0,499,0,499,499,499
942033629,207962482,121,377,0,499,256,499
1047757499,914221333,72,426,0,499,354,499
1289899193,4090423426,63,435,87,411,372,324
1310732724,4182273820,31,480,61,451,449,390
1102722916,1806472883,43,454,11,494,411,483
1140203796,2268824604,115,378,120,398,263,278
703543242,58564340,0,499,80,419,499,339
1181371170,3002485558,209,293,9,490,84,481
1041992960,836444779,0,499,62,436,499,374
1112177265,1857573419,124,391,66,401,267,335
1265204506,3929889969,238,262,236,491,24,255
911165073,153365345,91,424,71,430,333,359
1005828471,418197107,167,315,222,275,148,53
1283473216,4061476644,114,403,57,449,289,392
1316272281,4209207598,38,472,127,395,434,268
1243660148,3775276257,0,499,62,436,499,374
294694044,18115242,157,342,120,378,185,258
1286842907,4074696499,169,338,165,336,169,171
1311709553,4189040604,0,499,62,436,499,374
1209071137,3368056156,30,491,7,492,461,485
1323175243,4231834840,64,444,71,455,380,384
1271298693,3976903115,0,499,62,436,499,374
1234858439,2477185927,72,427,12,486,355,474
655503778,55647898,124,375,77,424,251,347
1133140494,2243733300,0,499,168,331,499,163
1272745958,3990163158,0,499,0,499,499,499
1248832276,3817888696,71,439,120,383,368,263
988318502,295317947,48,447,72,440,399,368
1287842889,4079436942,1,499,0,499,498,499
1174594160,2940640680,3,488,21,496,485,475
1283964362,4063338632,64,452,76,445,388,369
1100067767,1711734967,180,319,150,349,139,199
1290045761,4091042766,62,436,0,499,374,499
1259274278,3887622154,36,463,15,464,427,449
1289409881,4086333305,62,436,0,499,374,499
931974967,187231225,122,378,146,343,256,197
1292909571,4114500132,110,389,54,445,279,391
1158121184,2695198034,40,415,156,345,375,189
1320880421,819660335,159,340,84,415,181,331
1055854568,1031064994,34,451,57,417,417,360
959846007,233920163,110,404,163,336,294,173
1290991686,4099130343,11,486,173,321,475,148
1293086032,4116353558,0,485,17,489,485,472
1308872273,1030678653,100,399,9,490,299,481
1284152677,4063229025,0,499,0,499,499,499
1250256558,3831236123,108,354,73,443,246,370
1142951967,2457950664,176,322,35,492,146,457
1289796751,4089925224,165,356,44,328,191,284
927943789,180659696,112,386,50,429,274,379
1131783626,1912169662,7,481,112,425,474,313
1063652238,1129664776,51,458,150,480,407,330
1281929305,4044227051,39,459,11,479,420,468
1054273098,1041093644,61,437,1,498,376,497
1303454848,4158530523,36,461,10,487,425,477
1018829968,512966033,153,345,40,499,192,459
941693678,207287169,148,344,191,321,196,130
1309469322,278681311,100,399,8,490,299,482
1252627671,3850328515,0,499,62,436,499,374
1026511142,566377132,165,334,137,361,169,224
1290263260,4092736729,0,499,0,499,499,499
1270697882,3973104695,31,468,115,384,437,269
1151392185,2583209034,153,346,113,399,193,286
1310267246,4182228616,14,475,33,489,461,456
1311834880,1746715544,100,399,44,480,299,436
1308053871,4174159838,77,421,0,499,344,499
858596342,22499150,67,429,6,499,362,493
1248847490,3817903220,70,448,106,387,378,281
940538737,138758109,121,386,145,355,265,210
1317008103,4211513683,78,406,107,409,328,302
1291724438,4098209753,0,499,7,492,499,485
1314757124,4186670865,16,480,43,473,464,430
1221460048,3563523739,8,488,75,441,480,366
1164643451,2789010802,134,363,95,404,229,309
1311815420,4189051323,0,499,0,453,499,453
1205495774,3306282992,0,499,62,436,499,374
1139624221,2397542261,184,367,120,381,183,261
1268798399,3953940423,0,498,0,499,498,499
1065977,971336,175,323,144,355,148,211
1225434717,3590004082,2,495,65,433,493,368
925520205,176831167,68,432,0,499,364,499
1167764976,2845506217,141,357,57,444,216,387
1248361550,3814846825,142,383,38,491,241,453
1264400066,3925282561,56,467,97,415,411,318
1261857197,3901398647,72,429,5,499,357,494
1287856350,4079437903,75,419,62,458,344,396
1131203915,2189169216,0,499,62,436,499,374
1316256859,4200881035,23,478,35,477,455,442
1026245330,560951271,62,436,0,499,374,499
1024952009,518459923,71,427,0,499,356,499
1236054508,3702252848,0,499,109,389,499,280
1255067987,3867156959,30,469,0,499,439,499
1209573099,3373251399,109,389,0,499,280,499
1229798780,3628084613,103,384,10,481,281,471
1186357828,3028018731,205,282,120,484,77,364
1094622858,1625269858,120,379,65,435,259,370
974986280,272607370,50,448,50,449,398,399
1069744126,1227159010,62,436,0,499,374,499
1308948559,4177869197,15,474,161,370,459,209
1027264569,570630825,100,399,54,444,299,390
1237460532,1139569300,142,356,144,343,214,199
1289212128,4086078447,0,499,0,499,499,499
1280133122,4019916717,52,436,143,363,384,220
1263284583,3916154582,136,366,195,314,230,119
1038154762,745400145,39,447,129,368,408,239
1286852228,4074697146,47,457,20,470,410,450
956003042,220814961,62,436,0,499,374,499
1191489450,3109428873,0,499,0,499,499,499
1302561123,4155424654,0,499,0,499,499,499
1276362913,4012870481,18,477,85,482,459,397
1292498740,4108936393,99,413,48,430,314,382
1173385969,2927729528,19,484,51,445,465,394
1322675664,4230267935,147,368,28,463,221,435
1117989443,1978504818,71,394,185,316,323,131
1306540442,4167075989,106,388,51,463,282,412
1124962604,2079364715,62,436,0,499,374,499
850495050,60283527,103,395,0,499,292,499
1008133025,436059499,150,349,113,385,199,272
1271257128,3976840514,11,492,29,466,481,437
1094609053,1624733628,102,421,78,418,319,340
1274390742,2233305982,46,453,0,499,407,499
1244326242,3782771557,0,499,126,436,499,310
1304047236,4160812726,60,463,73,447,403,374
1278561138,4035897090,29,471,84,366,442,282
1258226131,3884336161,201,296,180,319,95,139
936591441,196195159,0,499,62,436,499,374
1193422491,3142313158,58,441,0,498,383,498
1119406057,1998118687,172,357,194,318,185,124
1191236793,3101210130,160,337,188,351,177,163
972363470,816047,93,404,13,485,311,472
1297107312,4129888084,92,406,0,499,314,499
1027056181,569679104,101,397,50,449,296,399
1023454498,536648310,179,433,182,355,254,173
973385017,268609801,82,417,0,499,335,499
1275638139,4007156301,0,499,0,499,499,499
962552428,241324271,177,329,15,466,152,451
1174129937,2928809441,155,346,196,301,191,105
1105684925,1854768162,97,387,126,360,290,234
1313722740,4197659584,44,469,94,403,425,309
958635597,228108696,144,356,185,320,212,135
1155781623,2660100420,151,355,114,381,204,267
1295960699,4128438419,62,437,104,394,375,290
1100208666,1715315459,135,364,100,399,229,299
1255986347,3872872645,0,499,0,499,499,499
1300832341,4149059593,15,484,16,495,469,479
1119407570,1998121281,221,272,13,486,51,473
1303681726,4159315721,106,388,51,463,282,412
874730502,82204907,72,426,15,499,354,484
999797209,347348753,175,324,150,349,149,199
1246071798,3797080158,0,499,0,499,499,499
1284126135,4063415277,25,478,49,472,453,423
1213125870,3437566451,9,486,24,485,477,461
1185806199,2724076396,170,330,205,306,160,101
1266707710,1099446009,100,399,16,482,299,466
1010997272,449536185,91,408,54,437,317,383
1123903906,2064813251,1,499,0,499,498,499
1315166485,2897607361,25,452,139,357,427,218
1307823324,4172827411,85,398,102,399,313,297
1063962888,1122112524,91,401,16,479,310,463
1264150530,3923189361,0,499,0,499,499,499
1262582736,3908644258,0,499,0,496,499,496
1237267516,3716301581,20,466,31,486,446,455
1045326653,869126615,0,499,62,436,499,374
1266490986,3938616454,12,487,177,344,475,167
862681494,102706268,76,422,183,348,346,165
1260967764,3896606330,158,340,47,396,182,349
1240164529,3743864683,0,499,67,432,499,365
1234721457,3688770794,62,436,0,499,374,499
984543845,289189064,164,357,39,499,193,460
1111840552,1915834436,54,436,11,484,382,473
1148845480,2548658686,202,297,287,447,95,160
1112118961,1920559193,70,429,145,354,359,209
1323397448,4231833916,80,437,68,424,357,356
1203345325,3274259479,10,489,16,483,479,467
1225887064,1899510001,148,311,191,316,163,125
1071121085,1285234755,138,364,125,324,226,199
1328685854,4250700373,0,499,0,499,499,499
1242114666,3762595894,0,499,62,436,499,374
1126893285,2110021219,157,341,103,395,184,292
1018586355,511710344,181,300,168,368,119,200
339168686,48070886,155,347,162,348,192,186
1264900660,3928056973,8,491,167,331,483,164
1188521976,3067034424,69,407,123,398,338,275
1209090124,2660046653,84,456,19,499,372,480
882345736,126916619,221,271,264,292,50,28
1256968972,3876188773,0,499,0,499,499,499
964293134,246550054,70,428,0,499,358,499
1266208374,3937634464,26,473,49,439,447,390
1259384534,3887635923,33,479,34,470,446,436
1130146453,2178524197,0,499,109,389,499,280
1260227171,3894914916,21,458,61,465,437,404
1315406805,4205114293,46,461,113,389,415,276
1019306898,516395551,33,477,154,363,444,209
1199838894,3236835997,0,499,83,415,499,332
1308119333,4174411915,0,499,0,499,499,499
1272354771,3989164870,62,436,0,499,374,499
1257236006,3879897781,0,499,0,499,499,499
1278538536,4035818299,62,437,0,499,375,499
1316297980,4200882997,34,466,148,349,432,201
1286024136,4071964241,0,499,0,499,499,499
1253440406,3856675095,0,499,20,499,499,479
1270607538,3972427469,63,458,21,474,395,453
1292262047,4108381164,32,477,46,462,445,416
1318486049,2355994326,15,487,82,430,472,348
1273057947,3992549515,73,468,63,445,395,382
970954717,261002406,95,411,20,486,316,466
1262172750,3905724414,99,421,145,362,322,217
1316316036,4200883889,55,468,94,424,413,330
1257268433,3879903107,33,484,126,444,451,318
916750223,161768627,94,405,27,471,311,444
1139624474,2397542344,52,447,68,448,395,380
1247289241,3808620420,217,282,202,306,65,104
1220128038,3538103799,0,499,62,436,499,374
922170226,170807781,216,272,108,392,56,284
1007605177,435100371,58,440,0,499,382,499
1196881211,3195539106,62,436,0,499,374,499
1133494840,2252295234,0,499,109,390,499,281
1192188278,3123050074,71,431,275,486,360,211
1134230013,2168084488,11,489,221,279,478,58
1208148815,3351175697,0,499,62,436,499,374
1174589730,2940639520,7,491,7,481,484,474
1250303323,3831788572,42,432,12,485,390,473
981055938,284151863,74,423,132,366,349,234
1316200933,4200877319,14,485,142,423,471,281
1026762044,569382862,106,392,50,449,286,399
1154645189,1182276597,43,447,214,374,404,160
1317260121,4210987650,88,398,41,460,310,419
1163027157,1960306861,141,367,30,435,226,405
1240721624,3748072570,65,444,0,499,379,499
857881790,85835707,194,305,160,339,111,179
1291826894,4103748519,109,377,17,483,268,466
1220689186,3550473290,9,496,145,415,487,270
1187322945,3047252880,0,499,83,415,499,332
933240560,190096361,72,426,0,499,354,499
1046705730,443223120,57,458,28,481,401,453
1042987097,839209039,115,373,105,386,258,281
956101140,221000119,72,426,14,492,354,478
1328255616,4250627070,71,414,133,358,343,225
1309977777,4181945628,58,471,77,405,413,328
971432167,262170001,25,481,129,389,456,260
1252138405,3847033744,0,499,0,499,499,499
1307794795,4172825521,27,473,8,493,446,485
1015210019,479071921,121,354,66,432,233,366
1026985386,569846097,102,397,50,449,295,399
1274818366,541995953,48,450,0,499,402,499
1301524816,4150996428,66,479,162,484,413,322
1178081074,2980671407,0,499,0,499,499,499
941562849,206973161,62,436,0,499,374,499
1065723302,1149201058,0,499,62,436,499,374
1276349650,4012863194,142,333,169,301,191,132
1047559770,886155163,71,428,0,499,357,499
1066558472,1159852690,0,499,62,436,499,374
1276308493,4012721087,0,499,0,499,499,499
860805721,98823214,0,499,133,365,499,232
1266391283,3938059355,62,436,0,499,374,499
1292013939,4105723064,55,478,39,456,423,417
1317996414,1953359770,0,499,40,499,499,459
1181444714,3002934798,6,489,96,384,483,288
1214296606,3460655787,27,463,117,386,436,269
1289798655,4089925609,15,449,44,475,434,431
1174589137,2940639434,25,480,18,472,455,454
471036030,50591958,106,393,50,449,287,399
1295760341,4127600779,0,499,96,403,499,307
1232302519,3659335824,27,473,69,415,446,346
1234699338,3689149252,0,499,0,499,499,499
1092257465,1580087665,53,422,213,262,369,49
1155550296,2655404980,22,477,109,390,455,281
878877372,124217406,0,499,62,436,499,374
1123810791,2062694801,152,346,100,399,194,299
970938375,260951611,98,347,0,343,249,343
1148431291,90863722,70,429,0,499,359,499
603893567,47745193,98,401,10,489,303,479
1190250860,2041884734,0,499,62,436,499,374
874822799,120702456,0,499,62,436,499,374
1047585277,920233343,55,443,0,499,388,499
1256895301,3874579182,26,499,0,499,473,499
1328500282,4250687196,21,475,66,287,454,221
1107660367,1869200334,182,443,169,345,261,176
1259072050,3887602514,27,455,62,464,428,402
1285873585,4017685034,16,456,43,483,440,440
1139614997,2396761726,112,369,142,352,257,210
1017914679,418464828,190,309,164,334,119,170
981406656,284484156,57,425,108,425,368,317
1292498637,4108936376,99,413,48,430,314,382
1130488523,2183651050,94,404,0,499,310,499
1308946335,4178505205,216,285,195,282,69,87
1251700645,3841273225,62,436,0,499,374,499
1277738276,4023037492,170,320,47,440,150,393
1304041805,4160811846,37,457,187,401,420,214
863504014,104246461,0,499,96,402,499,306
1259389349,3887637467,35,477,36,469,442,433
1176419068,2957235461,28,481,115,372,453,257
1239905455,3742031559,23,460,23,477,437,454
1312805035,4195570026,0,499,0,499,499,499
947913222,210398931,57,441,0,499,384,499
1009091483,439902592,71,427,37,499,356,462
919425359,165065907,210,289,220,279,79,59
1161389246,2737808236,100,387,127,399,287,272
982650794,71094113,168,330,176,357,162,181
1158121343,2695198402,21,472,81,408,451,327
1066930816,1173353206,75,425,15,483,350,468
1094846715,1629867539,143,327,153,357,184,204
1295708759,4126964804,0,499,29,499,499,470
1008923796,439657516,73,425,0,499,352,499
1291956226,4103842981,0,499,7,492,499,485
1177148310,2970574169,164,335,0,499,171,499
1192148857,3122641365,68,432,22,488,364,466
1102316785,1795519115,0,499,62,436,499,374
1055761706,1066154599,99,399,0,499,300,499
1248862892,3817906610,42,453,37,461,411,424
850358789,81970206,196,302,175,324,106,149
931746392,186486792,58,436,118,380,378,262
1242032773,3761669375,0,499,49,461,499,412
977927105,278562128,94,404,0,499,310,499
1156971797,2679537636,101,412,82,433,311,351
898833137,144561300,0,499,82,416,499,334
1174589949,2940639559,134,364,172,341,230,169
1262287027,3906573435,16,480,47,436,464,389
846307064,75565981,0,499,62,436,499,374
1308914142,4177867909,0,499,1,499,499,498
1192166786,3122735424,71,431,276,486,360,210
1252081976,3842132221,43,464,78,457,421,379
959807261,233772175,72,427,0,499,355,499
1277781336,4023045934,0,499,0,499,499,499
1309064626,4179410634,130,448,390,450,318,60
1037408678,729825883,53,448,171,332,395,161
1248863838,3817906841,30,465,66,441,435,375
1026816014,569607227,108,390,50,449,282,399
1257258436,3879925226,22,476,0,499,454,499
1301493937,4150987842,24,471,107,398,447,291
1243838011,3776670431,65,433,0,499,368,499
1270052770,1100913881,100,399,23,476,299,453
1272963404,3992100184,0,499,4,499,499,495
933238868,190096708,74,424,0,499,350,499
1037420286,729935027,0,499,62,436,499,374
1316990050,4210982244,0,499,0,499,499,499
910540779,154749074,66,433,0,499,367,499
1306668329,3816951689,59,439,0,499,380,499
1211054348,3384547814,62,436,0,499,374,499
1323616858,4234598026,202,300,162,355,98,193
1271970137,3986430552,0,499,0,499,499,499
1264345871,3921369260,144,352,81,413,208,332
1282525608,4057540863,168,332,163,352,164,189
1161283389,2735930414,40,450,82,371,410,289
1260721439,3895294462,179,333,176,434,154,258
1066673424,1170391152,0,499,57,402,499,345
1098428411,1680781984,3,469,79,421,466,342
1026951967,569772366,100,399,51,447,299,396
1253151967,3855161617,33,464,93,396,431,303
1323274841,4231689256,28,443,58,441,415,383
1274577562,62029608,82,416,0,499,334,499
937054301,197231532,119,343,177,358,224,181
1101805214,1783041249,109,389,0,499,280,499
1320124870,4215409341,17,477,109,364,460,255
1254492326,3861763036,0,499,0,499,499,499
933998006,142614819,71,427,0,499,356,499
1273913107,3995599134,8,489,28,477,481,449
1301539125,4150997680,19,480,58,472,461,414
908481871,152766921,85,418,58,445,333,387
1027002716,569653064,103,395,50,449,292,399
1234468404,3684647524,96,403,38,466,307,428
1296746341,4129334118,73,425,0,499,352,499
1164857884,2795866122,57,444,180,349,387,169
1176505246,2958502115,173,354,213,422,181,209
946508640,205823670,176,322,150,349,146,199
1279270783,4037116081,31,452,136,362,421,226
1103001073,1810142192,62,436,0,499,374,499
1027855689,577066393,187,309,186,237,122,51
971424441,262161776,106,388,128,371,282,243
1233217454,3675368335,72,427,29,486,355,457
1276020267,4010223991,89,361,36,470,272,434
1047515575,914366954,81,418,0,499,337,499
1256110609,3873264932,96,436,0,499,340,499
1303741976,4159400013,63,442,79,439,379,360
937777367,194446513,71,427,0,499,356,499
1324066820,4236041680,0,499,0,499,499,499
1152576528,2608616573,83,415,0,499,332,499
1064470903,1137593678,43,456,0,499,413,499
1119680782,2001614512,0,499,62,436,499,374
1096609676,1657064379,31,464,118,373,433,255
1324188723,4236297272,72,457,18,481,385,463
1132185147,2221336465,83,415,0,499,332,499
875441125,121484733,181,308,164,355,127,191
1088410840,1539031739,74,425,0,499,351,499
1304037224,4160884518,106,388,51,463,282,412
1234510174,3685220491,204,293,165,341,89,176
1026855314,569612501,106,392,50,449,286,399
1243392069,3773729979,23,476,23,476,453,453
1262182175,3905806710,0,499,0,499,499,499
1311209702,4186470465,0,499,0,499,499,499
1305150330,4164673219,106,388,51,463,282,412
1301401023,4151256283,84,416,142,383,332,241
1291662025,4102987688,93,387,212,425,294,213
1305483570,4148781866,136,362,12,477,226,465
1174585598,2940638510,7,489,9,415,482,406
1191095976,3101490631,23,485,25,489,462,464
908719085,153217474,68,429,197,302,361,105
1297751443,4137158786,74,427,43,447,353,404
1265241154,3929960169,29,477,27,467,448,440
1157721734,2443735988,54,446,84,413,392,329
1245076636,3788539394,147,233,133,318,86,185
865401013,107732964,80,418,0,499,338,499
1241055631,3752589114,98,401,54,443,303,389
985610730,290767638,0,499,55,443,499,388
1152064944,2584401565,0,499,0,498,499,498
1271706318,3979581292,0,499,0,499,499,499
1323465968,4231852956,59,458,49,451,399,402
1311190119,4182063296,144,355,48,482,211,434
1291705126,4103208970,179,320,66,432,141,366
1259122066,3887606491,70,426,77,427,356,350
1174586925,2940638813,62,485,60,463,423,403
1281411621,4050855414,54,445,123,402,391,279
1056501005,626536940,75,423,0,499,348,499
1289820187,4089731413,0,499,36,499,499,463
1261706628,3900594533,183,293,81,399,110,318
963967183,244944825,68,431,0,499,363,499
968833900,255223105,10,489,10,489,479,479
1313686274,4199858878,46,452,85,399,406,314
1315774631,4206626230,136,363,0,499,227,499
1099695244,1706094930,180,311,189,308,131,119
1238297815,3727587561,113,384,81,437,271,356
1308121050,4102123038,197,311,216,283,114,67
1317002772,4211508812,121,376,28,48,255,20
1262469341,3908161503,31,474,86,421,443,335
962974751,242239197,1,499,29,470,498,441
892937913,124679036,71,427,0,499,356,499
1026777042,569540106,111,388,50,449,277,399
1146492947,2519350954,0,499,0,499,499,499
1030217352,595686500,43,455,0,499,412,499
1264870968,3927965401,58,431,70,420,373,350
1305526805,4165985115,26,456,168,369,430,201
1008094594,435915336,141,358,100,399,217,299
1101831986,1784463826,146,353,100,399,207,299
1205932202,3314026449,384,470,206,356,86,150
874728400,61378901,72,427,45,454,355,409
1235528216,3690827308,0,499,63,436,499,373
1314525490,4202304200,0,499,0,499,499,499
1059866696,1093321199,0,499,0,499,499,499
1274226964,3997823008,26,483,32,465,457,433
1086868349,1517882282,146,353,115,399,207,284
1309677215,4179729037,0,499,0,499,499,499
1187544257,3050435025,0,499,0,498,499,498
1077599534,1376114128,72,427,0,499,355,499
1246095551,3797081045,126,329,124,432,203,308
1267255458,3938212421,0,499,62,436,499,374
1319237243,4218318267,13,488,26,460,475,434
1249535462,3819982760,6,493,12,473,487,461
1319535391,4214509082,31,449,56,458,418,402
1282539387,4057543717,1,481,40,476,480,436
1066787486,278550590,179,321,175,369,142,194
1264218225,3924749026,0,499,0,499,499,499
1271486818,3976924613,0,499,23,441,499,418
1026833942,569561646,107,392,50,449,285,399
1276760957,4016004428,0,499,0,499,499,499
1241265488,3752983338,190,318,154,347,128,193
1287879649,4079551087,143,319,101,420,176,319
1233847244,3682507720,0,499,0,499,499,499
294076795,16979178,159,340,120,378,181,258
1313191094,4182719096,22,440,48,445,418,397
1263317017,3915383042,81,418,26,479,337,453
1276291830,4012700834,90,426,98,424,336,326
1047434153,905887493,17,483,33,466,466,433
1285869662,4017682701,59,477,45,430,418,385
938761069,49390580,100,398,33,499,298,466
1145603009,2499279982,216,281,218,282,65,64
1150187357,2569872232,62,436,0,499,374,499
1307529315,4171534245,20,479,0,499,459,499
1253151017,3855161575,38,468,116,487,430,371
1069756041,1236892975,68,431,0,499,363,499
1310615428,4182262860,96,422,105,462,326,357
1260340596,3893243147,9,487,22,444,478,422
1262740788,3910479632,0,499,29,469,499,440
1192191762,3123108565,212,288,59,320,76,261
1249535498,3819982778,141,359,158,323,218,165
920795603,167173270,0,499,84,415,499,331
1179792168,2993427150,0,499,35,464,499,429
1319147766,4218234553,32,484,29,448,452,419
1288896632,4085920430,64,435,65,431,371,366
1129272802,2165949113,52,447,0,499,395,499
1258510946,3885602798,25,467,150,368,442,218
1043841081,853456132,7,495,98,397,488,299
1273062369,3992393153,0,499,0,499,499,499
1119404312,1998117413,27,475,27,490,448,463
1213814731,3453611763,100,399,55,444,299,389
1309182909,3849014771,62,436,0,499,374,499
1236509860,3709031647,126,300,8,498,174,490
1283932961,4061633490,80,470,68,448,390,380
1142293379,2448694805,26,444,11,499,418,488
1265199475,3929927548,106,405,66,454,299,388
1288092413,4079556145,0,499,0,499,499,499
1245982390,3796237409,84,415,24,448,331,424
1243659290,3775275199,0,499,62,436,499,374
1036082444,696082319,158,348,22,449,190,427
984270730,288908871,0,499,83,415,499,332
1218865782,3520152425,88,411,0,499,323,499
1283581658,4061482297,0,499,0,499,499,499
750405649,48604584,62,436,0,499,374,499
1235991690,3703028563,32,473,60,460,441,400
959275760,231485443,90,409,130,369,319,239
956387911,138727835,18,480,100,400,462,300
1115599142,1947640630,36,455,56,475,419,419
1130716277,2187397756,36,452,119,388,416,269
922170783,170807811,225,250,110,390,25,280
1028353123,583543824,79,430,112,410,351,298
1181139808,3000464378,121,378,1,499,257,498
1014947501,473195300,103,395,12,486,292,474
861174988,99266715,0,499,62,436,499,374
1061040760,278580894,139,360,100,399,221,299
1246005820,3796680642,0,499,62,436,499,374
1252532135,3849954531,0,498,0,499,498,499
914170832,158583022,4,497,74,419,493,345
967575239,254417290,75,422,231,273,347,42
854979747,87909431,196,303,175,324,107,149
1310007520,4181948563,27,475,58,391,448,333
990503332,297419998,129,369,0,499,240,499
1309701609,4179733113,0,474,0,491,474,491
1275992328,4010220927,29,499,0,499,470,499
885202837,122683914,50,448,111,449,398,338
1161244820,2728371023,70,428,0,499,358,499
972267080,86476773,158,341,113,385,183,272
1317996368,1953359774,0,499,40,499,499,459
1120958253,2028113082,29,456,70,459,427,389
1121006579,278583494,137,361,100,399,224,299
1274086354,3997501189,0,499,27,472,499,445
1316316241,4200883892,0,499,0,499,499,499
329013637,6692706,202,296,183,316,94,133
1301606565,4151266441,202,250,163,444,48,281
1118915155,1989301152,93,405,163,367,312,204
892777587,140309552,60,438,0,499,378,499
1260449357,3887138450,62,436,0,499,374,499
1262575984,3908518000,128,322,98,399,194,301
1211445071,3399884168,80,439,102,395,359,293
978000826,278579922,93,405,157,499,312,342
941678322,207257916,173,328,183,311,155,128
1316233278,4209021196,12,482,11,491,470,480
1157236020,2682737630,80,417,109,385,337,276
1039748915,745571450,35,462,105,399,427,294
1110065493,1355273204,64,414,130,362,350,232
1283258032,4060804421,0,499,0,499,499,499
1043800769,853182918,0,499,62,436,499,374
1027285141,570692253,106,392,50,449,286,399
1276343289,4012747965,73,428,82,428,355,346
1190257990,1876686936,57,420,185,375,363,190
1265215954,3929900587,39,460,32,451,421,419
948553168,211282555,207,294,164,354,87,190
1282981241,4057855580,121,399,153,362,278,209
291852588,1510216,62,436,0,499,374,499
1313484815,4197527382,0,499,0,499,499,499
1121420244,2035478954,33,464,92,396,431,304
1196710388,3182793384,62,436,0,499,374,499
1225666837,3493235807,125,374,125,374,249,249
1188462936,3065096159,0,499,62,436,499,374
951260818,214651638,0,499,62,436,499,374
1254041286,94216154,67,432,0,499,365,499
1018554843,511202830,117,381,65,434,264,369
1196212596,3182722338,26,461,109,414,435,305
1007978531,435841298,160,339,131,368,179,237
1234877436,3691550020,0,499,128,436,499,308
1317820300,4211204397,141,356,55,482,215,427
1042992641,846371505,66,400,94,449,334,355
1100072417,1711729866,70,429,145,354,359,209
1309400970,4180506518,81,418,0,496,337,496
1265374993,3930103464,0,499,0,499,499,499
1263315362,3916520496,138,351,168,340,213,172
1054169134,1040033373,0,499,83,415,499,332
1013203347,464646816,205,293,180,320,88,140
1313598489,4183600425,36,462,94,408,426,314
1261818010,3901213260,182,428,176,478,246,302
1165315438,3808506194,73,434,24,467,361,443
1020016710,516282879,0,499,22,476,499,454
1279155545,4037096485,22,459,62,465,437,403
866594292,48576256,0,499,62,436,499,374
1255202243,3863170818,62,436,0,499,374,499
1192477296,3117662982,2,421,213,356,419,143
1295500902,4126467036,83,415,0,499,332,499
1042990734,846366964,46,472,70,367,426,297
1153231881,2622328158,0,482,64,433,482,369
1299771070,4143496074,157,410,62,465,253,403
1230975223,3643358857,149,361,46,447,212,401
1142646476,2450596207,62,436,0,499,374,499
1143240738,278582339,144,355,100,399,211,299
908006196,152645399,68,430,0,499,362,499
1264017505,3918838023,0,499,81,418,499,337
1322475565,4229979904,12,480,38,456,468,418
1311438573,4187124106,64,410,131,435,346,304
1324031068,4235889408,0,499,1,372,499,371
906048413,6150289,179,320,147,351,141,204
1266792110,3939951621,54,475,4,495,421,491
1260252556,3893052411,0,499,34,464,499,430
1075761775,16609162,52,447,0,499,395,499
892103900,138781171,47,437,79,428,390,349
1074255865,1333194830,163,336,132,441,173,309
1275681044,4006529672,88,420,131,346,332,215
921250324,168344521,34,488,55,464,454,409
1102973280,1522348283,81,417,0,499,336,499
1115777447,607399349,137,361,100,399,224,299
1259375373,3887634076,0,499,0,499,499,499
1190252893,2832752220,185,326,207,305,141,98
1148430806,90590683,70,429,0,499,359,499
1250268176,3831364133,0,499,167,436,499,269
1131801128,2211521029,69,431,114,391,362,277
1042759702,844671441,139,359,100,399,220,299
1026978582,569599934,111,388,50,449,277,399
1314085399,4186143921,167,353,117,488,186,371
1199683399,3234431356,144,355,100,349,211,249
681647655,56744277,126,375,76,424,249,348
1286782409,4076396202,208,286,158,243,78,85
1304049720,4160812999,1,498,124,374,497,250
1321336563,3287288412,74,425,0,499,351,499
1273098289,3992399547,60,427,88,434,367,346
1000095647,148177050,201,299,168,330,98,162
1266824531,2478871212,100,399,40,459,299,419
1227156273,3607249324,83,425,140,391,342,251
1314347419,4186266407,41,467,72,459,426,387
1310188998,4182225061,0,499,0,499,499,499
1066930239,1173353232,21,477,16,477,456,461
969714490,257361501,0,499,62,436,499,374
150869930,4630582,63,435,0,499,372,499
1009491243,441584154,115,339,94,400,224,306
836285680,3079889,48,450,4,499,402,495
1030445759,597597040,58,441,8,493,383,485
874730655,61597855,71,427,12,499,356,487
1304179674,4160988243,106,388,51,463,282,412
1142646611,2448894231,0,499,70,428,499,358
1062753123,1119316056,83,416,0,499,333,499
1188524215,3067036006,171,350,142,345,179,203
1298873703,4139508718,0,499,0,499,499,499
1258656394,3886142117,79,419,0,499,340,499
1176419026,2957237775,62,447,96,402,385,306
1052889553,1004841958,188,311,165,334,123,169
1309153804,4179847127,97,406,41,445,309,404
1241295161,3755191679,80,418,10,489,338,479
965047292,237315772,0,499,62,436,499,374
1229741127,3583971903,40,430,78,362,390,284
919736639,165120850,0,499,62,436,499,374
936418136,195817608,197,301,190,309,104,119
954454866,218463642,71,425,19,480,354,461
1156077938,2664721944,227,273,1,498,46,497
1032039640,617871284,57,441,0,499,384,499
1147875722,2380797961,132,395,12,486,263,474
1232913149,3671815454,0,499,62,436,499,374
1311428732,4187288418,62,436,0,499,374,499
1037269166,726946073,0,499,92,406,499,314
1135207005,2302495202,94,429,97,485,335,388
1181390054,2993725585,0,499,62,436,499,374
1305764048,4166642773,106,388,51,463,282,412
1265217961,3929900673,5,489,69,397,484,328
1254991471,3867145151,194,303,119,442,109,323
1206135364,3320113170,23,477,85,462,454,377
1002633284,383127511,127,378,110,428,251,318
1318195390,1499684717,17,480,131,372,463,241
1266967610,3940053487,63,492,24,469,429,445
1240847274,3750090408,30,474,192,352,444,160
1208939039,612506512,146,329,175,350,183,175
1156167918,2602710020,71,428,119,378,357,259
1249535094,3819981952,177,322,188,318,145,130
1097087807,1666181222,49,481,136,385,432,249
855070633,87913160,196,302,175,324,106,149
1026798100,315516429,105,393,50,449,288,399
1066598051,1169343972,0,499,0,499,499,499
1313052438,4197487166,23,487,80,450,464,370
1024663239,545930854,0,499,109,389,499,280
977446509,99526579,78,414,14,493,336,479
939759314,202848575,175,324,175,324,149,149
1253470706,3856810145,119,383,127,404,264,277
1269764109,3962431711,34,466,89,411,432,322
1209540555,3378848506,102,436,0,499,334,499
862537777,102355713,125,368,161,399,243,238
931974320,187231423,147,350,127,388,203,261
1311075911,4182133454,0,499,0,499,499,499
987478543,294315816,110,388,138,360,278,222
1261173421,3898707816,6,478,165,332,472,167
1076558302,1365014328,0,499,62,436,499,374
836138561,70602075,0,499,62,436,499,374
1173703340,2930161925,0,499,60,439,499,379
1211887393,2767724482,0,499,6,493,499,487
1009340662,440659451,103,395,50,449,292,399
1301376412,4150983953,114,400,149,473,286,324
1229508165,3625326639,70,429,145,354,359,209
1262414310,3907998782,75,430,49,416,355,367
1209472290,2821378177,18,482,56,438,464,382
1277906747,4027352116,32,467,147,386,435,239
1123153256,2050030859,0,499,17,481,499,464
1152833326,2608575551,109,389,0,499,280,499
700621799,58361030,125,374,56,411,249,355
1104701893,1841000225,147,352,100,399,205,299
1053444426,542470081,44,360,134,360,316,226
1294486149,4122564730,95,422,181,317,327,136
1267264349,3937637241,0,499,0,480,499,480
1305129462,4164670449,106,388,51,463,282,412
1247480067,3810740210,0,499,67,432,499,365
1260256417,3894928640,32,481,32,470,449,438
1239891893,3741762214,70,429,145,354,359,209
1275656572,4006517540,101,402,60,411,301,351
1196673500,1655376165,0,499,109,389,499,280
1250348257,3832300469,163,336,130,369,173,239
1285983991,4068975899,62,436,0,499,374,499
1027038993,569684371,108,390,50,449,282,399
1269496785,3959362247,0,499,0,499,499,499
1278796023,4037083848,30,491,16,492,461,476
1248212733,3814292114,45,412,35,474,367,439
1316298431,4200883015,37,452,77,432,415,355
1121420182,2035478937,41,461,8,490,420,482
874730589,76065894,71,427,0,499,356,499
1190258975,1876687644,0,499,83,415,499,332
1258842751,3887559969,0,499,55,499,499,444
1030371668,531690103,74,425,0,499,351,499
1119407123,1998121618,0,499,0,499,499,499
1265173037,3929867187,40,219,217,281,179,64
1266798402,3940016298,0,499,109,390,499,281
926368310,177874370,150,349,107,391,199,284
1150017049,2562090038,96,386,69,389,290,320
1243953587,3777117740,0,499,62,436,499,374
256711424,7793687,0,499,2,497,499,495
1281728604,4052947940,0,499,0,499,499,499
1164669795,2789785504,0,499,83,415,499,332
1260615168,3894584990,36,462,146,347,426,201
1007720933,435169283,103,395,50,449,292,399
1015191942,478836161,0,499,63,436,499,373
1280692684,4046463594,65,486,13,479,421,466
1065719461,1149676772,27,474,87,413,447,326
1282776512,4058574080,0,499,0,499,499,499
985492926,290911784,7,479,86,437,472,351
1230287903,3636155606,48,450,0,499,402,499
1265494411,3931445211,50,463,177,355,413,178
860116713,97408563,68,431,0,461,363,461
1297419263,1105036364,90,420,3,489,330,486
1311430800,4187123233,15,485,166,357,470,191
1264225285,3924752014,41,478,35,469,437,434
1116847833,1965615445,0,499,0,499,499,499
1289489898,4088648568,0,499,0,499,499,499
1304160229,4160984695,106,388,51,463,282,412
1077140798,143556506,72,427,0,499,355,499
1250268162,3831364126,0,499,167,436,499,269
983011447,286762393,62,436,0,499,374,499
1250268140,3831364115,0,499,62,436,499,374
1163931942,2773856009,8,489,66,491,481,425
1003574030,392413622,86,413,26,473,327,447
927353477,179104819,66,425,0,494,359,494
1304046199,4160929130,106,388,51,463,282,412
1265630939,3932106549,87,403,83,404,316,321
980535626,283682774,72,434,140,355,362,215
893311902,141191263,224,279,192,301,55,109
1156077361,2664721836,222,278,1,461,56,460
940025344,203345199,0,499,62,436,499,374
985768660,291319261,0,499,100,126,499,26
1325143398,4240470998,129,466,124,298,337,174
1234473629,3684693299,83,415,0,499,332,499
861903517,100762111,72,426,0,499,354,499
979669831,282410694,127,372,128,366,245,238
1233076466,3673440910,62,436,0,499,374,499
1007832437,435300375,133,366,94,404,233,310
1147174109,2529258735,63,436,0,499,373,499
1185806246,2724076417,86,412,121,372,326,251
1203537437,1198534387,221,284,175,343,63,168
851355690,83138618,0,499,68,430,499,362
1292285075,4108382327,0,499,22,499,499,477
1027217402,570611067,109,389,50,449,280,399
862620327,102967842,89,409,22,493,320,471
1007547151,435064285,100,399,45,454,299,409
1036604288,712699039,0,499,62,436,499,374
1270483114,3971912880,51,437,115,432,386,317
1281705642,4052932206,0,454,37,499,454,462
1136997816,2336118023,15,478,48,477,463,429
1008189377,436079854,160,339,130,368,179,238
1000636281,336733363,100,399,0,499,299,499
975254071,272859497,0,499,62,436,499,374
1164857903,2795866129,73,421,76,415,348,339
1087264617,1520795785,156,342,100,399,186,299
1038222089,8617276,0,499,62,436,499,374
867966399,111293168,36,463,14,482,427,468
1309033291,278786828,100,399,12,486,299,474
637873335,55368285,113,386,50,449,273,399
1248600533,3816448725,0,499,0,499,499,499
1283916896,4061631656,144,348,56,452,204,396
1185798414,3022762605,2,416,122,341,414,219
1148188616,2537777042,137,361,100,399,224,299
1102242482,1792750944,147,352,114,384,205,270
1254349775,3861176645,27,499,0,499,472,499
1217127790,3489846546,0,499,83,415,499,332
1005046398,6863839,67,432,0,499,365,499
1240727076,3748205846,0,499,24,499,499,475
1244540480,3785187475,0,499,138,436,499,298
1275632595,4007155880,104,372,57,464,268,407
1314036977,4186132352,85,376,45,419,291,374
1255140061,3868389996,0,499,0,499,499,499
1297901926,4137417207,11,491,132,375,480,243
1219641615,3528147947,85,415,112,387,330,275
1199318031,3226867666,62,436,0,499,374,499
1318195202,532454919,38,450,30,472,412,442
1008063604,435902110,129,370,90,409,241,319
1252819592,3852100046,158,341,2,496,183,494
1311064303,4182118328,79,430,9,488,351,479
1083725187,1481115538,69,432,1,498,363,497
1106027686,1860048883,43,454,96,416,411,320
1269059765,3955352259,110,389,54,445,279,391
1240697788,3748167098,76,477,18,480,401,462
1067146292,1176559516,62,436,0,499,374,499
1062229601,1112170959,0,499,109,389,499,280
1088836201,1544130046,162,336,98,401,174,303
1295100103,4123231838,0,499,0,499,499,499
912000675,155996452,12,486,68,430,474,362
1146384160,399612971,18,489,6,492,471,486
1232760224,3668905909,7,492,99,402,485,303
925360153,176689396,65,434,5,499,369,494
1293744189,4120408187,68,462,84,487,394,403
1192480770,3128691702,288,391,442,446,103,4
1204221200,3287232884,17,485,105,396,468,291
1321594429,4223061180,12,484,128,425,472,297
1205066257,854574981,126,365,81,421,239,340
1255944460,3872798738,107,392,215,306,285,91
1265567593,3931854114,4,499,127,389,495,262
1317205219,4211530269,0,499,96,430,499,334
1252627654,3850328497,0,499,62,436,499,374
982002901,285447839,0,499,53,445,499,392
1153080588,2618440760,70,429,145,354,359,209
40504830,1788665,195,304,173,326,109,153
985061074,290207468,181,317,156,357,136,201
1308122274,4174411995,0,499,0,499,499,499
1081624881,975496348,74,425,0,499,351,499
1236846446,3707735171,106,383,76,445,277,369
1119407377,1998121714,101,387,54,436,286,382
1301672757,4151002062,0,499,0,499,499,499
1314512168,4202303891,51,438,27,473,387,446
1246091237,3797080945,0,499,0,499,499,499
1127373928,278528743,168,343,168,399,175,231
856847207,90653797,0,499,62,436,499,374
1292436560,4108913736,13,485,109,408,472,299
1225887353,3020933658,236,251,0,499,15,499
1243799848,3775273883,0,499,1,499,499,498
1234813801,3688059915,0,499,63,436,499,373
1319780777,4219629829,61,440,6,493,379,487
1121315620,2033960207,31,471,26,472,440,446
1100074813,1711729787,70,429,145,354,359,209
991131314,298126580,69,430,0,499,361,499
847952089,75798047,181,320,150,349,139,199
1273867583,3995344713,51,447,0,499,396,499
1273536243,3994362532,10,489,121,369,479,248
982848097,286448658,71,427,43,456,356,413
1274419335,61097700,96,402,83,467,306,384
1314876168,4186819510,82,426,83,427,344,344
1155221058,2638944193,165,334,179,320,169,141
1231055799,3644385844,79,432,115,377,353,262
1292149670,4106229448,0,499,62,436,499,374
1259147076,3887608215,23,455,61,464,432,403
1283643010,4061595782,66,469,94,408,403,314
753398736,61051385,0,499,92,406,499,314
865921208,1556054,0,499,34,465,499,431
1052452651,985118798,40,468,49,436,428,387
921948078,170165493,178,325,120,311,147,191
1192458702,3128631979,134,366,16,451,232,435
1033242972,647859063,0,499,239,261,499,22
1283023158,606009513,12,486,11,488,474,477
1122255826,278391531,144,354,100,399,210,299
990783301,298012776,155,342,102,487,187,385
873895374,119771030,195,304,161,337,109,176
963380879,243436440,0,499,68,431,499,363
1066930501,1173353193,4,497,86,415,493,329
1096514844,1655377502,228,262,233,258,34,25
956417443,221692991,112,386,73,425,274,352
1065935804,1156985518,158,341,98,400,183,302
1215194146,3469458804,0,499,62,436,499,374
1027068089,569776222,114,385,50,449,271,399
1317905909,4215693054,48,452,153,345,404,192
1241680344,3759513232,94,404,2,491,310,489
1086094008,1508416186,22,468,78,426,446,348
1243841312,3776678580,149,345,93,427,196,334
1275616585,4006501234,124,353,143,383,229,240
1317724172,4213435114,0,499,0,499,499,499
1205742744,3310018690,70,429,145,354,359,209
1309075053,4179414832,43,460,73,454,417,381
1307851561,4172912222,115,382,222,285,267,63
1311192679,4184450814,16,499,14,499,483,485
1096706821,1658839875,109,389,0,499,280,499
1298686766,4140216012,0,499,83,415,499,332
1097577525,1673552589,137,361,100,399,224,299
1088448598,1539461029,206,293,176,322,87,146
1269771072,3962600203,0,499,62,436,499,374
1262510569,3908173907,105,383,85,450,278,365
1313601681,4183600634,62,378,141,363,316,222
961228064,236987340,62,436,0,499,374,499
1258972012,3887595103,0,499,0,499,499,499
1213042978,3439354246,102,417,22,361,315,339
1247254459,3800159265,53,451,21,471,398,450
1282528293,4057542905,0,495,10,496,495,486
1260072514,3889370585,19,492,71,441,473,370
958003058,2923042,0,499,63,436,499,373
1271683729,1350479174,90,418,17,476,328,459
1271714696,3979569691,0,499,0,499,499,499
1158941311,2705130474,0,499,62,436,499,374
1190257679,1876686869,133,360,82,423,227,341
1179111541,2990583306,90,406,40,491,316,451
1280446439,4044821840,0,499,0,499,499,499
1321893437,4227758505,0,499,59,486,499,427
1304613084,4162788649,62,436,0,499,374,499
936927808,72264121,0,499,62,436,499,374
1276346412,4012862014,70,424,124,369,354,245
1301516334,4150994642,0,499,0,499,499,499
1225886305,2886591754,203,309,176,366,106,190
1240712449,3748071011,0,499,0,499,499,499
977867804,278547973,50,448,0,499,398,499
1082388580,1464069825,62,436,0,499,374,499
1133239684,2245678403,25,447,72,479,422,407
949624744,212666346,187,250,250,330,63,80
1015521822,484961783,55,464,94,406,409,312
975585155,256377216,157,341,113,385,184,272
1027012478,569675954,107,391,50,449,284,399
1301517920,4150995207,83,433,119,410,350,291
1315620315,4204368357,20,476,41,460,456,419
1262285577,3906573366,0,499,0,499,499,499
1265214043,3929900492,150,364,12,488,214,476
1185806194,2724076393,170,330,183,320,160,137
1256074139,3873126784,108,397,50,452,289,402
1254707776,3863648329,0,499,0,499,499,499
1303628870,4159071251,106,388,51,463,282,412
1097512587,1672343859,98,401,150,348,303,198
1254738890,3864865931,0,498,0,499,498,499
1316148714,4200874196,34,480,57,446,446,389
1260342415,3893243205,47,465,104,375,418,271
1305131485,4164670795,106,388,51,463,282,412
1042477788,840491787,0,499,62,436,499,374
1110306814,1186794381,35,463,62,432,428,370
941902501,207703914,174,325,192,378,151,186
1230795373,3641714948,0,499,0,499,499,499
1322105206,4228954558,157,321,65,446,164,381
1225435843,3513757161,32,458,161,345,426,184
872973990,118426281,76,423,0,499,347,499
1105636468,1849967039,0,499,62,436,499,374
1086436,184080,1,497,0,499,496,499
1065960071,1157892245,0,499,0,499,499,499
1175649294,2939669793,94,404,0,499,310,499
1088110226,1532984082,148,350,115,384,202,269
1174591373,2940640065,130,369,130,369,239,239
1024240368,542325434,57,448,131,393,391,262
982004649,285447916,90,374,130,367,284,237
1125193686,2090198863,62,436,0,499,374,499
1323315677,4231696552,49,357,189,299,308,110
935818569,195596747,0,475,125,374,475,249
1156092918,2664768415,86,415,41,460,329,419
1275419601,4004201887,0,499,0,499,499,499
1295960244,4128274544,26,482,110,384,456,274
1058096341,576813284,96,402,0,499,306,499
874766505,120566208,175,323,143,355,148,212
1293162629,4116506474,39,457,68,474,418,406
941678723,207257919,173,328,183,311,155,128
1168014929,2849849846,69,432,99,403,363,304
865095228,107302563,157,341,100,399,184,299
1123624694,2059468408,155,344,100,399,189,299
1269449454,3957819456,11,488,80,419,477,339
1119769814,1655838578,135,354,90,420,219,330
1219774862,3525645661,109,389,0,499,280,499
1283638311,4061595438,0,499,0,499,499,499
988502196,295394109,62,436,0,499,374,499
451184730,50295804,128,372,75,424,244,349
1166636997,2823144074,12,475,26,472,463,446
1314705496,4202234652,0,499,0,499,499,499
1235815564,3700209488,0,499,57,442,499,385
1317474649,4212782561,0,499,62,436,499,374
1127369342,2122041172,110,389,77,445,279,368
1076106401,1358124151,101,383,36,468,282,432
878808697,124161142,54,453,44,460,399,416
1101248733,1733830925,0,499,62,436,499,374
1234803655,3684618403,0,499,109,389,499,280
972668584,266169301,62,436,0,499,374,499
1244540544,3785187491,0,499,128,436,499,308
946302448,208381920,32,467,24,475,435,451
1324221523,4236298536,194,314,58,433,120,375
1113113588,1788741737,43,448,161,323,405,162
1126860965,2106889022,149,355,139,358,206,219
1179532317,2992578563,83,415,0,499,332,499
1312024720,4189093216,0,499,0,499,499,499
1261360919,3898715168,0,499,0,499,499,499
1301504183,4150990577,17,483,31,415,466,384
1248171225,3814507487,139,408,139,353,269,214
863901979,105267939,0,499,83,416,499,333
854178954,85756376,70,429,0,499,359,499
1244326115,3782771544,0,499,126,436,499,310
1299529866,4141662041,33,354,129,372,321,243
1316137027,4200873056,32,461,139,368,429,229
1026910774,569594370,108,391,50,449,283,399
857981349,92094371,125,374,62,436,249,374
1240249978,3744991289,0,499,62,436,499,374
1247486901,3806321676,0,499,45,454,499,409
1078029559,1390140590,67,432,23,471,365,448
1311129567,4181904170,0,499,0,499,499,499
1218172248,3499983053,70,428,0,499,358,499
1007652218,435046228,54,445,0,499,391,499
1311671843,4189024193,0,499,60,465,499,405
1275672951,4006519613,37,467,123,364,430,241
1298205197,4138910890,18,487,125,418,469,293
1086533364,1512393024,0,499,62,436,499,374
1082953608,1474468919,153,346,100,399,193,299
959070752,230866264,95,403,34,489,308,455
1161288477,2736496401,56,445,39,465,389,426
987621455,294476445,41,455,43,455,414,412
1261173796,3898707854,24,479,130,367,455,237
1027045745,569653810,106,393,50,449,287,399
1243659294,3775275200,0,499,62,436,499,374
949384265,212342733,98,373,144,361,275,217
1290850740,4097233474,111,404,52,432,293,380
1091121941,1566843631,0,499,62,436,499,374
1256103425,3873229513,69,442,175,358,373,183
1257253759,3879893007,0,499,0,499,499,499
1172791549,2920940570,65,437,11,458,372,447
1277905595,4023216966,1,494,53,472,493,419
1236284298,3644476999,0,499,62,436,499,374
1264900493,3928056959,9,489,111,387,480,276
1126060785,2098954898,110,389,54,445,279,391
1288894223,4085920381,15,488,18,482,473,464
1266950636,3940046070,3,499,0,499,496,499
953814783,199414764,0,499,62,436,499,374
1243770558,3775266993,0,499,0,499,499,499
998481762,334575409,0,499,0,436,499,436
1174588085,2940639028,179,327,168,333,148,165
1266920249,2297163544,114,399,44,468,285,424
1265166915,3925039002,27,470,16,483,443,467
1139279408,2385653070,27,465,76,408,438,332
1131052961,2192155771,0,499,0,499,499,499
1276740201,4016160117,0,499,62,436,499,374
1010154935,444828826,0,499,51,447,499,396
1207708815,3344433196,0,499,63,436,499,373
82470530,2310765,73,426,0,499,353,499
1292261470,4108381039,32,499,89,421,467,332
1063559541,1128769694,0,499,84,379,499,295
1145872680,2507098420,355,377,122,370,22,248
1282019632,4050756423,54,447,76,435,393,359
1310707801,4182270789,44,467,98,433,423,335
1186609981,3034465334,0,499,83,415,499,332
1120232562,1534356705,0,499,77,422,499,345
1169544682,1892600476,104,418,11,486,314,475
1290045751,4091042760,62,436,0,499,374,499
1275592845,4006717228,0,499,0,499,499,499
1254073953,3860120317,4,494,0,498,490,498
1285409498,4069012833,47,452,35,490,405,455
1306315277,4165047177,60,439,0,499,379,499
935625175,195213813,72,426,0,499,354,499
1255158678,3868342560,130,368,70,474,238,404
1313350072,4197666480,40,476,6,479,436,473
1258873782,3887566897,34,468,59,441,434,382
1203464702,3277811198,105,350,38,468,245,430
868319402,111778293,0,499,125,373,499,248
1314370442,4202301654,122,446,220,293,324,73
956069950,220939479,158,344,159,336,186,177
1155972828,2662726149,117,382,114,398,265,284
1013168719,464574278,226,330,200,305,104,105
1305157357,4164673802,106,388,51,463,282,412
1250959035,3836820856,134,310,153,314,176,161
941622142,207151314,125,393,155,333,268,178
1314567260,4202304952,0,499,0,499,499,499
1164498639,2786150094,35,475,74,419,440,345
834700070,67950785,195,304,150,349,109,199
1133976902,2270640793,15,480,94,401,465,307
1008146620,436070260,116,399,145,354,283,209
1261173180,3898707795,10,481,164,335,471,171
1076990879,1370611051,94,405,27,471,311,444
1266506479,3938617784,11,491,182,344,480,162
1243424923,3773722595,39,470,62,425,431,363
1052643996,991423049,179,328,117,399,149,282
1155995192,2663027641,103,394,185,320,291,135
1048158449,938235635,70,429,150,349,359,199
1054675920,1045773695,72,426,0,499,354,499
1048485681,939579703,0,499,62,436,499,374
1292242370,4108379798,108,398,88,410,290,322
893751577,62146941,95,403,12,486,308,474
1102701118,1805706100,0,499,62,436,499,374
997445352,318479643,19,479,0,499,460,499
1323282998,4232535210,17,361,138,374,344,236
1128290833,2140520744,18,481,15,480,463,465
1283557866,4061584371,0,499,0,499,499,499
1140770208,2419248486,62,470,110,376,408,266
1258618665,3886016081,62,437,104,394,375,290
1245967261,3795862133,0,499,79,436,499,357
1214148615,3455345558,62,436,0,499,374,499
1260235440,3894917657,27,484,29,470,457,441
1249536020,3819983849,26,483,54,477,457,423
1267257326,3942383796,11,493,158,349,482,191
1190250772,2349852280,75,429,119,409,354,290
1316235969,4200879732,0,499,1,499,499,498
1105729403,1853153605,58,464,12,462,406,450
1123829559,2063144788,208,305,201,288,97,87
1275336103,4004145763,21,466,39,471,445,432
899889056,145482428,113,385,50,449,272,399
1007705153,435271296,171,327,125,374,156,249
464228230,50520617,73,425,0,499,352,499
862633039,102815961,55,445,59,432,390,373
1140309815,2406557963,70,456,91,407,386,316
1282584798,4057555354,9,496,28,474,487,446
973608048,269653841,116,394,91,423,278,332
987484502,294326183,203,286,12,343,83,331
1132791770,2232862717,0,499,114,384,499,270
449726530,50279866,127,372,89,409,245,320
1274607199,48741431,73,425,0,499,352,499
1317709211,4213749862,0,499,0,499,499,499
846341476,75629645,73,426,0,499,353,499
1269265028,3949178093,0,499,62,436,499,374
847422956,76280243,150,349,107,391,199,284
1251231823,3838170301,12,488,48,440,476,392
1322050478,4228953361,90,407,91,461,317,370
1192405695,2867858738,62,436,0,499,374,499
1261173615,3898707832,75,424,176,325,349,149
1121689905,2016663801,63,443,72,426,380,354
1307034311,4170361398,15,483,141,358,468,217
1306780611,4167083962,106,388,51,463,282,412
1174586429,2940638706,174,307,216,307,133,91
947941608,210427214,140,360,125,376,220,251
1102255144,1792750510,162,330,108,391,168,283
979345958,281658855,124,375,5,497,251,492
1014896083,474837459,0,499,0,499,499,499
971432877,262168576,123,367,140,352,244,212
901353501,146713410,100,399,102,396,299,294
1271111349,3974958783,125,286,27,319,161,292
1240586116,3748050700,79,410,55,442,331,387
1008111463,435917441,140,359,99,399,219,300
1252631943,3850031982,182,306,267,272,124,5
1249723663,3821041003,33,463,104,396,430,292
1317080337,4211699744,0,499,0,499,499,499
1261173232,3898707801,23,493,133,357,470,224
1120028664,2008807553,100,399,139,360,299,221
1058966209,1089644917,0,499,49,450,499,401
1128737215,278385671,151,349,100,399,198,299
1285980297,4071437772,0,499,0,499,499,499
1255299320,3865853412,0,499,62,436,499,374
1261173843,3898707860,73,420,188,310,347,122
987618059,294453810,0,499,73,426,499,353
1276319137,4012662829,141,215,145,341,74,196
1108465879,1876939142,62,436,0,499,374,499
980386444,283273883,118,381,100,398,263,298
1196369471,3186473912,0,499,15,484,499,469
997903677,67824130,190,309,166,333,119,167
1226405787,3592383121,0,499,142,436,499,294
1040537486,815162700,83,416,0,499,333,499
919857897,165262800,0,499,62,436,499,374
1103073596,1814027344,135,364,100,399,229,299
1201835319,3155073147,86,412,5,494,326,489
1170421568,2896538599,83,418,84,367,335,283
1169885177,2850653545,45,454,29,469,409,440
1246077207,3797080588,32,463,30,471,431,441
1276524507,4014004628,34,462,75,470,428,395
920239864,133266025,148,350,100,399,202,299
1201839060,3249410601,84,411,18,488,327,470
1017225982,18751335,183,315,150,349,132,199
1286135624,4071559649,62,436,0,499,374,499
189469430,5754472,0,499,41,457,499,416
1222865954,3566631886,10,491,62,442,481,380
1215531062,3470074191,106,393,11,488,287,477
971423375,262159035,1,495,6,486,494,480
1244540503,3785187481,0,499,138,436,499,298
1169935349,2888059465,0,499,0,499,499,499
1215397608,3470130985,110,388,42,465,278,423
1255230642,3863972539,114,386,52,448,272,396
1098563366,1689344320,0,499,93,406,499,313
1242802293,3766058678,41,480,47,449,439,402
1316857013,4201006945,109,475,139,379,366,240
1283456443,4061578535,0,499,0,499,499,499
1312147582,4193588172,0,499,0,499,499,499
1190251926,2647272547,0,499,115,383,499,268
1123628110,1118849575,10,489,9,483,479,474
1281849125,4053393532,11,488,11,488,477,477
330649180,47257167,207,275,192,320,68,128
975118772,272936066,40,465,12,484,425,472
1009068908,439808537,73,425,0,499,352,499
938973776,87429455,68,431,0,499,363,499
1236480287,3708823329,236,277,0,499,41,499
1278836900,4037445357,0,499,0,499,499,499
1136621697,2324465821,62,436,0,499,374,499
1275408996,4005900024,150,364,12,488,214,476
1301367874,4150982961,0,499,0,499,499,499
1073888811,1326795042,94,405,0,499,311,499
1260623364,3894607873,64,434,0,499,370,499
1272593395,3990411453,25,486,166,391,461,225
1214025632,3119072183,184,315,157,349,131,192
1308726135,4177820467,0,499,12,499,499,487
1108213472,1870991791,0,499,109,389,499,280
1276350964,4012749183,68,438,82,435,370,353
1325146604,4240471353,24,465,8,499,441,491
927354991,179487351,65,425,0,492,360,492
1243785553,3775997580,127,347,56,430,220,374
920905477,158713066,31,491,120,389,460,269
1156075923,2664721642,227,273,6,166,46,160
1204253072,3287293419,38,482,72,446,444,374
1273148863,3993167608,41,426,191,346,385,155
1073532601,1322500543,0,499,62,436,499,374
1008093950,435914709,160,339,125,373,179,248
1240727769,3748206615,36,485,37,423,449,386
1286474361,4173400412,50,448,81,416,398,335
1260240552,3894921795,39,447,60,448,408,388
1143238812,2462955919,178,360,145,350,182,205
1257694950,3881724936,43,487,30,483,444,453
903704744,148341288,10,499,62,436,489,374
921031537,49362650,110,389,0,499,279,499
1062486162,1115318771,70,429,0,499,359,499
1279047845,4037878968,0,499,87,499,499,412
986513382,292572071,138,360,95,404,222,309
1074906701,1339753896,122,382,27,472,260,445
850072784,81552250,66,432,0,499,366,499
1078865532,1158443226,17,481,0,499,464,499
1312154076,4193611989,147,355,239,397,208,158
1062755381,1119189029,69,430,0,499,361,499
908116323,148184555,71,427,17,499,356,482
1264092179,3923705181,70,428,3,496,358,493
1026739647,568678278,9,489,85,415,480,330
1163589974,2763595589,0,499,109,389,499,280
1234867321,612966490,52,447,13,485,395,472
1261394799,3898719785,0,499,241,259,499,18
1321431481,4222995808,224,263,99,407,39,308
1152751537,2610459019,83,415,0,499,332,499
1318397385,824423718,14,485,124,374,471,250
1237461304,779101033,174,363,165,294,189,129
1263008347,3913253844,54,443,65,499,389,434
1209546737,3374302230,189,310,150,349,121,199
1261171410,3898707167,13,294,73,431,281,358
1292693866,4112913055,37,458,41,459,421,418
1233067055,3673505164,109,389,0,499,280,499
1238332711,3727839152,0,499,113,436,499,323
941621839,207151340,170,332,170,325,162,155
1027237073,570646394,115,383,50,449,268,399
884185873,124561327,50,447,135,375,397,240
1249535069,3819980442,173,328,177,323,155,146
1102130362,1790902132,29,482,59,436,453,377
1317237210,4211533974,54,499,20,485,445,465
1283845562,4061618176,0,499,0,499,499,499
1227707743,3612877671,0,499,63,436,499,373
1264019214,3923098263,64,430,48,472,366,424
1265308972,3930133420,0,499,0,484,499,484
1094404229,1617505858,0,499,109,389,499,280
1156165947,2665878275,113,385,0,499,272,499
866607873,109421848,47,452,0,499,405,499
1316117349,4200871266,9,491,44,398,482,354
1275413524,4004197149,54,433,60,423,379,363
1261381564,3898717253,0,499,0,499,499,499
882058000,100375692,0,499,62,436,499,374
1267305932,3942511941,164,367,161,343,203,182
1256815990,3875048146,144,429,72,433,285,361
876373144,70659495,80,418,0,499,338,499
1161438845,2738537635,0,499,0,499,499,499
1100604917,1734830552,68,431,0,499,363,499
1240384057,3747156065,84,415,11,478,331,467
860618369,95670346,187,311,156,342,124,186
1075760795,1352145768,9,494,122,396,485,274
1302929285,4154933423,46,454,39,476,408,437
1240771610,3748228172,51,451,78,398,400,320
1033340540,649924147,0,499,0,499,499,499
1203468327,3277926276,0,499,68,431,499,363
1212615573,3430235162,62,436,0,499,374,499
665759877,48873255,75,424,95,403,349,308
922170544,170807773,216,266,112,389,50,277
1283517223,4061479471,0,499,0,499,499,499
1275979291,4010220561,0,437,53,479,437,426
1156026972,2663803286,16,456,125,369,440,244
1174587210,2940638852,51,462,39,458,411,419
1037547801,501173858,155,344,100,399,189,299
1243660330,3775276403,0,499,148,436,499,288
1275602133,4006499758,53,430,91,444,377,353
1294533136,4122838067,0,499,0,499,499,499
1287374628,4076594108,75,436,77,443,361,366
994900658,302719796,164,339,66,430,175,364
1127170695,2114119304,61,438,0,499,377,499
1144825042,2477812683,62,436,0,499,374,499
850844073,82421135,199,302,175,324,103,149
1296381468,4130471837,185,324,281,490,139,209
1262172939,3905724600,0,478,0,499,478,499
1223521499,3580744717,8,495,2,487,487,485
1189165514,3070294875,212,292,158,366,80,208
982509173,286409264,0,499,44,450,499,406
1308763547,4177859946,51,449,0,499,398,499
1027234544,570646619,100,398,50,449,298,399
928625193,182068519,190,308,160,339,118,179
1299759981,4143494764,102,305,276,480,203,204
1115215890,1940886433,174,364,54,372,190,318
1292526520,4108941447,2,496,0,499,494,499
1081904520,1462151530,137,361,100,399,224,299
1035164572,610610988,129,377,148,233,248,85
1108466410,1877001302,110,389,51,447,279,396
1117030382,1967304095,8,494,24,450,486,426
1094846924,1629867652,146,339,151,344,193,193
1309061696,4179409270,0,499,0,499,499,499
1314361619,4186269402,115,482,110,329,367,219
1070005380,597656440,142,357,100,399,215,299
1075711480,1351973085,136,315,20,490,179,470
1301686252,4151002292,0,499,0,499,499,499
1169056407,2870254460,62,436,0,499,374,499
1009147709,439837432,73,425,0,499,352,499
1278708455,4036971729,86,428,78,414,342,336
1312767586,4195978719,62,436,0,499,374,499
1174592538,2940640341,45,465,135,353,420,218
885663158,131317825,0,499,245,249,499,4
1273765462,3994901119,48,435,42,442,387,400
1229571931,3625788806,0,499,0,499,499,499
1235242792,3692645406,46,461,143,339,415,196
1097877933,1675758346,10,369,54,481,359,427
1270259222,406413170,100,399,26,473,299,447
1216867629,3486674761,83,416,0,499,333,499
1244541183,3785187873,0,499,145,436,499,291
1323695436,4234147758,0,483,0,493,483,493
1027360666,570682367,127,372,50,449,245,399
1257501701,3881700078,27,454,38,447,427,409
1300899982,4149435263,122,377,10,489,255,479
993359288,300366832,62,436,0,499,374,499
1258576694,3885509835,18,459,60,468,441,408
1006382204,424045247,153,397,327,487,244,160
1276367524,4012754729,65,439,68,440,374,372
1265216524,3929868038,36,385,30,411,349,381
1174587294,2940638874,51,462,39,458,411,419
1311717258,4189039897,0,499,56,499,499,443
874538637,107645223,83,427,90,407,344,317
1231344998,3648044173,109,389,0,499,280,499
1211798036,3410057151,21,472,40,443,451,403
927442346,180167299,0,499,28,471,499,443
1296916863,4132628641,0,499,0,499,499,499
1096612023,1657120111,180,319,150,349,139,199
1307270070,4169226039,78,421,0,499,343,499
1192104781,3121127216,157,340,79,326,183,247
1146707859,2522824024,159,339,111,388,180,277
986701917,292963284,90,409,130,369,319,239
1237278691,3716307730,0,496,18,499,496,481
1287879128,4079551075,140,364,18,488,224,470
1192046234,3120577922,68,432,22,488,364,466
1190250874,2394039629,103,434,71,422,331,351
1271494941,3977399324,162,389,66,413,227,347
1305753335,4166642473,106,388,51,463,282,412
1069782294,1239841005,0,499,0,499,499,499
1261193725,3898711615,0,499,0,499,499,499
1165742239,2806785412,154,344,223,291,190,68
1266243452,3937646662,230,317,152,329,87,177
1174587885,2940639000,8,496,24,460,488,436
1257735837,3881730149,46,499,0,499,453,499
981990297,285433965,5,491,109,395,486,286
1273990765,3995366668,119,396,136,407,277,271
1307747880,4172813033,128,372,138,368,244,230
987570181,294380313,159,324,73,442,165,369
1215383988,3470091317,84,413,13,483,329,470
1290024678,1841000376,100,399,25,474,299,449
1040574346,813241246,72,426,0,498,354,498
1190865953,3098368160,18,499,38,374,481,336
1167031252,114365846,62,436,0,499,374,499
1131402250,2202911987,0,499,63,436,499,373
1273762915,3992794575,24,485,30,470,461,440
958635603,228282454,0,499,62,436,499,374
1026374733,562801983,0,499,52,447,499,395
1301427072,4152028245,0,499,0,495,499,495
1008151366,436085631,160,339,133,365,179,232
1283022747,4057772969,0,499,0,499,499,499
1284205120,4056360800,0,499,21,478,499,457
959535599,228888242,72,427,0,499,355,499
1252627992,3850328788,0,499,62,436,499,374
1314861976,4186806697,113,350,126,374,237,248
1116146903,1953854085,94,426,86,426,332,340
984365301,219771950,15,485,64,418,470,354
1305856841,4166954851,106,388,51,463,282,412
1274856856,1989909289,163,370,51,466,207,415
1321338597,4220974599,128,370,0,499,242,499
1252627780,3850328588,0,499,154,436,499,282
1285434736,4068975891,10,489,88,411,479,323
1308843194,3707989338,100,399,10,488,299,478
1174589378,2940639473,9,491,92,481,482,389
1137732353,2352562909,62,436,0,499,374,499
1265204197,3929889961,220,290,12,487,70,475
1252627918,3850328765,0,499,62,436,499,374
1317106213,4211272663,0,499,0,499,499,499
1123366545,2052517182,25,429,0,499,404,499
1269403103,3958462420,26,479,36,457,453,421
707898794,52919902,0,499,62,436,499,374
917255669,162774577,0,499,12,487,499,475
1324016079,4235887969,0,499,0,499,499,499
1071993989,1299618503,87,411,0,499,324,499
1233804751,3682492529,0,499,121,395,499,274
1307788299,4172825026,20,478,47,444,458,397
1250880765,3836341438,22,479,36,472,457,436
1309033790,278513624,100,399,19,480,299,461
1007771576,435259156,150,349,100,398,199,298
972193670,264546150,139,382,132,382,243,250
1225496128,3589989775,82,382,124,366,300,242
983833149,288157461,228,300,181,334,72,153
1030807177,603394389,58,441,21,479,383,458
1316096106,4200868858,14,496,22,496,482,474
1314433766,4200677826,0,499,0,499,499,499
1271293302,3976901220,67,432,37,473,365,436
1100220536,1713449201,0,499,0,498,499,498
1075710061,1351875123,123,375,12,486,252,474
1273257402,3992546254,73,441,74,426,368,352
1065719462,1149676810,42,458,86,413,416,327
1123943639,2066004871,155,343,100,399,188,299
1121419863,2035478863,10,215,163,333,205,170
1280417950,4045104205,47,438,25,475,391,450
1287743228,4078708836,0,499,109,389,499,280
1119573473,1035122507,109,389,0,499,280,499
1192033431,3120541455,68,432,22,488,364,466
1269525472,3959446963,0,499,0,499,499,499
1053427159,1031636514,111,391,30,468,280,438
874732067,87642430,71,427,0,499,356,499
1257913290,3883641700,0,499,109,389,499,280
1323843178,4234280449,0,499,0,499,499,499
1323291198,4231695283,33,469,92,437,436,345
1194549606,3150068439,74,425,0,499,351,499
1316182838,4200876408,0,499,0,499,499,499
1142264227,2448615676,71,71,123,364,500,241
1008620367,439001569,73,425,0,499,352,499
1310665136,4184528557,13,484,94,415,471,321
1251011184,3837110983,3,494,6,497,491,491
1290698558,4095697140,63,435,87,411,372,324
1009265615,440570434,160,339,130,368,179,238
1304972375,85519817,61,437,0,499,376,499
1013180383,464615008,197,301,171,327,104,156
1038708209,603505499,78,422,28,472,344,444
1123624960,452689633,144,354,100,399,210,299
1282601358,4057738151,0,499,0,499,499,499
1284634519,4065768979,73,479,20,488,406,468
1304041115,4160811703,0,499,0,499,499,499
1190253792,1876684340,146,351,151,349,205,198
1205595952,3307541196,0,499,63,436,499,373
1007753892,435111194,61,438,0,499,377,499
1322071023,4230260491,70,429,145,354,359,209
1282525759,4057540879,0,499,0,499,499,499
913385062,75512793,63,436,0,499,373,499
1229582882,3625742176,128,430,10,498,302,488
1274101293,3997446299,19,463,260,414,444,154
1273798920,3993063566,70,418,184,379,348,195
1204293509,2714262393,161,337,100,399,176,299
1213106423,3432095077,84,402,179,399,318,220
971613539,262687033,62,436,0,499,374,499
1167670660,2843197050,106,396,14,476,290,462
1276360493,4012869695,47,454,109,461,407,352
1309989070,4181946324,0,499,0,499,499,499
1007678742,435161064,140,359,111,388,219,277
1304176212,4160987905,106,388,51,463,282,412
1211805450,3410066980,0,499,0,469,499,469
1075760045,1352145747,62,437,62,436,375,374
1077986707,1388830479,76,423,0,499,347,499
1323726725,4233749411,0,499,0,499,499,499
1254291075,3859876033,62,449,28,411,387,383
1324082153,4236041900,10,483,38,487,473,449
1123943634,2066004867,182,270,123,299,88,176
858601176,93046654,0,499,62,436,499,374
1039314416,794035681,0,499,62,436,499,374
1053233797,1028700593,106,402,18,474,296,456
1102901920,1810164089,0,499,108,391,499,283
1132503933,2227199154,0,499,62,436,499,374
1146410439,1309714318,47,452,38,451,405,413
1156077117,2664721790,234,265,1,474,31,473
1161058327,2730795934,0,499,62,436,499,374
1307881933,4173008751,0,499,0,499,499,499
1055254740,1056227962,155,343,100,399,188,299
1296383635,4130472213,0,499,0,499,499,499
1043841192,853455936,5,488,114,380,483,266
1250252723,3831235308,73,480,104,403,407,299
1283778736,4061612116,1,498,31,498,497,467
1239606542,153514253,187,311,150,349,124,199
1275702246,4006536037,44,468,39,462,424,423
1199818501,3236461520,0,499,83,415,499,332
1016569538,499695710,15,483,0,499,468,499
1260222217,3894912025,47,452,47,449,405,402
1278369557,4034032055,0,499,62,436,499,374
888391730,134489163,43,440,150,336,397,186
1317001967,4211507775,149,343,169,343,194,174
1255799372,3871478961,0,499,62,437,499,375
1310848307,4184547610,21,492,29,479,471,450
1320185402,4221312216,29,474,206,324,445,118
1086094323,1508416204,169,320,160,349,151,189
1314682512,4186561856,14,491,129,368,477,239
1305285633,4163262913,83,416,0,499,333,499
882251030,126732506,0,499,63,435,499,372
1270032646,3966592005,8,477,20,473,469,453
1116597501,1962652210,0,499,0,499,499,499
1135464954,2307089396,62,436,0,499,374,499
1318659452,4216251657,0,499,0,499,499,499
1117512417,1974897384,102,390,103,392,288,289
1092977654,1593402146,0,499,62,436,499,374
941874094,207639280,140,371,77,430,231,353
1132824428,559409638,137,361,100,399,224,299
972538773,265380462,0,499,62,436,499,374
902297927,111346087,7,494,86,415,487,329
1220343415,3534268613,75,424,6,482,349,476
1255749604,3871090744,165,334,134,364,169,230
1217330555,3493552571,152,343,216,276,191,60
1128414919,592288149,159,344,100,382,185,282
1299492933,4141571348,116,401,45,467,285,422
1309661597,4181417078,148,351,0,499,203,499
1243659696,3775275590,0,499,62,436,499,374
1008233597,436124029,80,418,0,499,338,499
1146060615,2234402198,161,325,192,326,164,134
1274098326,3997565214,134,341,156,371,207,215
1176505266,2958502289,62,437,62,436,375,374
1225529092,3128639853,142,357,22,477,215,455
889820998,135924032,70,429,118,381,359,263
1099202443,1700927827,16,477,173,323,461,150
859037330,93812810,72,427,0,499,355,499
1268845003,209464328,55,442,0,498,387,498
1297875606,4137578354,56,452,56,453,396,397
1215441021,3470236534,0,499,45,499,499,454
1133467396,2251593367,0,499,0,499,499,499
1136964602,2336084558,0,416,101,499,416,398
1316277785,4200881968,8,479,29,479,471,450
1113105409,1832989911,178,296,6,492,118,486
1283622247,4061593387,0,499,0,499,499,499
1203499262,2782569115,26,480,15,482,454,467
933262495,190111140,73,426,0,499,353,499
1256071309,3873126542,146,358,62,415,212,353
1225664355,3435762014,135,351,151,361,216,210
850434677,82038377,62,436,0,499,374,499
1127244354,2118144091,186,309,205,304,123,99
1133845182,2263950484,62,436,0,499,374,499
1282720634,4058568152,85,399,20,391,314,371
1155138585,2649520225,7,492,73,494,485,421
1311437304,4187124007,167,322,24,469,155,445
1248858947,3817905801,38,484,107,385,446,278
932204630,187837694,126,372,103,395,246,292
1208108197,3346729366,109,389,0,499,280,499
983939608,287009325,50,449,9,489,399,480
1113092484,1828918625,78,416,84,494,338,410
1262429964,3908156491,114,353,7,482,239,475
1261371723,3898716113,59,437,62,429,378,367
1281723414,4052932549,0,499,29,432,499,403
1041184516,290707837,32,463,141,364,431,223
1262542238,3908516825,108,354,73,443,246,370
1066647262,1170003664,176,348,25,384,172,359
1273066541,3992504823,35,476,134,390,441,256
1140765540,2419229905,70,436,29,474,366,445
963839647,244745370,5,493,0,499,488,499
1310418047,4182242605,29,469,106,395,440,289
1278935312,4037568486,0,331,72,430,331,358
1281725798,4052932586,45,454,38,490,409,452
1269154112,3956280389,31,465,98,420,434,322
1040623199,815208625,170,328,137,361,158,224
1090723080,1561917776,147,349,112,390,202,278
1269003667,3955090508,0,499,0,499,499,499
1240579732,3748050202,70,428,41,452,358,411
915096185,159603288,137,348,179,290,211,111
909311134,150350035,0,499,62,436,499,374
1006903286,429055401,162,336,108,391,174,283
1266792330,3939951629,52,477,20,490,425,470
1061567492,511836398,125,404,89,462,279,373
1091898474,1571860864,0,499,62,436,499,374
1303402776,4158396240,118,377,51,435,259,384
1085973893,1505381632,0,499,62,436,499,374
940548115,138760431,178,371,154,356,193,202
1028463480,584035453,0,499,62,436,499,374
1191045767,3101164681,47,465,77,416,418,339
977871005,278545953,103,395,0,499,292,499
1227741164,3613000599,2,498,59,440,496,381
1272978127,3992221333,83,415,0,499,332,499
1196328689,3185602028,67,417,89,441,350,352
1145748607,2503431698,73,426,0,499,353,499
1029511572,591829990,2,487,86,491,485,405
1040567310,812507309,0,499,62,436,499,374
1251441460,3842663397,235,380,125,331,145,206
1266160787,3935900511,0,499,0,498,499,498
1027158926,569894376,108,391,50,449,283,399
1262303216,3906636906,0,499,0,499,499,499
1318288305,303949132,71,361,166,350,290,184
1318501747,1256327221,81,429,27,492,348,465
1115200411,1940763702,124,369,47,448,245,401
1164498599,2786150077,68,434,74,445,366,371
1243659421,3775275390,0,499,150,436,499,286
1252627555,3850328464,0,499,62,436,499,374
1111814031,1553054287,143,356,100,399,213,299
1231055811,3644386072,14,494,51,446,480,395
1153220121,2621870100,218,281,7,494,63,487
1294820984,4124323375,90,419,12,480,329,468
1255120729,3868374599,83,416,0,499,333,499
940803955,205146163,48,445,129,395,397,266
1225888204,3593774975,150,349,150,349,199,199
1320984257,4221653218,185,330,91,405,145,314
1260344326,3893243329,169,394,116,379,225,263
936626790,196323111,0,499,62,436,499,374
1282607000,4057738505,0,499,0,499,499,499
259544567,10866385,62,436,0,499,374,499
1253257711,3855591737,52,439,18,484,387,466
934865959,193469082,0,499,129,369,499,240
1276761650,4016004610,0,499,0,499,499,499
1324090610,4233703820,56,463,147,358,407,211
1260238129,3894921014,35,477,36,469,442,433
1002986258,388576456,157,342,159,356,185,197
1285071229,4063754595,41,469,43,452,428,409
1026802761,569568730,104,395,50,449,291,399
1158120779,2695197428,23,481,112,393,458,281
1181060026,2999850102,28,471,0,499,443,499
1226845914,3578839936,0,499,62,436,499,374
845101065,61766089,185,314,158,340,129,182
967583090,254419709,126,373,70,429,247,359
1283309209,4060881973,74,419,70,431,345,361
1054582368,1043582747,70,429,0,499,359,499
1188545884,3067343069,103,404,152,409,301,257
1128451702,278552514,157,341,100,399,184,299
1266965407,3940052851,115,371,117,372,256,255
1263189683,434144408,130,368,0,499,238,499
932240834,187934798,8,490,0,499,482,499
977942774,278569055,79,419,0,499,340,499
1268532202,2579983293,116,383,0,499,267,499
1109406714,1384922210,37,379,15,487,342,472
1313374447,4197668991,45,449,162,384,404,222
1154869844,2644383785,0,499,62,436,499,374
1281727028,4052947887,0,499,0,499,499,499
1014909009,476246200,0,499,22,476,499,454
1257381938,3881217445,46,453,10,488,407,478
976143667,275278503,113,386,50,449,273,399
1267933650,3944839202,105,447,13,485,342,472
879885307,124891831,225,277,212,289,52,77
1282019487,4050756389,16,480,115,456,464,341
1093265944,1599799697,101,381,57,440,280,383
1165496464,2797904890,63,435,0,499,372,499
1123549426,2052162161,62,436,0,499,374,499
1306897402,4168961404,57,438,103,393,381,290
1252627323,3850328369,0,499,169,436,499,267
1275624808,4007155559,26,470,27,483,444,456
528706,927661,52,447,0,499,395,499
873456005,119034329,72,426,13,499,354,486
898697829,144893563,0,499,62,437,499,375
1116549302,1962056057,0,499,241,260,499,19
1128525934,278549119,187,315,113,389,128,276
1027146294,569976833,129,370,50,449,241,399
1027143203,569765190,100,399,54,445,299,391
1267350656,3942399952,53,447,11,456,394,445
1024489533,543910688,0,499,109,389,499,280
1220050986,3519482749,183,315,150,349,132,199
932050720,187356132,121,372,134,359,251,225
1027903235,577491712,72,426,0,499,354,499
1104036044,1820926334,154,323,23,455,169,432
1146939581,207151542,169,329,191,343,160,152
1257249922,3879898971,14,487,8,472,473,464
1227980306,3614045607,55,362,27,477,307,450
1227165777,3607251292,50,477,84,451,427,367
1296193705,4128244497,63,435,0,499,372,499
1324216216,4236298383,83,372,73,402,289,329
946911423,209034896,0,499,62,436,499,374
1309695290,4179732705,65,482,105,395,417,290
1302800664,4156615584,125,374,125,348,249,223
1328251858,4250677465,50,448,69,435,398,366
1261409156,3898721924,0,499,0,499,499,499
1061185148,143743686,53,446,0,499,393,499
981838381,285053842,29,499,140,338,470,198
558543372,47952398,72,427,1,497,355,496
1308455724,4176406529,0,499,0,496,499,496
1177595236,2976916576,79,367,119,379,288,260
1174752154,2063174790,28,475,91,416,447,325
1324080550,4236041878,14,472,17,499,458,482
1323326207,4231757321,0,393,49,499,393,450
1305020318,4164611262,106,388,51,463,282,412
1254293610,3859876182,28,465,116,345,437,229
1241677080,3759460006,182,333,82,311,151,229
1319688859,4214664758,37,474,137,348,437,211
1242761436,3765674058,66,434,47,462,368,415
1178734143,2987928574,49,444,129,381,395,252
1313384856,4197515891,45,455,81,451,410,370
1308737237,4177822417,151,334,172,336,183,164
1278880772,4037681674,8,488,6,492,480,486
1019303126,516377144,16,485,152,348,469,196
1229798983,3628009919,0,499,74,425,499,351
1164340397,2779211647,62,436,0,499,374,499
1015428350,483592780,94,405,65,499,311,434
1245438848,3792471694,33,454,65,438,421,373
1322966985,4232369384,10,488,41,448,478,407
1308769029,4177860016,0,499,0,499,499,499
1211834908,3407403544,0,499,83,415,499,332
1313399071,4197670814,10,499,95,499,489,404
1309143871,4179726486,102,386,23,153,284,130
1174593370,2940640460,0,499,0,499,499,499
875811801,105697860,93,405,0,499,312,499
1225887098,3070915749,125,374,125,363,249,238
1209715935,3382584656,158,421,146,362,263,216
1081601947,1457589488,1,498,133,365,497,232
1220133077,3533309262,79,419,2,496,340,494
1304127182,4160951804,106,388,51,463,282,412
1289820551,4089928627,71,428,0,447,357,447
1258679892,3885552044,20,464,61,467,444,406
1319211603,4214076750,33,485,90,392,452,302
872989016,118437344,71,427,1,497,356,496
1118436172,1984348589,17,483,57,424,466,367
853995289,85263775,197,302,175,324,105,149
534471730,53140314,204,294,180,316,90,136
1296393496,220210824,85,413,0,499,328,499
1192175534,3118853984,0,499,0,498,499,498
1323686955,4234147367,0,499,0,499,499,499
1204200085,3287127078,12,487,1,497,475,496
1252533553,3850010114,39,404,48,386,365,338
1128350148,2143036150,0,499,14,484,499,470
1257978910,3881312854,62,436,0,499,374,499
1275249372,4005358406,50,256,151,362,206,211
1305527432,4165985968,0,499,93,405,499,312
1240933318,3751398591,54,445,86,379,391,293
1039892537,804200463,192,239,26,313,47,287
1233486057,3680020436,71,428,0,499,357,499
1310317368,4182129405,98,423,37,465,325,428
1026838249,569558065,110,388,50,449,278,399
1240237493,3745169711,9,483,104,391,474,287
869864591,114026142,63,437,1,498,374,497
1186394469,3028261975,92,369,148,334,277,186
1038861191,768043034,94,405,27,471,311,444
1112028142,1919119625,25,474,111,395,449,284
1190779075,3094167672,0,499,109,389,499,280
933263666,190112670,73,438,13,472,365,459
1263701251,3918022999,36,483,0,471,447,471
973608506,269483557,72,426,0,499,354,499
1035157855,610611260,133,381,154,358,248,204
955016971,219586435,62,436,0,499,374,499
987911349,294815636,0,499,232,267,499,35
967458389,254415073,135,362,208,339,227,131
1319064018,3287235667,29,495,87,428,466,341
972798921,266587536,0,499,62,436,499,374
1108967761,1880192668,161,338,126,373,177,247
1241202248,3753602445,0,499,99,400,499,301
975100236,272769227,169,368,28,412,199,384
1177467967,2974271010,29,460,97,422,431,325
1200700632,87052957,0,499,62,436,499,374
1257595526,3881713956,149,355,47,455,206,408
1117936226,1978153195,182,324,122,315,142,193
971856234,263559362,57,443,132,365,386,233
1113061551,1926714904,14,486,99,402,472,303
1174591479,2940640102,174,311,143,360,137,217
1195258768,3166434515,57,439,108,398,382,290
854982146,87914103,196,303,175,324,107,149
1007570684,435088725,100,399,51,449,299,398
1168516056,2861077073,110,389,63,435,279,372
1281716215,4052947362,27,488,94,398,461,304
985264794,288020702,0,499,242,258,499,16
1250268334,3831364248,0,499,62,436,499,374
1308920366,4177868249,171,350,91,343,179,252
1258406022,3883434154,85,412,86,399,327,313
1146709070,2522770048,0,496,83,399,496,316
1014691501,473957662,126,374,91,407,248,316
1292017787,4105747413,43,417,30,462,374,432
1262905168,3910534823,0,499,29,469,499,440
1252747073,3851253889,28,476,18,489,448,471
876998631,122350703,0,499,63,436,499,373
1209717308,3382587133,39,472,100,433,433,333
901840814,147124236,130,369,77,421,239,344
1258618826,3886016146,82,394,200,291,312,91
1225886311,532978663,144,354,203,310,210,107
1057282006,1077445985,103,396,0,499,293,499
987913058,293124354,134,364,116,382,230,266
1263006412,3913252451,31,429,90,449,398,359
1263893153,3921318479,125,378,10,499,253,489
1204253985,3287295619,43,443,60,452,400,392
1154957443,2635928216,0,499,0,485,499,485
1323258794,4232521352,147,352,173,319,205,146
1267250418,3942389897,0,499,62,436,499,374
1204202644,3287130793,86,431,42,463,345,421
1299103555,103817069,83,416,0,499,333,499
1077001050,143727336,93,406,0,499,313,499
1266305160,3937928980,59,417,105,409,358,304
1196772302,1638134419,224,278,193,287,54,94
1300264949,4145469589,29,449,100,360,420,260
833880847,65717018,132,367,129,376,235,247
254351433,8882846,74,424,0,499,350,499
1015632401,487114088,50,449,18,480,399,462
1305076675,4164661999,106,388,51,463,282,412
1316631778,4200948901,0,499,0,499,499,499
1108943434,1879840093,135,384,5,495,249,490
1291294275,4101477582,58,439,139,397,381,258
1075425740,278544834,171,329,100,384,158,284
1108085886,1869373285,0,499,109,389,499,280
1138920717,2377538895,175,323,6,493,148,487
1237207761,3716591315,23,464,209,355,441,146
1301804083,4151008962,0,499,0,499,499,499
862579384,102706693,76,426,115,405,350,290
1276696203,4015617852,0,495,28,499,495,471
1298729889,4139501082,77,427,94,399,350,305
1007530570,435023380,67,432,0,499,365,499
1215509688,3470053525,133,366,164,334,233,170
1027758425,575938139,5,490,83,416,485,333
1164498593,2786150075,0,467,30,449,467,419
1191095067,3101490223,76,459,109,445,383,336
1296054038,4129398911,77,403,70,454,326,384
1179178150,2991042490,100,399,40,459,299,419
1244541048,3785187836,0,499,129,436,499,307
858283728,92572848,193,306,171,328,113,157
1192043812,3120575921,71,431,248,486,360,238
1262155724,3905202619,61,437,0,499,376,499
1066647272,1170003654,35,444,198,418,409,220
1262278328,3906573066,135,368,72,410,233,338
1322930177,4231787403,0,499,0,499,499,499
1323686017,4234147249,28,472,57,412,444,355
1107660158,1869201184,26,485,98,403,459,305
937538692,198255029,62,436,0,499,374,499
1168639391,2862279152,45,459,48,445,414,397
1257859269,3883201243,38,464,40,458,426,418
1118497018,1982830191,0,499,109,389,499,280
1032558506,622636140,0,499,62,436,499,374
1295220688,4125633521,32,464,33,465,432,432
937788733,199005533,211,271,190,299,60,109
1184367580,2871583105,127,367,23,484,240,461
1262292543,3906636200,45,456,203,316,411,113
1220071764,3119069547,184,300,150,337,116,187
1176026351,2943212204,62,436,0,499,374,499
1152402255,2605597150,83,415,0,499,332,499
987563804,294403402,1,498,0,499,497,499
926063775,177958218,82,391,120,402,309,282
1311485354,4187457067,144,355,55,479,211,424
1282553096,4057546096,0,499,0,495,499,495
1284940862,4066454923,0,499,62,436,499,374
1057809188,1082207575,200,299,192,306,99,114
845007677,73651579,57,441,0,499,384,499
1169770427,2703314899,110,391,129,409,281,280
869298682,113206585,115,384,87,412,269,325
1192147608,3122618021,68,432,22,488,364,466
1144322631,2439829153,90,427,183,322,337,139
161727030,3858423,68,431,0,499,363,499
975064605,272839520,167,331,131,367,164,236
1264399829,3925651858,212,284,51,250,72,199
1256744892,3874333727,3,499,0,437,496,437
987484486,284904422,0,499,26,472,499,446
1316353103,4209054541,55,429,172,345,374,173
1169902729,2884892708,0,499,109,389,499,280
1064659320,1140202234,123,387,148,399,264,251
1098778009,1687456788,0,499,84,415,499,331
1054770179,1048337785,62,439,20,480,377,460
1033362054,621139419,0,499,56,442,499,386
467788830,50556356,150,342,123,375,192,252
1311644653,4188897253,0,499,0,499,499,499
1161211593,2734713818,150,349,100,399,199,299
1050627345,73348431,62,436,0,499,374,499
1138604847,2371710514,123,366,100,342,243,242
1265208941,3929890109,0,499,0,499,499,499
1192165474,3122724258,68,432,22,488,364,466
1276014683,4010222880,58,499,29,480,441,451
1095513902,1630486145,12,481,131,466,469,335
1067183737,1178039515,0,499,0,499,499,499
1310499007,4183896985,27,466,51,457,439,406
1209708565,3382580385,116,354,20,487,238,467
1252187719,3847768758,0,483,119,381,483,262
1119523631,2000192030,110,389,54,445,279,391
1246039033,3796900270,65,445,150,354,380,204
921948357,170165726,62,450,0,497,388,497
1005827013,418187455,6,495,39,467,489,428
1258616813,3884101322,36,477,61,454,441,393
988573193,294806426,0,499,62,436,499,374
1043104180,847405813,62,436,0,499,374,499
1221710852,3565826053,0,499,134,365,499,231
1265560646,3931848691,9,493,131,372,484,241
1277687658,4025440720,46,396,96,423,350,327
1167670710,2843197703,104,395,19,479,291,460
1230998775,3643558167,0,499,104,395,499,291
1271681231,3979572830,119,356,86,421,237,335
1175606921,2949365152,0,499,10,489,499,479
896556370,48833349,73,426,12,486,353,474
1164498557,2786150062,100,397,175,324,297,149
1092118697,1563620661,71,428,118,380,357,262
1022012219,508621086,190,309,190,309,119,119
1278227786,4030688498,63,433,11,490,370,479
1258674580,3883457038,0,499,0,499,499,499
1152258447,2602851672,8,490,220,278,482,58
1273232774,3992539071,80,430,85,421,350,336
1053444311,736053680,42,443,46,478,401,432
1083530489,1478875940,73,425,0,499,352,499
1188462873,3065095697,0,499,62,436,499,374
922170095,170808092,218,258,384,390,40,6
1276226127,4012179488,0,499,0,499,499,499
1276024241,4010224225,87,407,53,446,320,393
969995747,258249761,0,499,62,436,499,374
1232369504,3660534483,0,499,176,436,499,260
1319256686,4214102793,95,413,12,487,318,475
1204239209,3287278286,0,499,62,436,499,374
1285489389,4004530200,182,321,347,491,139,144
1292182261,4108027652,0,499,62,436,499,374
1322121036,4228956583,19,493,100,423,474,323
975312024,210789214,24,484,139,457,460,318
1139895142,2399654383,98,406,23,479,308,456
1254966645,3867140241,0,499,0,499,499,499
1265897480,3935507030,10,489,174,353,479,179
1115566631,1947170367,103,376,77,408,273,331
1282282713,4055995514,85,408,154,450,323,296
1304035866,4160811003,0,499,8,499,499,491
1296722086,4109870393,133,404,47,427,271,380
906034405,150481462,0,499,62,436,499,374
1055362952,1059184696,94,405,27,471,311,444
1289714136,4087668716,0,499,0,499,499,499
549430128,53515553,60,438,0,499,378,499
1278228112,4030689554,122,379,3,431,257,428
1061547425,567635205,6,484,75,423,478,348
1316096815,4200868881,16,486,32,477,470,445
1216959379,3487601792,141,358,168,331,217,163
1174590056,2940639584,136,365,174,363,229,189
1101674649,1779573828,172,327,100,399,155,299
1086403935,1510748741,149,350,125,373,201,248
1322992692,4231409617,24,477,25,474,453,449
1108739138,1878218158,180,319,144,354,139,210
1238292044,3727584973,10,482,24,492,472,468
1318548931,4219453777,37,462,127,379,425,252
1236001603,3703064365,31,474,57,460,443,403
1225664748,189395038,131,369,170,324,238,154
1311271888,4182066810,65,436,185,331,371,146
1269714984,3961982262,0,499,0,499,499,499
1214213135,568776124,147,351,100,399,204,299
1261417629,3898724705,0,471,0,499,471,499
1236443585,3707069630,44,465,56,479,421,423
1155657424,2639103720,0,499,76,423,499,347
853305659,84064867,150,349,107,391,199,284
1099007564,1698262549,109,389,0,499,280,499
1084144571,278546142,153,345,100,399,192,299
1252627059,3850328240,0,499,62,436,499,374
1269896632,3958571786,0,499,53,446,499,393
1263306270,3915381044,81,419,26,479,338,453
1264211853,3924746542,105,394,68,469,289,401
1319705822,4214674447,35,461,85,423,426,338
1312672612,4195678314,11,489,83,460,478,377
937648067,198633156,111,385,67,453,274,386
1117987485,1978503659,54,462,123,376,408,253
968868396,254458258,69,430,0,499,361,499
1243785503,3775998184,58,425,108,384,367,276
916583265,161376156,92,406,0,499,314,499
1318187354,3251991641,102,205,29,131,103,102
1262948039,1548292604,84,441,85,408,357,323
1270641384,3972430185,4,496,70,493,492,423
1325144665,4240471018,53,465,41,459,412,418
1235951907,3702172068,113,397,42,361,284,319
1163936668,2758824279,194,273,17,483,79,466
1074338814,1334202046,20,479,0,499,459,499
1171766495,2912742027,127,330,26,480,203,454
1276071748,4010225645,62,435,91,445,373,354
1037643779,735135534,200,298,200,298,98,98
330649199,47257241,205,296,230,354,91,124
963582964,244088848,63,439,53,455,376,402
1177004806,2966514542,74,424,0,499,350,499
908608837,153014627,59,440,0,499,381,499
1257721795,3882596337,75,432,162,343,357,181
1271707161,3979581552,0,499,0,499,499,499
1120910261,1118849494,80,447,84,448,367,364
1314216270,4186212722,41,397,132,367,356,235
1098441372,1682279830,79,419,0,499,340,499
1240722028,3748203616,0,499,0,462,499,462
1301826359,4153551964,170,332,133,368,162,235
1010253216,426606192,83,415,2,499,332,497
1302898046,4156934313,20,484,102,387,464,285
1234816235,3691061962,146,346,54,421,200,367
1317236398,4210986718,144,345,93,366,201,273
854980742,87908981,71,428,0,499,357,499
1241013145,3752153271,100,399,25,474,299,449
1282834189,4058286276,0,499,0,499,499,499
1214341584,3459945400,62,436,0,499,374,499
1015423236,483459051,50,499,51,447,449,396
1243443128,3773724356,28,472,70,418,444,348
1136287591,2326124727,0,499,73,426,499,353
891730633,138459501,163,336,100,399,173,299
1266709526,923561022,117,356,158,472,239,314
1212230562,3419326195,0,499,62,436,499,374
969094680,254461315,0,499,62,436,499,374
1307662221,4172527226,35,467,55,442,432,387
1027029007,569653827,109,389,50,449,280,399
990780645,298005544,140,359,20,479,219,459
1305845293,4166953849,106,388,51,463,282,412
1176503284,2958499361,3,494,115,347,491,232
1283918204,4063331838,31,461,68,466,430,398
1173697696,2738250424,76,429,207,418,353,211
1148846638,2548660254,51,445,117,379,394,262
1265223162,3929899418,146,358,29,432,212,403
1312720535,4195607700,202,305,22,480,103,458
1257504661,3881700176,0,495,0,432,495,432
1066787514,1171894402,135,363,100,399,228,299
1261240798,3898714930,0,499,0,499,499,499
1192481070,3128692008,170,334,147,351,164,204
964631174,247669101,175,323,151,346,148,195
1008959463,439638840,73,425,0,499,352,499
958602471,228761508,0,499,0,499,499,499
1264889040,3928049270,10,489,182,355,479,173
450686830,50290459,140,359,97,401,219,304
1298000605,4137778706,0,499,0,496,499,496
1313630915,4183697406,82,424,108,395,342,287
1264050253,3923104324,0,485,39,499,485,460
1319412259,4214354243,23,463,48,477,440,429
909759570,154085304,0,499,62,436,499,374
1260388161,3893245802,98,415,65,449,317,384
1269264243,3950159734,71,427,0,499,356,499
1225664536,3442119698,125,355,125,355,230,230
1278775141,4037081044,67,430,76,432,363,356
845463006,74255127,190,309,157,337,119,180
937787427,199005519,179,320,206,300,141,94
1120969193,2028249518,147,351,123,399,204,276
1024219770,542299020,97,429,137,376,332,239
1174585670,2940638523,167,331,207,319,164,112
1108909229,1035142702,65,433,0,499,368,499
1287017712,1319174738,92,407,0,499,315,499
1122845122,2046601158,83,415,0,499,332,499
1129862321,2173670989,109,389,0,499,280,499
1307413971,4171238641,0,499,0,499,499,499
1285034911,4066255320,0,499,0,499,499,499
1187648621,3054586055,33,475,93,410,442,317
1292698050,2706265300,100,399,40,459,299,419
1275184160,4004095988,46,448,77,422,402,345
1213349315,3444148760,126,358,316,414,232,98
1261406861,3898721330,35,441,94,472,406,378
1007608012,435151596,100,399,52,447,299,395
994677558,302035404,0,499,62,436,499,374
1272928845,3991503485,0,499,62,436,499,374
1144926348,2482211213,190,310,165,330,120,165
1007816634,435282742,151,348,100,399,197,299
1236548058,3708930985,13,489,44,481,476,437
1117991237,1978505747,114,394,139,351,280,212
966290558,252343939,112,387,159,340,275,181
1088822832,1544560566,0,499,85,413,499,328
1313558221,4183490941,97,391,212,461,294,249
1200707682,3236911331,0,499,0,499,499,499
1089416980,1548295059,170,184,84,84,14,500
1245667995,3793733839,19,480,20,479,461,459
1261172566,3898707431,33,473,104,391,440,287
938022513,199331427,25,474,94,403,449,309
935080339,193930013,56,443,0,499,387,499
986031859,203642086,20,476,97,388,456,291
1113980799,1929520538,94,405,27,471,311,444
1128523995,2149156065,7,491,0,499,484,499
1243379990,3773711967,22,475,22,475,453,453
1233413275,3678666400,73,426,0,499,353,499
1285968617,4066715334,155,344,117,382,189,265
1057435656,1078801619,106,393,0,499,287,499
1282524150,4057540764,10,488,44,390,478,346
1305843143,4166953583,106,388,51,463,282,412
1308861933,278575158,100,399,4,495,299,491
1190249279,1876685815,0,494,202,432,494,230
985245839,289431804,0,499,62,436,499,374
1279554733,4039875124,143,374,147,348,231,201
1271687547,3979573774,0,499,0,499,499,499
1144715005,2486998494,58,488,220,278,430,58
1134612712,875515710,139,359,100,399,220,299
1008943235,439696947,73,425,0,499,352,499
1260347844,3893243648,31,475,31,441,444,410
1299697188,4143428893,190,308,209,283,118,74
1208549496,3181235966,34,476,79,370,442,291
1033370395,649701003,184,314,0,499,130,499
1127795222,2131332926,155,343,100,399,188,299
1231194448,3644208277,62,436,0,499,374,499
324863209,47122022,0,499,38,460,499,422
1289668757,4088677400,134,366,80,419,232,339
1174591989,2940640227,150,354,160,347,204,187
986270102,292201216,0,499,229,275,499,46
1170593165,2890013955,9,483,81,386,474,305
963489937,197279768,145,354,100,399,209,299
1317564388,4213256218,62,428,105,416,366,311
1265231529,3929958429,24,487,189,307,463,118
1219825797,3531075328,110,389,54,445,279,391
1321513597,4227442075,0,499,0,499,499,499
1283983019,4063983770,45,467,0,499,422,499
1213561239,3450077618,84,415,0,499,331,499
1196322693,3180731242,109,389,0,499,280,499
1316963409,4211259111,46,435,0,414,389,414
1316104101,4200869651,96,413,18,478,317,460
696411930,57695016,150,349,107,391,199,284
1117480210,1940507453,125,374,62,436,249,374
1296394341,4130368635,69,430,0,499,361,499
858315536,92616456,62,436,0,499,374,499
1243844284,3776684040,58,466,19,462,408,443
1257226623,3879890322,55,488,108,480,433,372
1324229325,4233625648,26,470,97,399,444,302
1181330009,3001865997,17,481,21,476,464,455
971422417,262158929,136,366,200,295,230,95
1027097191,569937651,104,394,50,449,290,399
1255766740,3871043695,28,470,62,472,442,410
1322676523,4230268330,11,489,92,450,478,358
1317007829,4211513219,38,482,82,398,444,316
1023255520,534543485,16,493,108,391,477,283
873718424,468876,0,499,62,436,499,374
338720733,48046033,100,399,37,461,299,424
1198694316,3211018566,87,412,0,499,325,499
42654930,1831220,25,474,25,474,449,449
1256928654,3874797135,0,499,0,499,499,499
941622048,207151338,149,349,153,346,200,193
850957960,82468563,92,404,138,364,312,226
1311413917,4187118448,26,484,87,416,458,329
1275217827,4003937489,0,419,106,499,419,393
1252992362,3853156623,2,497,3,497,495,494
1247856643,3813579725,0,499,0,499,499,499
1274506684,3999816762,0,499,0,499,499,499
1209287885,3369077666,0,499,111,356,499,245
1299815765,4143422638,0,499,0,499,499,499
1159316170,2712794095,110,389,54,445,279,391
1276308868,4012661943,0,357,63,453,357,390
1007512363,435018693,69,429,0,499,360,499
1158326873,2698276613,23,470,95,372,447,277
1027690214,572038297,109,389,0,499,280,499
1276004969,4010222084,123,376,39,451,253,412
987712968,294566046,0,499,224,267,499,43
893454052,135679459,71,427,0,499,356,499
1256970419,3876189235,0,499,0,499,499,499
1256783442,3874919043,61,445,0,499,384,499
1075560138,1348785619,62,436,0,499,374,499
1278558193,4035894515,0,499,0,499,499,499
1315417300,4204343173,0,499,0,499,499,499
1232702624,3668212292,12,491,23,458,479,435
1282701422,4058618349,139,362,176,339,223,163
1174443957,2935809158,62,436,0,499,374,499
1089458139,1553193463,35,409,173,300,374,127
1239483624,1192554120,183,316,150,349,133,199
1146392596,517979172,2,498,100,399,496,299
1081344990,1457499899,44,431,56,386,387,330
555006111,53563729,84,427,147,368,343,221
1118884742,1987460101,62,436,0,499,374,499
1158121373,2695198428,26,493,71,434,467,363
1134591859,1037647807,163,336,183,373,173,190
1123540623,2051439992,48,455,90,464,407,374
1277606979,4023549448,22,426,29,456,404,427
1209390751,3375997440,0,499,66,432,499,366
1313414306,4197673185,0,499,0,499,499,499
1289978730,3041413333,82,417,0,499,335,499
1150557787,2577248926,0,499,109,389,499,280
1262339214,3906639018,37,414,174,456,377,282
1257262356,3879923203,0,499,0,495,499,495
1254908351,3866981877,54,424,132,356,370,224
997679246,74457029,190,309,160,339,119,179
1234816203,3691061945,82,432,187,445,350,258
1113850717,1928806785,33,480,20,451,447,431
1088812625,518999103,71,427,33,499,356,466
1316112310,4200870629,6,490,134,343,484,209
1211834370,3407847358,62,436,0,499,374,499
949683189,212762551,170,328,143,356,158,213
1188596078,3069163405,0,499,0,499,499,499
1273925721,3995361557,12,493,174,340,481,166
895590083,1726335,68,431,0,499,363,499
883324735,128275279,37,467,24,485,430,461
991556686,291015509,71,427,0,499,356,499
931450239,185984135,52,447,128,370,395,242
1321167359,4226619201,14,486,132,377,472,245
1236159110,3654859950,82,397,20,467,315,447
1307928776,4173400957,62,419,88,417,357,329
1184010371,3014428280,115,411,51,302,296,251
997330186,85589484,190,309,158,340,119,182
1077607486,1376217818,70,428,0,499,358,499
1157594945,2676708469,169,330,81,411,161,330
1273117180,3992402872,30,462,67,472,432,405
854179421,85756854,70,429,0,499,359,499
1323550293,4234233505,150,346,44,469,196,425
1007533084,435022120,100,399,39,460,299,421
1263661850,3919736415,0,499,62,436,499,374
1234816290,3691062000,39,458,42,427,419,385
1126917685,2111454855,150,349,134,387,199,253
1241009757,3751870812,62,436,0,499,374,499
1220536106,3530950424,0,499,109,389,499,280
1258893169,3887679024,0,499,62,436,499,374
1301843659,4151009563,5,484,11,493,479,482
1034323090,672512357,36,463,10,489,427,479
1166560057,2811712273,62,436,0,499,374,499
1260499611,3893944107,60,433,79,431,373,352
975586069,194515746,45,449,27,468,404,441
1038311488,748798039,50,449,1,497,399,496
1313903423,4184143403,36,452,86,449,416,363
1213636166,3441766172,150,375,100,399,225,299
1182181752,3005787253,0,499,81,419,499,338
1105024037,258527583,185,315,165,334,130,169
1029205791,590496898,147,344,22,469,197,447
1131064689,2192171879,71,433,29,473,362,444
1009578695,440915941,177,323,117,468,146,351
1301790672,4153451626,99,403,28,483,304,455
1007495093,435015830,100,399,50,449,299,399
1320412761,4224521795,162,461,55,440,299,385
977821869,278813437,107,398,165,311,291,146
1279587165,4040103617,50,477,84,451,427,367
1283571741,4061584933,151,345,157,315,194,158
1241683329,3759520203,19,458,117,352,439,235
1123971212,2063734837,89,410,11,462,321,451
981983683,285427462,3,499,45,453,496,408
340528708,189457,81,426,0,499,345,499
1117520376,1974938658,129,364,71,419,235,348
1027334558,570671629,109,389,50,449,280,399
1262512975,3908516035,64,439,29,477,375,448
1167810412,2844135508,188,297,152,344,109,192
283838682,4501251,12,486,0,499,474,499
1270118044,3968887028,56,486,118,399,430,281
1243671939,3765354414,100,399,18,481,299,463
1312589617,4195542768,0,499,0,499,499,499
1208138199,3351248950,100,143,179,343,43,164
1123883553,2061029035,134,365,33,466,231,433
1323111429,4232769852,9,490,78,413,481,335
1272081916,3986439610,48,447,53,499,399,446
1190251956,2647272652,0,499,62,436,499,374
1317083635,4211501204,58,449,51,433,391,382
1189182772,3037917728,198,270,211,296,72,85
1229262810,3623811206,0,499,64,438,499,374
1023622672,533185032,176,323,148,351,147,203
1313511125,4199252252,13,465,86,499,452,413
905536156,150045922,0,499,88,410,499,322
1250905249,3836686399,0,499,124,374,499,250
940868428,205228406,82,419,0,488,337,488
1089837359,1548295017,33,429,105,377,396,272
1151810891,1798131351,84,415,0,499,331,499
1301441934,4060922373,79,485,36,460,406,424
1158015347,2681644862,0,499,86,412,499,326
1196818108,3198845912,0,499,80,418,499,338
1257235401,3879897745,19,458,198,395,439,197
1310506111,4182249508,136,267,28,48,131,20
1107660114,1869200836,131,373,12,487,242,475
1279615045,4040185924,32,479,17,490,447,473
1007649200,435125475,100,399,29,470,299,441
883820516,128855835,117,381,65,434,264,369
457355630,50439684,124,374,92,407,250,315
1250268292,3831364239,0,499,100,436,499,336
1047422141,904980943,91,407,0,499,316,499
1174591510,2940640114,174,326,163,344,152,181
1004643932,408114969,0,499,62,436,499,374
935128755,194049505,0,499,100,398,499,298
1323994376,4235886439,112,406,10,491,294,481
1295220374,4125633347,43,450,100,399,407,299
1154651284,1507562601,118,380,52,444,262,392
1324047518,4235890322,75,430,62,466,355,404
1282757621,4058942558,0,499,0,499,499,499
1113618984,1925978192,4,489,60,497,485,437
1323250993,4231686565,29,465,156,362,436,206
1190879648,3098585541,0,499,0,499,499,499
1225685334,3586605498,61,437,0,499,376,499
1005841760,418199509,22,474,8,494,452,486
1265477713,3931442072,0,499,0,499,499,499
1057338919,148125051,0,499,63,436,499,373
1244541368,3785188019,0,499,62,436,499,374
1296378780,4130471780,46,499,7,456,453,449
1121496726,2036519815,138,360,100,399,222,299
1281726327,4052947863,0,499,0,499,499,499
983651578,287768727,0,499,109,389,499,280
1317971091,4215701998,0,499,0,499,499,499
1305094742,4144857839,55,430,113,394,375,281
1323288005,4231691860,23,483,20,479,460,459
1230793598,3641714702,0,499,0,499,499,499
1043841257,853455913,48,458,7,476,410,469
1262382480,3907678593,89,408,53,446,319,393
1316136561,4200873005,17,487,55,453,470,398
1316990337,4210982256,0,499,10,498,499,488
1158121288,2695198186,0,499,0,499,499,499
467735630,50555724,150,349,109,389,199,280
1078196346,876499889,170,328,186,303,158,117
1319647700,4219565207,60,438,29,480,378,451
1275158254,4004089929,0,499,0,499,499,499
1321538505,4227997772,18,466,32,499,448,467
292104344,3826327,67,432,0,499,365,499
1181472348,2995655506,67,431,0,499,364,499
1248835645,3817894205,0,499,0,499,499,499
753397929,60913745,62,436,0,499,374,499
1320210615,4215672727,227,275,190,432,48,242
1175739270,2950278447,123,426,122,399,303,277
1275407176,4004179839,60,440,64,448,380,384
1259306446,3887626688,29,485,35,467,456,432
1301451055,4151062852,0,499,0,499,499,499
1296368431,4130470944,29,471,82,436,442,354
1268728845,3951838991,35,472,7,487,437,480
863894334,105166550,0,499,48,448,499,400
1304150208,4160953626,106,388,51,463,282,412
1139057277,1941869468,130,369,87,411,239,324
1104422256,1832867969,0,499,64,434,499,370
937159749,197383454,95,403,0,499,308,499
1281993583,4050748188,0,499,14,499,499,485
1002466925,299211602,87,411,181,317,324,136
1311161406,4181904615,19,463,16,483,444,467
1303122721,4157460510,57,441,136,370,384,234
1117693966,1976176732,119,382,79,427,263,348
1028022437,578778549,73,426,0,499,353,499
901206843,146621417,130,369,77,421,239,344
1236572144,3709658675,10,485,107,393,475,286
1316996398,4210982492,24,482,16,483,458,467
1291976471,4105521423,158,366,74,391,208,317
1258356256,3883426893,37,482,41,453,445,412
1250741158,3835044301,83,415,0,499,332,499
1145373830,2494094894,0,416,4,441,416,437
1133351688,2246886595,165,334,131,368,169,237
891731779,138458378,100,399,100,399,299,299
1287832666,4079436372,0,499,0,499,499,499
1100069346,1711729199,110,389,53,445,279,392
1252793689,3851775827,167,342,105,427,175,322
1293302212,4116742187,15,479,15,442,464,427
1319187390,4214037037,83,376,131,299,293,168
1282689694,4058627325,0,499,83,415,499,332
1007506677,435013374,100,399,50,449,299,399
179490530,5589070,172,349,129,361,177,232
1306974416,4170176383,59,463,16,455,404,439
1323553988,4234234578,5,493,0,499,488,499
1233492037,3680148300,13,494,47,437,481,390
1026497006,565906389,0,499,62,436,499,374
980599424,283613400,0,499,62,436,499,374
284535576,16273784,62,436,0,499,374,499
1269849808,3962833812,0,499,0,452,499,452
1146391628,2014288602,83,416,0,499,333,499
1299550256,4141712046,435,463,357,386,28,29
1273972544,3995261116,49,451,186,305,402,119
957555320,224436355,66,432,4,498,366,494
1026860444,569707808,100,399,57,441,299,384
1244179020,3780329777,0,499,62,436,499,374
998392842,334564726,58,248,184,368,190,184
1195164521,2570397069,98,426,146,359,328,213
1132644810,2230222282,0,499,0,499,499,499
1275057512,4003994968,106,403,74,459,297,385
1324099248,4233705149,88,479,148,340,391,192
1144092318,2288640592,119,386,44,461,267,417
1104710237,1840562240,0,499,109,389,499,280
1275700827,4006535736,63,417,103,427,354,324
1243431007,3773723295,19,480,95,403,461,308
1250916403,3836733693,47,455,86,393,408,307
1135256835,2304974461,76,410,97,394,334,297
1061572439,567639644,39,479,11,494,440,483
1260380128,3893204829,0,499,0,499,499,499
908901274,153420704,80,416,9,499,336,490
1256953076,3875040489,15,483,18,480,468,462
1258138406,3883964847,26,477,32,485,451,453
957907176,225948409,125,374,62,436,249,374
1250631325,3834587515,92,407,1,494,315,493
1102365644,500602954,33,489,16,478,456,462
1281309658,4047017698,0,499,0,499,499,499
1250655821,3834849868,0,498,0,499,498,499
1283629417,4061593907,0,499,0,499,499,499
1123456960,2037013590,12,478,77,419,466,342
1257308157,3880333453,0,499,62,436,499,374
1041183550,824466258,76,414,0,485,338,485
1255103475,3868242332,16,454,0,499,438,499
1251605726,3844060428,14,487,87,415,473,328
1311425366,4187120994,19,480,58,472,461,414
1319108878,4220472618,24,477,89,420,453,331
1275447668,4006200088,0,499,109,389,499,280
1281704006,4052932158,0,499,0,499,499,499
45044530,1811103,90,408,0,499,318,499
1273604689,3992767033,45,447,47,448,402,401
1204959034,3300327842,131,375,78,429,244,351
1088215231,1534881854,102,397,33,499,295,466
1275489639,4006488780,18,467,18,480,449,462
1316146282,4200873957,35,462,94,396,427,302
1261173783,3898707851,49,486,153,344,437,191
1174592767,2940640383,14,496,60,439,482,379
1115160665,1940346503,114,371,53,415,257,362
1282019597,4050756415,24,416,103,475,392,372
1187025693,3041367831,50,449,61,437,399,376
1132653418,2230743573,31,471,9,493,440,484
1074795119,1338089609,159,339,100,399,180,299
1077044205,105797591,127,371,69,429,244,360
875450094,49398070,98,400,0,499,302,499
1231774825,3654106591,11,486,62,386,475,324
1276759328,4016003830,30,461,57,441,431,384
1241814897,3756097500,62,436,0,499,374,499
1277575150,4023547571,0,499,0,489,499,489
948646932,211355064,0,499,0,498,499,498
1132274625,2223206626,83,415,0,499,332,499
1244006231,3777595403,110,389,54,445,279,391
1252095183,3842982595,62,436,0,499,374,499
1269401082,3958445971,24,474,97,394,450,297
844338652,54148639,61,438,0,499,377,499
1027401133,571060331,0,499,83,415,499,332
1285920106,4071503342,79,419,0,499,340,499
1133960507,1161967677,109,401,20,484,292,464
854222687,85755251,70,429,0,499,359,499
1303107556,4156826967,49,446,17,480,397,463
1225862594,3087538894,174,363,160,346,189,186
1097509791,1672295797,83,420,7,498,337,491
1288013150,4079554119,78,440,41,450,362,409
1094974189,278513956,150,349,100,386,199,286
864338521,105737963,10,481,83,357,471,274
1278873626,3987695170,0,499,62,436,499,374
1317599047,4213733161,0,499,0,499,499,499
1118258250,1980809043,133,349,179,318,216,139
885849150,131674830,234,283,263,306,49,43
990789639,298016466,41,423,79,427,382,348
1039908406,803707767,207,297,86,410,90,324
1299280265,4141675699,4,496,36,472,492,436
874714971,1766378,71,427,0,499,356,499
1169012977,2868900959,186,305,173,223,119,50
876286460,103637891,64,435,0,499,371,499
1301567858,4152561463,81,418,0,499,337,499
1269512429,3959384304,62,439,108,374,377,266
1281990257,4050747871,66,411,49,419,345,370
1248390762,3814898009,26,469,171,331,443,160
1262355241,3906639732,105,453,99,430,348,331
1267983102,3944992988,67,410,117,387,343,270
1123995403,278530730,154,345,100,399,191,299
1191426070,2764405638,55,390,136,404,335,268
1099818086,1056932412,154,345,105,395,191,290
1151709311,2588076682,0,499,109,389,499,280
922586765,171408831,79,420,0,499,341,499
1269747786,3962426743,35,477,36,469,442,433
1213124768,3430262838,10,492,89,415,482,326
1191142171,3102583280,197,303,224,302,106,78
1181025721,2999580939,126,375,186,275,249,89
1192022427,3120502242,17,479,135,381,462,246
1308738024,4177785662,0,499,0,499,499,499
1030245582,596237783,110,389,145,354,279,209
1249534264,3819978991,130,369,130,369,239,239
1292280591,4108382198,84,426,18,483,342,465
1243660026,3775275648,0,499,136,436,499,300
1310089522,4182217848,0,499,0,499,499,499
1325259595,4240795154,44,455,53,450,411,397
1181139677,3000463652,8,493,8,496,485,488
1248462890,3814958418,99,397,7,463,298,456
1284005595,4063344484,23,485,44,479,462,435
1102062425,1787303220,0,499,0,498,499,498
1042984441,819642771,97,401,92,401,304,309
1105797250,1856420018,86,413,0,499,327,499
893844866,113686508,21,483,46,452,462,406
1265207190,3929890064,21,488,0,499,467,499
1279759967,4041456799,0,499,0,499,499,499
1113984130,1929520549,94,405,27,471,311,444
1098629651,1364574527,151,348,107,395,197,288
1121491131,2036434170,233,268,11,487,35,476
1218255684,3507957909,38,460,31,478,422,447
1247153482,3805769840,0,499,10,488,499,478
988509844,295660183,229,357,145,296,128,151
1233610746,3681690604,0,499,0,499,499,499
1201830987,3249403649,37,461,16,488,424,472
1190254236,2832752559,94,372,100,400,278,300
1248855608,3817904952,39,479,109,382,440,273
325179830,47297522,233,266,287,295,33,8
1323694197,4234147627,12,486,43,486,474,443
1264046920,3923103877,39,473,112,393,434,281
1217804045,3497660653,62,436,0,499,374,499
1027380517,570737575,61,438,0,499,377,499
1310313346,4113866198,0,499,84,415,499,331
1277952614,4023228033,0,499,0,499,499,499
1324154937,4236042932,0,499,0,499,499,499
1271940612,3984472509,62,436,0,499,374,499
980460261,283518104,138,360,95,404,222,309
1278233727,4031020922,0,499,0,499,499,499
1064247963,777707031,48,450,0,467,402,467
1313563760,4199252964,3,452,3,396,449,393
1001631392,302693296,28,473,65,459,445,394
1212155023,3403689913,0,499,83,415,499,332
1256786364,3875046464,0,499,0,499,499,499
970660740,259987601,30,476,74,450,446,376
1043227034,849040384,87,419,32,464,332,432
1275702093,4006536030,97,412,36,464,315,428
1273834555,3990637823,62,436,0,499,374,499
1275238425,4004114864,20,490,23,494,470,471
913666145,158037658,62,436,0,499,374,499
1245929354,3795573046,99,381,61,437,282,376
925722138,177355158,143,355,141,355,212,214
1296413085,4130473553,0,497,0,496,497,496
1137018667,2336128854,63,444,66,446,381,380
862501173,17395176,70,429,0,499,359,499
1091677148,1568427077,33,479,0,450,446,450
1122463438,18654697,58,441,0,499,383,499
1158796580,2703667288,44,455,95,404,411,309
1275152913,4004089062,74,424,81,421,350,340
1283633650,4061594259,0,499,0,499,499,499
1311961788,4188998921,0,499,0,499,499,499
1283467926,4061476305,36,468,85,426,432,341
1294585248,4123546245,72,425,0,499,353,499
41541030,1814182,61,437,0,499,376,499
1275035497,4003835351,46,452,194,401,406,207
1065715050,1149460060,0,499,0,499,499,499
948600218,211326201,137,396,106,378,259,272
1026784428,569543495,101,398,50,449,297,399
1190252980,2832752232,0,499,67,432,499,365
1053651567,291392673,31,485,31,447,454,416
1253212450,3854772322,2,499,7,497,497,490
1198964909,1697270276,134,364,100,399,230,299
1316221963,4200878670,0,499,62,436,499,374
1309993881,4181947457,0,499,0,499,499,499
1094405483,1616366168,0,499,129,369,499,240
1321556241,4227897901,25,474,0,499,449,499
317519964,3213815,0,499,29,471,499,442
1286541987,304519056,100,399,17,481,299,464
1079794001,1434660990,0,499,0,499,499,499
1226601280,3601984638,45,445,120,412,400,292
1265222599,3929899371,8,494,5,493,486,488
1282188662,4055636210,62,436,0,499,374,499
1283037797,271910969,90,408,56,499,318,443
1257416004,3881319812,163,337,362,466,174,104
1065778529,1154205166,162,360,95,365,198,270
1065867280,1155460796,70,429,0,499,359,499
835052693,68531721,71,428,0,499,357,499
1073190691,1314114103,72,419,10,492,347,482
1029666610,159494381,0,499,62,436,499,374
700797494,58356851,84,415,0,499,331,499
1301494213,4150987872,23,463,23,304,440,281
1276226643,4012179713,82,403,112,366,321,254
848934409,80184265,0,499,41,457,499,416
1037813687,740016290,0,499,109,389,499,280
987672578,294490450,91,385,32,478,294,446
1323850766,4231422299,7,495,17,490,488,473
1325220186,4240773302,77,369,110,368,292,258
1127714314,2126555724,104,408,177,321,304,144
1244540427,3785187460,0,499,113,436,499,323
1116651544,1963634210,182,489,21,255,307,234
1159210630,2710415042,0,499,62,436,499,374
977995040,278576631,78,421,0,499,343,499
1283983426,4063340827,0,499,0,499,499,499
1269775950,3962605315,0,499,0,499,499,499
1244541419,3785188031,0,499,62,436,499,374
938521819,200584631,94,404,21,454,310,433
1067743336,1183887113,0,499,62,436,499,374
856686647,90341183,72,426,0,499,354,499
1101966749,1787134058,0,499,62,436,499,374
1314470841,4202303278,0,499,87,499,499,412
1311633401,4188895851,0,499,0,499,499,499
1007642836,435107058,58,441,0,499,383,499
1309319235,3752153279,100,399,25,474,299,449
1283819553,4061617002,0,499,0,499,499,499
958875341,229939414,10,489,10,489,479,479
1275300675,4004136661,29,452,118,356,423,238
1060954560,278515470,155,343,100,399,188,299
1273855480,3995248848,0,499,0,499,499,499
1270194484,3969253942,0,499,0,499,499,499
1110783281,1904261692,209,289,15,496,80,481
1261076116,3897428958,63,435,5,494,372,489
1260715347,3895286529,0,499,0,499,499,499
995102825,303051149,151,404,153,337,253,184
1189869844,3086202156,0,499,0,499,499,499
1174593180,2940640433,17,482,22,480,465,458
1301369946,4150983251,34,457,21,437,423,416
1278773819,4037080294,78,410,92,438,332,346
1305763885,4166642769,106,388,51,463,282,412
1009308256,440648769,100,399,49,450,299,401
1317915811,4215693784,0,499,0,499,499,499
1304056730,4160930010,106,388,51,463,282,412
1277526612,4019807985,43,499,7,493,456,486
1100250208,862174545,107,392,120,382,285,262
1261086475,3896891049,132,367,0,499,235,499
893309704,141191042,233,266,221,303,33,82
1322660266,4231390648,0,499,0,499,499,499
1186527808,3031330507,109,389,0,499,280,499
1043067027,846845947,69,429,0,499,360,499
1267299693,3942396455,0,499,99,399,499,300
1219241865,3521332220,62,436,0,499,374,499
1029537924,592084770,99,394,30,484,295,454
1307335605,4171232741,225,269,118,222,44,104
1133293011,291295208,122,424,79,419,302,340
1131648736,2209092276,0,499,128,371,499,243
1235562296,3694905724,44,454,0,499,410,499
1266920857,2579434319,100,399,12,487,299,475
1283331553,4061176965,0,499,0,499,499,499
1275476116,4006488015,0,499,0,499,499,499
1300146244,4145102476,0,499,0,499,499,499
1081110230,1455093614,73,426,0,499,353,499
1107107368,1866714345,62,436,0,499,374,499
1275471702,3998064338,0,499,0,499,499,499
971011419,261221655,158,363,139,341,205,202
1248856080,3817905060,42,483,106,385,441,279
1121278779,542172138,122,381,62,457,259,395
1313642744,4197539277,37,445,41,471,408,430
1074381139,1332738084,46,445,129,428,399,299
1241394754,3756585317,53,446,0,499,393,499
1255065230,3867156786,15,499,33,485,484,452
1292173773,4107680153,56,448,9,482,392,473
1254093240,3860072318,40,441,67,445,401,378
1318933283,4213811721,19,288,215,312,269,97
1323305799,4231696049,0,499,0,499,499,499
1015521306,484961802,121,371,142,341,250,199
1089854002,1554715255,55,450,12,493,395,481
1274019752,3995267478,0,499,51,499,499,448
1270219637,3969948722,53,455,46,459,402,413
1134792799,2292391628,95,405,97,472,310,375
1145894697,2507600292,10,489,50,401,479,351
996627388,311762790,62,436,0,499,374,499
1253674755,3858064897,66,499,57,499,433,442
497499830,51059697,50,449,100,399,399,299
1294708507,4122868717,0,499,0,499,499,499
1317243317,4210986928,0,426,0,295,426,295
1246362728,3798890356,18,457,106,397,439,291
1239403911,3737631963,0,499,0,499,499,499
984806287,281146607,79,419,0,499,340,499
891243061,109711067,200,299,180,319,99,139
1153325343,2625372519,143,356,100,399,213,299
1014148349,472148909,57,441,171,339,384,168
1323315095,4231806718,72,418,87,436,346,349
1053577036,1035053559,82,416,0,499,334,499
1275510219,4006491209,11,490,25,486,479,461
1265210052,3929890144,26,446,169,340,420,171
1121496749,1144927483,147,351,100,399,204,299
1111682288,1913513836,36,468,133,376,432,243
1147258955,1737401783,148,350,100,399,202,299
1305313810,4144874310,55,454,49,454,399,405
1240142410,3743559283,0,499,23,475,499,452
940538090,138764386,155,373,168,332,218,164
1078675052,1403439161,0,499,96,402,499,306
1316317625,4209030608,71,432,10,461,361,451
1154929826,1322556991,59,440,0,499,381,499
1289914284,4090421691,87,412,0,499,325,499
873759578,119485559,170,329,134,365,159,231
1308991006,4178734954,10,499,100,399,489,299
299662830,18712905,187,312,153,346,125,193
922580767,171520128,0,499,62,436,499,374
588135930,54376564,130,387,171,349,257,178
1251501926,3843163623,23,486,14,378,463,364
1291193450,4100848676,81,418,7,493,337,486
933184221,189540063,75,423,10,499,348,489
1116697739,1963979815,69,430,15,484,361,469
1298156092,86821187,47,451,0,499,404,499
1295540893,542017747,65,380,14,477,315,463
1276763374,4016005206,0,499,0,499,499,499
1307329509,4171232569,37,474,105,356,437,251
1071419498,1291418845,0,499,62,436,499,374
1310105583,4182218315,0,499,0,499,499,499
977656827,278586431,83,415,157,499,332,342
1240902442,3750740491,0,499,198,436,499,238
1010177314,445045466,0,499,62,436,499,374
1124031714,2067741692,0,499,62,436,499,374
1283957055,4063209697,60,451,52,449,391,397
1261713505,3900595725,147,355,127,155,208,28
1231821655,3654675777,62,436,0,499,374,499
1273692693,3994624856,2,498,31,453,496,422
1316320419,4200885117,58,449,60,444,391,384
1190252742,2832752209,45,437,94,428,392,334
1322678012,4230268622,11,473,53,443,462,390
1126044194,2097796100,62,436,0,499,374,499
1125508356,2092256586,0,499,109,390,499,281
1265207094,3929890062,0,499,0,499,499,499
1076763776,1368412439,73,425,0,498,352,498
1322957062,4231793042,0,499,0,499,499,499
927055825,543823459,125,374,125,374,249,249
1313451911,4197677846,195,499,189,342,304,153
1276726909,4015989030,0,499,0,499,499,499
1261174262,3898707901,103,391,95,415,288,320
1193641340,3148098017,29,433,151,362,404,211
1275455016,4006484823,64,451,73,409,387,336
1145389230,224171393,62,436,0,499,374,499
1222817688,3565238410,0,499,62,436,499,374
1248831699,3817888085,9,492,0,499,483,499
1324279493,4235890148,93,408,81,432,315,351
1269616716,3960068238,166,327,57,359,161,302
1017666167,507093854,0,499,62,436,499,374
1307789036,4172825089,55,477,14,480,422,466
1134412061,2076212542,137,361,100,399,224,299
1269502007,3959370724,0,499,0,499,499,499
1178080022,2980666072,43,439,176,319,396,143
1303826356,4159426461,106,388,51,463,282,412
973168330,267884108,200,298,185,313,98,128
1311383090,4187114623,0,499,0,499,499,499
1028866088,589063258,0,499,109,389,499,280
1132983171,1161967692,212,291,215,293,79,78
89354130,1163444,165,333,143,356,168,213
864552386,105853483,81,418,0,499,337,499
847872672,77563206,75,423,0,499,348,499
1075711473,1351973107,14,484,233,372,470,139
1283961279,4061637062,0,499,58,499,499,441
1249534663,3819979680,44,465,40,461,421,421
1023934390,539047343,56,443,56,442,387,386
1295960211,4128274533,29,467,9,482,438,473
1119680316,2001676958,65,412,25,482,347,457
1265209741,3929890136,0,499,0,499,499,499
1272951402,3992094053,0,499,0,499,499,499
1133949927,2266449379,62,436,0,499,374,499
1133994216,2271302986,0,499,109,389,499,280
1070005494,278570728,136,363,100,399,227,299
1295535073,4126960297,0,499,0,499,499,499
1323250262,4231686550,52,445,77,439,393,362
1137790743,2346419430,50,449,104,394,399,290
1276046125,4010225127,60,499,0,499,439,499
1192165378,3122724185,71,431,280,486,360,206
1174586007,2940638590,28,449,8,483,421,475
1222058589,3565670543,154,344,102,399,190,297
1205024930,3297181686,0,499,62,436,499,374
1106240020,1863271508,0,499,109,390,499,281
1109116302,1882650954,149,325,163,408,176,245
1029589355,592661237,133,358,12,494,225,482
1313179262,4197656407,143,412,72,437,269,365
1308834369,4177838647,51,456,171,341,405,170
1312782196,4195809422,22,429,29,463,407,434
1172791690,2920940622,73,440,110,373,367,263
1255662532,1823469012,62,436,0,499,374,499
1213928940,3455958004,6,452,166,324,446,158
1289942521,4090624251,0,499,0,499,499,499
1026034537,559060253,84,415,19,479,331,460
1158796657,2703667365,123,376,154,344,253,190
1287877308,4079525057,0,499,0,499,499,499
1204202953,3287131264,192,306,175,324,114,149
1008022733,435859092,109,390,50,449,281,399
1010225786,445216168,159,342,230,397,183,167
1225887543,3077837076,125,374,125,356,249,231
1316155265,4200874944,0,498,50,446,498,396
1121280407,1417109112,92,408,66,452,316,386
1240225790,3745004377,30,448,134,366,418,232
1163711189,2767749042,135,364,96,393,229,297
1301361911,4151252192,39,463,46,468,424,422
1283997062,4063211930,0,312,229,499,312,270
522996471,52427805,186,313,167,332,127,165
1242784314,3765759919,0,499,104,394,499,290
1123815747,2062702426,160,339,100,399,179,299
1322853923,4231939216,17,490,97,432,473,335
1243894704,3777040157,180,319,153,346,139,193
1278985352,4037797424,89,424,89,419,335,330
1307354634,4171233841,0,499,0,499,499,499
1068767294,1199872923,209,332,37,447,123,410
1316292377,4200882791,15,490,57,447,475,390
844463855,72609396,183,305,171,323,122,152
1264383617,3925262999,1,499,40,499,498,459
1002978885,388575606,145,350,186,319,205,133
1158121420,2695198605,46,462,57,475,416,418
1309373273,4180435294,102,397,28,481,295,453
1323674870,4234146959,54,499,52,398,445,346
1241425118,3756673382,185,314,169,330,129,161
1278118718,4029704835,82,415,26,479,333,453
1122207365,143686102,187,317,156,345,130,189
963967158,244944818,70,429,0,499,359,499
1295960400,4128438378,18,474,114,377,456,263
1077125255,143838078,0,499,1,498,499,497
1159908927,2376745374,26,478,93,401,452,308
1254204973,3860766177,88,356,65,438,268,373
1170006139,2889242527,16,487,58,424,471,366
986503989,292557708,133,357,158,344,224,186
1261403468,3898720870,0,499,0,499,499,499
941678536,207196230,142,367,171,317,225,146
1317908230,4215693317,144,369,22,483,225,461
1268643494,3951729684,168,331,32,479,163,447
1322114512,4228956334,25,479,63,490,454,427
1128072302,2136321292,164,335,126,382,171,256
1306794276,4167085426,106,388,51,463,282,412
1292346581,1495805,76,422,0,499,346,499
1249767093,3821870629,47,452,158,341,405,183
998007800,86657288,190,309,160,339,119,179
1289283496,4087636982,104,405,47,449,301,402
1255197172,3868404127,0,499,0,499,499,499
1133293817,102342537,167,390,103,330,223,227
1228934932,3285897062,0,499,0,487,499,487
1044062033,856182035,0,499,82,416,499,334
1275953919,278388276,100,367,75,445,267,370
996538741,311586940,68,431,0,499,363,499
1189467204,3082204177,18,482,10,485,464,475
1276129091,4011235741,0,499,0,499,499,499
849255350,74806378,150,349,110,389,199,279
1234768141,3690228575,0,499,147,352,499,205
1314745576,4186627572,190,284,21,474,94,453
1275503236,4006490693,16,485,17,480,469,463
1269506111,3959373680,116,388,41,459,272,418
1259881948,3889170888,0,499,30,469,499,439
1121727294,2041771955,153,346,116,399,193,283
1173771214,2924422277,62,436,0,499,374,499
1250251227,3831234631,53,467,59,422,414,363
1117024433,1967104842,62,397,24,499,335,475
1232556327,3665608687,85,403,96,401,318,305
933255827,190108028,125,374,71,428,249,357
933253337,190106419,104,394,0,499,290,499
1186357136,3028007365,121,368,44,456,247,412
939598533,202165531,73,425,0,499,352,499
1174593814,2940640531,5,498,28,491,493,463
1283577595,4061482047,63,457,25,479,394,454
1279063380,4037090342,41,464,63,472,423,409
1056292204,1071884089,0,499,90,408,499,318
1026936244,569740783,110,388,50,449,278,399
1301018496,4105613955,35,459,203,310,424,107
1294182873,4122552688,13,472,32,486,459,454
1237400733,3211220578,100,399,22,476,299,454
1283487993,3048784723,136,354,32,480,218,448
996051141,304748554,68,431,0,499,363,499
833829704,49936501,0,499,62,436,499,374
1201852900,3249438628,157,347,207,414,190,207
956264623,221341702,0,499,153,336,499,183
1132038653,2217923806,0,499,85,413,499,328
1302064080,4153235960,0,499,0,499,499,499
1260349531,3893243935,48,473,106,401,425,295
1270219718,3969948769,12,484,132,401,472,269
1296378440,4130471772,0,499,164,499,499,335
876062994,7431394,91,408,0,499,317,499
1249453480,3819271693,62,436,0,499,374,499
1225886863,532978718,193,309,131,361,116,230
1038020440,744415007,38,469,23,487,431,464
1313029002,4197486324,195,297,24,475,102,451
1140310309,2406558279,0,499,62,436,499,374
1308464701,4176320739,52,446,0,499,394,499
1287498583,4076595266,15,470,59,468,455,409
1310763314,4182275556,23,465,161,341,442,180
865979660,108537460,0,499,62,436,499,374
1065238572,1149597846,127,415,6,484,288,478
1275996367,4010298753,78,395,128,464,317,336
1306144535,4167608260,20,499,23,476,479,453
902254956,147390594,189,305,194,332,116,138
1262732358,3910821627,9,490,101,379,481,278
1232142364,3657394643,66,431,64,448,365,384
1319412188,4214354240,23,463,48,477,440,429
1124782417,2083255123,75,424,0,499,349,499
1009710712,118124597,0,499,62,436,499,374
1294109319,4122228341,20,480,66,440,460,374
1130583866,2185755062,72,427,78,412,355,334
1237273014,3716303517,0,499,15,486,499,471
1282977248,4057855448,0,499,216,281,499,65
1102364955,845432781,0,499,0,499,499,499
457520030,50442694,111,388,50,449,277,399
1253144599,3855151472,10,492,179,368,482,189
1257639843,3881989913,27,486,32,470,459,438
1027138007,569971533,120,378,50,449,258,399
893747449,535234,72,426,12,486,354,474
1265215061,3929895304,18,491,35,397,473,362
1007816582,435275165,110,389,50,449,279,399
1176504006,2958500063,40,469,137,358,429,221
1071364639,1289390356,62,436,0,499,374,499
1107660315,1869200570,106,391,130,376,285,246
759581426,61267519,22,477,0,499,455,499
971433356,262165945,201,300,6,495,99,489
1026902551,569622230,103,395,50,449,292,399
1043841128,853456094,10,488,91,399,478,308
1009288131,440643422,163,336,135,364,173,229
1174588961,2940639389,15,461,8,449,446,441
1257615000,3881716771,5,491,8,495,486,487
1283478880,4061580179,0,498,0,499,498,499
940545016,138704955,127,371,173,342,244,169
485132661,49888849,125,374,75,423,249,348
868590627,112137623,83,415,0,499,332,499
1190253729,1876684332,28,483,71,407,455,336
1323056957,4231806148,76,434,78,440,358,362
1264063739,3923181129,181,258,114,127,77,13
1244381566,3777418966,82,416,0,499,334,499
971043266,261221469,98,401,228,272,303,44
1053610412,290708031,27,459,36,461,432,425
927141644,179848461,61,437,0,499,376,499
1047477840,907307044,198,309,2,445,111,443
856640310,58862448,57,442,32,466,385,434
866298682,109149752,62,436,0,499,374,499
1303078731,4157458556,36,474,65,412,438,347
1295905412,4128179367,22,472,84,441,450,357
1076107039,1358124519,8,482,41,465,474,424
857974300,16051809,86,413,0,499,327,499
1284012787,4063345751,59,453,84,464,394,380
939502760,202480009,71,428,0,499,357,499
987602935,294450320,32,467,13,499,435,486
1030591182,599803070,47,452,41,457,405,416
949744717,212769558,144,356,104,396,212,292
1027002371,569652741,106,392,50,449,286,399
1237579226,3721544299,0,499,0,458,499,458
1316294721,4200882883,1,442,91,416,441,325
1283944957,4063615739,0,499,64,436,499,372
1241980316,3761303490,86,413,0,499,327,499
1078944806,1412328368,104,395,73,426,291,353
1257455846,3881467701,0,499,0,499,499,499
1270129781,3969082015,76,432,13,486,356,473
1129547679,2167122535,124,494,59,431,370,372
1243384160,3773726199,19,480,20,479,461,459
1223355934,3575760313,87,412,0,499,325,499
1230171305,3632517748,62,436,0,499,374,499
912888508,157150418,0,499,62,436,499,374
1272495240,3989892074,0,499,0,499,499,499
1112980039,1035126792,73,426,0,499,353,499
1038966114,779297023,110,390,57,450,280,393
941621868,207151565,163,348,198,306,185,108
1308951010,4175189752,173,325,106,393,152,287
1255031970,3867017619,31,478,51,499,447,448
989453236,296431824,0,499,82,416,499,334
1027176451,569981116,100,399,54,444,299,390
1301862189,4153656216,0,499,1,498,499,497
1289141969,4085980799,0,499,0,499,499,499
1303959743,4160496300,46,491,0,490,445,490
1297770308,4137060799,0,499,0,499,499,499
1244326336,3782771602,0,499,126,436,499,310
1209064037,3367405789,72,419,92,410,347,318
1257150483,3879365248,0,499,0,499,499,499
1033243021,647859067,24,475,0,499,451,499
1192018386,3120416790,88,428,144,366,340,222
909627302,154033017,97,409,0,485,312,485
1188066250,3060747264,0,499,62,436,499,374
1119407523,1998121847,92,444,141,363,352,222
1306894441,4167095505,106,388,51,463,282,412
980304401,283332852,94,330,14,462,236,448
1076875198,1362642546,62,436,0,499,374,499
1225887033,1907923107,125,374,125,374,249,249
1027273750,570687533,61,438,0,499,377,499
1108085895,1869276342,0,499,109,389,499,280
1124059921,2034804906,98,447,12,481,349,469
863351290,103981371,0,499,236,262,499,26
1199392875,3229196730,92,397,147,334,305,187
1261876292,3901377359,0,499,0,499,499,499
1143265438,2463829945,0,499,0,499,499,499
1275975643,4010220211,4,494,10,499,490,489
1316096671,4200868876,0,499,1,496,499,495
1196800681,3198750496,0,499,0,499,499,499
1304045540,4160812554,128,369,120,391,241,271
1150304888,2573159999,0,499,0,499,499,499
1004013885,401154506,86,412,87,417,326,330
1269332154,3958048005,111,369,31,478,258,447
1291750111,4095193504,0,499,82,416,499,334
1250742327,3835433981,13,466,3,461,453,458
1108366588,1875804623,110,389,51,447,279,396
1232861286,3662369158,0,499,66,433,499,367
1250186278,3830717919,33,466,111,375,433,264
1319376121,4221192520,13,487,83,414,474,331
1079155812,1414869636,144,341,80,425,197,345
1316888790,4202059158,130,368,100,399,238,299
874732065,75653710,71,427,0,499,356,499
1025670895,554019780,131,371,73,412,240,339
1241285462,3716248365,110,389,51,447,279,396
1113061583,1926714919,23,475,24,480,452,456
1174591877,2940640177,60,443,34,490,383,456
1188360341,3055621877,85,413,0,499,328,499
1243380418,3773712044,28,471,28,471,443,443
1108943161,1879839888,129,330,17,493,201,476
1206019462,3317259199,0,499,122,499,499,377
1143236213,2462946303,161,320,138,339,159,201
1288943674,4086332561,84,442,82,451,358,369
1158029730,2678248634,12,487,6,496,475,490
1288557192,4083483299,0,499,58,440,499,382
936725837,196419153,0,499,27,471,499,444
1169988414,2886422180,0,499,62,436,499,374
903365686,147762567,178,320,184,334,142,150
865944764,108551632,0,499,62,436,499,374
1239242410,3735707499,37,461,0,499,424,499
886660143,132620413,64,422,108,381,358,273
1192473789,3128675069,46,433,81,371,387,290
1008181678,436100089,150,349,122,376,199,254
1323974248,4232365394,106,434,112,361,328,249
1308490696,4176050331,62,436,0,499,374,499
1236934771,3716121143,180,319,153,346,139,193
1315119842,4187259167,30,465,158,331,435,173
1261184716,3898709143,111,393,79,423,282,344
1223458305,3580778280,0,498,32,499,498,467
933237465,190093369,86,414,8,495,328,487
1237205804,3716590239,425,426,159,400,1,241
1323284739,4232535383,156,343,13,487,187,474
1260621712,3894595165,83,416,0,499,333,499
1275297745,4003957093,18,470,59,468,452,409
977399149,278127265,0,499,62,436,499,374
1277848054,4023190380,22,499,0,499,477,499
1095677384,1254831050,115,342,120,378,227,258
1308666826,4177585874,0,499,29,499,499,470
1282761027,4058572871,39,469,51,386,430,335
1211065707,275643691,145,348,55,445,203,390
1076314564,1359041625,0,499,62,436,499,374
1245893536,3795289001,19,480,20,479,461,459
1138547523,2360604844,62,436,0,499,374,499
1247949102,3813632975,59,436,131,386,377,255
1144775529,2488356798,116,386,8,481,270,473
1204242067,3287280862,27,476,47,485,449,438
1311420751,4187120225,38,499,20,499,461,479
955378520,219363615,0,499,62,436,499,374
973908886,270193585,150,348,176,342,198,166
1123756031,2057688587,0,499,62,436,499,374
1119980866,2006731099,63,435,2,497,372,495
958568146,228489643,208,289,154,347,81,193
1301245551,4151247204,160,331,17,494,171,477
1205707683,3309390458,85,414,0,499,329,499
1310749029,4182274728,0,499,0,499,499,499
1290372128,96838084,52,447,0,499,395,499
844711777,73060395,84,415,0,499,331,499
1316224178,4200878736,23,483,98,470,460,372
912889680,156973517,62,436,0,499,374,499
1295868737,4042893193,97,403,0,499,306,499
1163733196,2768456211,47,454,132,370,407,238
1194037134,3143733544,0,499,62,436,499,374
1237627746,3672942785,100,399,0,498,299,498
1195224604,3165577861,76,493,4,499,417,495
1155972823,2662726144,12,486,108,391,474,283
1123813860,2062700494,152,346,100,399,194,299
1090712165,1548294847,16,449,49,350,433,301
1106058195,1860601447,68,430,0,499,362,499
1323603290,4234242589,0,499,0,499,499,499
1201834843,3249407142,6,486,40,457,480,417
1215252390,3467512702,62,436,0,499,374,499
1276306537,4012720836,17,479,201,335,462,134
1125727036,278537458,134,364,182,292,230,110
1244540759,3785187524,0,499,122,436,499,314
1275165298,4004091201,23,481,29,467,458,438
917105375,162625785,0,499,197,301,499,104
1276360760,4012869872,0,499,0,448,499,448
1277061259,4014146460,0,498,2,499,498,497
1012512517,460602377,125,374,62,436,249,374
1249536684,3819984749,205,295,208,292,90,84
845101461,73788849,220,278,37,461,58,424
1314871062,4186813888,0,499,0,499,499,499
1126717091,2106246756,154,344,100,399,190,299
1029681957,594302736,0,499,62,436,499,374
1322115318,4229653371,31,464,48,463,433,415
848932424,80185251,66,432,0,499,366,499
1108731680,1878091110,47,499,47,499,452,452
987663377,294485811,85,423,112,397,338,285
1250935274,3836749853,0,470,8,480,470,472
88665330,2797907,206,295,186,309,89,123
1192188078,3123049998,68,432,22,488,364,466
1317401484,4212780743,0,499,0,499,499,499
931082027,185412497,0,499,62,437,499,375
1312657100,4191694907,0,499,62,436,499,374
1176504869,2958500815,0,499,76,422,499,346
863096863,103520979,87,164,250,277,77,27
1283606570,4061592259,0,499,0,499,499,499
1177679458,2971067727,0,499,0,499,499,499
1241410791,3756620455,93,406,0,499,313,499
1306577480,4168873613,32,472,113,392,440,279
836373971,71083746,0,499,62,436,499,374
1280709173,4046495440,20,483,66,423,463,357
1266512041,3938620450,223,458,191,330,235,139
1188538972,3067204249,130,369,130,369,239,239
850681917,82249636,138,356,166,337,218,171
1301532602,4150996966,0,499,14,499,499,485
1262959652,3906380702,72,426,0,499,354,499
1236460637,3707079844,0,499,0,499,499,499
1241400559,3756588710,192,305,192,308,113,116
971433489,262169973,0,499,219,282,499,63
1283900734,4061626066,165,365,198,346,200,148
1312602538,4195543111,104,419,30,477,315,447
1027314449,570697732,100,399,50,449,299,399
1282634446,4057849572,95,292,185,306,197,121
441334482,50234638,224,237,0,499,13,499
1120543696,2014119956,22,455,29,471,433,442
1186394496,3028261981,11,489,108,391,478,283
1260241068,3892859420,130,370,192,309,240,117
1274887181,4001653942,63,434,2,499,371,497
1202965633,3235996161,148,350,143,399,202,256
1031005071,606116282,54,449,66,469,395,403
1161042393,2730555217,161,339,112,385,178,273
1228157604,2868545573,86,412,0,499,326,499
1190252859,2833039390,153,323,202,315,170,113
978861877,195867551,0,499,62,436,499,374
1172204001,2911216968,137,363,168,338,226,170
1253963282,3859485098,20,477,86,411,457,325
1003036167,386467281,21,489,72,423,468,351
1195227126,3165614206,0,499,0,499,499,499
1283676002,4061597593,182,322,179,450,140,271
1167924593,2847949094,0,499,0,499,499,499
1118649971,1983971870,130,369,193,246,239,53
978652028,280037534,149,344,151,349,195,198
1113061614,1926714930,23,482,19,479,459,460
1121750805,2041950858,0,499,109,389,499,280
1066112081,278783659,133,365,100,399,232,299
1275580084,4006497441,0,499,0,474,499,474
1082464388,1462152353,137,361,100,399,224,299
1007768974,435140815,100,399,50,449,299,399
1220575697,3549075685,14,499,28,479,485,451
959219324,231450211,139,311,212,285,172,73
1100092018,1712036398,63,445,126,365,382,239
976144072,275290317,130,369,165,334,239,169
1125748394,2094650835,140,328,104,399,188,295
907962756,152322444,130,369,77,421,239,344
1115542273,1942730526,65,434,0,499,369,499
1096381134,1652763651,62,437,0,499,375,499
1311149837,4181904477,0,499,0,499,499,499
1246862227,3802607308,180,318,217,295,138,78
1257261587,3879902022,24,479,113,341,455,228
1075759997,1352145792,104,393,91,415,289,324
1226395939,3597900726,28,470,0,499,442,499
933242593,190099415,206,294,185,318,88,133
1132925383,2237358098,0,499,84,415,499,331
1322147945,4228957955,0,499,0,499,499,499
1261396941,3898719841,0,499,241,259,499,18
908250587,148754586,188,310,156,340,122,184
1186895148,3039706533,168,327,21,474,159,453
1205825989,3312221957,40,460,210,470,420,260
1292276380,4108382052,134,359,34,451,225,417
907535330,152419073,73,426,0,499,353,499
1243785535,3775997571,216,293,96,432,77,336
1038154658,747111866,0,499,109,389,499,280
467712530,50555493,150,349,107,392,199,285
1309408105,4180533688,155,357,94,410,202,316
1136333601,2327682100,12,474,87,430,462,343
1265220942,3929900819,62,437,8,490,375,482
1241674235,3759394437,5,492,84,376,487,292
1300146783,4145102496,0,499,0,499,499,499
1193200766,3138636104,72,426,14,499,354,485
1311064924,4182118343,152,338,88,429,186,341
1191699469,3109562808,85,413,0,499,328,499
1168812874,2865262931,44,463,15,493,419,478
1212047602,3415928775,25,480,33,454,455,421
1267264728,3942393805,38,441,10,486,403,476
933251500,190103664,73,426,0,499,353,499
957644491,138764168,70,430,102,397,360,295
1305527113,4165985593,0,499,106,393,499,287
932101187,187516177,0,499,104,394,499,290
1275495313,4006430542,0,499,0,499,499,499
1178071738,2976011710,0,499,109,389,499,280
1243422878,3773722399,79,418,118,393,339,275
1077528277,1374045936,72,427,0,499,355,499
1244541245,3785187889,0,499,120,436,499,316
1117510310,1974893324,138,338,71,372,200,301
1298478290,4139791508,2,492,104,394,490,290
889294896,135489291,76,423,0,499,347,499
1260352084,3893244062,40,305,133,351,265,218
1139279744,2385654500,82,422,15,484,340,469
1240164637,3743864687,0,499,67,432,499,365
833348178,63960795,188,312,170,325,124,155
1074339148,1936993261,0,499,62,436,499,374
1247607991,3811737168,25,457,130,375,432,245
1324002601,4232366259,65,422,43,452,357,409
1059930349,18590573,158,341,103,395,183,292
1031196051,604821026,70,428,11,488,358,477
1258618846,3886016168,47,75,156,488,28,332
1271698655,3979578020,65,394,164,333,329,169
1019363831,488646971,0,499,62,436,499,374
1096269025,1650374773,109,389,0,499,280,499
1304109627,4145253724,0,499,83,416,499,333
1098812152,1696882394,62,436,0,499,374,499
854178897,85756654,70,429,0,499,359,499
1211799761,3410036418,5,497,12,499,492,487
1174584761,2940638404,79,440,49,446,361,397
1119407669,1998122080,57,452,86,439,395,353
1146235931,2508756187,77,423,10,494,346,484
1264556024,3925556277,0,499,0,499,499,499
1289659653,4089393391,112,386,155,342,274,187
1303252518,4157996461,110,389,54,445,279,391
1295677893,4126964358,83,419,170,320,336,150
1013763533,468800366,140,356,47,416,216,369
1156078377,2664722055,235,264,6,332,29,326
1289541541,4086137916,0,499,0,499,499,499
1113107926,1832991500,118,379,10,488,261,478
1116764449,1962696891,157,342,100,399,185,299
1319429113,4214364210,80,443,69,414,363,345
1269756768,3962429261,68,444,69,435,376,366
1028889032,589264489,73,426,0,499,353,499
1132936100,2237595505,56,443,0,499,387,499
1027014155,569863231,106,392,50,449,286,399
1279183107,4037099837,59,448,64,445,389,381
1090737332,1562158058,0,499,62,436,499,374
1224829758,3513757745,0,499,106,394,499,288
1033946736,670622036,146,355,35,466,209,431
1195469979,3170640565,19,487,95,417,468,322
1087581932,1524806840,77,421,12,486,344,474
1316137238,4200873083,0,499,0,499,499,499
1269775465,3962605144,0,499,0,499,499,499
1310436414,4183890541,0,499,0,499,499,499
1133923411,2268965412,104,382,155,351,278,196
1105839308,536998701,134,364,100,399,230,299
1047418406,904575095,0,499,62,436,499,374
1061581437,511836392,126,375,12,486,249,474
930989462,185217703,165,360,147,354,195,207
1275609810,4007107783,0,499,0,499,499,499
1027195208,569996263,127,371,50,449,244,399
1007985342,435844910,103,396,50,449,293,399
1276014483,4010222859,57,486,27,457,429,430
1238976488,556273748,100,399,32,466,299,434
893729267,481282,77,422,12,486,345,474
1188622388,3070011241,0,499,0,499,499,499
1007606375,435122093,100,399,42,457,299,415
1275641588,4007156415,0,445,31,499,445,468
1308883213,1924245026,100,399,11,487,299,476
1204248297,3287288399,35,475,39,469,440,430
1245130077,3788730119,109,389,0,499,280,499
1009979546,443667758,77,421,0,499,344,499
1087227066,1515470756,90,409,38,494,319,456
1282572673,4057550962,104,413,67,451,309,384
1287832221,4079436343,0,499,112,499,499,387
1313522109,4199252391,116,385,124,394,269,270
1324000682,4235887155,169,341,29,499,172,470
1225655784,3591446487,71,427,0,499,356,499
1262277319,3906573021,124,367,124,360,243,236
1276120792,4010543616,0,499,0,499,499,499
1057293121,1077597706,0,499,62,436,499,374
1304033922,4160884265,106,388,51,463,282,412
483150158,47890783,150,349,107,391,199,284
1159452791,2714523620,151,358,36,459,207,423
1191066953,3101227709,51,448,0,492,397,492
1273411966,3992636190,40,457,64,457,417,393
1252947928,3854255860,2,473,72,406,471,334
858205637,92466171,58,441,0,499,383,499
1066930365,1173353186,43,468,19,476,425,457
1261173330,3898707805,10,481,165,335,471,170
1249535489,3819982774,171,335,140,367,164,227
1141187741,2425523842,87,411,0,499,324,499
1313426515,4197521862,29,444,60,349,415,289
971423350,262159186,9,492,79,439,483,360
921249464,168345059,1,496,97,402,495,305
1283693625,4061598843,59,483,108,453,424,345
1105045550,1846471960,141,223,235,459,82,224
899087874,144925323,0,499,84,415,499,331
1316669637,4200952871,0,499,0,499,499,499
1146012423,2504426558,54,438,0,490,384,490
1017659008,67432997,190,309,190,309,119,119
947071214,46675181,62,436,0,499,374,499
1253098802,3854911958,108,395,58,393,287,335
1036746908,719372199,80,426,72,448,346,376
1252306814,3848487461,124,399,104,373,275,269
869552828,113526297,130,369,25,474,239,449
1276226092,4012179471,15,486,79,449,471,370
1254741332,3864866765,0,499,0,499,499,499
1266172512,3935903279,0,499,0,499,499,499
989740031,296139750,85,351,62,441,266,379
1011268721,450815046,71,428,0,499,357,499
1283935973,4061633584,0,499,0,499,499,499
659257,184923,7,491,0,499,484,499
1308191641,4174722584,0,499,0,499,499,499
1304151638,4160953725,106,388,51,463,282,412
864309829,105675933,0,498,72,426,498,354
1140464806,2413442060,137,361,100,399,224,299
1244291448,3782219939,0,499,68,430,499,362
1316990440,4210982261,43,463,132,392,420,260
1110393862,1902609025,4,429,4,399,425,395
1074338231,1334201890,36,481,105,400,445,295
1203629158,3281223064,109,389,79,499,280,420
1228200820,3615135910,32,473,50,464,441,414
1127084630,2073029184,0,499,0,499,499,499
958209929,227141413,108,400,105,393,292,288
1272176124,3986443643,0,499,0,499,499,499
1192133025,3122152061,0,499,84,416,499,332
934980744,193627389,185,313,150,349,128,199
1278214613,4030630163,101,394,100,392,293,292
1174589583,2940639500,1,493,84,481,492,397
1052190194,983389280,0,499,0,499,499,499
1237103917,1684126618,39,461,186,356,422,170
933251658,190105555,32,466,0,499,434,499
1295612711,4126963573,0,499,0,499,499,499
1256067830,3873075377,178,322,155,415,144,260
878277337,123508139,0,498,0,499,498,499
1144458613,2482252075,137,361,0,499,224,499
1008157892,436085779,160,339,138,361,179,223
1312596640,4195549919,35,466,91,368,431,277
1249533306,3819977580,47,467,96,388,420,292
1018396990,373692671,50,449,113,386,399,273
891722572,138457319,100,399,125,384,299,259
1065564007,278579406,156,343,100,399,187,299
1102228509,1786211996,68,430,0,499,362,499
1323165226,4231831772,37,465,38,467,428,429
1192046223,3120541504,205,219,188,296,14,108
1283271211,1384054164,0,499,62,436,499,374
1285062986,4063750545,56,452,58,449,396,391
1071591677,1286041581,0,499,62,436,499,374
1263008067,3913253833,59,466,51,499,407,448
1301433858,4151259006,105,400,151,447,295,296
1190889256,3098726499,94,404,0,499,310,499
1254023031,3859871995,19,483,7,499,464,492
1304060617,4160930372,106,388,51,463,282,412
1121437505,2035834438,0,499,0,499,499,499
962417902,240684372,141,358,169,329,217,160
1257977278,3882685268,0,499,62,436,499,374
1243659424,3775275404,0,499,94,436,499,342
1171102780,2903160382,62,436,0,499,374,499
1260677591,3895111204,138,363,180,315,225,135
941678782,207257907,172,323,145,351,151,206
1310882578,4184609165,68,478,82,452,410,370
1281953763,4050740286,88,422,136,458,334,322
1137798732,2346648959,0,499,62,436,499,374
1008001182,435851784,104,395,50,449,291,399
956696578,222931772,68,431,0,499,363,499
1156393790,2669360217,153,345,100,399,192,299
964628488,247668660,0,499,0,499,499,499
874767322,83473874,0,499,47,451,499,404
1312659510,4195683991,12,484,33,460,472,427
1218904137,3275462855,109,389,0,499,280,499
1297787670,4137061116,0,499,0,499,499,499
1246072339,3797080213,0,499,0,499,499,499
1064314415,3390181844,80,420,0,499,340,499
1248637899,3816674959,0,499,82,416,499,334
1313595015,4197533843,21,479,133,367,458,234
913360201,157641422,0,499,49,449,499,400
1209715026,3382583585,148,346,102,465,198,363
1092215798,544007975,156,343,100,399,187,299
1034311031,674859474,145,371,117,380,226,263
1215436393,3470155462,52,442,104,398,390,294
1319077016,4217966634,158,334,19,466,176,447
861087283,98901682,186,312,184,339,126,155
1252627424,3850328416,0,499,62,436,499,374
973606604,269653746,137,152,223,307,15,84
1308222580,4174766697,109,389,0,499,280,499
1272034016,3986438010,136,380,25,481,244,456
1160545285,2724912203,167,305,166,340,138,174
1280453638,4045215695,125,384,40,266,259,226
1190254284,2833039407,29,480,182,355,451,173
1276442462,4013275581,11,492,74,384,481,310
1178448261,2356500276,10,496,0,452,486,452
1316160132,4200875590,36,467,18,495,431,477
1257500399,3881699944,0,499,0,499,499,499
1252084239,3846828695,14,499,36,499,485,463
1279139172,4037095172,37,454,62,453,417,391
928736348,182247981,132,367,146,353,235,207
1122073248,2045945869,187,280,201,299,93,98
1005834753,418192134,172,330,57,443,158,386
1296387942,4130472280,28,463,10,488,435,478
1306765802,4169056379,0,499,0,499,499,499
1087423286,1519957240,0,499,62,436,499,374
1265216334,3929900609,152,377,73,436,225,363
1244480956,3784661351,0,499,84,414,499,330
1294111431,4122229246,27,474,93,408,447,315
987519327,294394805,157,342,34,486,185,452
1261195300,3898711669,33,462,161,339,429,178
1226405725,3592383090,0,499,142,436,499,294
1298895176,4140198019,51,447,0,499,396,499
986088992,291436947,169,329,138,354,160,216
1174591858,2940640169,10,496,62,459,486,397
1269229235,3950057888,0,499,62,436,499,374
1262353935,3839828304,21,476,42,426,455,384
921250271,168344974,1,496,97,402,495,305
1260720270,3895293282,0,499,0,499,499,499
1115841124,1951574043,154,343,97,373,189,276
1261427900,3898729080,60,445,67,469,385,402
1125050510,2065577385,159,340,100,399,181,299
452328930,50310809,111,388,69,429,277,360
1275488827,4001795029,0,499,41,457,499,416
1273153786,3992522390,33,472,32,475,439,443
1245191080,3789535324,22,471,92,415,449,323
1164498633,2786150089,36,471,117,359,435,242
1235911441,3701983576,6,493,106,390,487,284
1245674501,3793736415,19,480,39,455,461,416
1273014851,3992382223,31,480,47,464,449,417
1273838003,3990588231,0,499,62,436,499,374
1304095985,4160937462,106,388,51,463,282,412
1113061581,1926714918,23,475,24,480,452,456
1243385718,3773726742,19,480,20,479,461,459
1241429304,3756677706,196,302,195,304,106,109
1268414827,3951005201,0,499,0,499,499,499
1041183728,824466762,109,476,237,277,367,40
1297380101,4130691310,76,422,0,499,346,499
987677564,294489656,26,443,12,479,417,467
1169222712,2873242677,158,346,138,363,188,225
1275294075,4003956463,64,445,68,440,381,372
1287993571,4079553972,49,499,134,464,450,330
1316273030,4200881703,27,470,64,454,443,390
1276327035,4012704094,30,466,43,465,436,422
1190252196,2736009111,94,409,100,409,315,309
1306644986,4164670488,0,499,62,436,499,374
1279281834,4037121155,75,430,85,438,355,353
1299090864,4141763452,100,399,68,431,299,363
1280212043,4044139618,71,432,10,461,361,451
1310474725,4182418106,35,460,63,431,425,368
1051276219,180094955,29,478,69,449,449,380
1236002856,3703068197,31,474,57,460,443,403
875883420,74047275,87,412,0,499,325,499
1262348513,3475398115,25,482,146,347,457,201
987552158,294316486,112,386,5,493,274,488
1252627899,3850328755,0,499,62,436,499,374
1273094176,3992398832,79,427,81,432,348,351
1069132224,1226190953,20,453,153,346,433,193
1306864271,4167093492,0,499,0,499,499,499
1095699349,1636888736,160,338,130,369,178,239
1325981766,3513322578,9,432,102,411,423,309
1306159005,4167135740,0,499,0,499,499,499
1253466329,3856810004,0,499,0,499,499,499
1018395681,510786016,99,399,53,447,300,394
1038800840,766474981,0,499,0,499,499,499
1324284729,4235890402,107,389,12,489,282,477
1316141138,4200873320,32,472,21,415,440,394
1128908888,2157354699,162,337,100,399,175,299
923530654,174103592,0,499,62,436,499,374
1265224574,3929899904,53,460,219,391,407,172
1298013009,4137893177,4,486,16,488,482,472
1318826408,4217858668,178,308,80,445,130,365
1263668454,3920517126,75,424,36,464,349,428
1027067946,569776498,100,399,53,446,299,393
1102674914,1805032366,125,374,115,383,249,268
1153567462,2629548359,62,436,0,499,374,499
1323322535,4231697018,63,400,59,405,337,346
956608048,222625034,89,409,10,489,320,479
1006292583,422237912,116,382,50,449,266,399
937449796,197851076,3,496,141,358,493,217
1062702140,1118849978,209,262,18,98,53,80
891731998,138459550,163,335,100,393,172,293
1106546535,845432760,4,485,20,481,481,461
1317202349,4211530080,48,445,125,499,397,374
854998430,87858352,55,443,2,499,388,497
1314017031,4201307077,0,499,0,499,499,499
1315991549,4208067845,130,376,30,484,246,454
1307763001,4172823036,54,447,51,415,393,364
1295960404,4128438380,18,474,114,377,456,263
1255021360,3867495512,68,432,20,476,364,456
1092115437,1563619592,110,402,131,363,292,232
1254955414,3867139733,53,451,96,424,398,328
1114390376,1933146141,100,399,40,459,299,419
926368230,177733314,162,336,64,435,174,371
1277776761,4026079818,22,443,64,397,421,333
1047434281,905878417,92,421,141,359,329,218
1016008738,469840,202,299,172,329,97,157
1048433288,941097487,176,330,128,403,154,275
830659582,63084641,68,430,0,499,362,499
1275421125,4004205573,54,456,49,456,402,407
1274240675,112842192,80,419,0,499,339,499
1223463522,3580780060,39,441,106,397,402,291
1225887312,3147314798,0,499,216,283,499,67
1046153340,874208898,0,499,62,436,499,374
1112055767,1919406093,109,389,0,499,280,499
1043841222,853456102,45,429,39,455,384,416
1027247489,570625620,110,389,50,449,279,399
1304103746,4160938348,106,388,51,463,282,412
1309153565,4178307886,71,427,0,499,356,499
940547090,204389953,139,359,102,398,220,296
1225664399,3460634518,125,355,125,355,230,230
1301386911,4150984694,71,432,10,461,361,451
1260059472,384214725,71,429,0,499,358,499
1054676090,1045919319,0,499,70,429,499,359
1252446991,3849187620,69,403,113,378,334,265
1328821943,4252010809,14,484,13,492,470,479
1226919280,3598055756,39,458,12,489,419,477
1262425085,3907803892,0,499,0,499,499,499
956671795,187355941,25,474,133,365,449,232
922355669,163725167,71,427,0,499,356,499
1307270064,4169252228,62,436,0,499,374,499
950090822,213235566,0,499,62,436,499,374
1074825865,1337246494,62,436,0,499,374,499
892937918,140321628,103,395,0,499,292,499
1265564346,3931850024,92,406,34,472,314,438
871013113,115731204,62,436,0,499,374,499
1018004123,86182537,190,309,160,339,119,179
1064730450,1096801769,189,338,180,303,149,123
1075711508,1351973166,14,488,134,358,474,224
1227438047,3584569627,107,391,107,392,284,285
1053340744,1030005448,86,413,0,499,327,499
1251449249,3842713870,92,413,48,467,321,419
919863752,165608910,87,411,0,499,324,499
1127127011,2116391600,0,499,196,328,499,132
1225666324,3458671787,129,244,163,338,115,175
1006099131,419701959,85,414,9,466,329,457
1143981743,2473129687,69,429,1,489,360,488
1243419650,3773722055,79,418,118,393,339,275
922170742,170807838,202,243,0,499,41,499
682754199,56830506,67,373,74,439,306,365
1232598246,3666831133,70,429,145,354,359,209
1276328978,4012704251,57,447,65,444,390,379
1009335043,440704966,150,346,109,386,196,277
1047921697,934125293,74,425,0,449,351,449
1220182340,3716121799,110,363,51,442,253,391
1162321454,2751168117,62,436,0,499,374,499
1322302818,4229922564,136,382,99,391,246,292
1257243636,3879893926,0,499,0,499,499,499
867524671,110334506,22,476,79,419,454,340
1315096583,4187109288,61,459,72,426,398,354
1190252795,2887023742,0,499,67,432,499,365
1063492673,1084909163,0,499,55,444,499,389
933248790,190101663,72,427,0,499,355,499
1091890093,1571715824,79,419,0,499,340,499
975387817,273500983,23,477,48,460,454,412
1252914291,3853464281,60,438,0,499,378,499
1178445538,2094184221,15,482,25,484,467,459
1013750908,470005182,86,413,6,492,327,486
1273804117,3995245087,0,499,0,499,499,499
1045237142,866999800,109,389,0,499,280,499
1128544454,2150029963,154,345,100,399,191,299
1007394967,416655858,100,399,62,437,299,375
1282932393,4057768784,80,434,109,396,354,287
1256052117,3873075127,110,362,85,419,252,334
1154957518,2635177521,0,499,109,389,499,280
1269071220,3955091990,84,288,199,499,204,300
1035545703,685998763,87,411,12,486,324,474
1234731116,3689301842,62,436,0,499,374,499
1117966753,1978250117,43,437,58,429,394,371
1279003300,4037799356,35,450,53,457,415,404
984317646,195245382,24,486,160,385,462,225
1175649300,2940972587,29,470,0,499,441,499
1089840812,1551341062,62,436,0,499,374,499
1247153463,3805769831,97,403,0,497,306,497
937889068,199210156,94,415,18,475,321,457
1215476838,3470028739,62,436,0,499,374,499
1270125575,3931445202,0,499,0,499,499,499
1319200936,4214054111,98,409,32,472,311,440
1254027180,3859856647,97,390,148,446,293,298
1015888607,491314636,121,374,58,460,253,402
1169885165,2886670654,0,499,15,484,499,469
1158121497,2695198702,73,376,176,400,303,224
1253519605,3857173135,5,489,69,397,484,328
1225869075,3589475890,83,415,0,499,332,499
1007384360,416645948,70,428,0,499,358,499
863787366,3365277,107,385,8,474,278,466
1216313629,3479737325,0,499,62,436,499,374
1141830934,2442791643,9,491,80,413,482,333
1298812754,4139506998,0,499,13,499,499,486
987640559,294460686,151,374,42,381,223,339
1131291717,2195859626,144,357,133,362,213,229
1121959204,2045128752,150,349,133,387,199,254
1137624150,2348775540,67,494,101,403,427,302
1313326897,4197507994,89,417,111,387,328,276
1283896119,4063574731,8,466,23,499,458,476
1203463807,3277809935,126,348,23,463,222,440
898039112,142614838,71,427,0,499,356,499
977810333,211378668,0,499,241,258,499,17
1283592454,4061482622,35,467,35,470,432,435
1313395636,4197670621,0,499,0,499,499,499
1305306743,4165320409,33,462,8,490,429,482
912362704,156518937,129,368,145,355,239,210
1257229741,3879897266,0,499,0,499,499,499
1235499128,3694375312,32,474,58,460,442,402
1027272268,570648834,110,388,50,449,278,399
1077355284,1372196046,94,405,27,471,311,444
1007703994,435160597,150,349,107,391,199,284
941027393,205351569,0,499,62,436,499,374
1100059621,1711731510,70,429,145,354,359,209
1096604798,1657054796,184,314,28,106,130,78
1189217517,3079977362,33,474,35,490,441,455
848487530,10350384,0,499,62,436,499,374
1295960666,4128438415,200,265,220,283,65,63
1082598985,1469407331,0,499,62,436,499,374
300911906,929061,52,447,0,499,395,499
1266214875,3937634686,0,499,0,499,499,499
1261192331,3898711190,145,356,67,434,211,367
1279553923,4040046714,139,374,44,483,235,439
1242905562,3766440451,0,499,62,436,499,374
1265217990,3929900674,0,495,100,437,495,337
986103481,291561150,193,305,165,334,112,169
1213674798,3451752646,123,376,84,414,253,330
1115144338,1940203985,40,466,86,409,426,323
1126747324,2106899092,0,499,62,436,499,374
1008170245,436068758,133,366,99,399,233,300
1181078079,3000016481,27,485,72,492,458,420
1275545102,4006494246,24,471,18,499,447,481
1314473352,4202303305,0,496,14,499,496,485
1269061760,3955089039,0,491,0,499,491,499
1207600985,3342835369,3,497,42,497,494,455
1226475154,3599094672,94,472,10,361,378,351
1041537124,829899282,94,413,112,390,319,278
1157727227,2688978134,17,481,0,499,464,499
1245205719,3789597426,47,446,48,469,399,421
1262732448,3910821633,11,418,208,354,407,146
1246586070,3800881703,0,499,0,499,499,499
1261361695,3898715225,0,458,0,431,458,431
1260269140,3893192263,29,493,16,496,464,480
1172791609,2920940592,89,394,44,468,305,424
1253256746,3855562333,113,369,98,414,256,316
1164661414,2789608230,79,419,1,499,340,498
1313537627,4199252597,117,358,42,479,241,437
1208587446,3242275504,110,389,54,445,279,391
1139152862,2379084621,0,498,0,499,498,499
1298411184,4139332369,209,291,78,421,82,343
1309621543,4181402434,0,478,0,473,478,473
1317491646,4213249280,149,350,59,473,201,414
1007554606,435063324,100,399,40,458,299,418
1320453644,4224617050,82,415,155,381,333,226
1314511918,4202218221,0,499,0,499,499,499
1289007489,4086580860,0,499,89,410,499,321
1267651375,3943818971,0,499,94,405,499,311
1084688590,1500307758,88,411,21,478,323,457
1196617651,3188616716,109,389,0,499,280,499
1253440092,3856781047,144,365,49,461,221,412
1283421589,4061577693,0,499,0,499,499,499
1156003199,2662947511,0,499,109,389,499,280
1232190401,3657920200,29,479,43,468,450,425
1262453522,3908159848,44,429,79,420,385,341
1309136301,4179726228,177,327,45,451,150,406
1255995360,3872821171,0,499,69,417,499,348
1283983593,4063983922,133,364,43,448,231,405
1316990545,4211262609,0,499,0,499,499,499
1266489397,3938615821,18,481,169,335,463,166
1199205739,439902459,150,349,100,399,199,299
1278119615,4029714420,187,294,202,330,107,128
1277693292,4023013854,0,499,7,499,499,492
1273218055,3992536708,78,410,92,443,332,351
1216796245,3485240634,62,436,0,499,374,499
1310303649,4182232784,18,478,40,409,460,369
1255339691,3810740132,78,445,126,427,367,301
1323282790,4232535179,9,493,76,423,484,347
1006410036,423536474,138,360,95,404,222,309
983731255,288020726,0,499,235,266,499,31
1046314913,874596268,109,389,0,499,280,499
1188546420,3067343891,49,477,59,480,428,421
1229588240,3625451058,0,499,0,499,499,499
1225727025,3591799813,71,427,0,499,356,499
1239404190,3737632085,0,499,62,437,499,375
1295220786,4125633544,123,376,52,448,253,396
1095510626,1630754893,0,499,0,499,499,499
1131078731,2192825092,57,441,109,383,384,274
1077232841,143726960,83,415,0,499,332,499
1279184407,4037099926,54,450,62,446,396,384
1251636453,3844495749,83,417,163,305,334,142
1113061710,1926715057,19,481,21,476,462,455
1190259007,1876687651,51,459,121,351,408,230
1007757336,435254558,150,349,122,377,199,255
1102675204,869948580,62,436,83,413,374,330
1204248951,3287289478,48,450,0,499,402,499
1190246835,2562241207,128,343,96,315,215,219
1104618284,1836874200,17,481,0,499,464,499
1315265065,4187768583,78,410,59,417,332,358
893754056,83892830,98,400,21,486,302,465
1304076143,4160932718,106,388,51,463,282,412
1168015793,2849852052,76,447,133,341,371,208
1213640708,3451369249,100,399,54,444,299,390
1158664557,2702363260,14,471,87,422,457,335
1007984455,435843265,170,328,135,364,158,229
1027098478,569797481,104,394,50,449,290,399
1291293017,4101477446,0,499,0,460,499,460
1235688010,3697789740,32,473,60,460,441,400
1240239742,3745174298,14,484,6,494,470,488
924039879,174993855,0,499,83,415,499,332
1237025952,3709354775,71,449,150,349,378,199
1273101430,3992399900,60,435,74,445,375,371
1168509182,2861495580,221,278,210,282,57,72
1303747617,4159400934,39,441,64,442,402,378
1241428952,3756677326,197,300,195,304,103,109
1152792625,2612255166,56,430,79,412,374,333
1176505388,2958504482,0,490,105,397,490,292
1190251350,2960019435,102,429,131,394,327,263
1167416916,2834361130,0,499,68,431,499,363
1317400163,4212780719,43,475,55,468,432,413
1026368789,562802241,0,499,52,447,499,395
1319770740,4214998843,26,473,126,439,447,313
1254405330,3861820882,52,447,59,450,395,391
973603358,269438627,73,426,0,499,353,499
718084430,59242368,226,272,215,284,46,69
1027092066,569736119,102,396,50,449,294,399
1077831536,1384033226,140,359,100,399,219,299
1088564909,1536216551,0,499,62,436,499,374
1142021740,2444764159,0,499,0,498,499,498
988510034,295660575,344,455,234,264,111,30
1314467049,4202303223,60,437,40,446,377,406
908111583,152689280,35,464,34,464,429,430
1239078676,3732719326,14,499,16,490,485,474
1008193745,436100947,170,328,136,362,158,226
1071685476,1291692871,0,499,0,499,499,499
1158032690,2694028069,70,429,145,354,359,209
1039541347,798252119,0,499,62,436,499,374
1292877763,4114275832,0,499,0,499,499,499
983824992,286567875,9,453,42,452,444,410
1256046724,3873074925,0,499,0,499,499,499
1232814558,3669572789,115,384,148,350,269,202
1009298473,334350674,100,399,56,442,299,386
1138374900,2366596619,0,499,62,436,499,374
495187430,51588628,83,415,28,471,332,443
1241002457,3751762524,110,389,54,445,279,391
1301504301,4150990584,58,430,113,369,372,256
1138020309,2358080189,29,458,112,421,429,309
1249535959,3819983825,16,499,165,438,483,273
1239448079,2886124633,40,460,164,361,420,197
982039764,285370797,0,499,62,436,499,374
1269060131,3953863845,0,499,0,499,499,499
1243785607,3775997597,119,390,153,327,271,174
1255495141,3868441502,0,499,0,499,499,499
1154987849,2646579430,91,372,56,439,281,383
1226437864,1068615742,237,252,154,363,15,209
1226210553,3596394538,118,381,68,451,263,383
1310748639,4182274721,30,499,0,499,469,499
1228030034,3614141746,31,465,118,423,434,305
1275163059,4004090781,28,467,42,465,439,423
1309985635,4181946127,128,435,96,355,307,259
1299526848,4141588117,52,469,72,383,417,311
1054741392,1047774668,0,499,62,436,499,374
1245331460,84758843,0,499,73,426,499,353
1215365883,3470033690,73,425,146,376,352,230
1283919184,4061631731,17,464,39,393,447,354
1306829861,4168956693,0,499,0,499,499,499
1232760232,3668905915,15,485,137,370,470,233
1111042044,1908564863,186,305,85,424,119,339
1093327083,1600333058,157,364,49,400,207,351
1280863389,4047223610,0,499,62,436,499,374
1260189295,3890942933,1,498,0,499,497,499
1230249422,3635153822,81,418,0,499,337,499
1013668058,468864254,0,499,62,436,499,374
1065029288,1145269622,0,499,62,436,499,374
1188032577,2726076880,156,389,78,472,233,394
1146383179,1109150799,35,452,47,444,417,397
1255382254,3868423153,32,468,19,356,436,337
1008107663,435917745,100,399,141,358,299,217
1009326847,440691833,100,399,60,439,299,379
937368527,197619665,94,405,27,471,311,444
1055383803,1057787820,63,436,0,499,373,499
1252568394,3850132388,84,442,82,451,358,369
1069419950,1151126310,91,396,18,479,305,461
1255159818,3868294681,63,436,0,499,373,499
1275844617,4009167502,0,499,0,499,499,499
1277498951,4019796696,62,437,46,445,375,399
1282286490,4055998056,21,477,23,478,456,455
1000824136,359360791,60,438,0,499,378,499
1218895892,3515132404,88,411,0,499,323,499
1008132276,436061054,100,399,56,443,299,387
1196633040,3195328202,0,499,0,499,499,499
1249586735,3820236343,110,394,73,415,284,342
1265056113,3929357484,60,462,58,452,402,394
1209349294,3373828209,109,389,0,499,280,499
1156078163,2664721997,221,278,1,461,57,460
1268742752,3936353231,7,478,51,453,471,402
1215819383,3474160962,86,412,0,499,326,499
995102648,303051133,171,328,29,439,157,410
999447704,106331179,95,403,45,499,308,454
833520553,59049015,193,306,166,333,113,167
870165292,114488010,143,356,101,398,213,297
1078560064,1400172694,187,312,145,365,125,220
1118539851,1985749199,152,350,176,303,198,127
464230730,50520642,77,421,0,499,344,499
1261414607,3898723733,0,499,0,499,499,499
1047562019,887311048,109,389,0,499,280,499
1144510916,2483380640,104,394,5,487,290,482
1027276968,570745382,111,387,50,449,276,399
1322454978,4229979621,35,451,77,368,416,291
1272031912,3986437933,0,499,0,499,499,499
323726031,249638,70,429,0,499,359,499
1300811626,4149008975,0,499,0,499,499,499
1262411246,3907801952,0,499,0,461,499,461
927357817,179686553,156,343,115,384,187,269
1241116678,3752984679,11,471,110,386,460,276
1249536589,3819984710,13,485,157,394,472,237
1262366824,3906641364,109,464,19,305,355,286
1122255568,359124254,145,353,100,399,208,299
931867541,186894274,37,441,12,443,404,431
1125050461,278552700,156,343,100,399,187,299
1257855233,3883196460,55,479,29,464,424,435
1250268234,3831364222,0,499,99,436,499,337
1217224818,3491747884,138,360,165,335,222,170
1256663595,266023,70,429,0,499,359,499
1161117608,2732797002,110,389,60,446,279,386
1321022781,4221665098,130,366,50,447,236,397
1310470290,4182245618,0,499,0,499,499,499
1155210048,2649834614,135,366,65,487,231,422
1010768951,448693559,62,436,0,499,374,499
1323293403,4231695325,36,455,146,376,419,230
1018393926,510784102,0,499,241,258,499,17
1279639156,4040190031,8,499,202,499,491,297
1316250184,4200880341,40,487,105,434,447,329
683953249,399840,90,409,0,499,319,499
1163959741,2775435195,0,499,65,453,499,388
1255100480,3868307397,176,302,211,282,126,71
1301501963,4151262273,71,435,179,364,364,185
1177406055,2973423357,62,435,0,499,373,499
857799524,91963997,65,434,0,499,369,499
1302523292,4155420541,0,499,0,499,499,499
1077306110,832353913,40,458,0,499,418,499
1135180778,2300935860,225,268,23,426,43,403
684674234,54835399,70,428,0,499,358,499
923599335,174229185,62,436,0,499,374,499
1126789911,2107748953,49,451,103,398,402,295
1279359971,4037446145,8,497,39,499,489,460
1277318302,4022066627,180,309,125,370,129,245
1156846523,2667200295,69,430,0,499,361,499
1322110129,4229652426,64,429,76,435,365,359
1249534530,3819979216,148,335,197,301,187,104
1174584776,2940638406,186,314,230,273,128,43
1323556488,4234359180,43,451,12,485,408,473
1260217818,3894910969,0,499,0,499,499,499
1067117743,1176096464,0,499,122,377,499,255
1311137080,4182061110,115,397,76,499,282,423
1038932244,764707023,0,499,62,436,499,374
1167670794,2843197748,100,401,20,474,301,454
1300222731,4145197413,22,475,76,451,453,375
1283322827,4061149876,145,324,60,348,179,288
1039129247,790498673,0,499,62,436,499,374
988953808,296100214,79,419,0,499,340,499
948200962,191515944,63,436,0,499,373,499
1199384348,3228900895,189,310,100,399,121,299
1057437892,1077446296,90,409,122,371,319,249
1019325925,516399742,102,475,153,335,373,182
1133486243,2246803751,23,456,206,452,433,246
1268417966,3951005593,48,499,41,499,451,458
1280825912,4047206058,205,482,28,398,277,370
1075758493,1352145993,80,416,63,435,336,372
1277040911,4019334629,0,499,58,442,499,384
984096379,288548054,20,417,106,361,397,255
1121886172,2044411838,24,480,83,419,456,336
1258874687,3887567068,70,432,89,442,362,353
1291980412,4105522112,84,398,41,448,314,407
1302862305,4156926626,0,499,0,499,499,499
1117935782,1978152885,140,331,118,391,191,273
1107659893,1869201460,143,455,167,427,312,260
1257341803,3879909560,22,484,139,348,462,209
873465041,119088698,62,436,0,499,374,499
1123790688,2059412233,56,455,136,371,399,235
947345043,209518714,200,298,150,349,98,199
1324217157,4236298412,72,464,115,362,392,247
956152959,221105449,44,453,109,404,409,295
1275208060,4004103197,0,499,0,499,499,499
1165616012,2805735880,51,469,183,372,418,189
1121362296,2034805278,6,491,97,400,485,303
1311893701,4189055191,0,499,0,499,499,499
1308897758,278562857,150,313,49,454,163,405
1027077241,569734007,100,399,68,431,299,363
1310719320,4184544020,27,475,58,391,448,333
1124520963,2078552943,37,464,47,469,427,422
1065238966,1149597988,6,493,6,492,487,486
1033615426,654906974,0,499,0,499,499,499
1310778147,4184545733,181,338,78,477,157,399
870547842,73469992,0,499,71,428,499,357
1323330813,4231757569,0,499,0,499,499,499
1176503932,2958499963,183,312,179,386,129,207
1310671799,4182266617,0,499,0,499,499,499
1318158612,819643563,58,432,86,418,374,332
1247486302,3810737063,13,490,35,420,477,385
1256969054,3876188834,36,464,36,463,428,427
1258335932,3883424683,0,499,0,499,499,499
1068630427,1195881307,0,499,62,436,499,374
1253801598,3858087863,0,499,0,499,499,499
1302134691,4153244461,0,499,0,499,499,499
1314895651,4186842591,53,423,76,442,370,366
941119629,205879328,0,499,62,436,499,374
1312422008,4194034164,0,499,0,499,499,499
1070320043,1267333576,6,493,6,492,487,486
1289061456,4085963937,16,499,31,489,483,458
1061097975,143558460,91,407,0,499,316,499
1314560112,4186318312,115,463,39,336,348,297
1236060472,3704236794,34,465,22,429,431,407
1244200612,3780734390,0,499,62,436,499,374
1262992056,3912894419,29,462,25,475,433,450
1054860739,1050271243,0,499,100,399,499,299
1209303297,3369813690,140,358,100,399,218,299
1279107425,4037579162,59,443,25,390,384,365
1260325407,3893242531,28,499,16,499,471,483
1269569575,3960502433,117,439,107,375,322,268
1190251921,2853847692,0,499,119,379,499,260
1206448116,3326950760,78,420,0,499,342,499
1293316532,4104715407,40,461,184,353,421,169
1276994155,4017754792,0,499,0,499,499,499
1324142750,4236042727,0,499,0,499,499,499
154456530,294401,100,399,28,471,299,443
1252627394,3850328406,0,499,62,436,499,374
1316220933,4200878332,11,496,21,487,485,466
976291399,227205447,0,499,63,436,499,373
1129164974,2160500477,0,499,62,436,499,374
1268101247,3945636286,110,389,54,445,279,391
1236321081,3707217859,138,363,8,493,225,485
1133293271,288020714,79,415,221,280,336,59
1172791595,2920940587,1,497,0,499,496,499
1243221364,3771847799,15,476,8,448,461,440
1004010060,401115795,70,427,0,499,357,499
1252284169,3844928071,109,389,0,499,280,499
938153308,199702534,34,465,114,385,431,271
1216565883,3481980755,97,499,0,484,402,484
928595975,181976587,63,436,0,499,373,499
857973682,50723357,79,419,22,476,340,454
1057628881,1077659408,203,296,180,315,93,135
1043841023,853456108,93,402,2,497,309,495
1301951939,4153910488,93,406,0,499,313,499
1239702013,3739050686,232,278,433,491,46,58
1269776895,3962605595,0,499,0,499,499,499
1165610565,2805627541,150,349,114,384,199,270
1009050365,439706534,73,425,0,499,352,499
1126860978,2108018415,0,499,0,499,499,499
1193623497,3147648296,135,364,176,341,229,165
1027349921,570669150,111,388,50,449,277,399
1007701105,435112854,54,445,0,499,391,499
1282337085,4056049343,41,459,19,489,418,470
981533142,284619781,81,418,0,499,337,499
1249618396,3817896377,0,461,40,469,461,429
1283723151,4061606775,0,499,0,499,499,499
1197629212,3204721352,62,436,0,499,374,499
1027115885,569882501,100,399,57,442,299,385
1092921677,1592808856,35,463,1,499,428,498
1009213165,438298816,83,415,0,499,332,499
1107660301,1869201013,105,390,115,394,285,279
1225671885,3460634505,139,360,125,343,221,218
1303235382,4157524000,5,459,92,406,454,314
1283964081,4061637142,159,391,22,472,232,450
1223410721,3580769559,59,453,56,470,394,414
1196814072,3199157943,204,299,197,331,95,134
1321665774,4227456610,0,499,0,499,499,499
1310345546,4182156832,55,477,111,369,422,258
1015687160,480752504,62,436,0,499,374,499
1049175843,942422815,107,391,107,391,284,284
1141325757,2419559250,0,499,83,415,499,332
1305070239,4164661269,106,388,51,463,282,412
1243660154,3775276263,0,499,62,436,499,374
977745730,278786778,62,436,0,499,374,499
1251401894,3842549371,0,499,0,499,499,499
1130987154,1999876733,74,425,0,499,351,499
1304021172,4160807728,0,499,0,499,499,499
1282290317,4056000842,73,426,98,401,353,303
595679062,46842942,0,499,1,497,499,496
1158121345,2695198405,21,472,81,408,451,327
1286920150,4074701494,0,499,0,499,499,499
1240857126,3750157266,118,401,25,482,283,457
1317466564,4213275844,132,335,24,464,203,440
1261706544,3900594527,87,420,58,440,333,382
1066798554,1171952209,0,499,68,430,499,362
1211983979,3414349048,217,294,20,478,77,458
961416680,161532256,0,499,62,436,499,374
1287880576,4079551105,57,437,75,450,380,375
1306166275,4167137855,0,499,0,499,499,499
1022781677,530242218,62,436,0,499,374,499
1104739801,1842311715,133,362,98,392,229,294
1254576212,3863212856,58,457,109,374,399,265
1188467034,3065374759,8,493,93,404,485,311
1244541105,3785187852,0,499,122,436,499,314
849065338,80363578,112,386,181,317,274,136
850844094,82420996,197,302,179,324,105,145
1270520412,3971922840,20,438,70,455,418,385
1192115967,3121394458,62,436,0,499,374,499
1137620653,2349157648,132,370,35,480,238,445
916516052,154431906,130,368,86,366,238,280
1240730182,3748207430,170,339,145,356,169,211
1283444441,4061578296,22,472,136,387,450,251
1319846716,4215071142,29,466,35,448,437,413
1257279758,3880037934,0,499,0,499,499,499
1040826207,819755815,47,454,70,424,407,354
862426787,102131383,0,499,62,436,499,374
1267072914,3941581086,209,295,210,293,86,83
1272516851,3989893171,33,472,19,454,439,435
879232910,124649496,5,470,47,454,465,407
1299813531,4143635268,67,431,9,489,364,480
1249535631,3819982838,169,325,145,335,156,190
1143342368,2464619419,122,376,212,321,254,109
1144094146,2475794540,40,461,7,493,421,486
1255905330,3872341859,24,328,41,419,304,378
1261112474,3897573536,0,499,62,436,499,374
1263311413,3915381792,82,418,26,479,336,453
1318287150,3106504755,14,478,58,432,464,374
1287365618,4076593495,35,477,36,469,442,433
1227923140,3613866640,51,447,0,499,396,499
1111922113,1916821958,140,359,100,399,219,299
1309080639,4179421861,0,499,0,499,499,499
1294214694,4122561639,39,468,20,467,429,447
881811655,126302472,119,379,70,430,260,360
1310515387,4182448797,82,419,67,440,337,373
1260304365,3893329045,170,329,37,423,159,386
1032962262,639048957,62,436,0,499,374,499
1246253639,3797493830,62,436,0,499,374,499
1260714141,3895345126,30,468,118,388,438,270
1253519573,3857173117,55,452,32,479,397,447
896416082,64574612,92,406,0,499,314,499
1027290802,570652295,103,395,50,449,292,399
1140208956,2394698958,85,393,161,373,308,212
1281965135,4050742135,19,449,137,468,430,331
1158121370,2695198425,26,493,71,434,467,363
134799730,3836396,71,427,1,497,356,496
1144458044,2482251721,0,499,103,423,499,320
1261411714,3898722962,0,499,0,499,499,499
888685187,5731311,91,407,0,499,316,499
683805145,57115738,68,422,0,491,354,491
996085944,304800867,191,349,38,499,158,461
1221959163,3566576838,154,344,113,399,190,286
1002974337,388574318,173,307,157,339,134,182
447423978,50310217,65,434,0,499,369,499
846911366,73816919,178,320,150,349,142,199
958947187,230184702,85,413,0,499,328,499
973607279,269653446,15,457,112,326,442,214
1305109263,4164667420,106,388,51,463,282,412
1198106064,1474469392,157,342,100,399,185,299
1069725054,1228240991,63,435,0,499,372,499
1258593266,3885517777,0,499,0,499,499,499
1321501528,4223009924,111,384,87,444,273,357
1026990379,569627652,102,396,50,449,294,399
1125019203,2087906994,156,343,100,399,187,299
882942534,127629987,0,499,62,436,499,374
1152752917,2610855981,74,425,0,499,351,499
1156640875,2675131156,101,398,36,461,297,425
1046140130,874152314,0,499,83,415,499,332
859958045,58970648,70,427,11,490,357,479
1256430162,3874305298,87,434,61,441,347,380
1311262654,4182066521,69,425,15,489,356,474
1211052707,3382881569,62,436,0,499,374,499
1271689845,3979652530,71,441,55,470,370,415
1292419397,4108911010,90,397,150,362,307,212
1300479634,4146736848,0,499,0,499,499,499
1043841372,853456066,22,453,174,361,431,187
1301538832,4150997648,19,475,114,369,456,255
1258538670,3883452417,185,324,18,481,139,463
1306867341,4167093974,0,499,0,499,499,499
1316308465,4200883290,68,431,48,495,363,447
1285072294,4063754909,0,499,0,499,499,499
1034421462,675938784,0,499,40,458,499,418
860441111,98213232,62,436,0,499,374,499
1310823545,4184547174,24,478,95,393,454,298
1311504002,4187532995,0,499,0,499,499,499
994032498,301893677,184,496,30,499,312,469
873050733,118531028,0,499,62,436,499,374
998318838,334560246,84,392,60,429,308,369
1292881418,4114276018,0,499,0,499,499,499
1275786658,4008680744,0,499,0,499,499,499
1300923053,4149770813,185,321,135,357,136,222
687737585,57433620,198,302,185,314,104,129
51662530,853894,76,423,72,427,347,355
1241209725,1998410807,100,399,20,462,299,442
1256636641,3874331265,0,499,0,499,499,499
1189120501,3078440036,0,499,0,499,499,499
922620244,171583866,84,412,0,481,328,481
1287766193,4076990999,109,389,0,499,280,499
1177438838,2966690557,109,389,0,499,280,499
1255684032,3870820402,48,452,106,422,404,316
1027326317,570663615,108,390,50,449,282,399
1265008083,3929174596,0,499,0,499,499,499
1261400184,3898720362,0,499,0,499,499,499
1069965540,987347195,0,499,62,436,499,374
1130349509,2183083561,64,440,13,499,376,486
1253159391,3855208112,0,499,96,403,499,307
1202886462,3265357696,104,400,39,460,296,421
992938444,300709910,148,346,120,386,198,266
1323616184,4231863749,27,455,63,464,428,401
1196327404,3185574699,84,435,76,428,351,352
1028402809,584064081,110,402,24,487,292,463
1190248592,1833185696,121,379,72,426,258,354
1275597555,4007127238,32,469,74,423,437,349
1100070505,1711728861,180,319,153,346,139,193
1067655849,278782751,150,354,114,385,204,271
1100074874,1711736357,110,389,75,424,279,349
1251224425,3838152366,6,494,38,460,488,422
1309336659,4180380163,22,476,33,453,454,420
1308854912,4177839950,0,480,18,499,480,481
1230498710,3638923835,12,488,159,362,476,203
1043861996,851442044,62,436,0,499,374,499
1007383160,416649865,76,422,0,499,346,499
1014693279,473957987,115,384,66,432,269,366
1283010608,4057772601,0,499,54,499,499,445
1277783772,4026125742,0,499,52,424,499,372
987341933,294180851,75,383,21,472,308,451
1316096324,4200868867,41,457,23,409,416,386
1189501068,3082611439,0,499,0,499,499,499
1314563501,4202304890,0,499,30,499,499,469
1008931273,439648675,73,425,0,499,352,499
847074817,76449252,79,420,0,499,341,499
1155781622,2660100419,101,393,114,398,292,284
1260375097,3893204613,51,417,163,358,366,195
878572767,123950461,117,381,65,434,264,369
1134397434,2282782012,70,429,145,354,359,209
1027292830,570692223,61,438,0,499,377,499
1308163747,4174720656,0,499,0,499,499,499
1260330843,3893242623,0,387,96,499,387,403
1249535907,3819983809,130,369,170,329,239,159
1077312204,1371456488,165,338,129,383,173,254
1311306683,4182068310,23,477,79,475,454,396
1102523861,1798444158,62,436,0,499,374,499
1116445992,1961024490,137,361,100,399,224,299
1102142536,1133033572,83,416,0,499,333,499
1031005064,606116283,152,365,8,456,213,448
1320380581,4224250216,36,462,50,463,426,413
1292269813,4108381810,17,449,13,488,432,475
1271303984,3974968883,88,410,16,499,322,483
1116664451,1963810889,164,319,193,349,155,156
1269001089,3955074191,0,499,0,499,499,499
1044041662,855951745,83,416,0,499,333,499
309768007,46535102,0,499,62,436,499,374
1304037002,4160884507,106,388,51,463,282,412
1249758772,3821565989,0,499,62,436,499,374
1306527373,4167074163,106,388,51,463,282,412
1324053496,4236041410,41,445,148,396,404,248
1132523003,2227746208,164,334,115,384,170,269
1292445222,4108916218,221,367,203,309,146,106
1125587219,2093487339,50,463,123,428,413,305
1242125460,3762643555,57,441,4,495,384,491
1244541272,3785187896,0,499,120,436,499,316
1061417885,1100845827,201,298,180,319,97,139
1277161575,4019921339,52,415,127,394,363,267
1320968201,4221642415,368,383,208,259,15,51
1190252171,2781594578,203,284,378,441,81,63
1311478775,4187456464,137,369,17,479,232,462
1063626139,278515073,159,339,100,399,180,299
937788757,199005583,171,316,147,226,145,79
856119793,89103563,125,374,165,334,249,169
1318070420,1499538103,61,414,7,486,353,479
1273149418,3993167758,79,422,208,331,343,123
1015521783,484961780,55,464,94,406,409,312
1275999796,4010221434,0,477,48,499,477,451
1293334335,4104725887,45,469,85,439,424,354
940889866,205319345,158,332,140,342,174,202
1269075517,1874257736,100,399,49,450,299,401
1250251964,3831234796,0,499,7,491,499,484
1022488308,460073234,0,499,0,499,499,499
1117922707,1976206515,68,431,0,499,363,499
1294225737,4122725636,29,468,69,490,439,421
1143966388,2472524326,101,365,129,380,264,251
1254665287,1856325393,62,436,0,499,374,499
1211241245,3393999612,62,436,0,499,374,499
1266488383,3938615613,12,458,140,484,446,344
1323391653,4231833374,31,447,64,464,416,400
1243785620,3775997599,174,337,135,410,163,275
1182183713,3005788039,99,399,0,499,300,499
1282580233,4057554599,56,434,67,451,378,384
1264007729,3916951840,62,436,0,499,374,499
856489079,89834183,90,409,30,468,319,438
1277508941,4019799735,69,425,76,431,356,355
1246071146,3797074199,15,499,33,485,484,452
1271090035,3766473967,100,399,7,491,299,484
1261359721,3898714832,96,405,62,441,309,379
1282294943,4056002102,54,437,88,453,383,365
1098208181,1682140872,0,499,138,360,499,222
1274581845,48807116,74,425,0,499,351,499
1050458668,116602455,62,436,0,499,374,499
1279257919,4037110365,47,457,59,434,410,375
1256966358,3876187813,0,499,0,499,499,499
1243894573,3776580944,0,499,62,436,499,374
957161391,223674979,0,499,83,415,499,332
1236118495,3705407469,118,400,115,402,282,287
1310623896,4182263255,16,483,30,474,467,444
228112930,6491190,74,425,74,425,351,351
1249535056,3819980436,169,332,189,312,163,123
1310290157,4182231703,140,208,151,353,68,202
1310894113,4185487176,78,420,0,499,342,499
1118981732,1990471115,154,346,119,390,192,271
979474239,280497900,98,381,32,467,283,435
1273096946,3992558395,14,487,92,408,473,316
1275663720,4006906666,17,493,74,407,476,333
1127517746,2123813520,62,436,0,499,374,499
1246391065,3798825341,0,499,237,262,499,25
1215467090,3218450835,191,305,60,480,114,420
933258169,190109005,85,414,4,496,329,492
1008070973,435889782,170,328,129,369,158,240
1209278068,3368193840,94,392,29,468,298,439
1260278781,3893194011,42,441,177,337,399,160
931555243,186137713,215,286,182,370,71,188
1313623510,4198481604,0,499,0,499,499,499
1038998577,771634959,77,422,0,499,345,499
1026426341,564159091,34,465,0,499,431,499
1043840769,853456097,9,492,105,415,483,310
1240823000,3748415138,68,431,0,499,363,499
1043181533,848472724,77,423,120,489,346,369
1194561713,3160906719,96,417,9,448,321,439
967224325,254401125,86,406,157,338,320,181
929437063,183049857,62,436,14,499,374,485
1271700357,3979564899,0,499,0,499,499,499
1278978339,4037571600,46,412,110,387,366,277
1252627412,3850328409,0,499,62,436,499,374
1308316541,4151847091,26,469,40,443,443,403
1202911856,3265720586,204,223,232,271,19,39
1301845414,4151009595,119,379,60,416,260,356
1250268428,3831364267,0,499,62,436,499,374
977966087,278567165,104,395,0,499,291,499
934608083,193088082,117,381,65,434,264,369
987585566,294329476,22,476,116,408,454,292
1312413504,4194806934,0,499,0,495,499,495
1293861266,4105604074,40,481,107,437,441,330
1299526169,4141588078,34,315,136,353,281,217
1309396219,4180426602,0,499,108,390,499,282
1204825813,3298145223,0,499,0,499,499,499
1223057687,3567899321,128,371,87,411,243,324
875656052,89847803,78,421,0,499,343,499
915113692,158480054,71,427,0,499,356,499
1199392993,3229197414,66,424,162,325,358,163
861891950,100678218,20,448,62,436,428,374
1279677652,4040440848,36,466,70,432,430,362
986743491,292669026,78,421,0,499,343,499
1312043652,4191694033,0,499,109,389,499,280
849309789,80598837,66,405,28,490,339,462
853572911,84576674,79,420,0,499,341,499
1294420694,4123172055,188,325,105,488,137,383
1123926126,1118849566,21,476,70,449,455,379
1251438532,3842663057,0,499,0,499,499,499
1016994144,501450049,0,499,16,482,499,466
1275227641,4004111477,67,428,87,453,361,366
1267950186,3944719513,134,395,144,369,261,225
974856953,272025013,69,429,0,499,360,499
1261173104,3898707777,17,470,161,330,453,169
1125330542,2091257012,96,400,117,377,304,260
1301564691,4150999654,20,482,119,335,462,216
971027362,259916201,0,499,62,436,499,374
1128100176,2134871277,23,470,70,459,447,389
1308329375,4152027971,86,418,65,440,332,375
1025670892,554016140,100,389,15,476,289,461
1146396489,259581499,63,449,75,404,386,329
1259346629,3887630198,0,499,0,499,499,499
1233826190,3682502350,0,499,0,499,499,499
1283194974,4058550191,27,473,176,323,446,147
1318131339,4217210574,288,296,302,321,8,19
1165420780,2803589804,52,453,183,337,401,154
1019351134,516415498,187,288,247,449,101,202
1250223464,3831116175,165,350,59,434,185,375
1241676787,3759459994,183,332,83,311,149,228
1237266668,3716300492,100,399,88,410,299,322
1153327155,2625469143,39,486,139,357,447,218
1006530810,425009847,151,354,172,325,203,153
1235398541,3693434236,208,288,97,396,80,299
1230544476,292837583,62,436,0,499,374,499
1317690308,4213744812,221,318,227,268,97,41
1291663578,4102987886,0,499,0,499,499,499
1316259172,4200881175,29,472,22,488,443,466
1262359192,3906640972,0,496,14,499,496,485
1201826821,3249398280,79,417,14,490,338,476
1104598519,1839091914,0,499,66,432,499,366
1230802968,3641909461,137,377,43,477,240,434
1279168427,4037098011,0,499,0,499,499,499
1285839610,4017665935,69,419,108,369,350,261
1232545963,3665479255,49,450,99,399,401,300
1268591975,3952134809,46,462,174,312,416,138
1266796138,3940031387,303,404,185,349,101,164
1307882820,4173008774,38,478,35,437,440,402
1211983243,3414348344,130,369,130,369,239,239
888391511,134547903,92,406,0,499,314,499
1289899203,4090423427,63,435,87,411,372,324
1047253609,896187021,73,426,0,499,353,499
1010340834,1923129075,55,435,151,410,380,259
1261148039,3898434012,135,366,188,320,231,132
1317559494,4213729117,0,499,0,499,499,499
922313654,92936705,77,421,3,496,344,493
1169904086,2887191680,88,396,48,430,308,382
1250192754,3830398236,60,460,39,438,400,399
1287880096,4079551098,0,499,0,499,499,499
1266505569,3938617241,13,480,124,486,467,362
1221958812,3565826089,34,471,108,376,437,268
1220209231,3541010032,50,461,25,475,411,450
1013185909,464626287,74,438,1,499,364,498
1238771945,3718583295,63,436,0,499,373,499
858309409,92561492,73,426,0,499,353,499
1115863087,1947450060,157,341,100,399,184,299
1192168425,3122801369,68,432,22,488,364,466
978861616,270522983,42,448,152,356,406,204
887752665,133960422,199,299,180,319,100,139
1211351615,3396526513,55,422,102,453,367,351
1117425425,1973211477,0,499,0,499,499,499
1265208132,3929890091,6,491,78,463,485,385
1279254881,4037108810,31,470,57,437,439,380
1033280666,648631934,0,499,115,383,499,268
987490801,294326471,127,497,6,497,370,491
1248846614,3817903036,23,483,105,372,460,267
1298472158,4139336472,0,499,0,499,499,499
1316103864,4200869244,0,494,67,499,494,432
1223243324,3579783773,139,358,75,345,219,270
980028882,1698079,62,436,0,499,374,499
861752011,100367369,70,430,0,499,360,499
1158120731,2695197357,0,499,0,499,499,499
1152104280,2598927512,0,499,62,436,499,374
1104331190,1830849576,78,389,134,355,311,221
1165420869,2803589833,90,422,47,454,332,407
1199000524,1935961711,137,361,100,399,224,299
969258955,256502796,0,499,62,436,499,374
1271444953,3976920344,139,366,0,446,227,446
1266214539,3937634680,0,499,0,499,499,499
836344823,69934425,100,399,30,469,299,439
1077539659,1374123318,80,419,1,499,339,498
1289856755,4089738072,0,499,0,499,499,499
1246097002,3797081079,0,499,10,499,499,489
1307771529,4172823706,8,492,41,476,484,435
1226494073,3485251054,156,342,100,399,186,299
1026949837,569848945,104,395,50,449,291,399
877229054,122729056,61,438,0,499,377,499
1221445559,3563519741,24,477,25,474,453,449
1143594671,2466337574,171,341,85,394,170,309
1292507632,4108937937,99,413,48,430,314,382
1304179370,4160988221,106,388,51,463,282,412
937365433,197622112,94,405,27,471,311,444
1189498949,3082611044,11,485,89,368,474,279
891700108,138516440,0,499,107,392,499,285
1201859508,3249569546,79,420,0,499,341,499
1123785494,2058956741,183,300,53,435,117,382
326788300,47414142,67,431,2,499,364,497
1051330823,976886360,47,451,0,499,404,499
1212425282,278402554,158,340,100,399,182,299
1209286923,3367119849,0,499,62,436,499,374
1084619079,94416352,62,436,0,499,374,499
1263063364,3913803447,58,450,96,384,392,288
1317952810,4215699808,0,499,0,499,499,499
1280531367,4045214020,48,465,82,437,417,355
1261883656,3900713604,76,433,14,482,357,468
1243273722,3772466757,0,499,109,389,499,280
994285132,302287198,60,349,108,363,289,255
1318402154,462524022,131,383,139,484,252,345
1072855709,1311921492,157,351,120,394,194,274
1045719314,870977611,0,499,0,499,499,499
983549404,287570375,68,431,2,499,363,497
1315006830,4204286359,119,392,15,479,273,464
937558753,198370227,0,499,150,348,499,198
1262283093,3906573231,146,354,102,379,208,277
1270219654,3969948732,66,470,46,457,404,411
1217603605,3495652989,34,469,35,475,435,440
1275685070,4006530594,0,499,0,499,499,499
1309057291,4179409780,0,499,71,428,499,357
1223472786,3580783224,108,362,54,475,254,421
997623158,86422895,190,309,158,341,119,183
958168143,226952840,84,414,0,474,330,474
1236030893,3696996904,0,499,62,436,499,374
1285958599,4068959584,78,420,0,499,342,499
1273513349,3992742877,20,481,27,470,461,443
1298710818,4112024785,39,458,51,448,419,397
1242912142,3767224935,0,499,36,462,499,426
1289104529,4086049768,96,382,156,363,286,207
830631270,62648752,189,310,165,334,121,169
1261420280,3898726277,0,499,0,499,499,499
1121420233,2035478949,128,422,8,470,294,462
1204471168,3290854004,126,402,118,375,276,257
1265207465,3929890074,16,499,99,368,483,269
1192601857,1967366001,90,386,84,420,296,336
1292367854,4108695949,14,487,7,490,473,483
992933691,300712974,19,469,123,336,450,213
1026242533,138311024,71,427,0,499,356,499
1083724952,1480767892,73,427,0,499,354,499
1283933761,4063335493,53,440,98,410,387,312
1324055997,4236041479,10,499,10,496,489,486
977710698,278424129,62,436,0,499,374,499
1192473773,3128674789,40,441,143,378,401,235
1275580400,4006497448,152,368,48,438,216,390
1221439574,3563517803,26,464,20,390,438,370
1133616882,2255457735,0,499,63,436,499,373
1249535856,3819983755,23,469,79,411,446,332
1283676279,4061597613,2,497,0,499,495,499
1273408205,3992577409,62,443,64,446,381,382
1273760245,3992793721,72,426,75,429,354,354
977162330,197575199,70,428,0,499,358,499
1307791418,4172825255,22,469,137,378,447,241
1054835585,1049963322,152,347,100,333,195,233
1209003993,3366384027,165,334,100,399,169,299
1285118863,4066268961,67,499,0,499,432,499
1005003351,409622790,71,427,0,499,356,499
1180068083,2994221525,67,434,103,416,367,313
1134912889,2294755965,132,376,184,303,244,119
1304701297,4163311107,62,436,0,499,374,499
1310069430,4181960652,0,499,0,499,499,499
1174590732,2940639788,215,280,228,316,65,88
1159520109,2715519336,65,434,0,499,369,499
1119785566,2002781692,79,402,38,462,323,424
1294185419,4122553240,6,493,7,492,487,485
875123391,121043396,184,315,170,329,131,159
913932707,158287526,62,436,0,499,374,499
1253532906,3829233776,100,399,0,498,299,498
1176711094,2961195175,73,416,18,359,343,341
1248518652,3815450212,0,499,0,499,499,499
1258321851,3881733018,25,474,24,475,449,451
1069235677,1229559047,0,499,82,414,499,332
1046023967,873621412,102,380,114,388,278,274
997831277,92360786,190,309,171,327,119,156
885272046,130901555,62,436,0,499,374,499
865540745,107924210,217,270,222,299,53,77
1181407434,3002754296,36,458,175,327,422,152
978623633,279903701,71,428,0,499,357,499
858852153,90965924,184,314,150,349,130,199
1285919393,4071503107,79,419,0,499,340,499
1308905189,278403061,100,399,55,441,299,386
1269058507,3955110368,0,499,0,499,499,499
1301509638,4151262901,0,499,0,499,499,499
1203136719,3269774657,175,341,20,457,166,437
1145501000,2497274266,0,499,30,469,499,439
1307263095,4170571551,54,499,19,499,445,480
1320672847,4224943703,2,499,56,437,497,381
282990666,7320842,75,424,0,499,349,499
1276725048,4015985778,0,499,0,426,499,426
1008213034,436083191,160,339,122,377,179,255
1064010441,1124129612,62,436,0,499,374,499
1312800577,4195569741,67,433,86,410,366,324
1319429226,4214364214,96,343,116,398,247,282
913858883,158286036,0,499,83,415,499,332
1211403213,3290284490,42,462,39,460,420,421
1156652659,2675086331,196,300,168,294,104,126
1313784538,4200446768,0,499,0,499,499,499
1316198347,4200877287,50,452,54,444,402,390
1243743006,1135482829,81,415,63,434,334,371
939893141,202971453,62,436,0,499,374,499
1102701124,1805706053,0,499,62,436,499,374
1247581008,3811594900,100,399,37,462,299,425
1274074612,3997262286,145,354,0,499,209,499
1271581975,3976973493,29,478,61,470,449,409
1007766125,435282576,140,359,109,390,219,281
1065997226,1158987675,110,389,145,354,279,209
1156265727,1101541138,28,480,111,363,452,252
975910855,141537703,62,436,0,499,374,499
1317114476,4211704526,105,413,119,344,308,225
1230773533,3637245039,0,499,44,455,499,411
934269850,192221307,36,463,10,489,427,479
1299178456,4141561959,22,481,48,472,459,424
1080626439,1449477801,0,499,62,436,499,374
1217321813,553272108,250,254,452,453,4,1
1231942606,3655932552,79,383,0,480,304,480
1249535448,3819982756,137,365,174,325,228,151
914119863,158308189,62,436,0,499,374,499
1249896328,3826468202,62,436,0,499,374,499
847969577,77682110,72,426,0,499,354,499
1314170169,4186189018,28,460,29,459,432,430
1100085756,1711734424,110,389,54,445,279,391
1265214488,3929900515,198,360,173,383,162,210
1034533368,677817362,84,414,0,499,330,499
1257284400,3880038607,88,422,0,455,334,455
1304084569,4161107978,151,356,146,356,205,210
1324219082,4236298470,55,452,19,483,397,464
1061827221,1102890011,12,495,0,483,483,483
1195470671,3170642006,71,427,102,434,356,332
1176668760,2960344622,9,487,65,436,478,371
874726367,76158167,88,427,104,407,339,303
1313377635,4197515573,139,357,42,454,218,412
1095645790,1638135958,135,358,68,397,223,329
1177640260,2977626079,87,417,30,469,330,439
1307872833,4173007692,43,449,75,426,406,351
1273152222,3993169670,114,421,173,330,307,157
1313463947,4197680042,27,478,61,492,451,431
741610470,60385884,81,418,0,499,337,499
1265223972,3929899708,11,418,208,354,407,146
1292330793,4108690529,31,481,190,309,450,119
1026781660,569540926,105,393,50,449,288,399
1027357739,570728055,119,379,50,449,260,399
902043651,147253477,62,436,0,499,374,499
1302467267,4155416804,0,499,0,499,499,499
1246308461,3798332073,83,411,47,274,328,227
1023001134,531910983,163,310,115,384,147,269
1201832948,3249406193,80,417,12,490,337,478
858267339,73211979,208,289,192,311,81,119
1007617981,435106629,56,443,0,499,387,499
1270586380,3972162436,24,470,143,328,446,185
1283915694,4061627619,11,489,76,419,478,343
1311920985,4188986912,0,499,62,436,499,374
1124271842,278524771,161,244,171,382,83,211
1204825952,3298145333,0,499,0,499,499,499
1246109565,3797081538,0,499,23,499,499,476
847947940,77641053,62,436,0,499,374,499
998606726,335707614,0,499,62,436,499,374
1150538403,2576730624,60,439,0,499,379,499
932205281,187859287,94,404,0,499,310,499
1065997658,1158987681,110,389,145,354,279,209
1252628079,3850328848,0,499,62,436,499,374
1252627167,3850328332,0,499,154,436,499,282
1148154609,2536863989,0,499,241,257,499,16
1243408667,3773720183,31,469,30,468,438,438
1308558340,4177094473,68,431,0,499,363,499
1196141182,3182051017,0,499,80,499,499,419
1254951366,3867138585,109,369,131,387,260,256
1275482304,4006685426,0,499,0,499,499,499
1261980539,3902245747,137,359,150,344,222,194
1173479358,2927994016,1,499,62,436,498,374
1252223109,3848247012,66,417,17,464,351,447
985640310,290981543,75,423,0,499,348,499
1213026046,3439087506,144,352,166,348,208,182
1127686698,2128712166,0,499,109,389,499,280
1314691475,4202233976,33,442,31,499,409,468
1106540336,1861384262,0,499,62,436,499,374
1009259774,440565394,100,398,150,349,298,199
922170099,170808068,229,253,383,387,24,4
1312045849,4189098238,0,499,0,471,499,471
1269772596,3962600858,0,499,62,436,499,374
1240720381,3748202564,0,491,0,499,491,499
964954960,248816060,66,426,26,485,360,459
1105980910,1859462393,89,410,0,499,321,499
1118395886,1983978286,15,484,76,423,469,347
1066929186,1173352400,113,376,136,366,263,230
119846930,3685374,165,334,165,334,169,169
1309650518,4152915079,40,476,119,440,436,321
1209775353,3382741244,0,499,62,436,499,374
1275404955,4004172622,0,499,0,499,499,499
995643008,150813864,100,399,45,454,299,409
1261398960,3899875908,134,372,52,455,238,403
1318340484,4103793051,170,328,137,361,158,224
1312714051,4190623274,62,436,0,499,374,499
864726075,105406245,27,472,0,499,445,499
1232931250,3670408450,62,436,0,499,374,499
1211983161,3414348325,209,363,218,287,154,69
1095672496,1634076050,0,499,0,499,499,499
1007986814,435850250,100,398,50,449,298,399
928185580,181505891,47,499,109,493,452,384
1274762387,1767416,47,452,0,499,405,499
1174591889,2940640180,60,443,34,490,383,456
1273052721,3992391526,0,499,0,499,499,499
1260263806,3893191783,95,391,55,452,296,397
987491637,294391696,120,366,35,401,246,366
891744315,138467476,109,399,116,383,290,267
1018129605,509993876,124,375,0,499,251,499
1235400873,3693443387,0,499,78,420,499,342
1010545582,447630031,0,499,0,499,499,499
1009219280,440543636,137,361,100,399,224,299
1032827608,627427085,100,399,150,349,299,199
1249535608,3819982827,153,340,157,343,187,186
1103883910,500602883,84,430,78,441,346,363
1109230520,1880191117,73,426,0,499,353,499
1241683657,3759520543,56,465,119,396,409,277
884002398,129059819,62,436,0,499,374,499
1313563152,4197532027,69,418,75,437,349,362
1310037890,4181950730,93,481,11,499,388,488
1177176060,2965344244,62,436,0,499,374,499
1069735098,342348355,92,415,18,468,323,450
987469341,294325142,90,409,130,369,319,239
1261349805,3898897090,32,458,136,399,426,263
977686760,278685006,83,393,42,499,310,457
1188351819,1612010203,77,423,0,470,346,470
1004004316,401114230,70,429,0,499,359,499
1201413787,3242785292,0,499,62,436,499,374
1313916811,4200884815,0,499,0,460,499,460
1318198231,435408603,67,454,25,484,387,459
1237104774,3506392386,38,451,130,361,413,231
1311931182,4188991505,0,499,0,499,499,499
1309375761,4180436311,178,452,120,269,274,149
1306826545,4167089248,106,388,51,463,282,412
941609061,207116256,140,387,39,436,247,397
894815289,142242108,77,421,0,499,344,499
1305120528,4164669267,106,388,51,463,282,412
946263224,49582852,100,405,114,393,305,279
655964809,933596,89,410,0,499,321,499
1305320506,4165063758,228,432,95,331,204,236
940888876,205319028,194,295,176,380,101,204
1308387991,4176106689,165,384,53,438,219,385
1243782232,3775829418,62,436,0,499,374,499
1252628198,3850328884,0,499,62,436,499,374
1258315730,3881732672,0,499,0,499,499,499
874728160,82614937,71,427,0,499,356,499
1313378685,4197669190,67,431,67,409,364,342
1175970612,2952310894,0,499,12,486,499,474
1244326359,3782771613,0,499,126,436,499,310
1325152369,4240471734,70,435,0,360,365,360
1007634134,435043185,64,434,0,499,370,499
1132097168,2215364001,0,499,94,405,499,311
1231533409,3644983700,62,436,0,499,374,499
1310688106,4182269054,0,499,0,499,499,499
973033458,267430963,1,497,0,499,496,499
941677136,207196227,142,367,171,317,225,146
1282960907,4057770530,1,498,21,497,497,476
857132728,87439048,160,339,170,328,179,158
854228871,85756785,70,429,0,499,359,499
1103783887,1819318114,74,423,17,484,349,467
930674197,184615476,71,427,0,499,356,499
1311447942,4187521461,184,330,116,468,146,352
1283609671,4061592335,94,407,87,394,313,307
1323278435,4231796758,7,485,29,483,478,454
1247431611,3809904331,0,499,83,436,499,353
1047806929,932859010,17,479,3,487,462,484
970911889,260458769,0,499,55,443,499,388
1323346840,4231758145,16,458,8,429,442,421
1250259533,3831236873,76,425,136,398,349,262
1014696978,473961160,142,357,105,393,215,288
1261193181,3898711241,117,388,137,353,271,216
1051368952,976335516,0,499,62,436,499,374
1114988705,1932973090,62,436,0,499,374,499
949552374,212583425,154,340,200,307,186,107
1246372313,3798818239,71,400,123,385,329,262
1016547195,495350762,0,499,66,433,499,367
1203228016,3271967205,0,499,48,452,499,404
1295781278,4125586829,0,462,39,499,462,460
1273876971,3995297317,0,499,0,499,499,499
1293372043,4104776815,75,359,84,470,284,386
833921461,55030620,80,419,0,499,339,499
1212997298,3438575682,204,299,96,394,95,298
1006567580,426005917,94,410,92,413,316,321
1266162753,3937315881,22,473,92,483,451,391
1248465479,3814959269,0,499,19,480,499,461
1295547199,4126960535,74,409,162,341,335,179
1141830965,2442792501,23,467,35,478,444,443
1273620404,3992769339,0,499,0,499,499,499
1169949663,2888468013,121,386,37,466,265,429
1278242250,4031031707,0,499,0,499,499,499
1275516164,4006491358,13,455,33,477,442,444
1170481101,2897227881,62,437,63,436,375,373
987612727,294452736,22,471,100,403,449,303
1273146789,3993166499,212,337,152,295,125,143
1311424142,4187120800,10,489,71,431,479,360
1276036307,4010224891,84,447,79,452,363,373
1262823910,3911425080,93,405,0,498,312,498
1113077514,1832981859,55,444,0,499,389,499
1221766139,3566351148,39,464,102,374,425,272
1102704700,278569203,150,349,100,399,199,299
1008802628,439123607,73,425,0,499,352,499
985665130,144772701,66,454,101,417,388,316
1310005307,4181948422,84,375,115,348,291,233
1188538780,3067204173,130,369,130,369,239,239
1064302278,1135482719,79,420,64,426,341,362
80901130,2649780,64,435,0,499,371,499
1267980766,3944992675,42,457,94,412,415,318
925628342,177241883,116,394,91,423,278,332
964631794,247668850,175,324,155,344,149,189
295086135,18222264,0,499,103,395,499,292
1266969983,3940054149,29,478,61,470,449,409
933521059,190733555,0,499,62,436,499,374
1256926935,3875713918,67,429,112,398,362,286
904297066,148808863,73,425,0,499,352,499
1247844203,3813436710,0,499,0,499,499,499
956087610,220956710,59,439,0,498,380,498
1188538838,3067204193,130,369,130,369,239,239
1107659860,1869200348,187,310,165,349,123,184
1186588857,3033871933,0,499,109,384,499,275
1305076317,4164661980,106,388,51,463,282,412
925347175,176133052,72,426,19,497,354,478
1170199870,2892555084,66,432,0,497,366,497
1103575732,1814891707,15,488,93,400,473,307
1026591309,533886729,163,338,6,496,175,490
1262518145,3908847662,14,485,108,409,471,301
1283031433,909495,102,396,0,499,294,499
921947885,170165695,215,283,132,332,68,200
1260344144,3893243312,162,454,58,341,292,283
1305533084,4165988660,35,413,188,331,378,143
1310048527,4182215569,40,499,30,453,459,423
917862214,163470930,0,499,84,415,499,331
1176503579,2958499413,0,499,165,337,499,172
1212850868,3211695282,13,486,8,496,473,488
1115051913,1938778655,90,421,228,350,331,122
1127524425,2124547608,20,478,125,372,458,247
958144254,226772796,137,475,32,483,338,451
134074030,2920090,200,299,200,299,99,99
1234398792,3682279681,62,436,0,499,374,499
1301923512,4101103139,117,375,22,481,258,459
1277058082,4014132811,89,409,0,499,320,499
1246339148,3798467212,76,422,0,499,346,499
1262505828,3908715318,12,488,49,479,476,430
1311851792,1948118331,83,415,0,499,332,499
1273156110,3993171904,0,499,95,404,499,309
1107659687,1869198473,74,432,29,484,358,455
1326901422,4177075894,0,499,0,499,499,499
987318592,294144192,86,400,75,453,314,378
1056188569,1070828985,0,499,231,269,499,38
1260350153,3893243953,30,471,33,462,441,429
1249533215,3819977532,13,488,34,470,475,436
1142280153,2448618793,76,450,151,345,374,194
1316158157,4200875450,30,485,27,476,455,449
1041975781,836067068,0,499,109,389,499,280
1304113959,4160950589,106,388,51,463,282,412
1062426468,1114117168,0,499,29,469,499,440
1133294519,1615277719,0,499,242,262,499,20
973607789,269653836,11,488,102,372,477,270
1304058066,4160930167,106,388,51,463,282,412
934251011,192127989,0,499,123,376,499,253
1124060505,2034273512,138,358,31,453,220,422
891739767,138464170,111,399,116,383,288,267
1010177875,444691647,62,436,0,499,374,499
1114385138,1433624691,153,346,100,399,193,299
1310871543,4184608193,37,455,125,404,418,279
1178130398,2981089426,0,499,0,499,499,499
1148458733,2537250692,68,430,0,499,362,499
1313406651,4197672461,58,444,169,298,386,129
1194690194,3161468914,6,496,27,479,490,452
1136960735,2336080254,60,430,73,440,370,367
1283944882,4061634283,133,383,118,448,250,330
1308854464,1585266937,100,399,20,479,299,459
1322842159,4229320848,139,338,95,468,199,373
866142122,90903864,204,295,179,320,91,141
1269608477,3960065028,0,499,0,499,499,499
1018395891,510786142,55,443,139,365,388,226
306409796,59561541,67,431,0,499,364,499
1139616107,2396852614,48,448,136,337,400,201
1307181629,4170893920,90,436,58,462,346,404
1322083091,4229650410,0,499,0,499,499,499
1318735251,4217954236,97,397,82,420,300,338
847859863,3770902,66,438,18,479,372,461
1294109598,4122228428,0,499,0,499,499,499
1019278354,516361188,111,392,4,498,281,494
1306517487,4167073326,106,388,51,463,282,412
946273520,88366751,133,370,114,390,237,276
1279316680,4037124418,74,423,132,359,349,227
1019277234,516343723,5,494,33,471,489,438
1273783508,3992811021,24,477,30,468,453,438
1290352822,4093120250,18,489,28,470,471,442
1283418860,4061577611,0,499,0,499,499,499
1007766340,435283785,102,397,50,449,295,399
1260385320,3893245033,60,473,24,485,413,461
1275532060,4006492203,65,442,61,460,377,399
1215365395,1539481072,52,446,137,361,394,224
1181440131,3002932476,47,456,43,463,409,420
1192286025,3119950822,62,436,0,499,374,499
1134857265,2294176528,110,389,52,446,279,394
1305809055,4164655489,75,424,0,499,349,499
1232760240,3668905921,7,490,84,407,483,323
1319056680,4220470313,167,332,120,478,165,358
1101759062,1778012882,57,442,0,499,385,499
1296381319,4130471831,25,477,109,392,452,283
1321166302,4226619164,21,475,89,406,454,317
1172791669,2920940614,45,446,142,383,401,241
1283565174,4061481520,0,499,0,499,499,499
1091138048,1567285667,65,434,90,434,369,344
1324043771,4235890112,101,402,40,429,301,389
1254983129,3867144524,0,499,27,499,499,472
1322877204,4231780746,64,450,69,437,386,368
1307427796,4171503368,20,480,19,474,460,455
1282809266,4058578291,0,499,0,499,499,499
1301445964,4151259519,0,499,0,499,499,499
1261386009,3898718416,0,499,241,259,499,18
910379495,154626432,77,422,0,499,345,499
1242995894,441931469,100,399,9,490,299,481
1294868226,4124473075,0,499,28,471,499,443
1191501358,3107241727,99,418,100,398,319,298
1324106226,4236042201,51,499,9,499,448,490
1273515360,3992743138,58,417,62,437,359,375
1163024825,2762500251,23,471,17,480,448,463
1318379763,1499687022,19,456,12,482,437,470
1318640253,4216148898,127,364,48,473,237,425
774291567,61785069,190,309,171,333,119,162
1255656934,3870708948,0,499,0,499,499,499
1163962022,2777473069,145,354,100,399,209,299
1145659570,2501106654,0,499,0,498,499,498
1306901222,4167095751,106,388,51,463,282,412
1209410661,3377003088,26,474,216,281,448,65
977688972,278519969,154,336,37,437,182,400
1259672120,3889204691,0,499,0,499,499,499
940889909,205319339,17,492,96,428,475,332
1193571189,3146592250,45,484,47,499,439,452
1201325141,3245709683,0,499,151,436,499,285
1287879682,4079551088,146,329,89,430,183,341
921249545,168344825,9,487,109,410,478,301
1255268133,3641717602,113,385,31,461,272,430
1267343948,3942399527,7,490,37,486,483,449
1244540749,3785187522,0,499,122,436,499,314
1286708006,4071958197,26,445,132,354,419,222
1182267046,2665367807,90,406,37,463,316,426
1255740363,3871089800,57,435,29,469,378,440
1053850912,1038170442,142,361,63,435,219,372
1287496021,4076845716,14,472,59,468,458,409
1304658497,4144682701,32,463,118,340,431,222
1310435425,4183890476,19,467,47,463,448,416
1172462039,1039978915,13,484,96,384,471,288
1275679497,4006528765,168,331,32,479,163,447
1008160860,436070677,102,396,50,449,294,399
1270633635,3972429610,0,499,0,499,499,499
1318395882,245706328,28,458,50,447,430,397
1276015310,4010222931,0,499,0,499,499,499
1152356845,2604755204,225,274,8,485,49,477
1302364040,4153290743,25,469,162,332,444,170
1195807684,3173783006,62,436,0,499,374,499
1304169499,4160986423,106,388,51,463,282,412
1121208369,2033307595,37,394,162,341,357,179
1282022963,4050758075,0,498,0,499,498,499
1310265334,1142436726,100,399,100,399,299,299
956471841,221745308,166,333,137,361,167,224
1246484072,3799466189,12,488,105,400,476,295
1124257461,2074467982,156,343,100,399,187,299
1281778673,4050842976,92,399,90,435,307,345
1289876845,4090269184,66,427,118,355,361,237
1261173221,3898707799,11,482,171,329,471,158
1303704216,4159374148,106,388,51,463,282,412
1076520316,1364447894,117,381,65,434,264,369
1289792270,4089924361,0,356,99,499,356,400
1171954841,2914100152,56,443,0,499,387,499
970921371,260902214,68,431,0,499,363,499
1050738036,944212747,0,499,42,456,499,414
1287879921,4079551093,147,351,32,430,204,398
1192056901,3120611087,68,432,22,488,364,466
1282295591,4056002604,61,442,9,486,381,477
1289879717,4090297804,0,499,0,499,499,499
1316226303,4200879139,0,499,0,499,499,499
1045723972,871087857,97,402,0,499,305,499
1105942846,1856164350,54,445,0,499,391,499
1276324290,4012664678,32,470,33,436,438,403
1317205137,4211530267,0,499,18,499,499,481
1236003501,3703070057,32,474,58,460,442,402
1282591569,4057736726,22,474,149,363,452,214
955749095,220185658,49,449,0,499,400,499
1041682123,831980318,17,479,20,490,462,470
1320242905,4215745511,64,440,47,466,376,419
718155330,59244585,230,269,222,278,39,56
1198210254,298701665,145,353,100,399,208,299
1323870507,4234090582,26,479,29,490,453,461
1062468063,1114870244,190,309,166,333,119,167
1055727688,1065196434,94,405,27,471,311,444
1068211963,1190507254,94,399,9,483,305,474
1091793863,1569484874,176,324,157,344,148,187
1299563677,4141734126,59,429,63,424,370,361
940888143,205319044,146,372,82,416,226,334
1310370340,4183699663,100,399,100,399,299,299
1222138898,3569043058,87,374,162,358,287,196
1250011485,3820882954,187,318,38,470,131,432
862521968,102497720,68,408,0,483,340,483
1276438475,4013274336,0,490,80,499,490,419
1306895597,4167095563,106,388,51,463,282,412
1037393718,728216926,63,435,0,462,372,462
901645251,80382057,0,499,62,436,499,374
1120251269,2010090958,0,499,121,378,499,257
1092974872,1591476377,62,436,0,499,374,499
1282009556,4050754906,0,499,0,499,499,499
1051395937,978508990,0,499,109,389,499,280
1156255539,2654605700,0,499,109,389,499,280
1074806632,1339047011,46,456,33,466,410,433
1049769915,954914016,114,385,51,448,271,397
308977132,46474555,63,435,0,499,372,499
192365730,5833856,75,423,0,499,348,499
983396968,287537431,54,444,0,499,390,499
1323504861,4231855060,48,452,112,379,404,267
1310533300,4182251348,41,466,33,457,425,424
1124213986,1556927059,66,433,0,499,367,499
1192037594,3120558015,71,431,256,486,360,230
1269455609,3958959528,96,444,135,375,348,240
1096608227,1657065186,28,467,133,366,439,233
1319412757,4214352716,105,430,152,470,325,318
1086732098,1515030981,0,491,3,487,491,484
1008006889,435853345,150,349,105,394,199,289
1190252054,2610184527,14,489,175,327,475,152
862116862,101518988,44,455,42,457,411,415
1110954988,1907435920,62,436,0,499,374,499
1146360214,282638012,29,472,36,477,443,441
1249533894,3819978073,0,499,0,499,499,499
1027237776,570626788,111,388,50,449,277,399
847472436,18801130,0,499,3,495,499,492
1323278646,4231689325,107,399,39,466,292,427
963206598,242813296,58,439,54,443,381,389
1274870375,140140246,68,430,18,499,362,481
959371665,231309397,0,499,62,436,499,374
1268585056,3951727346,101,408,89,392,307,303
1192461219,3128637061,94,403,35,464,309,429
1310386132,4181901618,0,499,32,499,499,467
1299003374,4141510779,85,416,67,409,331,342
1095804332,296992274,159,339,100,399,180,299
941678925,207257938,164,341,155,344,177,189
1243384337,3773726247,19,480,20,479,461,459
1204249263,3287289673,52,447,0,499,395,499
860314240,97623761,1,476,81,416,475,335
989314503,296442135,70,474,234,264,404,30
1212153514,3067344767,213,284,230,313,71,83
1145089048,2490717070,62,436,0,499,374,499
1117020167,1967303766,12,481,67,425,469,358
986644593,292837878,73,426,0,499,353,499
1027288938,570692925,102,396,50,449,294,399
856513585,89920562,72,426,4,499,354,495
833394002,64054043,70,428,0,499,358,499
1090493426,1557269357,63,434,12,482,371,470
1023129338,532988445,9,494,75,444,485,369
1042173207,104705659,0,499,47,452,499,405
895851029,142685662,49,449,0,499,400,499
932248729,187435721,134,364,92,409,230,317
1148795253,2547989941,8,376,16,473,368,457
1035226363,681934565,62,436,0,499,374,499
1015523329,484961801,96,410,129,356,314,227
1243658982,3775275034,0,499,169,436,499,267
1265381870,3930103968,50,494,1,482,444,481
1308817357,2333890911,100,399,38,460,299,422
1204250713,3287291180,57,441,8,487,384,479
1192042133,3120528854,7,476,139,336,469,197
1238119945,3726176819,100,399,0,499,299,499
971024321,259985926,0,499,90,409,499,319
1311690762,4188907184,0,499,0,499,499,499
1235597961,3638923919,62,436,1,482,374,481
1285932584,4070725222,198,321,140,433,123,293
1071780293,1293204394,143,355,41,465,212,424
1188462916,3065095738,0,499,62,436,499,374
1310182368,4182224677,0,499,0,499,499,499
1255666041,3870818364,55,479,29,464,424,435
1259488971,3889130647,12,437,8,460,425,452
1159611766,2716770669,91,350,135,352,259,217
1301890943,4153221913,0,499,0,499,499,499
1102440653,1795198346,96,403,0,499,307,499
1117499405,1974799757,69,430,0,499,361,499
1094504188,1618715331,72,427,0,499,355,499
1268843287,278337801,100,399,28,470,299,442
1061588625,511836905,75,426,2,498,351,496
1255326197,3869439741,161,340,127,373,179,246
1248833400,3817890818,0,499,0,387,499,387
1170182494,2892529485,143,352,38,465,209,427
1264045339,3923103609,165,332,55,456,167,401
1119377502,1073352692,143,356,100,399,213,299
1026616044,567674054,5,496,85,401,491,316
1234401263,3179294709,157,341,114,385,184,271
887019202,133103050,92,406,0,499,314,499
1191196059,3104008963,0,499,53,445,499,392
1109250638,845434451,58,440,88,441,382,353
1313466374,4197680291,0,499,0,499,499,499
1114408057,1832985301,119,349,213,331,230,118
888387127,134390713,85,413,0,499,328,499
1292892569,4113732746,171,321,37,454,150,417
906469786,144878782,0,499,62,436,499,374
1283640960,4061595626,136,367,146,414,231,268
1292790978,4113176287,62,436,0,499,374,499
1209710905,3382580859,126,374,66,482,248,416
977763866,278811841,106,370,178,315,264,137
900984140,146483237,0,499,62,436,499,374
1241415948,3756663072,214,287,194,307,73,113
930731520,184749623,0,499,62,436,499,374
1312373748,4194026996,0,499,0,499,499,499
1131241096,2198905851,35,478,99,446,443,347
1204201911,3287130051,17,484,10,483,467,473
1305850685,4166954225,106,388,51,463,282,412
1294754648,3374312849,92,406,0,499,314,499
1262600280,3908520568,37,499,0,499,462,499
1165424732,2795197566,154,344,118,381,190,263
1308908294,4177867505,143,367,34,476,224,442
1243406204,3773718802,19,480,20,479,461,459
1290442937,4093040210,0,499,90,409,499,319
1255956995,2068282959,83,415,0,499,332,499
946875975,208913691,40,459,0,499,419,499
919487408,165120480,62,436,0,499,374,499
1104482224,1834821515,13,480,8,494,467,486
1295960001,4128274494,176,323,110,389,147,279
1322987817,4231798623,0,499,0,499,499,499
1275723888,4006541235,49,453,115,419,404,304
1174585783,2940638548,3,491,159,353,488,194
1298413705,4139332433,0,499,0,477,499,477
1282670580,4055309426,64,435,1,499,371,498
1242122589,3762621005,118,382,75,424,264,349
1043841304,853456059,13,490,66,425,477,359
1307202074,4170894465,45,468,112,363,423,251
1323311921,4231696281,120,415,112,343,295,231
830589289,61822985,86,413,0,499,327,499
1007676613,435075510,100,399,42,457,299,415
1045941029,872951932,137,361,100,399,224,299
1249535698,3819983438,208,282,235,307,74,72
1130969380,2190725651,0,499,0,499,499,499
970093851,107193944,66,420,9,486,354,477
1250985882,3836838767,29,470,41,462,441,421
1298359613,4139328182,16,483,60,475,467,415
966700681,253483668,68,431,0,499,363,499
930122707,183639572,134,364,92,409,230,317
1242204278,2317805858,0,499,109,389,499,280
1190257693,1876686872,198,294,104,418,96,314
1167902723,3707217824,9,494,84,418,485,334
1232858997,3661854261,62,436,0,499,374,499
875805566,99466323,85,412,0,499,327,499
874048928,103887015,78,421,0,499,343,499
1234768133,3690228571,0,499,167,332,499,165
1169115531,2871237066,103,446,18,479,343,461
1246264634,3797493432,26,480,147,331,454,184
1325976183,4236147267,62,436,0,499,374,499
1270628001,3972428246,82,464,54,434,382,380
1246224704,3797497769,16,430,190,312,414,122
1317261648,4210987723,7,394,24,480,387,456
1282878490,4057766886,0,499,0,499,499,499
1108739114,1878218155,110,381,52,446,271,394
844459276,5722587,140,356,102,393,216,291
1246077003,3797080577,0,499,0,499,499,499
1265177871,3929867374,139,351,60,452,212,392
1263721425,3782771683,0,499,62,436,499,374
1275535418,4006493800,7,480,9,499,473,490
1192416718,3128278348,13,485,78,426,472,348
1011583090,453097371,71,427,0,499,356,499
1275724253,4006541379,43,456,40,499,413,459
1287889972,4079552105,0,499,0,499,499,499
1253164170,3855209814,93,420,75,463,327,388
1286917393,4074701388,39,404,48,386,365,338
1195807819,3177051413,11,452,51,449,441,398
1323507097,4231855602,32,473,26,464,441,438
1266036794,3931000478,69,436,0,499,367,499
931426341,185990889,0,499,240,268,499,28
326682548,7397972,79,422,7,483,343,476
1306672968,4163675998,42,447,33,494,405,461
1283324640,4061153043,138,371,145,368,233,223
1282003291,4053876874,0,499,0,499,499,499
1280705832,4046438692,70,448,20,490,378,470
1287898128,4079552446,36,475,151,417,439,266
1198118155,330825888,145,354,100,399,209,299
862300790,101985806,0,499,62,436,499,374
1308734858,4177785581,111,388,21,480,277,459
1196132861,3076708763,51,448,0,499,397,499
1261417977,3898724719,0,435,0,447,435,447
1010810903,448955264,103,396,100,399,293,299
1240671121,3748061638,0,499,45,454,499,409
1041178456,824466884,0,499,236,261,499,25
987674219,294487861,107,409,38,482,302,444
1255770376,3871292112,136,362,11,473,226,462
1137322308,2342306132,93,405,0,499,312,499
1047647114,160343452,0,499,62,436,499,374
921948171,170165656,205,295,120,319,90,199
1293356179,4104761040,80,476,130,341,396,211
1249801376,3818510288,100,399,19,479,299,460
1233297208,1892606353,70,429,15,486,359,471
1276325297,4012664917,14,466,12,490,452,478
1058384979,1088189189,2,499,62,436,497,374
1228852640,3620893991,0,499,73,426,499,353
1287879951,4079551094,143,319,101,420,176,319
1323476746,4231420962,34,467,44,460,433,416
1100066160,1711734405,180,319,151,348,139,197
1174119804,2928809428,191,235,187,234,44,47
1148358912,2541669533,131,347,289,435,216,146
1025672809,554024069,149,385,48,423,236,375
1261181749,3898711268,0,499,0,499,499,499
1103033256,1283756511,0,499,0,499,499,499
1192170239,3122834886,71,431,238,486,360,248
1317872957,4215176900,0,499,0,499,499,499
1283917560,4063331695,0,499,0,499,499,499
1275716682,4006540295,143,413,156,400,270,244
1322917399,4232199732,76,415,68,437,339,369
1306024493,4167105554,59,428,17,466,369,449
1086920165,1518168153,152,346,100,399,194,299
1321448314,4222997281,78,387,29,377,309,348
987829976,70888961,74,425,0,499,351,499
1298588771,1049370927,100,399,58,440,299,382
913109662,157237830,150,349,169,329,199,160
1236301629,3703332085,109,389,0,499,280,499
1292743799,4113478939,7,493,89,297,486,208
1269446535,3957817573,0,499,0,499,499,499
1092889416,1592066260,78,437,22,477,359,455
969757095,257526452,164,350,96,411,186,315
1258389894,3883433188,23,475,85,408,452,323
1305842260,4166953520,106,388,51,463,282,412
870546034,114817424,62,436,0,499,374,499
1093590035,1607834910,62,445,9,495,383,486
1279397955,4037924793,62,417,0,495,355,495
1298163194,4057286593,178,316,184,309,138,125
1245405453,3792049824,0,499,62,436,499,374
1321607401,4223062475,0,499,0,499,499,499
1213775264,3453281005,69,430,0,499,361,499
1100068014,1711731452,110,389,52,447,279,395
1285454518,4069107628,110,389,73,425,279,352
933576412,190730270,0,499,83,415,499,332
1178324978,2984244891,57,470,24,495,413,471
1247128554,3804011247,83,415,0,499,332,499
1248851750,3817904227,44,457,100,375,413,275
1295935732,4127722783,30,474,20,468,444,448
915098471,159603893,0,499,0,499,499,499
696485933,57715355,0,499,62,436,499,374
1252784764,3851603289,100,399,100,399,299,299
1219104773,3517039163,0,499,31,467,499,436
1226860547,3605119426,112,401,41,410,289,369
1110167714,1899553601,10,485,69,397,475,328
1323202189,4229443171,152,282,136,292,130,156
1245739622,3794023533,63,436,0,499,373,499
1124161706,1940509419,78,421,0,499,343,499
1244326093,3782771533,0,499,126,436,499,310
1292287332,4108382416,0,499,0,499,499,499
1147851901,2531562446,83,415,0,499,332,499
905536150,150029691,0,499,14,484,499,470
1244283686,2042328498,155,344,20,486,189,466
1226919288,3599021953,139,360,141,364,221,223
1275712247,4006539344,52,444,149,405,392,256
874729439,90948388,71,427,0,499,356,499
863741303,104760804,59,440,100,399,381,299
1177147156,2970573302,147,359,22,431,212,409
1283409740,4061577266,92,454,99,378,362,279
1158664576,2702363263,7,492,73,494,485,421
865296512,48163689,62,436,0,499,374,499
1309655943,4179727044,42,493,21,496,451,475
1299542436,408003869,100,375,19,480,275,461
1303968991,4160559778,140,363,90,410,223,320
1269777673,3962605718,0,499,0,499,499,499
1303092979,4157460277,105,389,129,347,284,218
1271615098,3978538710,110,441,52,447,331,395
933246706,190099678,80,419,0,486,339,486
1305306875,4165320668,92,392,4,459,300,455
1025671486,554019759,13,484,39,466,471,427
1309609023,4180206608,0,499,0,499,499,499
1270388107,3971815719,20,481,39,474,461,435
1311727350,4189542154,62,436,0,499,374,499
1113061605,1926714926,23,482,19,479,459,460
1131809709,2211760670,0,499,72,426,499,354
1304962961,3824306304,83,415,0,499,332,499
1231193194,1704497471,0,499,0,499,499,499
1308389833,4176107713,35,397,52,382,362,330
1314116924,4186153474,26,472,161,387,446,226
1318258815,861336246,30,469,19,481,439,462
1198670467,1100683850,156,343,100,399,187,299
1262345107,3906639400,82,473,41,473,391,432
987574396,294415770,97,401,0,499,304,499
1107659745,1869201143,82,427,24,475,345,451
1285409010,4069003066,23,475,147,365,452,218
1318481866,106752378,47,489,65,442,442,377
712672595,59049412,0,499,16,483,499,467
1269117106,3953977629,34,499,40,499,465,459
1310674414,4184638986,163,330,15,492,167,477
987443930,294323806,108,390,33,489,282,456
1259681700,3889182165,10,490,185,345,480,160
1251499701,3843083949,101,471,25,408,370,383
1305526157,4165984522,44,471,128,405,427,277
1128487765,2148675601,0,499,104,394,499,290
1087914365,1531381251,155,332,107,409,177,302
1071334369,530491083,55,443,0,499,388,499
1124193341,1599849548,89,409,0,499,320,499
1261407599,3898721404,0,499,0,499,499,499
1145664342,1928285246,37,471,33,447,434,414
1215904948,3475638412,184,289,15,447,105,432
1114671641,1935687093,41,459,33,467,418,434
1268713376,3951838359,135,360,124,383,225,259
248025033,7130489,150,349,107,391,199,284
925045028,176483280,0,499,72,426,499,354
1277493007,4019796085,1,498,33,499,497,466
1110089291,1892731066,0,499,135,363,499,228
895284291,105184096,93,406,12,486,313,474
1086134453,1500566512,100,401,12,492,301,480
1007727300,435110077,67,431,0,499,364,499
1108214186,1870288290,0,499,0,498,499,498
851402132,83232680,81,418,0,499,337,499
1232183306,3657881059,29,479,43,468,450,425
1007676707,435078031,145,353,100,399,208,299
1254098300,3860072510,0,499,0,499,499,499
1299147524,4141843093,131,368,154,494,237,340
1254923588,3866824060,0,499,0,499,499,499
917281960,158527530,2,497,56,438,495,382
1273420086,3992581762,45,458,48,460,413,412
1201832651,3249405911,86,407,25,473,321,448
1172791527,2920940564,65,437,11,458,372,447
1027338539,570673900,116,382,50,449,266,399
1243843168,3776681905,35,443,26,485,408,459
830644622,63045460,92,406,0,499,314,499
1267239390,3942391221,7,492,155,343,485,188
482689838,49292790,150,349,107,391,199,284
1246565664,3800658081,125,374,125,374,249,249
1103968560,500602374,106,410,83,420,304,337
1209708476,3382580349,3,400,113,384,397,271
1155533427,2655276176,90,412,9,486,322,477
1313107426,4196033854,71,428,0,499,357,499
1260351373,3893244010,58,466,88,436,408,348
1300460765,4146735464,22,472,38,461,450,423
1166976816,2827900820,0,499,0,499,499,499
1313618995,4197536344,30,474,91,391,444,300
970925147,260227435,77,421,0,499,344,499
1028858430,588072979,0,499,62,436,499,374
1146383507,2209203002,62,437,62,337,375,275
1323117176,4231821159,0,479,73,499,479,426
1256845763,3875167244,0,499,173,306,499,133
1105805509,1853380515,62,436,0,499,374,499
1257688596,3881792491,0,499,0,499,499,499
1323278583,4233426429,163,362,164,364,199,200
1048715525,944575473,51,445,28,493,394,465
1131229372,2193627425,222,277,206,253,55,47
1313429548,4197675366,111,401,193,310,290,117
1056656270,1073119567,71,471,221,269,400,48
1227170156,3607252535,168,337,143,354,169,211
1261182353,3898711287,60,438,97,419,378,322
1313553701,4199252811,34,487,41,465,453,424
1282291258,4056001124,55,443,20,479,388,459
1280388244,4044754511,62,436,0,499,374,499
1306553693,4167078706,106,388,51,463,282,412
1127299029,446754946,164,334,107,372,170,265
1165538670,2805050554,7,450,143,357,443,214
1156138140,2653326301,0,499,62,436,499,374
1198730432,3219109312,204,307,113,364,103,251
1257265850,3879902574,17,499,17,499,482,482
1282969609,4057770911,0,499,0,499,499,499
1281841846,4053422927,41,457,25,474,416,449
1281517596,4050865487,59,411,67,463,352,396
1269242355,3952397226,0,499,62,436,499,374
1030685549,602263652,27,463,75,499,436,424
981387387,284325413,71,428,0,499,357,499
1180964055,2999169793,0,499,226,272,499,46
1053586605,1035122340,79,419,0,499,340,499
1308320326,4151887127,119,428,56,435,309,379
1251938458,3846541730,0,499,0,499,499,499
1019291542,516368552,160,339,179,319,179,140
1265217314,3929900649,13,481,145,387,468,242
1127114762,2116372659,13,482,137,360,469,223
986664914,292885662,64,435,0,499,371,499
1286559239,4075468985,110,389,54,445,279,391
1191051782,3101166600,34,437,103,414,403,311
1140442866,2412329937,82,416,0,499,334,499
1052190463,983389286,140,387,17,488,247,471
1124148195,280597698,144,355,110,399,211,289
1308951308,4173572561,70,429,0,499,359,499
1027061562,569629890,108,391,50,449,283,399
961783369,221578548,90,408,20,479,318,459
1174590215,2940639633,176,320,214,294,144,80
1042016371,837125400,164,336,101,378,172,277
1319083562,4217966998,120,358,63,442,238,379
1104413900,1832756428,112,469,48,463,357,415
1319184993,4214036588,18,467,115,431,449,316
1269015243,3955092051,0,499,0,499,499,499
1316097842,4200868903,17,486,15,476,469,461
1276696253,4015617930,24,488,31,476,464,445
1181662497,3003920225,5,496,85,401,491,316
1280347195,4044581606,33,456,47,419,423,372
1272764537,3990164798,0,499,0,499,499,499
909513581,153911172,0,499,63,436,499,373
1304029402,4160883790,106,388,51,463,282,412
1019325526,516401659,132,382,220,305,250,85
956375365,138708406,105,401,3,499,296,496
1042991503,819713497,53,450,124,377,397,253
1078739557,1406086936,115,384,20,479,269,459
986490970,292558307,116,377,184,318,261,134
1119443701,1998701530,12,493,7,491,481,484
1013179575,464614633,82,416,0,487,334,487
1265208429,3929890095,147,487,147,402,340,255
1313430830,4197675553,0,499,103,334,499,231
1113108988,1788741536,37,476,102,425,439,323
1088182975,1532994322,80,418,0,499,338,499
868071669,79132985,0,499,62,436,499,374
888128950,134268447,169,329,100,394,160,294
1026147101,560167289,22,400,151,352,378,201
1248372224,3814854637,41,464,75,437,423,362
1310711041,4182271071,78,416,122,373,338,251
978614600,279911719,0,499,62,436,499,374
1257584006,3881712828,0,499,198,300,499,102
1279175543,4037098753,70,428,68,437,358,369
1149653373,2562845746,0,499,62,436,499,374
1315368087,4205112690,0,499,0,499,499,499
1158121481,2695198683,16,482,17,483,466,466
1150598496,2577425925,137,361,100,399,224,299
1041204335,813239212,62,436,0,499,374,499
1161761090,2742086029,62,437,0,496,375,496
1296403736,4130473032,70,417,123,371,347,248
1075760465,1352146018,10,492,134,365,482,231
866296016,109115543,68,421,0,493,353,493
1306912250,4168962338,0,499,0,499,499,499
1190251318,2697698989,128,373,110,391,245,281
895108217,67561368,73,424,0,498,351,498
1295991185,4127730116,16,460,60,465,444,405
1243753569,3775630348,0,499,62,436,499,374
1285848933,4017672331,61,371,121,366,310,245
1243659946,3775275618,0,499,148,436,499,288
863819711,105041166,231,270,216,287,39,71
1008210602,436078671,150,349,115,383,199,268
1323993230,4235886341,65,409,91,406,344,315
1066110322,1161474382,187,304,25,471,117,446
1309609253,4180206752,0,498,94,383,498,289
1255757555,3871285681,11,478,158,385,467,227
995103573,303051146,59,443,67,425,384,358
987425280,294295036,9,491,98,401,482,303
900741148,146351201,73,426,0,499,353,499
1317652804,4196122792,0,499,109,389,499,280
1112945878,1118849539,223,275,94,483,52,389
1009461209,441315766,0,499,62,436,499,374
1023908495,538882544,102,332,167,339,230,172
1296268872,4130226660,52,448,11,499,396,488
1101264708,1755998471,50,449,28,436,399,408
1149193428,2554835026,73,426,0,499,353,499
1257045001,3877762865,0,499,0,499,499,499
1316327916,4209055166,35,458,66,469,423,403
1289794811,4087677516,0,499,0,499,499,499
1217012151,3487843730,0,499,63,436,499,373
1306899848,4168961565,30,459,28,472,429,444
1012859513,461573507,118,381,148,355,263,207
1265412947,3930715966,109,394,19,499,285,480
1252627371,3850328393,0,499,62,436,499,374
941527392,206832113,62,436,0,499,374,499
1294204289,4122281996,0,499,56,442,499,386
447245530,50263218,133,366,99,400,233,301
1318716626,4212979629,19,457,87,410,438,323
1292553877,4108950462,49,474,105,405,425,300
1323257385,4231789068,56,447,71,439,391,368
1027360566,570684642,108,391,50,449,283,399
1271227999,3976410102,0,499,0,499,499,499
868634924,112208237,62,436,0,499,374,499
1304016630,4160807232,0,499,9,499,499,490
908196790,152659538,62,436,0,499,374,499
1149252236,2554029441,62,436,0,499,374,499
884431573,129874772,0,499,62,436,499,374
1053585777,1035104509,79,420,0,499,341,499
1305761692,4166642703,106,388,51,463,282,412
1116265023,530592887,0,499,21,478,499,457
1250133279,3830180883,76,424,56,483,348,427
921249775,168344513,179,360,16,359,181,343
1243384365,3773726253,19,480,97,404,461,307
963449762,233663896,0,499,62,436,499,374
864851437,106750700,37,461,60,438,424,378
1271683684,3973948375,0,499,0,499,499,499
1252627314,3850328366,0,499,169,436,499,267
1196772314,1638134420,230,275,238,267,45,29
1320695998,4221595649,44,452,20,493,408,473
985270097,290198538,173,325,139,359,152,220
1276758835,4016003682,0,499,0,499,499,499
921948128,170165267,182,305,120,295,123,175
1152633865,2609809981,181,317,93,414,136,321
1267261296,3813572009,0,499,140,436,499,296
949384629,212342898,128,394,149,351,266,202
1052025227,979101760,70,428,0,499,358,499
1056802569,1073403541,11,66,66,136,55,70
696420330,57695279,140,359,96,403,219,307
507200651,47130297,4,495,0,499,491,499
1304114659,4160950608,106,388,51,463,282,412
1053710993,1032819011,70,429,0,499,359,499
1040189461,806370709,62,436,0,499,374,499
1116562519,1962221737,16,467,200,441,451,241
1268968801,3953962857,0,499,0,499,499,499
1257215186,3879838157,0,499,0,499,499,499
1320229050,4215716027,133,370,14,475,237,461
1204250349,3287290858,0,499,33,466,499,433
1265218019,3929900675,55,459,41,484,404,443
1201885812,3244916689,19,485,104,408,466,304
1220106241,3537889436,134,363,163,336,229,173
1308390461,4176107796,46,453,140,332,407,192
1156117647,2573215758,0,499,76,422,499,346
741609536,60384961,73,425,0,499,352,499
1188538927,3067204224,130,369,130,369,239,239
1270636440,3972429778,26,473,32,382,447,350
1077606239,1376217672,79,419,0,499,340,499
1248380190,3814917957,73,426,0,499,353,499
756406419,61173815,55,443,0,499,388,499
1268417903,3951005584,0,356,99,499,356,400
1320383993,4224251282,47,452,158,401,405,243
1050098235,954984754,62,436,0,499,374,499
1123660173,2059868713,64,434,68,440,370,372
1306589608,4168874051,0,499,0,499,499,499
998491483,334573487,141,361,124,475,220,351
1198106919,3211831777,31,451,163,367,420,204
1237282012,3716309256,19,499,8,499,480,491
873007490,118475970,353,424,228,271,71,43
1278869163,4033690750,38,461,0,499,423,499
1061367570,100728176,89,410,0,499,321,499
1217285938,3490416413,71,428,0,499,357,499
1196481468,3189307870,0,499,62,436,499,374
1257087344,3878313473,182,385,89,250,203,161
1269034501,3955082288,0,499,0,460,499,460
977775109,278812050,121,391,173,333,270,160
987633143,294480359,175,323,185,312,148,127
1205995598,3316095745,62,436,0,499,374,499
1322978269,4231797505,56,449,63,446,393,383
1014954325,476499457,0,499,62,436,499,374
1299891822,3220460500,94,404,9,488,310,479
1257219364,3879896760,252,484,47,223,232,176
1008912615,439658627,73,425,0,499,352,499
1246512099,3799714530,0,499,0,499,499,499
1324109136,4233705599,55,449,160,326,394,166
1267299071,3942395767,0,499,0,499,499,499
1127341713,2121353197,63,436,0,499,373,499
1282819460,4058579525,0,499,0,499,499,499
1040701351,817021461,0,499,62,436,499,374
980292878,283317152,4,497,87,411,493,324
1269507089,3959377992,0,499,0,499,499,499
1215500686,3470048292,88,408,9,489,320,480
1181407840,3002758997,105,386,124,372,281,248
1211833422,3410828900,0,436,34,480,436,446
1284103655,4063409816,28,469,59,465,441,406
1109121210,1882807586,110,389,0,499,279,499
1073573521,278547910,145,354,100,399,209,299
835995940,70405469,14,485,134,365,471,231
446438630,50252225,137,362,103,396,225,293
1282199570,4053865241,63,499,109,428,436,319
1307782156,4172824640,237,289,39,456,52,417
1273096195,3992972576,110,397,179,331,287,152
1323322323,4231696998,66,427,22,450,361,428
1289531482,4087652516,60,429,65,434,369,369
1053587014,1035122588,79,420,0,499,341,499
1181482574,2997327218,0,499,62,436,499,374
1144417325,1950211345,143,356,69,436,213,367
969990264,258161688,117,381,65,434,264,369
941719274,207310349,152,351,115,389,199,274
1261423371,3898727042,19,473,42,472,454,430
1042984204,819643888,120,380,119,397,260,278
1123625103,278600957,137,361,100,399,224,299
1064210549,1134872318,113,440,216,302,327,86
1318672588,4216252275,125,370,24,480,245,456
1196805908,3198795910,0,499,0,499,499,499
1283491245,4061478434,84,416,29,470,332,441
1281552041,4051976499,0,499,0,499,499,499
1236001707,3703064917,31,474,57,460,443,403
1287507406,4076849324,71,429,71,429,358,358
1261409608,3898722405,56,458,26,499,402,473
1189472219,3080149890,172,353,163,344,181,181
1163590355,2766012614,137,361,100,399,224,299
1061892391,1108411400,148,351,140,361,203,221
1019318352,516398805,22,468,164,336,446,172
1077355406,1372394337,72,426,0,498,354,498
996711340,313178842,60,438,0,499,378,499
1275755019,4008403492,33,477,92,405,444,313
1060986633,1099696212,100,399,19,479,299,460
938554909,200654999,0,499,62,436,499,374
1251701408,941626238,175,322,19,481,147,462
931666659,186220919,0,499,29,469,499,440
1247489962,3810911196,0,499,0,499,499,499
1017589495,505072248,190,309,190,309,119,119
1247487761,3806720825,0,499,74,425,499,351
1301353017,4151251767,55,226,129,331,171,202
1078094051,1393133766,77,422,0,499,345,499
981948531,284905398,24,479,8,485,455,477
1265214515,3929900516,12,485,31,481,473,450
1098735162,1694063109,0,499,109,389,499,280
1275642193,4007156440,85,378,75,420,293,345
1302516577,4155420401,0,499,15,499,499,484
1026952011,569773459,100,399,59,439,299,380
1256951726,3875039611,0,499,0,499,499,499
1133355367,2248248453,62,429,19,453,367,434
1230666523,3640391191,78,338,111,198,260,87
1265906247,3935620093,9,476,177,295,467,118
508775831,52347243,0,499,82,416,499,334
1166682082,2816755391,0,499,0,499,499,499
1015417989,483403401,73,425,18,494,352,476
1300469184,4146736297,0,499,0,499,499,499
1260391828,3893245961,27,387,62,461,360,399
928569865,181995960,0,489,54,446,489,392
1279430763,4037130878,0,499,0,499,499,499
1129888640,2173818124,109,397,12,486,288,474
996553391,309966911,71,428,0,499,357,499
1249535211,3819982012,183,320,193,303,137,110
1115550479,1943649740,0,499,62,436,499,374
1079890558,1437850123,101,426,0,403,325,403
965069986,249249247,62,436,0,499,374,499
1288021085,4079554241,0,499,0,499,499,499
1310843178,4182109142,21,435,22,485,414,463
1251489426,3842787501,0,499,33,491,499,458
1174948003,2944875597,85,414,87,433,329,346
1275059071,4003838143,72,414,90,425,342,335
941710306,207304864,150,353,113,391,203,278
1292025665,4105728831,91,403,57,429,312,372
1260398140,3893579988,136,366,189,329,230,140
873461896,119078082,62,436,0,499,374,499
1007640370,435046033,55,443,0,499,388,499
908165600,60399187,96,403,12,486,307,474
1277907608,4023217158,53,446,63,409,393,346
1240720367,3748202561,77,491,161,406,414,245
1181139842,3000464398,20,483,83,415,463,332
1318258944,584097031,71,455,71,470,384,399
1244405194,3780626862,0,499,14,485,499,471
1027131333,569882242,101,397,50,449,296,399
1321799486,4227051191,62,436,0,499,374,499
1269060882,3955110763,35,447,49,456,412,407
933251580,190105911,75,423,0,499,348,499
1077513133,1372430107,152,346,0,440,194,440
959275710,231491719,90,409,130,369,319,239
1135178736,2300524503,0,499,63,436,499,373
1066930314,1173353155,93,404,22,476,311,454
1304067495,4160931377,106,388,51,463,282,412
1269202459,3451840886,102,396,0,499,294,499
1123580062,2058033806,318,326,235,265,8,30
1276306275,4012661743,160,424,82,415,264,333
1309604758,4180205999,50,449,72,420,399,348
1295959580,4128274477,62,437,169,325,375,156
1239130747,3733407361,145,320,176,306,175,130
1156470855,2670728191,80,420,2,499,340,497
1307661055,4172334374,0,499,0,499,499,499
1315221087,4187657945,18,489,48,446,471,398
1304021732,4160807919,131,356,58,461,225,403
1263524731,1504568291,183,315,150,349,132,199
931042567,185304662,5,494,85,414,489,329
1304045457,4160812547,53,401,144,379,348,235
1285054660,4066257196,16,463,17,499,447,482
1161789647,2714325997,12,487,152,347,475,195
1283475391,4061476835,34,472,52,462,438,410
1103797464,500602404,91,409,100,413,318,313
933699796,88704171,0,499,62,436,499,374
1205742682,2970191269,70,429,145,354,359,209
910925681,155023288,62,436,0,499,374,499
1246400718,3798829228,32,469,72,420,437,348
860559212,98590813,171,328,137,362,157,225
1174591805,2940640157,0,466,36,457,466,421
1296364439,4130470858,71,435,138,406,364,268
1244989979,3787994696,111,480,0,499,369,499
1294220029,4122562264,198,304,141,370,106,229
1317902818,4215692779,0,499,0,499,499,499
1118649099,1987040740,0,499,0,499,499,499
1261679267,3900591844,76,460,119,390,384,271
910221235,148049657,71,427,0,499,356,499
973477683,269097862,217,285,199,339,68,140
854179017,85756963,70,429,0,499,359,499
1136099891,2311258163,98,401,2,495,303,493
1294596432,4056941727,0,499,83,415,499,332
946714008,208715283,163,336,180,332,173,152
1260386587,3893205146,0,499,0,493,499,493
856228522,53726540,68,431,0,499,363,499
1265183575,3929867584,84,406,98,393,322,295
1120949264,2022519464,83,415,0,499,332,499
1253161185,3855208958,128,499,0,369,371,369
1124277969,278585726,159,331,113,392,172,279
1283001682,4057772259,0,499,0,499,499,499
1249535735,3819983490,181,289,175,319,108,144
1215263150,3467565760,0,499,109,389,499,280
1177014916,2955290804,109,389,0,499,280,499
1077259199,143709831,97,395,24,478,298,454
1103778481,584899567,57,445,101,405,388,304
1040785103,818512879,117,382,50,449,265,399
1297206913,222961763,73,426,0,499,353,499
1313631192,4183697444,50,460,112,397,410,285
1261460872,3900374563,47,450,168,345,403,177
1093286516,1600027198,0,499,62,436,499,374
1309555127,4180148387,72,438,77,411,366,334
1162304516,2751630538,109,389,0,499,280,499
844133310,6898468,155,344,90,409,189,319
1245656795,3793680182,189,293,216,449,104,233
1304160217,4160984693,106,388,51,463,282,412
1262946309,3910597812,0,499,29,469,499,440
1026852328,569635334,106,392,50,449,286,399
1304114207,4149370629,0,499,88,411,499,323
1164205302,2780960902,110,389,145,354,279,209
1316269545,4200881546,0,499,32,458,499,426
1252218681,3848131386,49,471,50,472,422,422
467676030,50555128,150,349,107,392,199,285
1118410822,1984088914,170,344,174,342,174,168
1144249981,2478185223,77,415,145,393,338,248
1287239160,4077171503,53,446,62,409,393,347
870476910,114947764,66,433,119,380,367,261
1102493862,1801011475,0,499,62,436,499,374
1321793419,4223040540,88,417,15,488,329,473
1271722514,3979585462,0,499,0,499,499,499
1292298657,4106021163,20,479,20,479,459,459
1198710636,3219972450,138,363,58,475,225,417
1120946106,1980640833,79,427,184,405,348,221
1238706851,3729321144,15,464,19,494,449,475
876568050,65470194,86,413,0,499,327,499
1320221557,4215706564,90,418,16,493,328,477
1002228086,375776739,147,351,100,399,204,299
1287738265,4079113221,0,499,61,499,499,438
1252627200,3850328339,0,499,154,436,499,282
1006812713,428553116,12,499,28,471,487,443
1220974892,3559023809,0,499,62,436,499,374
1235402283,3693444174,66,433,0,499,367,499
1306008430,4167104343,44,456,82,416,412,334
1176503924,2958499849,33,473,104,391,440,287
1248617836,3816501256,0,499,0,499,499,499
1248861364,3817906213,109,435,0,499,326,499
291811197,17550915,146,353,97,402,207,305
990405371,297407723,124,413,89,419,289,330
854980738,87908977,71,428,0,499,357,499
1255757654,3871285729,21,489,62,457,468,395
923249149,173538929,131,369,66,431,238,365
1005411655,410732821,71,428,0,499,357,499
1288093588,4079556254,0,499,0,499,499,499
1283508001,4061581555,0,499,0,499,499,499
496074001,50806112,144,354,106,393,210,287
935147888,193672481,71,428,0,499,357,499
1273913524,3995255320,0,499,0,499,499,499
1323761064,4234273768,73,427,0,498,354,498
1275058588,1532911,61,437,0,499,376,499
1275364861,4003964040,0,499,0,499,499,499
1324223424,4236298585,78,452,89,445,374,356
978451922,277877773,62,436,0,499,374,499
1178454665,1681499568,51,425,25,459,374,434
1251032188,3837112027,0,499,0,499,499,499
1215506082,3470052803,79,419,0,499,340,499
1147611144,2533160688,71,430,126,379,359,253
1205837808,3312555562,24,484,8,452,460,444
1146142666,2512505805,0,499,62,436,499,374
1032789280,630530951,62,436,0,499,374,499
906607661,151165685,0,499,62,436,499,374
1310350390,4181900391,0,499,0,499,499,499
1082416140,1466309243,88,410,20,478,322,458
1311429581,4187123028,106,374,48,439,268,391
1019335720,516403476,80,419,175,323,339,148
1279043057,4037089163,36,463,132,386,427,254
1125160540,2089758679,154,345,100,399,191,299
1023463453,536907855,56,488,148,350,432,202
1269512180,3959938717,0,497,34,472,497,438
1275265987,4003952230,77,436,71,458,359,387
949383574,212343037,159,340,135,363,181,228
978019883,278767135,0,499,62,436,499,374
1190251689,2738644573,111,388,111,387,277,276
1311168759,4182061485,0,499,0,499,499,499
1248543055,3815831708,74,427,40,499,353,459
1260706712,3895301099,106,432,22,483,326,461
1240856706,3750154372,0,499,87,482,499,395
1007994097,435871898,155,343,100,399,188,299
1026968843,569627578,108,391,50,449,283,399
921250046,168344612,117,388,47,457,271,410
1281195518,4050297798,73,465,140,462,392,322
1264143163,3923188385,0,499,0,499,499,499
1144402614,2471544653,48,439,75,423,391,348
1304023298,4160808260,0,427,0,499,427,499
1312648321,4195544704,5,493,6,495,488,489
1274064935,3997102692,0,499,0,499,499,499
1308950576,4177869294,14,484,17,477,470,460
1042942087,841532548,0,499,49,450,499,401
1249758760,3821565979,0,499,62,436,499,374
1007639070,435179105,114,385,50,449,271,399
1217891649,1888333898,47,455,6,439,408,433
1067846749,1179018905,62,436,0,499,374,499
1293370508,4104776737,58,444,61,473,386,412
1262724686,3910479301,0,499,29,469,499,440
1103770657,1818020805,0,499,62,436,499,374
1077391168,1372498718,74,429,112,397,355,285
1257556468,3881235207,0,499,0,499,499,499
917563004,163055945,138,360,95,404,222,309
1328235665,4250626009,23,461,35,481,438,446
1257797673,3882945922,140,439,153,361,299,208
1317993861,4215705133,17,470,96,402,453,306
1225887632,2950711645,146,349,140,360,203,220
1319262864,4214118682,88,483,102,356,395,254
924216592,175362504,0,499,62,436,499,374
1013190544,464630119,79,460,100,419,381,319
998501506,334575338,142,357,95,404,215,309
864847958,106836526,84,414,189,309,330,120
1309400803,4180506433,79,420,0,499,341,499
1166173866,1270305849,143,356,12,486,213,474
1258382968,3883432597,0,499,0,499,499,499
1271698096,3979577843,17,483,18,484,466,466
1135065308,2293249209,0,499,39,459,499,420
1073390528,1320730531,68,391,127,365,323,238
1298746986,4139502219,0,499,0,499,499,499
924914140,176298806,50,449,116,383,399,267
1316289921,4200882616,33,458,124,382,425,258
859093506,93993418,5,494,66,433,489,367
1319412867,4214352721,16,470,62,423,454,361
1274574950,3999515295,0,499,127,372,499,245
1264999924,3928961192,149,340,204,337,191,133
1257744742,3881732182,69,431,45,465,362,420
1190253005,2832752234,92,397,122,365,305,243
982242630,286001614,150,349,157,341,199,184
1204248949,3287289477,93,406,20,478,313,458
1027286624,570716856,108,390,50,449,282,399
1312673229,4195678328,0,499,0,499,499,499
1065884861,691647039,22,477,0,415,455,415
324372727,3362350,175,324,149,349,149,200
1249534283,3819979137,101,403,29,487,302,458
1002984965,388576242,157,342,159,356,185,197
1281982526,4053875552,72,424,140,373,352,233
879444188,124895142,120,379,76,422,259,346
1097581916,1669229175,0,498,0,498,498,498
1174499793,2939059417,34,467,11,486,433,475
1212100667,3416860604,0,498,0,499,498,499
1266776420,3939946070,0,499,0,499,499,499
1248217842,3814580649,26,480,61,390,454,329
941621913,207151466,153,352,175,327,199,152
853886861,85059098,0,499,62,436,499,374
1281282757,4050861258,0,499,114,385,499,271
1100521925,1723175887,58,441,0,499,383,499
1323300393,4231695849,0,499,0,499,499,499
1273212115,3992412761,28,469,59,475,441,416
1026243659,431214766,0,499,86,412,499,326
1211051519,3386716656,0,499,45,454,499,409
1301850603,4151009781,79,421,18,475,342,457
1150602366,3716249248,110,389,56,443,279,387
1156077969,2664721950,206,293,1,498,87,497
1276525903,4014008223,10,462,51,451,452,400
1299561497,4141734042,18,479,119,382,461,263
1015078460,477091289,68,431,0,499,363,499
1234743687,3689693899,162,330,74,421,168,347
1305103449,4164666484,106,388,51,463,282,412
1100064993,1711729028,180,319,153,346,139,193
1253585567,3857862154,13,487,127,391,474,264
1027592882,67544718,156,342,123,376,186,253
1273853314,3995248673,0,499,0,499,499,499
1323561644,4231860599,88,432,83,421,344,338
1100201535,1714991625,156,343,100,399,187,299
1175646860,2949665595,0,499,10,489,499,479
1155564902,2655705536,62,436,0,499,374,499
1125492259,2090448763,62,436,0,499,374,499
1309566456,4179939996,18,480,0,457,462,457
1281971728,4050992532,0,499,0,499,499,499
1323031731,4231803157,0,499,0,499,499,499
893655961,136948407,62,436,0,499,374,499
1282293771,4056001819,1,495,67,425,494,358
1266673007,3939550892,32,466,73,438,434,365
1018141616,509795508,102,329,150,394,227,244
1117161378,1967330520,22,482,67,438,460,371
1312895493,4195574616,0,499,0,499,499,499
940889124,205319033,191,325,162,345,134,183
1121268801,2033698397,7,492,148,342,485,194
1283416580,4061577521,39,469,131,370,430,239
1215428947,3470144302,0,499,20,479,499,459
1278038227,4029149361,6,484,33,441,478,408
1010226345,445216758,164,335,62,455,171,393
1186917925,3039605812,0,499,62,436,499,374
1248833315,3817890589,57,446,0,499,389,499
946298451,77635459,150,348,80,416,198,336
1265055646,3929357357,34,467,21,413,433,392
1308872284,1947915666,100,399,37,461,299,424
1283792526,4061614369,17,487,88,430,470,342
894239903,47760530,86,412,0,499,326,499
1226385507,3598112932,0,499,0,499,499,499
1251002036,3837274752,0,499,0,499,499,499
1267847381,3104698183,123,389,49,472,266,423
1158008235,1940510497,110,389,0,499,279,499
1275992291,4010220925,0,368,0,479,368,479
1313487462,4198464418,48,439,22,477,391,455
1125638626,2093594556,128,367,177,321,239,144
927055921,543823251,125,374,125,374,249,249
1042992288,819713689,113,383,127,389,270,262
1116358696,1960012860,110,389,54,445,279,391
1283842123,4061618082,37,463,115,318,426,203
222911230,3655460,88,411,0,499,323,499
1216922563,3462802430,110,392,141,446,282,305
1193903854,3149858315,0,499,62,431,499,369
1249535655,3819982849,179,338,176,333,159,157
1151791557,2590164069,167,335,124,389,168,265
1242869998,1100405998,100,399,37,461,299,424
259480562,10756527,98,401,0,498,303,498
1320368096,4221297999,32,477,123,391,445,268
1241390477,3756522260,196,301,196,306,105,110
1290865191,4097293467,27,393,11,386,366,375
1272119639,3986440953,138,390,36,471,252,435
1313498568,4197527865,21,479,66,453,458,387
1295932588,4127722422,46,455,48,457,409,409
1129005293,2158537025,95,397,41,384,302,343
1066930532,1173353237,29,458,89,402,429,313
921250070,168344624,83,440,100,414,357,314
1164379738,2767765734,37,450,71,424,413,353
1311058160,4182118118,0,499,0,499,499,499
1137798224,2346558721,0,499,62,436,499,374
1312591035,4195542804,35,470,62,459,435,397
1254989092,3867145064,39,460,124,379,421,255
1301345920,4151251336,164,372,23,440,208,417
1285153829,4066272972,0,499,35,499,499,464
1236496677,3708963891,8,480,20,431,472,411
1008228773,436164909,187,309,187,309,122,122
1130941209,2187481992,94,405,27,471,311,444
1253468990,3856810082,80,418,108,415,338,307
1310069421,4181960650,0,440,11,484,440,473
1008186638,436109928,100,399,89,410,299,321
1100059454,1711730655,110,389,52,447,279,395
1268712773,3951838339,0,432,58,424,432,366
1195512858,3171471537,14,479,141,352,465,211
1092897891,1533405797,109,389,0,499,280,499
1007618286,435126111,100,399,23,475,299,452
1241871126,3760996649,134,449,132,366,315,234
1314825736,4186726910,93,410,74,432,317,358
964287156,246480388,117,381,65,434,264,369
1265203884,3929889954,0,490,142,385,490,243
986328300,292188545,0,499,114,385,499,271
1277510414,4019799833,35,405,115,371,370,256
1225887530,1305607741,160,359,174,357,199,183
1244539531,3785102155,34,458,62,454,424,392
1249535442,3819982733,190,308,166,344,118,178
1255798800,3871120456,0,499,0,499,499,499
1254443361,3861822971,0,499,71,499,499,428
887595891,133775212,62,436,0,499,374,499
1040540027,815178360,25,474,39,459,449,420
913098977,5619954,62,436,0,499,374,499
1146166730,1960326960,107,426,65,483,319,418
1323873595,4234090857,4,499,10,499,495,489
1303736602,4158159929,0,499,115,384,499,269
984269283,288908859,0,499,82,415,499,333
1157125803,2682045304,83,415,0,499,332,499
1050196432,962149731,177,294,174,327,117,153
1260315985,3894931378,0,499,0,499,499,499
1158121158,2695198004,181,321,52,445,140,393
1096483737,1652822421,0,499,62,436,499,374
1237277151,3716305696,68,415,40,242,347,202
1310806242,4182108349,0,499,0,492,499,492
1174063469,2934279321,0,499,92,406,499,314
1262460882,3908160522,98,420,103,412,322,309
970532668,258894604,62,436,0,499,374,499
1275641213,4007156394,64,420,53,466,356,413
1281890969,4053543788,131,367,97,402,236,305
1254657856,3863639116,0,499,145,189,499,44
1102674997,522133438,255,256,223,275,1,52
1306848839,4167091958,0,499,0,499,499,499
1167670722,2843197709,104,396,9,493,292,484
1091125126,1567236958,0,499,84,414,499,330
922839036,172507634,153,345,114,381,192,267
286173100,16653124,69,430,0,499,361,499
1174587339,2940638883,51,462,39,458,411,419
1192005843,3120202341,147,339,18,484,192,466
1270982879,3974746855,0,499,0,499,499,499
1293821111,4120747271,116,379,3,491,263,488
1049852655,956383737,5,495,58,470,490,412
1205198646,3303134749,0,499,0,499,499,499
1233300195,2861697390,24,467,76,423,443,347
1032931215,632475061,0,499,62,436,499,374
1139560671,2394356252,0,499,81,418,499,337
1318953804,4220452160,0,499,0,499,499,499
1250447054,3831333240,62,436,0,499,374,499
1270350118,3964359256,62,436,0,499,374,499
171424630,929065,52,447,0,499,395,499
1144686584,2485902871,87,412,0,499,325,499
1108323035,1871393700,29,473,163,381,444,218
1299697624,4143428938,207,287,222,287,80,65
915485083,159877771,147,352,148,351,205,203
1318763940,4215569452,0,499,23,499,499,476
921383963,168767854,71,428,0,499,357,499
949383620,212343049,136,371,134,365,235,231
1295960776,4128438421,63,428,110,394,365,284
950140794,213295603,88,411,32,499,323,467
1221230508,3560995252,8,493,93,404,485,311
1020579935,524654378,100,399,100,399,299,299
937788753,199005528,211,271,190,299,60,109
1247849107,3813570938,0,499,62,436,499,374
1255744467,3871039073,72,436,81,430,364,349
1300133192,4145101879,86,429,91,436,343,345
1285121439,4063772221,33,472,32,475,439,443
1008021839,435874057,105,394,64,435,289,371
986659900,292066028,68,431,0,499,363,499
1100067933,1711735445,110,389,48,451,279,403
870933217,115631842,68,431,0,499,363,499
1158120729,2695197355,0,499,0,499,499,499
835451729,69548990,0,499,80,436,499,356
1253215501,3854772616,80,438,206,418,358,212
922613537,171695227,125,374,184,309,249,125
1320675553,4221594399,126,371,7,495,245,488
1320406153,4224507259,38,460,50,444,422,394
1264348775,3921242721,62,436,0,499,374,499
1100754728,1739442985,41,289,57,470,248,413
1060954708,278564111,152,346,100,399,194,299
1212800689,3433370397,157,341,100,399,184,299
1313395692,4197670624,0,499,0,499,499,499
1317939656,4215698494,7,491,54,186,484,132
1118290956,1981970997,177,322,14,491,145,477
1100083552,1711735433,180,319,153,346,139,193
1136326795,1302256178,62,436,0,499,374,499
1153038274,2210607625,18,484,137,362,466,225
1257412081,3881319750,0,499,0,499,499,499
1271679603,3979572242,0,499,0,499,499,499
1308833752,330627998,100,399,20,463,299,443
1209302978,3369813318,138,361,100,399,223,299
1109869730,1894692173,62,436,0,499,374,499
446930530,50259144,100,399,50,448,299,398
1263007556,3913253790,0,499,0,499,499,499
1312162064,4193612443,100,399,100,389,299,289
1301516087,4150994620,64,439,29,477,375,448
1052299371,984119824,0,499,62,436,499,374
1323455436,4231850806,6,496,7,496,490,489
1272014233,3986436614,30,425,8,495,395,487
1167253305,98651467,0,499,83,415,499,332
1269504070,1697270277,100,399,33,496,299,463
1096176188,1647697868,0,499,62,436,499,374
1100506017,1727122893,171,326,143,334,155,191
1323314581,4231696496,29,461,29,429,432,400
1209717862,3382587362,151,366,11,483,215,472
931457725,186039013,78,416,126,372,338,246
1281090612,4049334785,0,499,83,415,499,332
1241416924,3756666119,197,299,193,306,102,113
895336679,67646350,95,404,47,499,309,452
834258455,66681606,165,334,127,371,169,244
1274235056,268557,74,424,0,499,350,499
906493879,150715395,155,344,128,370,189,242
1237103650,1684126036,41,426,191,346,385,155
1018823128,497268567,74,425,0,499,351,499
1317502693,4213495879,9,489,50,433,480,383
1134489621,2012806157,11,481,126,412,470,286
1323265275,4231687943,21,487,72,430,466,358
1109663162,1892729187,29,469,77,416,440,339
1281420621,4045868858,91,407,0,499,316,499
1236023637,3698192808,70,428,0,499,358,499
1271563119,3976960138,0,499,0,499,499,499
1189120515,3078440037,64,432,129,380,368,251
907427461,87153838,165,334,126,367,169,241
1306914405,4167096535,106,388,51,463,282,412
975372553,273664273,0,499,32,466,499,434
1252583748,3850028654,88,499,83,415,411,332
1248863341,3817906721,135,364,94,405,229,311
1220920360,3558591461,0,499,62,436,499,374
1307335190,4171232725,15,162,100,285,147,185
1189930354,3081720788,62,435,0,499,373,499
847941446,65349788,73,425,0,499,352,499
251088903,7735947,62,436,0,499,374,499
1321703373,4228838280,108,369,67,426,261,359
1323139545,4232923952,38,462,126,376,424,250
1308828134,1543320872,100,399,65,449,299,384
1243659688,3775275586,0,499,62,436,499,374
858977995,93558207,19,470,67,408,451,341
856631019,90096220,68,431,0,499,363,499
1211823725,3410615283,180,340,148,321,160,173
1319412544,4214354258,143,246,33,484,103,451
1309400772,4180506425,79,420,0,499,341,499
1309573153,4179946663,3,494,25,391,491,366
1096415171,1653343943,63,435,0,499,372,499
1174589865,2940639543,15,484,61,481,469,420
1156237395,2655346408,138,360,95,404,222,309
1273036791,3992539566,37,478,30,447,441,417
1234768167,3690228606,22,479,10,490,457,480
1101483006,1773808368,71,427,0,499,356,499
38524630,1750951,172,327,140,359,155,219
1257851850,3883239633,0,499,12,499,499,487
1043841378,853455922,7,491,104,409,484,305
1271683050,3979573338,45,458,112,338,413,226
1293310993,4104713282,20,483,155,384,463,229
1273160079,3993174992,44,458,201,376,414,175
1248702559,854793312,99,394,14,498,295,484
1267211735,3942375527,0,499,0,499,499,499
1231877952,3655468858,175,325,6,490,150,484
1174594279,2940640696,6,468,0,497,462,497
1280518688,4045078565,0,499,0,499,499,499
1250623998,3834431619,34,465,86,414,431,328
1112381235,1923137543,81,419,176,315,338,139
1188360343,3055803469,0,499,63,436,499,373
523145530,52819533,206,293,183,316,87,133
1283763967,4061611451,0,499,0,498,499,498
1255210892,3863566708,62,436,0,499,374,499
861712622,100309304,69,430,0,499,361,499
1169449864,2875392170,21,477,135,363,456,228
1322071035,4230260493,70,429,145,354,359,209
1305529935,4165987090,28,470,177,325,442,148
1008013806,435877651,133,366,100,399,233,299
1264192329,3924545148,125,376,10,492,251,482
1289038352,4085962283,14,470,17,484,456,467
1279755467,4041456176,40,478,27,484,438,457
1261172773,3898707471,42,484,64,434,442,370
1248847076,3817903133,46,481,116,380,435,264
883157426,127939525,47,475,169,355,428,186
1299560055,4141734008,44,398,159,319,354,160
1235560231,3695376250,32,438,139,370,406,231
1056030364,1069436304,150,345,153,352,195,199
1311416841,4187119721,14,499,0,499,485,499
1041529652,826811368,56,442,0,499,386,499
1265370564,3930076539,129,354,30,467,225,437
919680868,165372228,161,338,115,384,177,269
1282008410,4050754035,73,425,72,459,352,387
1319946828,4215265788,45,463,46,444,418,398
1102365836,845434466,5,488,45,472,483,427
1287049287,4074716381,52,469,28,473,417,445
568668204,54030465,59,439,0,499,380,499
1301860623,4153653277,1,498,0,499,497,499
1271234566,3976409882,0,499,0,499,499,499
985085624,543825880,0,499,0,499,499,499
1178454377,1760634431,35,478,20,476,443,456
1136835035,2335319744,75,426,21,480,351,459
1310657767,4184541720,23,476,25,474,453,449
1313804895,4184091847,34,421,163,357,387,194
933236486,190092941,73,426,5,499,353,494
1073487028,1322251480,16,480,128,363,464,235
1253473480,3856810243,0,499,0,499,499,499
1246308523,3798332096,182,279,27,311,97,284
1256051764,3873075116,1,499,194,499,498,305
1121454166,2036031333,79,359,146,356,280,210
1137110786,2339736847,71,427,0,499,356,499
1100624697,1734830554,0,499,62,436,499,374
1131844488,2211850939,0,499,62,436,499,374
1264277310,3925134111,0,499,0,455,499,455
1248841612,3817899839,9,492,0,499,483,499
1248830890,3817887336,83,416,0,499,333,499
1251413445,3842551334,48,447,94,411,399,317
1152654318,2609302836,73,426,8,499,353,491
1163055880,2763290325,179,319,150,349,140,199
1309095225,4179604811,0,486,56,440,486,384
1079259048,1415266559,109,389,0,499,280,499
1260117418,3890336655,11,492,129,364,481,235
1292251517,4108380537,59,440,14,485,381,471
1283526234,4061583435,29,467,113,420,438,307
1320207945,4215572392,132,357,207,394,225,187
1315067875,4187102315,144,359,23,478,215,455
1160239924,2722323384,109,390,0,499,281,499
1008059945,435907757,107,392,50,449,285,399
1287879455,4079551082,147,381,13,485,234,472
1227015284,3605461902,62,436,0,499,374,499
1218586263,152411230,73,425,0,499,352,499
1041380431,1936974750,62,436,0,499,374,499
1007390478,416652379,100,399,62,436,299,374
1231525065,3651655007,110,389,52,446,279,394
1221395768,3562747028,110,389,54,445,279,391
1131048996,2192154106,18,482,217,366,464,149
1120306120,2012305127,56,439,31,469,383,438
1082357413,1466897199,91,410,44,458,319,414
1167234941,2831987114,35,455,53,435,420,382
941678554,207257881,151,344,164,335,193,171
1311955840,4188997515,0,499,0,499,499,499
769852658,61601032,71,421,0,499,350,499
1002978482,388578758,252,334,176,309,82,133
1298081221,4138192605,35,458,17,484,423,467
1240229655,3745011811,14,463,63,429,449,366
1192163405,3122717030,71,431,256,486,360,230
1130379926,2183600254,175,356,147,349,181,202
1295960395,4128438376,18,474,114,377,456,263
1306569453,4168873302,0,499,0,499,499,499
1042991447,819713727,109,394,108,393,285,285
1259279898,3887622626,80,424,92,423,344,331
1071669644,1289659306,63,436,0,499,373,499
228188330,4195158,72,426,0,499,354,499
1261705764,3900594446,103,410,39,452,307,413
1000099971,352683003,73,426,0,499,353,499
1223239400,3579656254,0,499,0,499,499,499
1265214550,3929900518,13,488,118,403,475,285
1156075803,2664721618,228,271,24,421,43,397
1166945573,2827043666,62,436,0,499,374,499
1323264821,4231367627,43,435,41,464,392,423
1027444512,571465707,0,499,0,499,499,499
1278877898,4037448557,143,358,48,477,215,429
977934331,278561355,83,416,40,479,333,439
1007712864,435171554,150,349,108,391,199,283
1154452405,2637270826,151,348,100,399,197,299
1251442569,3842663768,40,458,56,425,418,369
1026740778,568147196,65,433,0,499,368,499
1319226979,4214079029,83,406,63,452,323,389
1287498066,4076595192,0,499,0,499,499,499
1026823225,569560824,100,399,57,441,299,384
1201417828,1913348681,187,311,150,349,124,199
1198905394,1145205905,144,354,100,399,210,299
1304043216,4160812290,44,464,45,429,420,384
1058229113,1087674603,150,348,206,281,198,75
917438959,163116255,362,480,175,423,118,248
1323275628,4231796214,13,480,20,455,467,435
1026447703,564386557,0,499,84,415,499,331
1257229951,3879889919,0,499,0,499,499,499
855419992,88243820,83,416,0,497,333,497
286342759,16730075,157,341,138,360,184,222
1275104020,4004081306,14,472,59,468,458,409
936387405,195772659,62,436,0,499,374,499
1241285494,3716120666,180,319,160,338,139,178
1318584895,4217949011,0,499,0,499,499,499
1102999524,1808064089,0,499,62,436,499,374
1186356976,3028007328,169,366,118,374,197,256
1299697129,4143428885,201,299,215,301,98,86
1118284391,1029211194,143,356,100,399,213,299
914668480,115354451,83,426,78,407,343,329
957667250,224917409,0,499,100,399,499,299
987567622,294403626,0,499,109,390,499,281
1211700515,3174926499,71,427,0,499,356,499
1055408900,1059907316,98,401,160,339,303,179
1273117752,3992402930,60,438,70,443,378,373
1271455594,3977397581,0,499,0,499,499,499
1212702243,3429740775,0,499,1,498,499,497
1257263268,3879902225,0,499,0,499,499,499
1316283445,4200882190,21,479,149,345,458,196
1283605284,4061587527,121,378,58,448,257,390
849727220,67680904,196,296,192,307,100,115
261364583,12081282,123,375,78,420,252,342
1192104479,3121127113,46,449,93,372,403,279
1131494613,2205996263,80,402,14,467,322,453
932674283,188979929,80,420,6,499,340,493
1323691160,4234147557,123,368,35,472,245,437
1311710028,4188911458,0,499,0,499,499,499
1121336138,2010568131,158,339,121,399,181,278
1188469990,3065459650,125,411,5,485,286,480
1007695701,435129574,100,399,48,450,299,402
1099079539,1923134414,199,312,0,454,113,454
1283523097,4061479557,0,499,0,499,499,499
889140719,135180848,0,499,62,436,499,374
871958364,116926400,200,294,201,307,94,106
921249816,168344635,55,455,34,473,400,439
1066596512,1169354090,0,499,28,470,499,442
1274895104,4001824258,0,499,186,214,499,28
1309661009,4179728462,30,397,34,447,367,413
1044881204,487671496,0,499,62,436,499,374
1240526749,3748208660,2,495,113,390,493,277
976233958,275559725,192,333,208,431,141,223
1285920347,4071503388,79,419,0,499,340,499
1112086196,1920441858,0,499,0,499,499,499
1252627650,3850328496,0,499,62,436,499,374
1246075842,3797080426,45,468,121,402,423,281
1215340080,3470010212,79,466,65,426,387,361
1269448989,3957819132,0,499,0,499,499,499
1100070493,1711733634,180,319,151,348,139,197
833117897,63566982,142,356,98,401,214,303
921399655,155197987,137,361,137,361,224,224
1048522901,942607916,73,426,0,499,353,499
1002971813,388574492,0,499,216,266,499,50
1305530050,4165987122,0,499,100,398,499,298
1144313004,2479658773,19,480,137,415,461,278
1205954430,3314999533,94,413,69,390,319,321
1324139905,4236042678,0,475,0,471,475,471
1248843087,3817900394,11,499,206,499,488,293
1313125172,4197490240,0,499,0,499,499,499
873881041,92967403,188,311,170,329,123,159
818437785,62411583,198,315,158,354,117,196
1159490778,2710843548,0,499,62,436,499,374
1264354193,3923187598,3,498,68,431,495,363
1207403304,3340562980,0,499,0,499,499,499
458627030,50456622,160,339,133,366,179,233
1072828629,1296374191,115,414,17,455,299,438
1216981933,3483024665,60,438,0,499,378,499
1133773152,2265318450,10,490,117,381,480,264
1324003146,4235887300,0,499,0,499,499,499
1283843065,4061618101,111,393,144,386,282,242
1141638855,2423948015,43,455,99,399,412,300
1250268108,3831364099,0,499,62,436,499,374
1283529100,4061583550,0,499,0,499,499,499
1254676008,3863846631,0,499,0,499,499,499
1311444175,4187125172,11,487,146,419,476,273
1305119957,4164669185,106,388,51,463,282,412
1319946773,4215265781,69,206,91,184,137,93
1316181722,4200876384,12,492,125,364,480,239
871038689,115712755,0,499,62,436,499,374
1239684549,3732730532,71,427,0,499,356,499
1318413037,4218867605,24,475,107,420,451,313
1304155768,4160953983,106,388,51,463,282,412
1265217529,3929900658,0,464,212,398,464,186
1259191776,3887611167,72,426,83,431,354,348
1195468058,3170632940,53,444,23,460,391,437
836372442,71084814,62,436,0,499,374,499
1204256871,3287299912,0,499,119,380,499,261
1132244662,2222577785,15,481,184,307,466,123
1172800221,2920721800,50,449,104,402,399,298
1089468750,1553197552,70,323,154,338,253,184
879194284,124628372,8,491,0,499,483,499
1061537326,146549879,133,360,94,397,227,303
859117781,94172284,75,424,82,417,349,335
1277250044,4021564055,185,498,9,474,313,465
1281516200,4050865316,65,413,152,441,348,289
1309133518,4179726155,70,434,78,445,364,367
1298501155,4139337226,19,474,33,449,455,416
1085693329,1505336202,63,436,0,499,373,499
1275041516,4003836015,46,452,150,401,406,251
1250268216,3831364213,0,499,99,436,499,337
1135300529,274637965,67,432,0,499,365,499
1249534584,3819979387,182,311,213,322,129,109
1150666401,2570478830,62,436,0,499,374,499
1189277871,3080515897,0,499,0,499,499,499
1283969339,4061637913,45,479,11,466,434,455
1275318125,4003959312,14,472,59,468,458,409
1237675461,3721869548,66,432,0,499,366,499
1316118864,4200871330,25,457,80,473,432,393
976533237,275961705,71,428,0,499,357,499
1251868486,3845688565,11,433,44,455,422,411
1051765650,974871200,80,418,0,499,338,499
899087568,144925485,62,436,0,499,374,499
1276026798,4010224454,0,421,278,486,421,208
966272578,150094282,0,499,109,389,499,280
1270577143,3971746241,0,499,0,499,499,499
1308875222,4177866355,17,474,101,295,457,194
1071560593,1285486929,38,461,0,499,423,499
1236835394,3713916539,98,401,0,499,303,499
1316176368,4200876261,41,483,21,470,442,449
1009220532,440539307,160,339,123,375,179,252
1145898403,1187912260,210,281,221,275,71,54
1140494213,2414411888,47,463,31,481,416,450
1314401431,4202302151,6,433,27,499,427,472
1229769852,3624088584,77,422,0,499,345,499
1305327445,4165064445,0,499,0,474,499,474
872002559,7279342,74,424,0,499,350,499
1164498584,2786150071,42,480,43,417,438,374
1181055045,2999601613,0,499,62,436,499,374
1103754175,1818578283,155,344,100,399,189,299
1217603623,3495563299,14,485,70,458,471,388
872630017,117982215,71,427,1,497,356,496
1253795767,3858732183,0,499,62,436,499,374
1246118159,3797081928,0,499,63,499,499,436
1051379486,977998791,0,499,62,436,499,374
1317116453,4211506246,32,464,82,397,432,315
1258230251,3883415715,19,486,113,403,467,290
1220832719,3554806003,0,499,62,436,499,374
922170779,170807993,225,250,110,390,25,280
1188541697,2778493060,102,405,102,405,303,303
1316896303,4211078394,43,453,113,387,410,274
983109230,227204425,0,499,62,437,499,375
1308062685,3308813803,38,461,0,499,423,499
1149486398,2552817792,11,485,88,420,474,332
1203565208,3279199159,15,485,87,411,470,324
1260610815,3894558935,34,436,59,453,402,394
1264217855,3924748989,0,499,0,499,499,499
1208255142,3353620384,74,424,0,499,350,499
1155844269,2660788582,27,471,0,499,444,499
1298777290,4140082716,0,499,63,435,499,372
1323960599,4232365049,0,499,0,499,499,499
874538167,109422175,102,395,0,499,293,499
1201823342,3249397497,12,499,20,478,487,458
1299516665,4140593696,91,407,12,499,316,487
1282897281,4057767162,117,391,97,410,274,313
1259681920,3889155765,17,476,110,386,459,276
1285983992,4069403653,0,499,83,415,499,332
1143997260,1960319249,226,272,242,277,46,35
1304126400,4143956267,97,411,140,282,314,142
1249533504,3819977625,53,439,15,483,386,468
1223580936,3582302153,4,494,102,396,490,294
995103076,303051120,145,337,70,415,192,345
1252146802,3845529844,194,336,0,499,142,499
1292778870,4113786740,0,499,0,499,499,499
1311871533,4189053309,0,499,0,499,499,499
859298549,94464081,224,277,215,278,53,63
894889891,87580169,63,436,0,499,373,499
1056149250,1070398825,94,405,27,471,311,444
461285030,50487953,163,336,135,363,173,228
1275204545,4004101390,34,470,27,462,436,435
1283501094,4061581197,0,499,0,499,499,499
1132874542,1540616014,145,341,176,329,196,153
1322853457,4231972433,55,444,0,497,389,497
935392495,194649135,0,499,0,499,499,499
1174437736,1664105668,90,447,75,436,357,361
1101585283,1776430422,179,295,116,370,116,254
1276286097,4012659858,110,404,112,435,294,323
1116933407,1966472369,110,389,54,445,279,391
1159702800,2718521283,208,289,204,387,81,183
1313173989,4182714841,19,479,77,418,460,341
1317492446,4213276987,0,499,0,498,499,498
1305025644,4164611795,106,388,51,463,282,412
862390387,102130092,24,474,0,499,450,499
1102078153,1789637277,165,334,165,334,169,169
1282857874,4057766261,0,499,12,486,499,474
1323295810,4231695598,0,499,0,499,499,499
1282562505,4057547586,0,499,0,499,499,499
1314524752,4202304185,0,472,44,467,472,423
1252582503,3850028614,0,499,0,424,499,424
1247014213,3803192118,0,499,62,436,499,374
1306812319,4167088056,106,388,51,463,282,412
1304023748,4160808340,66,499,51,473,433,422
1287208131,4077167842,15,493,8,499,478,491
956069979,220939474,171,317,173,301,146,128
1047921367,934125484,83,415,0,499,332,499
1273300215,3992557027,21,455,61,466,434,405
1205708185,2757712128,121,380,72,426,259,354
1243442963,3773724312,28,472,70,418,444,348
906748499,151849388,0,499,62,436,499,374
1271359072,2068186655,83,415,0,499,332,499
1253963953,3859438509,40,457,64,457,417,393
1169011442,2700696724,94,408,184,289,314,105
1193025783,3136615746,159,340,51,447,181,396
1123883711,2064392072,110,389,54,445,279,391
921998610,169934014,0,499,62,436,499,374
1151826272,1592333284,95,437,141,401,342,260
1118057743,1978742438,5,490,70,433,485,363
1110022403,3952094516,147,367,26,481,220,455
1316135420,4200872890,0,499,0,499,499,499
1040128091,808456842,148,336,32,480,188,448
1098895290,1688779061,116,414,51,473,298,422
1243371130,3773465435,72,427,10,489,355,479
1026617608,567679085,17,492,85,418,475,333
1192851759,3135890192,130,368,39,459,238,420
1315396168,4204342222,0,499,0,499,499,499
1095980585,1643842001,0,499,62,436,499,374
1174586011,2940638591,151,355,215,281,204,66
1191132611,3524231768,71,427,31,468,356,437
940540725,138720932,150,346,144,352,196,208
1284120600,4063413129,0,499,0,499,499,499
1229135383,3614994452,0,499,62,436,499,374
1251779588,2423007164,100,399,5,494,299,489
1265339140,3930251639,160,399,194,433,239,239
1191072980,3098337276,0,499,109,389,499,280
1313091229,4197488263,39,474,181,446,435,265
1319021681,4218265248,0,499,0,499,499,499
1100062247,1711735880,110,389,78,421,279,343
1282580088,4057554582,5,415,44,471,410,427
1080024633,1441092030,81,417,0,499,336,499
1167670800,2843197752,158,321,30,472,163,442
1244017962,3777893431,110,389,54,445,279,391
1247131445,3804647581,0,499,197,436,499,239
1287903881,4079552498,45,468,149,480,423,331
1031203615,606669679,78,421,0,498,343,498
1312454486,4194037347,0,499,0,499,499,499
1311403873,4187117394,105,397,65,398,292,333
1085964918,1504153003,109,389,0,499,280,499
898054353,144176903,203,316,79,304,113,225
1087433518,1509311293,80,418,0,499,338,499
1181552695,3003168096,117,446,123,394,329,271
1289799939,4089925848,181,338,78,477,157,399
835776128,69948073,100,399,53,446,299,393
1026954518,570004069,100,399,55,443,299,388
1023592931,526919357,62,436,0,499,374,499
1260219003,3894911435,22,480,29,467,458,438
1066928403,1173352068,69,431,95,437,362,342
1264911349,3928058123,42,440,198,329,398,131
1274279776,3997828367,0,499,0,497,499,497
1027255107,570690641,100,399,52,447,299,395
1205825709,3312189746,26,459,16,476,433,460
989889576,67759778,190,309,160,339,119,179
1251624207,3844283491,39,439,95,471,400,376
1320005583,4215328114,63,425,96,467,362,371
1313667925,4183899656,120,388,34,458,268,424
1210975926,3382342050,0,499,62,436,499,374
1264905277,3928057463,0,499,0,499,499,499
1318824549,4217989801,0,499,0,499,499,499
1185061086,3017792979,73,426,33,499,353,466
1261150644,3898323684,63,430,56,481,367,425
969930708,258077156,159,343,85,420,184,335
1323287447,4231691437,154,408,72,367,254,295
1275411638,4004190231,0,499,0,499,499,499
1273984647,3995366395,0,499,0,499,499,499
1249535616,3819982831,181,317,132,352,136,220
1276348810,4012248867,54,415,40,472,361,432
1105943776,1856360433,0,499,109,389,499,280
1149992267,2568060411,14,469,68,444,455,376
969756721,257526795,57,442,0,499,385,499
836180600,66118992,158,341,0,499,183,499
1061237200,278578716,144,355,100,399,211,299
1275594767,4006498158,74,430,176,420,356,244
1199370363,3203906763,0,499,0,499,499,499
1176505106,2958501417,157,343,156,342,186,186
933252424,190106801,73,426,0,499,353,499
902082118,147266825,75,423,0,499,348,499
1047090365,208206295,76,423,0,499,347,499
933263530,190116485,60,438,0,499,378,499
1049835342,955982238,88,408,10,489,320,479
1261380721,3898717152,149,415,95,439,266,344
1323550459,4231858899,31,480,32,470,449,438
1025671262,554019767,27,481,52,459,454,407
1209410814,3377003140,215,404,222,279,189,57
1277776410,4026079578,53,449,72,440,396,368
1282823607,4057526465,136,369,85,434,233,349
1225832040,3593005443,0,499,127,370,499,243
1026382533,563201991,23,482,77,433,459,356
1128383251,2143078795,83,416,0,499,333,499
1302929303,4155348855,45,440,34,453,395,419
1260839302,3895963897,0,499,62,436,499,374
1274612397,452407389,95,403,0,499,308,499
1276758360,4016003584,0,469,0,499,469,499
1192196073,3123235658,33,427,50,456,394,406
1304915308,4163039089,61,438,0,499,377,499
1218686723,3515910766,0,499,62,436,499,374
863096424,103520557,128,370,78,443,242,365
1244541097,3785187850,0,499,122,436,499,314
337562176,47977508,216,274,202,306,58,104
1320240762,4215744832,27,465,142,367,438,225
1311191878,4184450421,99,399,98,422,300,324
969207562,256378447,150,348,102,395,198,293
971129309,261499727,4,488,15,490,484,475
1261630695,3900591047,0,499,0,499,499,499
1279164246,4037583738,71,432,10,461,361,451
1027693300,573421480,71,427,0,499,356,499
1133292698,1792750300,143,372,73,408,229,335
1289277254,4087638288,82,395,29,456,313,427
1156248066,2667262465,4,496,3,493,492,490
1305036661,4164657911,106,388,51,463,282,412
1303701799,4159388440,53,438,20,469,385,449
1275150455,4003925986,50,440,74,444,390,370
1012205138,458790558,0,499,109,389,499,280
1325148665,4240471423,97,452,167,344,355,177
1260249502,3894926854,22,487,17,483,465,466
1260391197,3893245946,0,499,0,499,499,499
1231530357,1545020719,0,499,109,389,499,280
1083078603,1475808648,1,499,0,499,498,499
1305426658,3121630266,83,415,0,499,332,499
453576330,50325088,111,387,50,449,276,399
1323507093,4231855600,33,472,23,463,439,440
1311039414,4184405430,0,499,11,499,499,488
1273247459,3992543780,77,423,116,450,346,334
1269499087,3959401405,0,499,0,499,499,499
1131803084,2209817485,11,494,125,361,483,236
1244988579,3787994550,51,499,0,499,448,499
1027547924,284876733,18,484,92,442,466,350
1057850543,1082473496,66,432,0,499,366,499
1277784237,4023046355,0,499,0,499,499,499
1002738594,384815815,71,427,0,498,356,498
1119407403,1998121727,53,363,165,335,310,170
1135127256,2298081958,124,372,106,393,248,287
1203464070,3277810295,120,336,198,463,216,265
1207137859,3333285142,24,475,0,499,451,499
1163871293,2771841673,119,379,92,407,260,315
1303078737,4157458557,53,472,76,375,419,299
1241396879,3756587275,185,314,159,339,129,180
1283980227,4061638920,26,482,65,402,456,337
1096634559,1657367042,121,372,96,351,251,255
1140129978,1350414994,59,440,0,499,381,499
859972530,96342093,73,425,0,499,352,499
1262707420,3910345626,0,499,109,389,499,280
1063287700,278568453,153,345,177,399,192,222
1316149270,4200874226,39,466,15,491,427,476
874537938,109904284,71,427,0,499,356,499
1041180538,824467194,81,427,14,473,346,459
1156971787,2679537631,91,426,61,439,335,378
1276531833,4014025555,29,456,64,380,427,316
1276352437,4012928282,116,395,71,464,279,393
1316305179,4200883197,9,389,69,499,380,430
1192185983,3123034586,68,432,22,488,364,466
1276319014,4012773978,38,454,43,452,416,409
1243838371,3776673158,47,452,0,499,405,499
1196324994,3181948531,109,389,0,499,280,499
1302249863,3793782107,0,499,0,499,499,499
1276290277,4012660259,27,476,0,462,449,462
1302351586,4155082090,16,488,216,434,472,218
868872850,112455908,150,343,198,297,193,99
1255757614,3871285709,18,479,101,439,461,338
1275214076,4004105700,41,462,46,457,421,411
1215806252,3473988178,90,407,127,345,317,218
1270731915,3973785129,0,499,0,499,499,499
1244541032,3785187831,0,499,129,436,499,307
1270573893,3971745607,0,499,0,499,499,499
1007392057,416653740,100,399,45,454,299,409
1302899396,4156934338,27,499,132,485,472,353
1273036980,3992539763,0,499,0,499,499,499
1282640876,4057850133,180,331,161,455,151,294
1181445031,3002935092,32,474,38,482,442,444
1260168203,3891542015,100,399,100,399,299,299
1116978055,1967228672,198,302,164,334,104,170
1030371627,531690012,74,425,0,499,351,499
1112137183,1920852504,78,420,0,499,342,499
1280455999,4045067486,0,499,0,470,499,470
1145668931,2500885497,62,436,0,499,374,499
1155120261,2649002896,0,499,62,436,499,374
1257374597,3881210945,84,430,130,361,346,231
870843059,115486875,147,351,107,391,204,284
1211781331,3410052943,0,499,0,499,499,499
306427827,31907150,71,427,0,499,356,499
1307513794,4171428476,0,499,0,499,499,499
1272248629,3988484063,147,352,43,456,205,413
1015521266,484961794,134,370,152,341,236,189
330649099,47613312,65,433,0,499,368,499
1292388182,4108907847,0,387,145,369,387,224
1241605300,3757813447,0,499,62,436,499,374
1197772967,3209496781,0,499,62,436,499,374
1052789774,997520997,0,499,62,436,499,374
1024770553,249798683,0,499,84,415,499,331
1296016215,4127736417,34,478,34,470,444,436
926704060,178086608,133,365,85,414,232,329
1127832092,2131981466,0,499,63,436,499,373
1081195203,294173613,109,381,108,399,272,291
1309873039,278400504,100,399,22,477,299,455
937653993,198692900,90,409,26,472,319,446
982637101,286563380,32,455,110,389,423,279
1301401365,4151256311,0,499,174,195,499,21
1203037638,3266759040,0,499,83,415,499,332
1246302533,3798145323,0,499,62,436,499,374
1284922905,4066226020,23,479,24,487,456,463
1304068886,4160931603,106,388,51,463,282,412
1261212414,3898714348,13,488,93,402,475,309
778698068,61985186,0,499,89,409,499,320
1149647715,2398914959,115,390,80,419,275,339
854531930,87452601,60,439,0,499,379,499
1138457368,2360993676,46,453,156,357,407,201
1182181430,3005787106,94,417,157,339,323,182
1046739055,878525081,0,499,100,399,499,299
1146392671,1539181422,133,373,144,346,240,202
1154828180,2628062962,30,468,0,499,438,499
846367463,75638884,65,434,0,498,369,498
1264000608,3917840103,57,441,0,499,384,499
999810849,347242248,79,420,0,499,341,499
1270072220,2141994562,100,399,50,449,299,399
868874252,112639007,92,380,78,423,288,345
1051300152,971019459,68,430,12,486,362,474
1193641398,3148098024,38,478,79,429,440,350
1299175032,4139569981,184,415,94,370,231,276
1287978259,4079553835,0,499,0,499,499,499
1277536439,4019814253,0,499,0,499,499,499
1120299462,2012220754,112,382,50,436,270,386
1324185142,4236296979,45,461,70,463,416,393
1026967015,569598071,106,392,50,449,286,399
1153220127,2621870103,220,279,12,424,59,412
1149955698,2567641087,0,499,0,499,499,499
1191881205,3117834677,0,499,63,436,499,373
1043883604,854129895,137,361,100,399,224,299
1248853903,3817904723,24,483,13,479,459,466
1281777976,4050842811,0,499,0,499,499,499
1218826048,3519881985,20,478,207,326,458,119
1161042409,2730555362,181,371,115,377,190,262
1262296395,3906636437,38,472,61,425,434,364
1105385406,1848487330,183,325,6,385,142,379
1306880450,4168958596,92,425,156,373,333,217
1285834389,4017665199,192,306,184,325,114,141
1213674460,3451742120,68,430,0,499,362,499
1034543258,677654280,62,432,0,499,370,499
1309621539,4181402433,0,478,0,469,478,469
1225410249,3589914260,14,485,56,456,471,400
1281894370,4050714054,50,464,65,467,414,402
1026791051,569546695,101,397,50,449,296,399
990788578,298016454,145,367,30,450,222,420
1283885812,4061624475,0,499,0,499,499,499
1135415762,2301631062,0,499,0,498,499,498
1264529711,3925921484,0,499,83,415,499,332
1271744746,3925018232,337,345,131,370,8,239
1285036811,4066255389,140,363,76,423,223,347
1258435557,3883447389,47,468,85,409,421,324
921250360,168344661,9,487,109,410,478,301
1125934301,2096256945,150,349,132,388,199,256
1065916317,1156539005,68,430,0,499,362,499
1236002746,3703067275,33,473,59,460,440,401
1309329512,4180375493,15,484,15,484,469,469
1105947054,1857163185,0,499,62,436,499,374
1314580708,4202305324,0,499,0,499,499,499
1263027521,3913536833,234,314,330,482,80,152
1174592039,2940640248,134,361,133,356,227,223
1010792404,447698528,150,349,107,391,199,284
1077624418,1376423056,88,405,15,479,317,464
1196639045,3195335735,0,499,34,465,499,431
1082748271,1472201133,0,499,111,387,499,276
1253503964,3856530835,19,492,70,441,473,371
1165782870,2803996813,0,499,62,436,499,374
1317256518,4210987554,0,336,80,295,336,215
1115667635,1948918867,13,353,76,421,340,345
1110437346,1902720234,80,418,0,499,338,499
1293241930,4116862679,0,499,62,436,499,374
978614673,279911710,0,499,62,436,499,374
1312659564,4195683995,29,464,27,476,435,449
1127207244,2118551623,55,443,0,499,388,499
1257600726,3881714918,147,399,95,408,252,313
146536530,4496680,150,349,107,391,199,284
1252627800,3850328594,0,499,154,436,499,282
1249534681,3819979689,193,323,152,353,130,201
1278110463,4029556723,79,422,152,346,343,194
1245735186,3793997194,0,499,62,436,499,374
1269070789,3955091956,0,499,0,499,499,499
1311015340,4184403299,0,499,0,499,499,499
1102675002,1805032522,187,329,144,360,142,216
1234699768,3689182194,26,440,189,339,414,150
1283595354,4061586810,147,363,126,445,216,319
1286716439,4071960360,9,483,4,497,474,493
959118866,230981415,72,426,14,499,354,485
1102475419,1800373423,0,499,62,436,499,374
1248641423,3816940109,10,482,122,382,472,260
1319412968,4214352727,16,470,62,423,454,361
1113106428,1832990593,9,489,42,499,480,457
1100071397,1711732051,70,429,145,354,359,209
1204449016,3290524416,35,444,16,335,409,319
998500493,334575463,95,403,0,499,308,499
1311048664,4184405674,0,499,0,499,499,499
1258290094,3883417981,10,498,8,490,488,482
1042771646,844697673,146,311,175,334,165,159
1172791551,2920940571,65,437,11,458,372,447
1217414898,3494065288,156,340,193,341,184,148
1192536652,3128898438,83,474,234,499,391,265
1012884685,461701420,79,420,0,499,341,499
1250958548,3836820636,70,491,18,499,421,481
1260714958,3895286148,0,499,0,499,499,499
1269251084,3952805851,62,436,0,499,374,499
1255119928,3868324125,55,499,18,490,444,472
1208069048,3217328308,183,294,150,342,111,192
1144564880,2484617302,0,499,62,436,499,374
1129285154,2163696231,62,436,0,499,374,499
897232143,111177704,89,409,6,499,320,493
1316133356,4200872664,26,473,16,372,447,356
1243397439,3773715823,36,458,43,465,422,422
899223239,145166473,217,281,175,323,64,148
1241405462,3756592147,196,307,191,312,111,121
1238298130,3727587682,3,499,0,499,496,499
1281448720,4034016863,62,436,0,499,374,499
1027001410,569731005,102,396,50,449,294,399
938728664,201055571,188,311,196,309,123,113
1175689409,2949991375,116,383,2,496,267,494
1277511073,4019799999,108,402,27,474,294,447
1169015411,2804577380,96,404,4,494,308,490
887759919,133987104,80,418,0,499,338,499
1240812296,3745690460,0,499,62,436,499,374
915684106,160420282,165,334,186,313,169,127
1053183146,1005536980,70,428,0,499,358,499
1201830632,3249403561,105,394,144,356,289,212
1295960370,4128438371,18,474,114,377,456,263
1123999612,2064804357,73,421,116,423,348,307
1300922845,4149768090,14,485,117,380,471,263
987224880,293979014,0,499,62,436,499,374
1288100152,4079556343,0,499,0,499,499,499
1254491783,3861780069,0,499,0,499,499,499
1296821635,4129421260,84,413,0,499,329,499
1188462883,3065095706,0,499,62,436,499,374
1259855170,3889219720,163,323,199,366,160,167
1273265777,3992599243,0,499,0,499,499,499
880172152,125293048,62,436,0,499,374,499
1129853235,2173497205,18,489,69,427,471,358
1190252027,2647272666,120,384,115,379,264,264
1002460353,379585205,0,499,62,436,499,374
1257300236,3880193983,109,389,0,499,280,499
1284621781,4065768689,39,473,33,469,434,436
1310425065,619016887,82,415,0,474,333,474
1268568056,3952099483,33,456,137,387,423,250
1220566907,3548954122,47,456,91,410,409,319
1189958094,3087630027,62,436,0,499,374,499
1209714965,3382583432,18,479,25,457,461,432
1262292572,3906636203,0,499,0,499,499,499
1155800298,2660291022,33,499,48,449,466,401
1113841622,1928750699,172,330,55,458,158,403
1294226437,4117890633,0,499,62,436,499,374
1230281397,3636131603,72,427,0,499,355,499
1252627121,3850328304,0,499,154,436,499,282
1199316828,3223192763,0,499,62,436,499,374
1156262247,2667568976,109,398,3,434,289,431
1282585302,4057555406,0,498,0,499,498,499
876078920,121676366,96,473,223,269,377,46
1257652709,3881722467,41,462,57,466,421,409
931126654,185277403,0,499,62,436,499,374
1174590464,2940639694,19,482,65,455,463,390
1263757529,3921265764,0,499,0,499,499,499
1181444423,3002934551,0,499,58,440,499,382
977894981,278556179,0,499,91,407,499,316
1024534620,543893324,79,419,3,499,340,496
1192113560,3121335128,177,323,14,482,146,468
1273373026,3992626875,51,443,67,433,392,366
1315246049,4187693355,41,451,61,304,410,243
482917,928735,195,304,172,326,109,154
1146105917,2504638293,0,499,0,499,499,499
1281993409,4050748171,0,498,14,499,498,485
1306878010,4168958396,0,499,0,499,499,499
1246076457,3797101857,59,356,115,390,297,275
931871448,158752648,0,499,62,436,499,374
1141346646,2429364508,108,365,107,393,257,286
1324213985,4236298315,262,325,99,226,63,127
1240854749,3750150897,7,492,49,453,485,404
1016429526,498871871,40,458,35,451,418,416
915695682,160447356,0,499,66,433,499,367
1105046151,1846471917,111,379,51,458,268,407
1025306525,550878668,0,499,62,436,499,374
1316209554,4200877788,0,499,41,444,499,403
477405758,49894977,125,374,75,423,249,348
977841792,278812562,114,396,187,312,282,125
1237104455,1667045085,50,429,149,343,379,194
1308899390,4177867162,0,499,0,499,499,499
965229337,161221805,124,374,0,499,250,499
1062487267,1115319400,79,420,0,499,341,499
1289209834,4086078199,15,470,59,468,455,409
866207943,108915777,83,415,0,499,332,499
1276437239,4013274027,65,408,155,372,343,217
1313423473,4197674972,67,462,34,478,395,444
921426737,168425329,200,298,180,319,98,139
990211151,86002063,190,309,157,342,119,185
1060997447,143704637,96,402,0,499,306,499
1256420645,3874303427,36,463,25,484,427,459
1261192359,3898711195,40,482,129,378,442,249
1254440454,3861754283,262,470,137,402,208,265
974575542,271951837,223,319,197,285,96,88
1194427631,3121126954,117,385,39,415,268,376
830661942,63047599,194,305,170,329,111,159
1262565316,3908950362,0,499,0,499,499,499
1187560754,2806785299,147,356,152,324,209,172
1240239363,3745172789,138,360,95,404,222,309
1324070972,4233701430,0,377,75,452,377,377
1283903579,4061626147,49,476,90,462,427,372
1317473267,4211663949,32,456,5,495,424,490
1199566196,3232697652,160,341,181,318,181,137
1239269232,3735646068,0,499,62,436,499,374
1207680472,3344218811,0,499,62,436,499,374
1028249294,582867268,0,499,84,415,499,331
1304166385,4160985335,106,388,51,463,282,412
1048218752,938886962,71,419,75,424,348,349
1063146902,1117894725,0,499,62,436,499,374
1289541746,4088652905,37,462,166,339,425,173
1088146680,1533393764,33,450,104,404,417,300
1316315848,4200883885,102,405,73,446,303,373
1243405287,3773718397,19,480,20,479,461,459
1113817312,1928699657,30,473,114,413,443,299
1322683652,4230963302,21,465,118,350,444,232
1007384921,416648066,70,428,0,499,358,499
1237111891,3103853233,125,374,79,419,249,340
884196720,126633326,121,390,223,293,269,70
1248437630,3814914742,57,154,133,266,97,133
988434090,295526202,236,262,0,499,26,499
1048026967,150414377,0,499,62,436,499,374
1044441224,860235388,100,399,137,361,299,224
1324002068,4232366251,0,498,54,499,498,445
1284782599,4065772041,96,410,72,484,314,412
1237104559,2080210319,14,450,142,382,436,240
857333383,91168290,62,436,0,499,374,499
1083372303,1480644062,77,421,6,492,344,486
1207690907,3344596525,0,499,0,499,499,499
1027759917,575938054,14,471,95,406,457,311
1307837118,4172829150,98,460,112,444,362,332
1255742636,3871038699,87,423,93,421,336,328
1193265345,2724076416,138,366,160,348,228,188
1174593176,2940640432,17,482,22,480,465,458
1260337462,3893243049,74,451,93,441,377,348
1296812206,4132254921,79,474,53,423,395,370
1258859714,3886014802,86,413,0,499,327,499
1280143286,4019920985,0,499,0,499,499,499
1306741496,4169017357,32,475,110,387,443,277
1061559669,1103163952,195,311,253,481,116,228
1257375748,3881211529,105,423,68,462,318,394
1261208600,3898714198,19,479,36,480,460,444
1250256642,3831236151,43,474,185,318,431,133
1204529640,448045025,175,323,217,339,148,122
1104739876,1842311791,149,347,93,436,198,343
940889248,205319031,191,325,162,345,134,183
1259106639,3887605105,22,456,62,465,434,403
1328678902,4250699971,164,331,193,375,167,182
1041760879,832958334,26,478,58,484,452,426
1250336566,3832202804,106,393,39,454,287,415
1166893849,2825944716,69,429,69,429,360,360
1225286300,3588932325,67,431,87,397,364,310
1228225658,3615329463,0,499,109,389,499,280
1260394123,3893246002,32,464,6,484,432,478
1282362702,4056243814,0,499,62,436,499,374
941885531,207626492,100,399,100,399,299,299
882382835,125337721,0,499,62,436,499,374
1043058094,846651537,0,499,62,436,499,374
1216078020,3477292027,114,363,18,477,249,459
1188522644,3067034701,45,425,152,352,380,200
1096605079,1657058229,164,357,48,474,193,426
1193221309,3133803907,0,499,62,436,499,374
1225887340,2978194999,132,366,191,322,234,131
1007832652,435299324,112,387,50,449,275,399
1100074090,1711734356,110,389,90,408,279,318
1254664472,3863842698,0,499,0,499,499,499
1246078428,3797080653,0,460,43,426,460,383
1313415606,4197521380,0,499,0,499,499,499
1313201819,4197493739,64,443,72,433,379,361
1193431129,1434660637,2,494,21,463,492,442
956366668,138734799,93,404,71,484,311,413
986940241,293307038,20,372,154,354,352,200
1039359308,795167867,0,499,62,436,499,374
1273545950,3992752871,70,433,72,433,363,361
1253340139,3856415559,18,487,65,433,469,368
1313331755,4183015881,108,396,30,472,288,442
1268740914,3936362815,0,499,0,499,499,499
1277782657,4026092088,39,495,160,335,456,175
1251592670,3844081419,102,359,146,375,257,229
1321341327,4222197305,62,436,0,499,374,499
1217414855,3494065276,178,319,218,369,141,151
1249535645,3819982844,155,342,162,346,187,184
1211983199,3414348332,0,499,0,499,499,499
1316209898,4200877793,72,432,50,462,360,412
1299756833,4143494524,36,499,0,455,463,455
1216993462,3481262490,0,499,62,436,499,374
1133327281,2247872603,229,271,22,434,42,412
1276427197,4013271922,4,497,148,348,493,200
1121267549,2033697389,8,494,75,461,486,386
1143996848,2390701226,215,286,214,285,71,71
1228870330,3621300478,103,403,16,430,300,414
1232142242,3657394568,85,411,49,468,326,419
1320839458,4221604114,148,349,68,458,201,390
1249535051,3819980433,168,332,188,312,164,124
1275993955,4010298402,102,390,53,449,288,396
519459931,52654390,70,429,10,489,359,479
985269406,290044142,67,431,0,499,364,499
1135204754,2302478464,15,473,44,471,458,427
1279213748,4037104058,27,476,121,379,449,258
1308950735,4174726020,63,435,95,462,372,367
1270253925,1183158595,100,399,30,469,299,439
1243711224,3775469645,95,395,144,415,300,271
1296148653,4128186355,73,426,0,499,353,499
1208916342,3355716844,0,499,62,436,499,374
1015521514,207257939,0,499,109,388,499,279
966281156,251472904,100,399,137,362,299,225
1253997531,3859748712,115,383,0,499,268,499
1280707320,4046438873,141,215,145,341,74,196
1318077568,777042979,62,466,209,302,404,93
1188538930,3067204225,130,369,130,369,239,239
1140310734,2406558452,55,441,12,499,386,487
1253154505,3854440652,0,499,0,499,499,499
977572617,211378128,139,361,14,487,222,473
1269402970,3958462383,80,413,20,487,333,467
1133968417,2270344069,57,498,13,445,441,432
998924072,87095857,190,309,156,342,119,186
1309748888,3478122871,100,399,10,488,299,478
1282823820,4057526478,0,499,0,499,499,499
1090873748,1564547072,146,352,100,399,206,299
1100063644,1711732664,70,429,145,354,359,209
868873193,107958367,80,418,0,474,338,474
1279478006,4039976462,0,499,62,436,499,374
1127347914,2121747382,147,359,149,349,212,200
1071417106,1291337207,0,499,62,436,499,374
1313192188,4160319870,83,321,202,334,238,132
779867761,62030304,135,364,135,364,229,229
1195259073,3166434647,57,439,108,398,382,290
1241400614,3756588735,191,309,194,304,118,110
1269508037,3959811633,197,313,32,139,116,107
1075701044,1351876762,23,487,98,437,464,339
987595036,294452150,168,307,53,467,139,414
891740979,138463662,112,399,116,383,287,267
1263837881,3921186333,25,429,14,436,404,422
1275975807,4010220223,31,443,20,499,412,479
995102160,303051757,0,499,0,499,499,499
1168602118,2861999474,61,438,7,499,377,492
1146384156,516345220,0,499,48,450,499,402
1201832664,3249405913,41,459,36,464,418,428
1225886711,3077836867,125,374,125,374,249,249
1052408020,687823754,87,412,0,499,325,499
1297907743,786473298,0,499,49,450,499,401
1104286091,1829649909,57,445,30,459,388,429
1311689783,4188907070,165,405,48,408,240,360
912890211,157013386,45,453,0,499,408,499
1107875065,1681454652,149,350,100,399,201,299
1322036753,4229642060,45,462,45,457,417,412
1199370361,3203906762,48,450,7,489,402,482
1314769428,4186646017,58,455,33,440,397,407
1276639436,4014495536,31,475,109,366,444,257
1222349217,3569742421,49,435,166,325,386,159
1119058328,1991850799,150,349,100,399,199,299
1282019762,4050756461,55,459,116,386,404,270
1240834038,3749893483,83,421,130,345,338,215
950384231,213614351,72,427,0,499,355,499
1261173954,3898707877,0,499,165,338,499,173
1260400527,3893246246,0,498,0,485,498,485
1256075197,3873126827,0,499,0,499,499,499
1012913157,461326175,80,419,0,499,339,499
1043840954,853456118,4,495,76,414,491,338
875616338,70999502,62,437,0,499,375,499
1249536693,3819985154,175,318,198,306,143,108
1299193972,4141865671,0,499,0,499,499,499
1295959541,4128274473,63,428,110,394,365,284
925055050,176486712,26,493,44,448,467,404
1270442730,3971907691,35,459,44,440,424,396
980292874,283317081,10,488,91,399,478,308
1315331063,4205111547,0,479,1,499,479,498
1275404683,4003974653,67,431,70,432,364,362
893034578,141116012,201,297,180,319,96,139
955339422,219905645,0,499,62,436,499,374
1191071572,3096673009,0,499,109,389,499,280
1314436215,4202302782,14,475,10,483,461,473
1302487743,4155419638,10,496,8,499,486,491
1323038301,4232482373,145,351,20,485,206,465
1068231546,1190818347,30,467,121,377,437,256
1178310250,2984373227,13,477,53,450,464,397
1276019890,4010223968,10,461,41,448,451,407
297529683,18504597,72,427,0,499,355,499
976685731,276428211,62,437,7,492,375,485
1190253018,2833039396,0,499,67,432,499,365
1313155326,4197491074,162,353,164,333,191,169
1035429959,686210747,254,254,70,291,500,221
1129771723,2064942001,45,475,60,434,430,374
1264896275,3928053533,9,46,176,332,37,156
987676375,294489249,70,429,10,489,359,479
1095548907,1637831923,89,409,4,499,320,495
1138669256,2362710614,0,499,62,436,499,374
1283541101,4061480064,0,499,0,499,499,499
1112173614,1857573516,16,381,38,466,365,428
1268740135,3937035936,8,476,69,425,468,356
1274953462,4002577225,57,441,0,499,384,499
1012794085,461069001,17,468,43,458,451,415
1169778890,2878038864,217,232,0,499,15,499
1085956237,1499422213,57,442,0,499,385,499
1241673192,3759390704,87,427,57,481,340,424
1146981521,2527236754,110,389,54,445,279,391
1317174260,4211708841,0,499,0,499,499,499
1298162030,4111566789,104,398,185,286,294,101
1270324029,3971188500,20,478,75,420,458,345
1268411240,3951004580,58,458,131,389,400,258
1313463346,4197679999,98,402,66,410,304,344
1266216342,3937634724,28,467,96,381,439,285
1038929277,760885007,155,344,117,381,189,264
1313745510,4183980950,40,453,60,429,413,369
1153239265,2622634991,0,499,62,436,499,374
173716230,5481275,75,426,2,498,351,496
1289822114,4089928795,20,474,63,414,454,351
1257152588,3879365598,0,499,0,473,499,473
1139531139,1892601279,170,291,209,295,121,86
1238292310,3727585007,16,473,8,490,457,482
1241431138,3756680175,0,499,240,243,499,3
1264896039,3928053505,25,101,167,349,76,182
1297777107,4137060892,18,491,16,494,473,478
1271231678,3976409992,0,499,0,499,499,499
983648893,287814554,0,499,62,436,499,374
924843520,78278071,84,415,0,499,331,499
1193221748,3139415426,87,417,65,439,330,374
1310342919,4182236478,0,499,0,499,499,499
1288076487,4079555544,0,499,0,499,499,499
1145842397,2506304156,0,499,0,499,499,499
1304179847,4160988358,106,388,51,463,282,412
1277163913,4020284087,156,343,142,359,187,217
1122295567,2045980261,0,499,51,447,499,396
1105831366,1857269436,92,444,141,363,352,222
836128272,70227856,93,409,40,480,316,440
1313347444,4197665666,0,499,0,499,499,499
1319668266,4214661726,22,485,95,414,463,319
1194199467,3155610431,41,456,126,369,415,243
1141638130,2439254563,0,499,95,499,499,404
874539150,105463212,96,402,157,336,306,179
1134368281,561205662,145,353,100,399,208,299
1325140003,4240466187,145,343,94,422,198,328
1047849973,933419873,13,492,96,403,479,307
1209193063,3370625680,0,499,0,499,499,499
1276027052,4010532760,0,499,0,499,499,499
1143136367,2460700822,151,364,24,443,213,419
877282512,122649162,0,499,62,436,499,374
1027139231,569883368,105,394,50,449,289,399
1226824697,3604506935,191,321,31,472,130,441
1307775603,4172824043,0,486,0,499,486,499
1190258818,1876687587,0,499,108,391,499,283
859297993,94474961,151,347,100,393,196,293
1279500703,4037937908,17,476,17,463,459,446
1261381612,3898717256,0,499,0,499,499,499
1107660328,1869200618,120,371,19,492,251,473
1103213,1271187,151,347,146,352,196,206
991795587,299477391,110,388,0,499,278,499
977828805,278539529,99,399,20,478,300,458
1236539502,3708928936,88,474,145,330,386,185
903757562,148382058,150,349,175,324,199,149
1309329738,4180375600,115,386,17,472,271,455
1244541441,3785188035,0,499,62,436,499,374
1107659815,1869201030,35,467,28,469,432,441
1225887126,1154697613,125,374,125,363,249,238
864076142,105378633,196,302,175,324,106,149
1261371201,3898716096,0,499,0,499,499,499
958477468,228044178,0,499,109,389,499,280
1260610547,3894558954,79,424,80,448,345,368
1143314604,2464475874,73,393,7,487,320,480
1027229633,570639273,100,399,58,440,299,382
977600749,278510409,83,416,40,479,333,439
1204249739,3287289895,100,399,150,348,299,198
1319412798,4214352718,46,462,48,454,416,406
1038509960,733742685,0,499,0,499,499,499
1267252258,3942389655,107,393,113,398,286,285
1109295559,1323050748,59,439,1,499,380,498
1266343643,3938140319,5,492,146,357,487,211
1066931152,1173353233,21,477,16,477,456,461
1296476250,4130805784,100,399,100,399,299,299
1007771919,435257559,160,339,117,381,179,264
1245667898,3793733810,19,480,20,479,461,459
1074361598,1334785153,0,499,62,436,499,374
1321077313,4221737870,24,452,15,445,428,430
1260391631,3893245953,0,499,0,499,499,499
1304718464,4163418524,50,449,0,498,399,498
911889417,138764210,52,423,113,384,371,271
1096484310,1650924686,75,424,0,499,349,499
1211653151,2776815759,170,328,109,340,158,231
835390167,5214970,68,430,0,499,362,499
1321964220,4229778442,18,474,36,468,456,432
1273142891,3993164724,19,485,159,366,466,207
1309666898,4152955768,48,468,119,411,420,292
1319412387,4214354251,155,482,120,357,327,237
1238656979,3729319585,0,499,0,499,499,499
1323360257,4231414123,25,460,42,422,435,380
1301510277,4150991704,37,441,9,485,404,476
1265221871,3929898799,86,331,11,488,245,477
1027311990,570697420,109,390,50,449,281,399
1235714477,714896952,150,349,100,398,199,298
1273938284,3995362539,0,499,0,499,499,499
1286059288,4072505974,0,499,82,416,499,334
1068957283,1210297010,0,499,110,389,499,279
1301958043,4154032763,12,487,138,390,475,252
1322870038,4231778940,44,456,48,459,412,411
1282971224,4057770972,121,385,146,439,264,293
1073108632,1316299620,110,375,156,361,265,205
1256830848,3875048576,0,499,0,499,499,499
1274411396,1820573,64,435,0,499,371,499
848389056,70090058,63,436,3,496,373,493
1297378307,4110651992,328,332,228,269,4,41
1269041725,3953971465,0,499,0,499,499,499
1300199877,4144775623,109,389,0,499,280,499
1316970833,4211260105,124,382,160,405,258,245
930090062,183984691,64,435,0,499,371,499
1305141084,4164671745,106,388,51,463,282,412
1134478060,2285375059,139,359,100,399,220,299
1111663493,1913051359,68,431,0,499,363,499
1261107845,3897777534,67,432,0,499,365,499
1242869390,3766860154,56,494,0,394,438,394
1248840577,3817898997,3,488,35,475,485,440
1313155993,4197491112,0,499,0,499,499,499
1107660345,1869201324,41,457,17,497,416,480
1309557026,4180148788,31,371,98,383,340,285
1036756826,719290241,72,426,13,485,354,472
940803086,205146487,91,405,103,393,314,290
469226230,126996623,100,399,58,440,299,382
1254090138,3860072241,61,437,129,366,376,237
1248835847,3817894501,0,499,0,499,499,499
1141041467,2362542595,11,491,30,456,480,426
1178035176,2980253278,108,392,20,475,284,455
1263183042,3915261000,0,499,0,499,499,499
940537399,138744168,54,448,137,356,394,219
1286570648,4074660362,5,473,47,465,468,418
1039925922,149065947,62,436,0,499,374,499
1242289090,3760400393,62,436,0,499,374,499
1217414849,3494065273,193,294,170,347,101,177
1301504835,4150990623,0,499,194,248,499,54
1258274730,3883896110,18,489,57,488,471,431
869516790,7187894,62,436,0,499,374,499
1324099445,4236042125,181,314,25,483,133,458
936465578,196052375,0,499,52,446,499,394
1148428980,89431435,70,429,0,499,359,499
1292269888,4108381812,95,499,51,427,404,376
1174586241,2940638650,2,498,15,498,496,483
1064303531,1135482327,161,339,49,454,178,405
1323259219,4231687302,27,479,18,478,452,460
1008196099,436097632,105,393,50,449,288,399
1213468291,3447832098,0,499,0,499,499,499
1261429614,3898729584,0,499,0,499,499,499
906946604,151968468,0,499,18,481,499,463
1321081671,4221738439,12,484,10,438,472,428
1225222120,2961629782,138,282,170,307,144,137
933239713,190095019,33,466,0,499,433,499
1249605872,3817906275,50,449,50,449,399,399
1267247185,3942392449,30,476,107,366,446,259
1293171186,4116506881,0,499,0,499,499,499
1127505960,2123839597,0,499,0,499,499,499
1304043482,4160928599,106,388,51,463,282,412
467663330,50555001,150,349,110,380,199,270
1253152065,3855161625,38,464,58,475,426,417
1323328071,4231757402,26,474,120,363,448,243
1118791480,1988487795,50,499,56,499,449,443
1052144115,983208516,6,495,100,430,489,330
1065842961,1155337835,89,410,0,499,321,499
1065023422,1140902355,73,426,0,499,353,499
1196792159,3198581663,45,440,23,471,395,448
1215470982,3470050633,21,483,8,480,462,472
1008661093,439081469,73,425,0,499,352,499
1223360371,3573187770,162,337,101,373,175,272
1033936693,670177815,0,499,62,436,499,374
1139939145,2401316637,79,419,0,499,340,499
1029490500,175430655,0,499,62,436,499,374
1258324428,3881733309,0,499,0,499,499,499
1233289442,3128640301,165,306,96,387,141,291
977792122,278790409,62,436,0,499,374,499
1286528555,4074816378,50,447,63,342,397,279
1282290689,4056000887,64,444,5,495,380,490
1250220477,3098368170,159,335,95,407,176,312
1241853107,3760787722,88,433,27,436,345,409
1026832172,569607339,108,390,50,449,282,399
835843683,69966713,150,349,106,393,199,287
1235528003,3689209632,0,499,109,389,499,280
933263754,190112105,74,425,0,499,351,499
1221451424,3563521198,9,487,55,482,478,427
1314152367,4186165960,58,413,37,450,355,413
1282003037,4050751415,0,499,2,496,499,494
1284058545,4063355158,0,499,0,499,499,499
1324199251,4236297861,48,445,12,489,397,477
1028853125,587855806,153,354,138,355,201,217
899913295,145440101,68,430,0,499,362,499
1026054865,559361802,40,455,27,478,415,451
1248620721,3816501870,0,499,0,499,499,499
1064967307,1139560007,0,476,104,450,476,346
847010612,60756221,79,419,0,499,340,499
1254196045,3860285522,62,436,0,499,374,499
1239447415,1171412970,39,461,185,356,422,171
1257238592,3879898058,37,477,113,389,440,276
1007635265,435072956,100,399,32,466,299,434
1314497268,4202303651,0,499,0,499,499,499
958278109,226909112,0,499,62,436,499,374
1009345686,440675790,100,399,54,445,299,391
1198097027,278411287,151,347,100,399,196,299
946699126,208684132,315,316,197,200,1,3
1113061635,1926714935,5,495,64,436,490,372
1277820673,4023050881,0,499,0,499,499,499
866262834,108913438,0,499,62,429,499,367
1306887328,4167095114,106,388,51,463,282,412
1309653238,4179727009,17,461,77,444,444,367
1302905809,4156934492,38,460,154,339,422,185
1069708012,1254542109,48,456,43,456,408,413
1123817201,2062703642,160,339,100,399,179,299
1252501116,3849777966,10,480,78,413,470,335
1245237447,3789610258,67,383,92,409,316,317
1304722656,4162762229,58,441,0,499,383,499
1005845520,418198346,21,488,198,302,467,104
1039412743,668594957,78,421,15,499,343,484
989321828,296452381,87,412,0,499,325,499
977931634,278562828,94,405,157,499,311,342
920014808,131844795,0,499,62,436,499,374
1294218072,4122561996,102,375,168,359,273,191
1282994430,4057855991,43,455,48,456,412,408
846172114,75380708,62,436,0,499,374,499
1270372710,3971616472,44,489,34,484,445,450
1273949417,3995945018,161,338,15,477,177,462
1115816716,1951314657,0,499,108,390,499,282
1204222993,3287234521,42,453,5,496,411,491
1243396787,3773715751,36,458,43,465,422,422
1151689349,2587938353,82,417,0,499,335,499
1220250184,3541034173,56,470,107,408,414,301
1168989717,2868547902,61,437,0,499,376,499
1313723394,4198035351,0,499,109,389,499,280
1160880082,2727269731,72,426,0,499,354,499
1256927604,3874796979,0,499,0,499,499,499
1239685636,3733915293,71,428,0,499,357,499
971482788,262246881,41,455,7,492,414,485
1306797357,4167086173,106,388,51,463,282,412
1007535191,435032273,73,425,0,499,352,499
1307476621,4170894846,60,437,201,373,377,172
933254755,190107303,85,414,16,495,329,479
1262729895,3910821344,12,485,95,381,473,286
1043864373,853926645,104,210,238,272,106,34
1262587956,3908518430,52,486,59,485,434,426
1213562942,3450457225,110,389,54,445,279,391
1174450858,2938146251,62,436,0,499,374,499
1060608894,1081129060,63,435,0,499,372,499
1307348333,4171233390,0,456,93,439,456,346
879042019,124374456,150,349,108,391,199,283
835049809,68522386,0,499,62,436,499,374
1274774378,1535069692,199,293,84,416,94,332
1168687129,2862946190,134,365,65,434,231,369
1146145404,2512697481,0,499,206,292,499,86
963423973,116114890,68,431,0,499,363,499
980618702,283447636,104,395,0,499,291,499
1261232619,2806624488,6,494,146,352,488,206
1275233398,4005127227,167,429,96,344,262,248
1309731166,4152983419,37,485,100,413,448,313
1296217009,4128272951,83,415,0,499,332,499
1256024601,3872861877,0,499,0,499,499,499
1208626423,3350768498,0,499,84,415,499,331
1248834400,3817892454,19,499,0,499,480,499
1030305517,301780365,57,442,0,499,385,499
1008159518,436095582,160,339,130,368,179,238
1163951490,2774469029,51,465,39,464,414,425
974035081,270541966,0,499,106,392,499,286
1036349203,401115198,0,499,0,499,499,499
1173091761,2907701635,0,499,109,389,499,280
1243845146,3776688998,131,372,66,433,241,367
1004004170,401111937,71,427,0,499,356,499
1103806927,1819647231,0,499,52,447,499,395
1271563323,3976960468,53,444,62,451,391,389
1232347036,3659658916,0,499,68,431,499,363
938716598,185253302,63,435,0,499,372,499
965053501,243903945,89,410,25,474,321,449
1102241599,1792750487,129,354,108,384,225,276
976142888,99526484,114,385,51,448,271,397
210792130,6214175,211,284,206,305,73,99
1321449786,4222997480,71,412,22,440,341,418
1324019895,4235888274,32,471,107,435,439,328
1262533578,3908178033,151,349,130,375,198,245
1069417929,1199879302,73,422,2,496,349,494
1314614997,4186420817,59,440,201,338,381,137
1237340477,3717788741,62,436,0,499,374,499
1156971793,2679537634,104,413,85,431,309,346
1275165521,4003929461,48,456,50,445,408,395
1295220709,4125633528,168,344,25,481,176,456
1273206463,3992534202,64,436,69,441,372,372
1313465813,4197680256,27,459,25,444,432,419
1212763564,3433191795,0,499,5,493,499,488
948014949,210557553,119,379,50,449,260,399
1254489926,3861762826,39,465,38,460,426,422
971429119,262163792,15,489,116,388,474,272
1282814703,4057525485,0,499,0,499,499,499
1250186274,3830717916,19,477,111,399,458,288
1026938152,569909621,105,394,50,449,289,399
915097667,159603814,257,271,268,275,14,7
1214037214,3457902343,0,499,0,499,499,499
1154746164,2643696005,80,454,58,448,374,390
857448320,91521561,70,430,0,499,360,499
1273053374,3992499367,62,438,92,460,376,368
1049128939,948976850,71,428,0,499,357,499
1193286401,3140780313,25,478,80,414,453,334
1281408187,4044600774,0,499,62,436,499,374
1277589815,4023548323,28,476,49,439,448,390
1248845718,3817902377,35,491,51,499,456,448
1271677652,3979571770,0,499,0,499,499,499
1216298756,3479934811,0,499,0,499,499,499
1232343935,3451938204,21,481,16,478,460,462
1088517212,1495670484,8,490,139,359,482,220
1275591318,4006497943,71,499,95,402,428,307
1253337423,3853241461,62,436,0,499,374,499
1204558019,3292151900,0,499,83,415,499,332
1136328071,2317020373,89,415,0,499,326,499
1114363068,1928265838,71,74,127,389,3,262
1222059784,3565670542,154,344,101,399,190,298
1167371756,2833658950,16,464,7,385,448,378
1318591997,4215226435,149,359,157,388,210,231
1266675965,3939552186,6,491,78,463,485,385
1189934905,3084732052,0,499,0,499,499,499
1241422416,3756670696,185,314,168,331,129,163
1318383788,1090315296,33,464,79,436,431,357
1261408649,3898721880,0,499,0,499,499,499
1276288164,4012660066,0,499,0,499,499,499
1324142457,4236042723,0,499,0,499,499,499
1236036475,3703634746,99,386,41,466,287,425
1142985015,2457612907,0,499,109,389,499,280
1275096659,4004077811,33,444,73,461,411,388
1225663470,3460743975,130,359,133,338,229,205
1008153212,436084803,150,349,113,385,199,272
1207287944,3330943387,109,389,0,499,280,499
1044840846,863439762,1,498,0,499,497,499
1106559540,1829144275,65,433,0,499,368,499
897606118,143048453,13,485,117,395,472,278
1274648148,230150484,88,410,0,499,322,499
1313386022,4183132189,32,470,142,367,438,225
1265614561,3931863782,7,491,107,379,484,272
1261192125,3898711168,20,467,189,356,447,167
1308903271,278384060,100,399,17,481,299,464
1318847506,4217900310,5,493,8,489,488,481
1199046184,3182188106,20,471,112,423,451,311
1178454291,2939655432,206,292,34,466,86,432
860911805,98906162,73,425,0,499,352,499
1249535242,3819982108,130,369,170,329,239,159
1276061268,4010225433,0,364,108,418,364,310
1218097682,278521724,150,349,100,399,199,299
1269776777,3962605567,0,499,0,499,499,499
1071694467,1297045991,123,391,108,369,268,261
482203630,50921840,93,406,28,470,313,442
772086140,61699461,90,408,37,461,318,424
1237127968,3716802818,180,319,152,347,139,195
1252181185,3847768076,98,393,116,421,295,305
1199231609,3225924462,12,480,16,489,468,473
1111625103,1882085508,30,476,25,477,446,452
1194529574,3160799418,109,388,109,390,279,281
1262465743,3904747687,71,427,0,499,356,499
1005808902,412691795,84,417,142,360,333,218
1126858562,2109082303,0,499,42,457,499,415
1292558077,4108952596,76,422,3,486,346,483
1228266841,3615996507,82,395,133,365,313,232
986904871,293108070,0,499,62,436,499,374
1299542861,4141685633,26,485,118,411,459,293
894163928,293392,77,421,12,486,344,474
1068217525,1190563960,20,482,83,386,462,303
1133954869,2266770742,162,334,1,496,172,495
956536125,222490419,157,342,135,365,185,230
1316096363,4200868868,9,499,77,418,490,341
1200636293,3239488518,0,499,83,415,499,332
1256970295,3876189209,0,499,0,499,499,499
1241419489,3756669317,83,416,0,499,333,499
1024977031,548762930,29,484,112,383,455,271
1328232836,4250613029,52,460,113,357,408,244
1292349048,1556625338,137,264,131,373,127,242
1243392580,3773730233,19,480,35,468,461,433
907964517,152399581,50,442,202,310,392,108
1303189309,4157522000,0,499,18,489,499,471
1075685475,1351741564,175,324,137,361,149,224
1253000796,3854410322,14,484,20,483,470,463
1229678354,3626251247,109,390,0,499,281,499
1231040258,3644164793,0,499,0,499,499,499
1310075739,4181961681,0,499,0,499,499,499
1299004846,4141525951,81,418,131,371,337,240
1041185197,824469024,34,473,93,410,439,317
1262172545,3905724121,86,420,85,366,334,281
1155782046,2660100425,117,382,114,398,265,284
1105815900,1856193312,164,337,213,287,173,74
1306549514,4167077820,106,388,51,463,282,412
875707123,64364338,80,419,0,499,339,499
1316700457,4200955827,0,499,52,499,499,447
1261428088,3898729133,0,499,0,499,499,499
1212052581,2864824704,31,468,31,468,437,437
1113105081,1832989830,109,432,2,491,323,489
1312271355,4193923572,56,469,30,465,413,435
1323348291,4231822084,30,481,29,470,451,441
1268468364,3951008442,0,486,19,493,486,474
1068694914,1199193530,0,499,62,436,499,374
1065391835,1144345520,19,480,0,499,461,499
1313116752,4197490020,0,499,0,499,499,499
1268779131,3953643961,137,378,120,396,241,276
1007743547,435293349,100,399,58,441,299,383
1138294721,2363332751,57,432,113,399,375,286
1321685682,4223019834,188,309,20,467,121,447
1133326013,559409649,137,361,100,399,224,299
1276011616,4010222753,0,499,0,499,499,499
1282020347,4050756586,0,499,0,499,499,499
1246056165,3796900965,0,499,0,499,499,499
1305112342,4164668070,106,388,51,463,282,412
1236944504,3716248204,180,319,153,346,139,193
1249535493,3819982776,155,350,138,365,195,227
1133964859,2270341688,0,499,0,499,499,499
1147490206,2532231848,62,436,0,499,374,499
856608809,89951561,182,305,194,299,123,105
924902907,172897420,59,440,0,499,381,499
1288030848,4079554382,0,499,0,499,499,499
1269356383,3957944314,0,499,78,421,499,343
1045098823,867222363,81,417,22,472,336,450
1277917711,4027522006,0,499,92,406,499,314
1301213689,4150966582,53,456,57,436,403,379
1269770546,3962599990,0,499,62,436,499,374
1283864978,4061620421,51,467,32,491,416,459
1174589570,2940639499,5,495,88,481,490,393
1252090017,3847047716,70,429,145,354,359,209
1002770672,66704518,62,437,0,499,375,499
1027216831,570604940,106,392,50,449,286,399
1188546650,3067344236,91,411,4,495,320,491
1090781819,1562275614,0,499,0,499,499,499
1294190743,4122554792,49,456,98,397,407,299
977953335,278566499,82,417,0,499,335,499
1241425851,3756674166,214,285,197,313,71,116
1303910730,4160168791,85,413,0,499,328,499
1065742580,18250334,0,499,62,409,499,347
1155889336,2659762423,20,469,61,469,449,408
1275508062,4006668722,100,398,100,399,298,299
1265224381,3929899837,13,481,145,387,468,242
1255364778,3868862848,30,469,15,468,439,453
1237264372,3716299832,29,490,68,415,461,347
1100063030,1711736602,110,389,54,444,279,390
1253159808,3855208148,110,499,0,399,389,399
938105182,199462568,91,408,0,499,317,499
1027118353,569663630,107,392,50,449,285,399
709466586,58824852,88,411,0,499,323,499
1117672708,1973717050,0,499,109,389,499,280
1307934774,4173430015,10,491,138,377,481,239
934296577,192227966,149,354,87,473,205,386
1248843026,3817900387,7,491,0,499,484,499
1124152232,2070080961,64,435,0,499,371,499
1001451739,363251460,100,399,0,499,299,499
1318331847,4213600748,248,270,0,499,22,499
1221142981,3551978203,100,399,28,472,299,444
1287879274,4079551078,147,381,13,485,234,472
983400989,287539360,68,431,0,499,363,499
1212554077,3428491710,109,389,0,499,280,499
922830165,172308251,0,499,62,436,499,374
1269770813,3962600095,0,499,62,436,499,374
1117356769,1970886474,185,311,91,405,126,314
1086055604,1507607239,147,365,23,491,218,468
1285940884,4070727051,152,323,71,470,171,399
1260344524,3893243348,111,470,61,319,359,258
933260650,190110529,79,419,0,499,340,499
497791169,49486304,81,417,0,499,336,499
1298483644,4139801965,33,437,71,409,404,338
1043841422,853456050,12,487,40,483,475,443
1108085913,1869276277,0,499,109,389,499,280
1293805101,4120667478,51,448,0,499,397,499
1083216615,47090070,70,429,0,499,359,499
1293746301,4120408231,31,465,55,461,434,406
1130090513,2175873699,0,455,0,464,455,464
1276352448,4012928284,144,385,97,416,241,319
1111257025,1909096644,70,427,0,499,357,499
1264957702,3927797734,0,499,0,499,499,499
1210272355,3386590845,68,431,0,499,363,499
1230008886,3630503317,30,474,77,432,444,355
1163933317,2776809285,204,341,128,275,137,147
1132653397,2230743563,30,465,6,488,435,482
1317915999,4215693798,21,466,131,361,445,230
1105047362,1846470799,161,335,116,389,174,273
1248832278,3817888702,7,491,0,499,484,499
1273167293,3993177575,10,492,107,410,482,303
1174497999,2938976177,21,434,18,488,413,470
1313671205,4198486542,0,499,0,499,499,499
1211425559,3398587943,89,409,38,474,320,436
1319411753,4214354219,192,302,41,462,110,421
975314597,273508936,74,424,0,499,350,499
1307884050,4173008828,137,337,133,468,200,335
1278864185,4037565975,135,383,50,465,248,415
1211983946,3414349039,227,299,38,484,72,446
1062008884,1110525676,143,356,100,399,213,299
1100399101,1721119175,152,347,100,399,195,299
1215532035,3470081674,40,483,113,415,443,302
1265215357,3929900554,28,461,187,357,433,170
1296424525,4128434861,73,426,0,499,353,499
1274895271,3969948886,83,406,53,455,323,402
941677170,207196206,158,330,161,311,172,150
1145271108,2494024972,0,499,4,495,499,491
1144474138,2482256344,18,473,27,492,455,465
1250268224,3831364217,0,499,99,436,499,337
1174593739,2940640516,77,432,66,460,355,394
1235499075,3694374696,32,473,61,460,441,399
1178278083,2983741377,36,458,42,457,422,415
1158121261,2695198137,65,422,28,415,357,387
893309561,141191159,0,499,0,499,499,499
1046680878,877467619,0,499,62,436,499,374
1008132179,436059612,150,349,117,381,199,264
893351734,141199194,145,354,100,399,209,299
1141795299,2442085917,140,361,11,488,221,477
856495262,4920253,85,413,0,499,328,499
1280707861,4046438941,54,416,45,430,362,385
1192013419,3120284897,142,352,42,452,210,410
1251485696,3842786372,24,470,60,456,446,396
1241840072,3756043413,62,436,0,499,374,499
1043841319,853456091,10,488,91,399,478,308
1311084381,4182134819,127,378,59,449,251,390
291130598,8732840,94,405,27,471,311,444
1288973673,4085955507,0,499,63,436,499,373
1191169197,3075270630,40,465,105,387,425,282
926914105,179375769,98,409,99,400,311,301
1298286665,4130368624,67,431,0,499,364,499
1161248881,2735551879,22,458,38,491,436,453
1280385090,4044816900,0,499,0,499,499,499
1244541074,3785187843,0,499,129,436,499,307
1156408957,1122380342,74,424,20,479,350,459
1048489588,942426570,80,419,0,499,339,499
1235491284,3694288369,117,376,123,376,259,253
1053861126,1038257176,119,387,64,441,268,377
1284103093,4063218977,0,499,0,499,499,499
1321055067,4221731455,133,370,184,327,237,143
1320091035,4215357290,94,324,25,453,230,428
1008079950,435908564,113,386,50,449,273,399
1144459256,2482252422,0,499,138,360,499,222
1192476515,3128686009,0,499,186,335,499,149
1154987738,2646579425,6,488,107,421,482,314
1142611307,2452591318,62,436,0,499,374,499
1313429814,4197675384,32,456,154,404,424,250
1178350095,2984786897,187,310,157,348,123,191
1155657613,2643241134,138,360,94,404,222,310
1126756426,2107169639,143,355,100,399,212,299
1244995822,3787995065,27,495,0,499,468,499
835494762,5204744,97,401,0,499,304,499
1279086215,4037091793,33,468,61,457,435,396
1254433643,3861753670,13,499,29,499,486,470
1301869374,4153638982,4,467,89,457,463,368
1294296584,4122954435,6,481,64,439,475,375
1151839103,2590793140,87,411,0,499,324,499
1275700605,4006535723,15,441,102,414,426,312
1255915656,3870989432,0,499,62,436,499,374
1301016603,4105613822,25,464,151,358,439,207
1310341276,4181899895,0,499,0,499,499,499
1255251417,3869223879,0,499,0,499,499,499
1100082926,1711733254,180,319,145,354,139,209
874727787,71670810,85,427,91,407,342,316
940071997,203507969,0,499,62,436,499,374
1308425660,4150820295,135,367,33,86,232,53
1268665937,3951731968,17,481,35,486,464,451
1301861416,4153654727,2,497,0,499,495,499
1277493611,4019796134,0,499,0,499,499,499
1311213908,4186472496,0,499,0,499,499,499
870082276,114405189,97,401,0,499,304,499
1306976968,4170158332,187,320,152,348,133,196
1292884270,4114372046,127,372,29,462,245,433
249293565,4351787,145,354,100,399,209,299
987444867,294327352,43,455,0,481,412,481
2617530,1338852,0,499,35,463,499,428
930341680,184334877,0,499,62,436,499,374
1201836954,3249409656,114,383,12,487,269,475
1119610590,1999876782,71,427,0,499,356,499
1133639228,2253927100,62,436,0,499,374,499
1014789208,474800798,73,426,0,499,353,499
1150408016,2574686497,137,361,100,399,224,299
1232186270,3657907995,29,479,43,468,450,425
977795278,278812467,187,312,160,339,125,179
970967306,261092753,0,499,62,436,499,374
973253556,268057436,139,361,93,406,222,313
1311216258,4186473214,0,499,0,499,499,499
925696188,70084947,0,499,62,436,499,374
1007595163,435092148,105,393,50,449,288,399
1275664315,4006518351,0,499,0,499,499,499
1214905404,3463601734,49,450,0,499,401,499
1268886554,3945184872,3,492,78,423,489,345
1253149091,3855160861,13,471,66,243,458,177
1261303698,3898725992,0,499,1,499,499,498
1044113981,856790324,22,473,100,405,451,305
1323640222,4234253691,0,499,0,499,499,499
983822329,288144887,73,426,0,499,353,499
1172791597,2920940588,1,497,0,499,496,499
1108996231,1880330817,42,449,84,417,407,333
946721739,208735386,73,423,51,447,350,396
1276045559,4010225117,23,498,31,460,475,429
1226405836,3592383250,0,499,142,436,499,294
1257554738,3881708004,0,499,30,446,499,416
1275684669,4006530570,4,499,9,490,495,481
1228906613,67504353,96,403,6,487,307,481
1100465302,1724453788,0,499,50,448,499,398
1190865986,3098368169,98,400,0,499,302,499
1257247339,3879894277,0,499,0,499,499,499
1156076384,2664721708,226,273,6,494,47,488
1234816225,3691061956,54,447,105,423,393,318
862215733,101710767,0,499,62,436,499,374
1273138891,3992521049,34,456,73,472,422,399
1275196809,4004099587,95,404,84,389,309,305
1273439418,3992644166,16,459,59,465,443,406
845004229,73669740,80,420,4,495,340,491
1010142753,444694975,84,415,0,499,331,499
1146831717,2517463950,72,427,0,499,355,499
1240713073,3748198539,0,499,0,499,499,499
1219720580,2361166677,76,436,21,485,360,464
1136109471,1876687647,5,494,31,492,489,461
872192919,117339074,0,499,62,436,499,374
1241674675,3759397136,51,440,168,327,389,159
1318951955,4220452062,45,449,103,392,404,289
891730062,138461598,113,386,126,373,273,247
1319596433,4214605955,63,468,128,407,405,279
1215453213,3470159854,96,402,0,499,306,499
1214918306,3463879696,0,499,83,415,499,332
990745482,297902355,90,441,49,424,351,375
1283674619,4061597513,0,499,0,499,499,499
1279786901,4041850861,0,499,62,436,499,374
1133453850,2248381464,101,499,62,436,398,374
1283969663,4061637930,215,271,73,460,56,387
1232965971,3672388993,0,499,62,436,499,374
1277256847,3991897608,42,385,139,344,343,205
1277537872,4019816577,138,365,154,327,227,173
1093986993,1611870045,13,487,83,408,474,325
1308185945,4174722246,0,499,0,499,499,499
1027359667,570728791,112,387,50,449,275,399
1263817504,3921313416,125,378,10,499,253,489
854423564,87472785,69,430,0,499,361,499
1287857861,4079442025,78,433,74,456,355,382
555006129,53566853,36,462,0,499,426,499
1283766152,4061611524,149,356,0,499,207,499
1226831014,3604507501,55,441,44,484,386,440
1234866885,825003694,102,397,35,446,295,411
1319385518,4214348421,88,410,27,464,322,437
1178599493,2987380948,62,436,0,499,374,499
934521630,192907780,91,407,91,404,316,313
1265964133,3935815314,200,299,165,334,99,169
1133294434,2246750243,0,499,237,260,499,23
1291727234,4103298974,37,460,186,314,423,128
1268717467,3951838481,0,499,0,499,499,499
1250136036,3829966141,44,481,26,448,437,422
1203464790,3277811658,118,347,133,418,229,285
937342055,197574043,94,405,27,471,311,444
1310047661,4182215235,127,395,50,462,268,412
1312603935,4195550042,107,423,96,429,316,333
1086170918,1416543256,156,342,100,399,186,299
1298952296,4112275810,67,412,79,400,345,321
1283580164,4061482278,96,413,10,487,317,477
1251402507,3842549414,126,388,83,468,262,385
1250253219,3831235426,0,499,0,499,499,499
1078853573,659913998,83,416,0,499,333,499
1249586313,3820235899,83,419,128,341,336,213
1167867648,2844032683,0,499,109,389,499,280
889375104,135553064,73,426,0,499,353,499
781440171,60845313,72,427,0,499,355,499
1042990718,846366968,4,495,72,419,491,347
1307379987,4171236423,0,499,152,499,499,347
1192191484,3123096665,68,432,22,488,364,466
1266695840,3939627232,14,485,124,381,471,257
1278482108,4035493921,113,380,29,444,267,415
1266676102,3939552201,11,489,13,484,478,471
1277060584,4017115118,0,499,0,499,499,499
1307826755,4172827776,109,474,136,493,365,357
1253213805,3854772446,58,442,67,462,384,395
1310508410,4182249868,0,499,0,499,499,499
1220757295,3552649857,0,499,109,389,499,280
1253423007,3856779411,8,460,42,451,452,409
1288876291,4085938466,0,499,0,499,499,499
1119407239,1998121632,111,391,23,486,280,463
1324225404,4236298619,122,359,55,438,237,383
1277914495,4023217724,0,499,0,499,499,499
1235898686,3701606010,0,499,62,436,499,374
1077614703,1376271869,153,345,100,399,192,299
1257863866,3883202289,117,422,104,399,305,295
457264930,50438263,140,358,102,397,218,295
1080447584,1400271103,0,499,54,445,499,391
1142185582,2446291165,109,389,0,499,280,499
1248832388,3817888870,0,499,0,499,499,499
1026864221,569612072,111,388,50,449,277,399
1136424429,2328217117,151,347,100,399,196,299
1117991078,1978505634,142,368,109,399,226,290
1257602551,3882034689,73,426,0,499,353,499
1316182894,4200876411,0,499,0,499,499,499
1247849657,3813571364,0,499,123,436,499,313
1285918062,4071511989,0,499,110,361,499,251
1066227573,1162805831,0,499,83,416,499,333
1158120564,2695196889,220,270,195,280,50,85
1119811809,2002955380,160,339,160,339,179,179
1169247220,2869777910,73,426,0,499,353,499
1323286902,4231691421,45,452,22,441,407,419
834186423,66621316,74,424,0,499,350,499
1254812329,3866396808,0,461,128,420,461,292
1277392794,3811047295,84,415,0,499,331,499
1321568748,4223038601,27,481,60,434,454,374
1002985447,388576378,157,346,157,337,189,180
1217319893,1716395126,20,479,20,479,459,459
1008020841,435856870,165,333,141,358,168,217
681647630,56744250,125,374,79,426,249,347
1283857565,4061620214,37,456,69,452,419,383
933235366,190094038,72,426,13,499,354,486
1077511684,1373568860,0,499,83,415,499,332
895469885,70544577,94,403,12,486,309,474
1236457556,3707074624,1,472,46,496,471,450
1224193148,3585682901,7,492,37,462,485,425
1276029877,4010224688,103,391,88,383,288,295
1177649032,2977739020,28,462,139,344,434,205
1325232903,4240794086,84,433,48,461,349,413
1165957746,2808594738,85,412,0,499,327,499
1276073793,4010225723,126,376,143,433,250,290
1027210442,570602177,63,436,0,499,373,499
1123728211,278586713,157,341,100,399,184,299
1018395614,510786139,362,414,233,309,52,76
1282761690,4058943359,0,499,0,499,499,499
1132983616,3716121448,110,389,54,445,279,391
1019155434,512853232,180,318,148,351,138,203
1179887263,2987326901,35,435,2,486,400,484
1061577570,567639668,39,479,11,494,440,483
1251592738,3844081430,137,362,165,349,225,184
1189488373,3082548403,98,393,64,160,295,96
1239962461,3673487086,100,399,8,491,299,483
1317709733,4213749912,0,499,0,499,499,499
1204650267,3294801324,30,468,122,390,438,268
1248371336,3814854592,117,453,125,370,336,245
1027566982,572999304,0,499,56,442,499,386
1292900366,4113733663,0,499,0,499,499,499
1211983156,3414348323,155,305,215,282,150,67
1111734955,1912625666,0,499,62,418,499,356
1264898586,3928053849,119,440,166,296,321,130
1257627446,3881237718,31,462,213,285,431,72
1094847186,1629867619,146,335,162,342,189,180
1309677267,4181533756,34,499,39,499,465,460
1054921475,1052160202,64,435,0,499,371,499
1096606548,1657064557,32,462,136,363,430,227
1014709400,473722086,0,499,109,389,499,280
971432479,262169968,15,483,88,407,468,319
862163798,101643035,70,430,2,499,360,497
1269778152,3962436043,0,499,0,499,499,499
1266675308,3939552013,5,492,146,357,487,211
1043841219,853456134,7,495,98,397,488,299
1077860255,1352312434,151,347,88,411,196,323
995102637,303051821,114,362,20,484,248,464
928331337,181663690,62,441,189,330,379,141
1316174833,4200876239,0,497,0,461,497,461
1258325567,3883969282,0,499,0,499,499,499
1313500590,4197528001,126,335,98,413,209,315
1187865637,3057765561,0,499,83,415,499,332
1271697153,3979577479,0,499,0,499,499,499
1243409473,3773720317,31,469,30,468,438,438
1275982956,4010220621,0,483,0,495,483,495
1266775634,3939943421,7,491,7,491,484,484
1177151950,2970594224,102,217,299,408,115,109
1283922748,4061632651,3,497,6,496,494,490
1217268212,3492543169,110,389,54,445,279,391
1302497772,4155419931,89,412,81,423,323,342
1289792687,4089924450,5,494,22,461,489,439
1094405484,1616366169,0,499,129,369,499,240
1215231495,3469590531,68,432,14,488,364,474
432968747,6830319,134,365,89,409,231,320
1313520170,4199252362,75,410,69,386,335,317
1196212666,3182722355,37,450,112,437,413,325
1298876320,4141162545,0,499,0,499,499,499
1289805647,4089926795,24,478,28,481,454,453
1214075828,3458330764,40,478,66,413,438,347
1264334100,3925298538,0,499,0,499,499,499
1063058619,610654057,156,343,100,399,187,299
1302880893,4155409439,0,499,62,436,499,374
1244733592,3786169225,56,443,33,380,387,347
1313574137,4183494915,31,417,45,470,386,425
893934748,247648,108,391,12,486,283,474
1144550168,2484179238,73,426,50,499,353,449
996927965,321600254,125,374,73,426,249,353
1276176256,4011700369,11,466,126,414,455,288
1321967939,4229796087,0,499,0,499,499,499
1262733026,3910821643,0,488,126,441,488,315
1242846833,1100677884,100,399,15,484,299,469
957706867,225123503,120,370,161,338,250,177
985575084,291058583,22,483,136,363,461,227
875152335,13730512,0,499,95,404,499,309
955190789,219499006,75,424,0,499,349,499
987558333,294380865,33,452,136,371,419,235
1311429069,4187122990,53,447,90,411,394,321
1257231536,3879890359,87,410,197,362,323,165
1198511596,3214658389,73,426,0,499,353,499
